-178838    0.505   88011.7
-218782    0.42   10006.6
-218782    0.42   10006.6
-218782    0.42   10006.6
-222840    0.45   9.4192
-231723    0.47   6.9511
-231723    0.47   6.9511
-231723    0.47   6.9511
-231723    0.47   6.9511
-231723    0.47   6.9511
-232846    0.46   6.49413
-232846    0.46   6.49413
-234161    0.46   6.43942
-240857    0.48   4.67386
-240857    0.48   4.67386
-240857    0.48   4.67386
-241184    0.48   4.57938
-241894    0.495   4.37753
-242066    0.465   4.71228
-242066    0.465   4.71228
-242066    0.465   4.71228
-242066    0.465   4.71228
-242066    0.465   4.71228
-243623    0.455   4.49554
-243623    0.455   4.49554
-245013    0.475   3.81011
-248100    0.49   3.79022
-248100    0.49   3.79022
-248100    0.49   3.79022
-248100    0.49   3.79022
-248100    0.49   3.79022
-248100    0.49   3.79022
-248100    0.49   3.79022
-248100    0.49   3.79022
-248100    0.49   3.79022
-248365    0.505   3.38957
-248365    0.505   3.38957
-249133    0.52   3.43003
-249133    0.52   3.43003
-249133    0.52   3.43003
-250231    0.505   3.08223
-250231    0.505   3.08223
-252195    0.5   2.93199
-252195    0.5   2.93199
-252420    0.495   2.92907
-252929    0.5   2.90097
-252929    0.5   2.90097
-252929    0.5   2.90097
-252929    0.5   2.90097
-252929    0.5   2.90097
-252929    0.5   2.90097
-255536    0.495   2.52996
-255536    0.495   2.52996
-256306    0.495   2.47148
-256306    0.495   2.47148
-256306    0.495   2.47148
-256306    0.495   2.47148
-256306    0.495   2.47148
-256306    0.495   2.47148
-256306    0.495   2.47148
-256306    0.495   2.47148
-256367    0.49   2.4798
-256367    0.49   2.4798
-256367    0.49   2.4798
-256367    0.49   2.4798
-256367    0.49   2.4798
-256367    0.49   2.4798
-256367    0.49   2.4798
-256367    0.49   2.4798
-256367    0.49   2.4798
-256367    0.49   2.4798
-256367    0.49   2.4798
-257247    0.485   2.39192
-257247    0.485   2.39192
-257247    0.485   2.39192
-257247    0.485   2.39192
-257634    0.495   2.3496
-257634    0.495   2.3496
-257634    0.495   2.3496
-257634    0.495   2.3496
-257634    0.495   2.3496
-257634    0.495   2.3496
-258049    0.495   2.30296
-258049    0.495   2.30296
-258049    0.495   2.30296
-258049    0.495   2.30296
-258049    0.495   2.30296
-258049    0.495   2.30296
-258049    0.495   2.30296
-258049    0.495   2.30296
-258049    0.495   2.30296
-258049    0.495   2.30296
-258049    0.495   2.30296
-258049    0.495   2.30296
-258049    0.495   2.30296
-258049    0.495   2.30296
-258049    0.495   2.30296
-258049    0.495   2.30296
-258049    0.495   2.30296
-258116    0.495   2.32855
-258116    0.495   2.32855
-258116    0.495   2.32855
-258535    0.49   2.20079
-258535    0.49   2.20079
-258535    0.49   2.20079
-258535    0.49   2.20079
-258535    0.49   2.20079
-258535    0.49   2.20079
-258535    0.49   2.20079
-258535    0.49   2.20079
-258535    0.49   2.20079
-258535    0.49   2.20079
-258535    0.49   2.20079
-258535    0.49   2.20079
-258652    0.485   2.13197
-258652    0.485   2.13197
-258652    0.485   2.13197
-258652    0.485   2.13197
-258652    0.485   2.13197
-258717    0.49   2.12811
-258717    0.49   2.12811
-258717    0.49   2.12811
-258717    0.49   2.12811
-258717    0.49   2.12811
-258717    0.49   2.12811
-258717    0.49   2.12811
-258717    0.49   2.12811
-258717    0.49   2.12811
-258717    0.49   2.12811
-258717    0.49   2.12811
-258717    0.49   2.12811
-258717    0.49   2.12811
-258717    0.49   2.12811
-258717    0.49   2.12811
-258717    0.49   2.12811
-258717    0.49   2.12811
-258717    0.49   2.12811
-258717    0.49   2.12811
-258717    0.49   2.12811
-258717    0.49   2.12811
-258717    0.49   2.12811
-258717    0.49   2.12811
-258717    0.49   2.12811
-258717    0.49   2.12811
-258717    0.49   2.12811
-258717    0.49   2.12811
-258717    0.49   2.12811
-258717    0.49   2.12811
-258717    0.49   2.12811
-258717    0.49   2.12811
-258717    0.49   2.12811
-258717    0.49   2.12811
-258717    0.49   2.12811
-259429    0.485   2.12495
-259429    0.485   2.12495
-259429    0.485   2.12495
-259429    0.485   2.12495
-259429    0.485   2.12495
-259429    0.485   2.12495
-259429    0.485   2.12495
-259429    0.485   2.12495
-259475    0.475   2.14722
-259475    0.475   2.14722
-259475    0.475   2.14722
-259475    0.475   2.14722
-259475    0.475   2.14722
-259475    0.475   2.14722
-259475    0.475   2.14722
-259475    0.475   2.14722
-259475    0.475   2.14722
-259475    0.475   2.14722
-259475    0.475   2.14722
-259475    0.475   2.14722
-259475    0.475   2.14722
-259475    0.475   2.14722
-259475    0.475   2.14722
-259708    0.475   2.05695
-259708    0.475   2.05695
-259708    0.475   2.05695
-259708    0.475   2.05695
-259708    0.475   2.05695
-259708    0.475   2.05695
-259708    0.475   2.05695
-259708    0.475   2.05695
-259708    0.475   2.05695
-259708    0.475   2.05695
-259708    0.475   2.05695
-259708    0.475   2.05695
-259708    0.475   2.05695
-259708    0.475   2.05695
-259708    0.475   2.05695
-259708    0.475   2.05695
-259708    0.475   2.05695
-259708    0.475   2.05695
-259708    0.475   2.05695
-259708    0.475   2.05695
-259708    0.475   2.05695
-259708    0.475   2.05695
-259906    0.475   2.09609
-259906    0.475   2.09609
-259906    0.475   2.09609
-259906    0.475   2.09609
-259906    0.475   2.09609
-259906    0.475   2.09609
-259906    0.475   2.09609
-259906    0.475   2.09609
-259906    0.475   2.09609
-259906    0.475   2.09609
-259906    0.475   2.09609
-259906    0.475   2.09609
-259906    0.475   2.09609
-259906    0.475   2.09609
-259906    0.475   2.09609
-260029    0.475   2.08348
-260029    0.475   2.08348
-260029    0.475   2.08348
-260029    0.475   2.08348
-260029    0.475   2.08348
-260029    0.475   2.08348
-260029    0.475   2.08348
-260029    0.475   2.08348
-260029    0.475   2.08348
-260029    0.475   2.08348
-260029    0.475   2.08348
-260029    0.475   2.08348
-260029    0.475   2.08348
-260029    0.475   2.08348
-260029    0.475   2.08348
-260029    0.475   2.08348
-260029    0.475   2.08348
-260029    0.475   2.08348
-260029    0.475   2.08348
-260029    0.475   2.08348
-260029    0.475   2.08348
-260029    0.475   2.08348
-260029    0.475   2.08348
-260029    0.475   2.08348
-260029    0.475   2.08348
-260029    0.475   2.08348
-260029    0.475   2.08348
-260029    0.475   2.08348
-260029    0.475   2.08348
-260029    0.475   2.08348
-260029    0.475   2.08348
-260029    0.475   2.08348
-260029    0.475   2.08348
-260029    0.475   2.08348
-260029    0.475   2.08348
-260029    0.475   2.08348
-260029    0.475   2.08348
-260029    0.475   2.08348
-260531    0.465   2.00709
-260531    0.465   2.00709
-261007    0.47   1.9603
-261007    0.47   1.9603
-261007    0.47   1.9603
-261007    0.47   1.9603
-261007    0.47   1.9603
-261007    0.47   1.9603
-261007    0.47   1.9603
-261007    0.47   1.9603
-261007    0.47   1.9603
-261007    0.47   1.9603
-261007    0.47   1.9603
-261007    0.47   1.9603
-261007    0.47   1.9603
-261007    0.47   1.9603
-261007    0.47   1.9603
-261007    0.47   1.9603
-261007    0.47   1.9603
-261007    0.47   1.9603
-261007    0.47   1.9603
-261007    0.47   1.9603
-261007    0.47   1.9603
-261007    0.47   1.9603
-261007    0.47   1.9603
-261007    0.47   1.9603
-261007    0.47   1.9603
-261007    0.47   1.9603
-261007    0.47   1.9603
-261007    0.47   1.9603
-261007    0.47   1.9603
-261007    0.47   1.9603
-261007    0.47   1.9603
-261007    0.47   1.9603
-261007    0.47   1.9603
-261007    0.47   1.9603
-261007    0.47   1.9603
-261007    0.47   1.9603
-261007    0.47   1.9603
-261007    0.47   1.9603
-261007    0.47   1.9603
-261007    0.47   1.9603
-261007    0.47   1.9603
-261007    0.47   1.9603
-261007    0.47   1.9603
-261007    0.47   1.9603
-261007    0.47   1.9603
-261007    0.47   1.9603
-261007    0.47   1.9603
-261007    0.47   1.9603
-261007    0.47   1.9603
-261007    0.47   1.9603
-261007    0.47   1.9603
-261007    0.47   1.9603
-261007    0.47   1.9603
-261007    0.47   1.9603
-261007    0.47   1.9603
-261007    0.47   1.9603
-261007    0.47   1.9603
-261007    0.47   1.9603
-261007    0.47   1.9603
-261007    0.47   1.9603
-261007    0.47   1.9603
-261007    0.47   1.9603
-261007    0.47   1.9603
-261007    0.47   1.9603
-261007    0.47   1.9603
-261007    0.47   1.9603
-261007    0.47   1.9603
-261007    0.47   1.9603
-261007    0.47   1.9603
-261007    0.47   1.9603
-261007    0.47   1.9603
-261007    0.47   1.9603
-261007    0.47   1.9603
-261007    0.47   1.9603
-261007    0.47   1.9603
-261007    0.47   1.9603
-261007    0.47   1.9603
-261007    0.47   1.9603
-261007    0.47   1.9603
-261007    0.47   1.9603
-261007    0.47   1.9603
-261007    0.47   1.9603
-261007    0.47   1.9603
-261007    0.47   1.9603
-261007    0.47   1.9603
-261007    0.47   1.9603
-261007    0.47   1.9603
-261007    0.47   1.9603
-261007    0.47   1.9603
-261007    0.47   1.9603
-261007    0.47   1.9603
-261007    0.47   1.9603
-261007    0.47   1.9603
-261007    0.47   1.9603
-261007    0.47   1.9603
-261007    0.47   1.9603
-261007    0.47   1.9603
-261007    0.47   1.9603
-261007    0.47   1.9603
-261007    0.47   1.9603
-261007    0.47   1.9603
-261007    0.47   1.9603
-261007    0.47   1.9603
-261007    0.47   1.9603
-261007    0.47   1.9603
-261007    0.47   1.9603
-261007    0.47   1.9603
-261007    0.47   1.9603
-261007    0.47   1.9603
-261007    0.47   1.9603
-261007    0.47   1.9603
-261165    0.465   1.98325
-261165    0.465   1.98325
-261165    0.465   1.98325
-261165    0.465   1.98325
-261165    0.465   1.98325
-261165    0.465   1.98325
-261165    0.465   1.98325
-261287    0.46   1.95727
-261287    0.46   1.95727
-261287    0.46   1.95727
-261287    0.46   1.95727
-261287    0.46   1.95727
-261287    0.46   1.95727
-261287    0.46   1.95727
-261287    0.46   1.95727
-261287    0.46   1.95727
-261287    0.46   1.95727
-261839    0.47   1.87472
-261839    0.47   1.87472
-261839    0.47   1.87472
-261839    0.47   1.87472
-261839    0.47   1.87472
-261839    0.47   1.87472
-261839    0.47   1.87472
-261839    0.47   1.87472
-261839    0.47   1.87472
-261839    0.47   1.87472
-261839    0.47   1.87472
-261839    0.47   1.87472
-261839    0.47   1.87472
-261839    0.47   1.87472
-261839    0.47   1.87472
-261839    0.47   1.87472
-261839    0.47   1.87472
-261839    0.47   1.87472
-261839    0.47   1.87472
-261839    0.47   1.87472
-261854    0.47   1.87567
-261854    0.47   1.87567
-261854    0.47   1.87567
-261854    0.47   1.87567
-261854    0.47   1.87567
-261869    0.475   1.86156
-262033    0.445   1.91616
-262033    0.445   1.91616
-262033    0.445   1.91616
-262033    0.445   1.91616
-262106    0.44   1.95747
-262106    0.44   1.95747
-262106    0.44   1.95747
-262106    0.44   1.95747
-262106    0.44   1.95747
-262281    0.43   1.92672
-262325    0.435   1.94168
-262325    0.435   1.94168
-262325    0.435   1.94168
-262325    0.435   1.94168
-262325    0.435   1.94168
-262325    0.435   1.94168
-262325    0.435   1.94168
-262877    0.43   1.86846
-262877    0.43   1.86846
-262877    0.43   1.86846
-262877    0.43   1.86846
-262877    0.43   1.86846
-262877    0.43   1.86846
-262877    0.43   1.86846
-262877    0.43   1.86846
-262877    0.43   1.86846
-262877    0.43   1.86846
-262877    0.43   1.86846
-262877    0.43   1.86846
-262877    0.43   1.86846
-262877    0.43   1.86846
-262877    0.43   1.86846
-262877    0.43   1.86846
-262877    0.43   1.86846
-263197    0.415   1.86194
-263197    0.415   1.86194
-263197    0.415   1.86194
-263197    0.415   1.86194
-263250    0.41   1.79666
-263250    0.41   1.79666
-263250    0.41   1.79666
-263250    0.41   1.79666
-263250    0.41   1.79666
-263250    0.41   1.79666
-263250    0.41   1.79666
-263250    0.41   1.79666
-263250    0.41   1.79666
-263250    0.41   1.79666
-263250    0.41   1.79666
-263250    0.41   1.79666
-263250    0.41   1.79666
-263519    0.415   1.84131
-263519    0.415   1.84131
-263519    0.415   1.84131
-263519    0.415   1.84131
-263519    0.415   1.84131
-263519    0.415   1.84131
-263519    0.415   1.84131
-263519    0.415   1.84131
-263519    0.415   1.84131
-263519    0.415   1.84131
-263519    0.415   1.84131
-263519    0.415   1.84131
-263519    0.415   1.84131
-263519    0.415   1.84131
-263519    0.415   1.84131
-263519    0.415   1.84131
-263519    0.415   1.84131
-263519    0.415   1.84131
-263519    0.415   1.84131
-263519    0.415   1.84131
-263519    0.415   1.84131
-263519    0.415   1.84131
-263519    0.415   1.84131
-263519    0.415   1.84131
-263519    0.415   1.84131
-263519    0.415   1.84131
-263519    0.415   1.84131
-263519    0.415   1.84131
-263519    0.415   1.84131
-263519    0.415   1.84131
-263519    0.415   1.84131
-263519    0.415   1.84131
-263519    0.415   1.84131
-263519    0.415   1.84131
-263519    0.415   1.84131
-263552    0.405   1.82534
-263552    0.405   1.82534
-263552    0.405   1.82534
-263552    0.405   1.82534
-263552    0.405   1.82534
-263552    0.405   1.82534
-263552    0.405   1.82534
-263552    0.405   1.82534
-263552    0.405   1.82534
-263605    0.4   1.84224
-263605    0.4   1.84224
-263608    0.395   1.86339
-263608    0.395   1.86339
-263608    0.395   1.86339
-263608    0.395   1.86339
-263608    0.395   1.86339
-263608    0.395   1.86339
-263608    0.395   1.86339
-263626    0.385   1.87949
-263626    0.385   1.87949
-263626    0.385   1.87949
-263626    0.385   1.87949
-263626    0.385   1.87949
-263626    0.385   1.87949
-263626    0.385   1.87949
-263626    0.385   1.87949
-263626    0.385   1.87949
-263626    0.385   1.87949
-263626    0.385   1.87949
-263626    0.385   1.87949
-263626    0.385   1.87949
-263626    0.385   1.87949
-263626    0.385   1.87949
-263626    0.385   1.87949
-263626    0.385   1.87949
-263626    0.385   1.87949
-263626    0.385   1.87949
-263632    0.385   1.88029
-263632    0.385   1.88029
-263632    0.385   1.88029
-263632    0.385   1.88029
-263632    0.385   1.88029
-263632    0.385   1.88029
-263632    0.385   1.88029
-263632    0.385   1.88029
-263632    0.385   1.88029
-263632    0.385   1.88029
-263632    0.385   1.88029
-263632    0.385   1.88029
-263632    0.385   1.88029
-263632    0.385   1.88029
-263632    0.385   1.88029
-263632    0.385   1.88029
-263632    0.385   1.88029
-263632    0.385   1.88029
-263632    0.385   1.88029
-263632    0.385   1.88029
-263641    0.385   1.85028
-263641    0.385   1.85028
-263641    0.385   1.85028
-263641    0.385   1.85028
-263641    0.385   1.85028
-263641    0.385   1.85028
-263641    0.385   1.85028
-263897    0.38   1.88472
-263897    0.38   1.88472
-263897    0.38   1.88472
-263897    0.38   1.88472
-263897    0.38   1.88472
-263897    0.38   1.88472
-263897    0.38   1.88472
-263897    0.38   1.88472
-264061    0.37   1.8566
-264061    0.37   1.8566
-264061    0.37   1.8566
-264061    0.37   1.8566
-264061    0.37   1.8566
-264061    0.37   1.8566
-264061    0.37   1.8566
-264061    0.37   1.8566
-264061    0.37   1.8566
-264061    0.37   1.8566
-264061    0.37   1.8566
-264061    0.37   1.8566
-264061    0.37   1.8566
-264061    0.37   1.8566
-264061    0.37   1.8566
-264061    0.37   1.8566
-264061    0.37   1.8566
-264666    0.37   1.88136
-264666    0.37   1.88136
-264666    0.37   1.88136
-264666    0.37   1.88136
-264666    0.37   1.88136
-264666    0.37   1.88136
-264666    0.37   1.88136
-264666    0.37   1.88136
-264666    0.37   1.88136
-264845    0.36   1.85861
-264845    0.36   1.85861
-264845    0.36   1.85861
-264960    0.35   1.88771
-264960    0.35   1.88771
-264960    0.35   1.88771
-264960    0.35   1.88771
-264960    0.35   1.88771
-264960    0.35   1.88771
-264960    0.35   1.88771
-264960    0.35   1.88771
-264960    0.35   1.88771
-264960    0.35   1.88771
-264960    0.35   1.88771
-264960    0.35   1.88771
-264960    0.35   1.88771
-264960    0.35   1.88771
-264960    0.35   1.88771
-264960    0.35   1.88771
-264960    0.35   1.88771
-264960    0.35   1.88771
-264960    0.35   1.88771
-264960    0.35   1.88771
-265062    0.35   1.88649
-265062    0.35   1.88649
-265062    0.35   1.88649
-265062    0.35   1.88649
-265062    0.35   1.88649
-265062    0.35   1.88649
-265062    0.35   1.88649
-265062    0.35   1.88649
-265062    0.35   1.88649
-265062    0.35   1.88649
-265062    0.35   1.88649
-265062    0.35   1.88649
-265062    0.35   1.88649
-265062    0.35   1.88649
-265062    0.35   1.88649
-265062    0.35   1.88649
-265062    0.35   1.88649
-265062    0.35   1.88649
-265062    0.35   1.88649
-265062    0.35   1.88649
-265062    0.35   1.88649
-265062    0.35   1.88649
-265062    0.35   1.88649
-265138    0.355   1.89948
-265138    0.355   1.89948
-265138    0.355   1.89948
-265138    0.355   1.89948
-265138    0.355   1.89948
-265138    0.355   1.89948
-265138    0.355   1.89948
-265138    0.355   1.89948
-265138    0.355   1.89948
-265138    0.355   1.89948
-265138    0.355   1.89948
-265138    0.355   1.89948
-265138    0.355   1.89948
-265138    0.355   1.89948
-265138    0.355   1.89948
-265138    0.355   1.89948
-265138    0.355   1.89948
-265138    0.355   1.89948
-265138    0.355   1.89948
-265138    0.355   1.89948
-265138    0.355   1.89948
-265138    0.355   1.89948
-265138    0.355   1.89948
-265138    0.355   1.89948
-265138    0.355   1.89948
-265138    0.355   1.89948
-265138    0.355   1.89948
-265138    0.355   1.89948
-265138    0.355   1.89948
-265138    0.355   1.89948
-265138    0.355   1.89948
-265138    0.355   1.89948
-265138    0.355   1.89948
-265138    0.355   1.89948
-265138    0.355   1.89948
-265138    0.355   1.89948
-265138    0.355   1.89948
-265138    0.355   1.89948
-265138    0.355   1.89948
-265138    0.355   1.89948
-265138    0.355   1.89948
-265138    0.355   1.89948
-265138    0.355   1.89948
-265179    0.35   1.87647
-265179    0.35   1.87647
-265179    0.35   1.87647
-265179    0.35   1.87647
-265179    0.35   1.87647
-265179    0.35   1.87647
-265179    0.35   1.87647
-265179    0.35   1.87647
-265179    0.35   1.87647
-265179    0.35   1.87647
-265300    0.355   1.86818
-265300    0.355   1.86818
-265300    0.355   1.86818
-265300    0.355   1.86818
-265300    0.355   1.86818
-265300    0.355   1.86818
-265300    0.355   1.86818
-265300    0.355   1.86818
-265300    0.355   1.86818
-265300    0.355   1.86818
-265300    0.355   1.86818
-265300    0.355   1.86818
-265300    0.355   1.86818
-265300    0.355   1.86818
-265300    0.355   1.86818
-265300    0.355   1.86818
-265300    0.355   1.86818
-265300    0.355   1.86818
-265305    0.365   1.88521
-265305    0.365   1.88521
-265305    0.365   1.88521
-265305    0.365   1.88521
-265305    0.365   1.88521
-265305    0.365   1.88521
-265305    0.365   1.88521
-265305    0.365   1.88521
-265305    0.365   1.88521
-265305    0.365   1.88521
-265305    0.365   1.88521
-265305    0.365   1.88521
-265305    0.365   1.88521
-265305    0.365   1.88521
-265305    0.365   1.88521
-265305    0.365   1.88521
-265305    0.365   1.88521
-265305    0.365   1.88521
-265305    0.365   1.88521
-265305    0.365   1.88521
-265305    0.365   1.88521
-265305    0.365   1.88521
-265305    0.365   1.88521
-265305    0.365   1.88521
-265305    0.365   1.88521
-265305    0.365   1.88521
-265305    0.365   1.88521
-265305    0.365   1.88521
-265305    0.365   1.88521
-265305    0.365   1.88521
-265305    0.365   1.88521
-265305    0.365   1.88521
-265305    0.365   1.88521
-265305    0.365   1.88521
-265305    0.365   1.88521
-265305    0.365   1.88521
-265305    0.365   1.88521
-265305    0.365   1.88521
-265305    0.365   1.88521
-265305    0.365   1.88521
-265305    0.365   1.88521
-265305    0.365   1.88521
-265305    0.365   1.88521
-265305    0.365   1.88521
-265305    0.365   1.88521
-265305    0.365   1.88521
-265305    0.365   1.88521
-265305    0.365   1.88521
-265432    0.37   1.79132
-265432    0.37   1.79132
-265432    0.37   1.79132
-265432    0.37   1.79132
-265432    0.37   1.79132
-265432    0.37   1.79132
-265432    0.37   1.79132
-265868    0.365   1.76076
-265868    0.365   1.76076
-265868    0.365   1.76076
-265868    0.365   1.76076
-265868    0.365   1.76076
-265868    0.365   1.76076
-265868    0.365   1.76076
-265868    0.365   1.76076
-265868    0.365   1.76076
-265868    0.365   1.76076
-265868    0.365   1.76076
-265868    0.365   1.76076
-265868    0.365   1.76076
-265868    0.365   1.76076
-265868    0.365   1.76076
-265868    0.365   1.76076
-265868    0.365   1.76076
-265868    0.365   1.76076
-265868    0.365   1.76076
-265868    0.365   1.76076
-265868    0.365   1.76076
-265868    0.365   1.76076
-265868    0.365   1.76076
-265868    0.365   1.76076
-266706    0.355   1.63994
-267225    0.355   1.66798
-267225    0.355   1.66798
-267225    0.355   1.66798
-267225    0.355   1.66798
-267225    0.355   1.66798
-267225    0.355   1.66798
-267225    0.355   1.66798
-267225    0.355   1.66798
-267225    0.355   1.66798
-267225    0.355   1.66798
-267225    0.355   1.66798
-267225    0.355   1.66798
-267225    0.355   1.66798
-267225    0.355   1.66798
-267225    0.355   1.66798
-267225    0.355   1.66798
-267225    0.355   1.66798
-267266    0.35   1.71422
-267266    0.35   1.71422
-267266    0.35   1.71422
-267266    0.35   1.71422
-267266    0.35   1.71422
-267266    0.35   1.71422
-267266    0.35   1.71422
-267266    0.35   1.71422
-267266    0.35   1.71422
-267266    0.35   1.71422
-267266    0.35   1.71422
-267266    0.35   1.71422
-267266    0.35   1.71422
-267266    0.35   1.71422
-267266    0.35   1.71422
-267266    0.35   1.71422
-267266    0.35   1.71422
-267266    0.35   1.71422
-267266    0.35   1.71422
-267266    0.35   1.71422
-267266    0.35   1.71422
-267266    0.35   1.71422
-267266    0.35   1.71422
-267266    0.35   1.71422
-267266    0.35   1.71422
-267266    0.35   1.71422
-267266    0.35   1.71422
-267266    0.35   1.71422
-267266    0.35   1.71422
-267266    0.35   1.71422
-267266    0.35   1.71422
-267266    0.35   1.71422
-267266    0.35   1.71422
-267266    0.35   1.71422
-267266    0.35   1.71422
-267266    0.35   1.71422
-267266    0.35   1.71422
-267266    0.35   1.71422
-267266    0.35   1.71422
-267266    0.35   1.71422
-267266    0.35   1.71422
-267266    0.35   1.71422
-267266    0.35   1.71422
-267266    0.35   1.71422
-267266    0.35   1.71422
-267348    0.35   1.71297
-267348    0.35   1.71297
-267348    0.35   1.71297
-267348    0.35   1.71297
-267348    0.35   1.71297
-267348    0.35   1.71297
-267348    0.35   1.71297
-267348    0.35   1.71297
-267348    0.35   1.71297
-267348    0.35   1.71297
-267348    0.35   1.71297
-267348    0.35   1.71297
-267348    0.35   1.71297
-267348    0.35   1.71297
-267348    0.35   1.71297
-267348    0.35   1.71297
-267348    0.35   1.71297
-267348    0.35   1.71297
-267348    0.35   1.71297
-267348    0.35   1.71297
-267348    0.35   1.71297
-267348    0.35   1.71297
-267348    0.35   1.71297
-267348    0.35   1.71297
-267348    0.35   1.71297
-267348    0.35   1.71297
-267348    0.35   1.71297
-267348    0.35   1.71297
-267348    0.35   1.71297
-267348    0.35   1.71297
-267348    0.35   1.71297
-267348    0.35   1.71297
-267348    0.35   1.71297
-267348    0.35   1.71297
-267348    0.35   1.71297
-267348    0.35   1.71297
-267348    0.35   1.71297
-267348    0.35   1.71297
-267348    0.35   1.71297
-267348    0.35   1.71297
-267348    0.35   1.71297
-267348    0.35   1.71297
-267348    0.35   1.71297
-267348    0.35   1.71297
-267348    0.35   1.71297
-267348    0.35   1.71297
-267348    0.35   1.71297
-267348    0.35   1.71297
-267348    0.35   1.71297
-267348    0.35   1.71297
-267348    0.35   1.71297
-267348    0.35   1.71297
-267348    0.35   1.71297
-267348    0.35   1.71297
-267348    0.35   1.71297
-267348    0.35   1.71297
-267348    0.35   1.71297
-267348    0.35   1.71297
-267469    0.345   1.73253
-267469    0.345   1.73253
-267469    0.345   1.73253
-267469    0.345   1.73253
-267469    0.345   1.73253
-267469    0.345   1.73253
-267469    0.345   1.73253
-267469    0.345   1.73253
-267469    0.345   1.73253
-267469    0.345   1.73253
-267469    0.345   1.73253
-267469    0.345   1.73253
-267469    0.345   1.73253
-267469    0.345   1.73253
-267469    0.345   1.73253
-267469    0.345   1.73253
-267469    0.345   1.73253
-267469    0.345   1.73253
-267469    0.345   1.73253
-267469    0.345   1.73253
-267469    0.345   1.73253
-267469    0.345   1.73253
-267469    0.345   1.73253
-267469    0.345   1.73253
-267469    0.345   1.73253
-267469    0.345   1.73253
-267469    0.345   1.73253
-267469    0.345   1.73253
-267469    0.345   1.73253
-267469    0.345   1.73253
-267469    0.345   1.73253
-267469    0.345   1.73253
-267469    0.345   1.73253
-267469    0.345   1.73253
-267469    0.345   1.73253
-267469    0.345   1.73253
-267469    0.345   1.73253
-267469    0.345   1.73253
-267469    0.345   1.73253
-267469    0.345   1.73253
-267469    0.345   1.73253
-267469    0.345   1.73253
-267469    0.345   1.73253
-267469    0.345   1.73253
-267469    0.345   1.73253
-267469    0.345   1.73253
-267469    0.345   1.73253
-267469    0.345   1.73253
-267469    0.345   1.73253
-267469    0.345   1.73253
-267469    0.345   1.73253
-267469    0.345   1.73253
-267469    0.345   1.73253
-267469    0.345   1.73253
-267469    0.345   1.73253
-267469    0.345   1.73253
-267469    0.345   1.73253
-267685    0.35   1.70284
-267685    0.35   1.70284
-267685    0.35   1.70284
-267685    0.35   1.70284
-267685    0.35   1.70284
-267685    0.35   1.70284
-267685    0.35   1.70284
-267685    0.35   1.70284
-267768    0.35   1.7133
-267768    0.35   1.7133
-267768    0.35   1.7133
-267768    0.35   1.7133
-267768    0.35   1.7133
-267768    0.35   1.7133
-267768    0.35   1.7133
-267768    0.35   1.7133
-267768    0.35   1.7133
-267768    0.35   1.7133
-267768    0.35   1.7133
-267768    0.35   1.7133
-267768    0.35   1.7133
-267768    0.35   1.7133
-267768    0.35   1.7133
-267768    0.35   1.7133
-267768    0.35   1.7133
-267768    0.35   1.7133
-267768    0.35   1.7133
-267768    0.35   1.7133
-267768    0.35   1.7133
-267768    0.35   1.7133
-267768    0.35   1.7133
-267768    0.35   1.7133
-267768    0.35   1.7133
-267768    0.35   1.7133
-267768    0.35   1.7133
