2.63866e-10    2.4629   2.46142
2.63866e-10    1.67346   1.67189
2.63866e-10    1.67063   1.66922
2.63866e-10    1.67063   1.66922
2.63866e-10    1.67063   1.66922
2.63866e-10    1.67063   1.66922
2.63866e-10    1.66946   1.66818
2.63866e-10    1.57927   1.5781
2.63866e-10    1.57927   1.5781
2.63866e-10    1.57927   1.5781
2.63866e-10    1.57927   1.5781
2.63866e-10    1.57927   1.5781
2.63866e-10    1.57927   1.5781
2.63866e-10    1.57927   1.5781
2.63866e-10    1.57927   1.5781
2.63866e-10    1.57927   1.5781
2.63866e-10    1.57927   1.5781
2.63866e-10    1.57927   1.5781
2.63866e-10    1.57927   1.5781
2.63866e-10    1.57927   1.5781
2.63866e-10    1.57927   1.5781
2.63866e-10    1.57927   1.5781
2.63866e-10    1.57927   1.5781
2.63866e-10    1.57927   1.5781
2.63866e-10    1.57927   1.5781
2.63866e-10    1.57927   1.5781
2.63866e-10    1.57927   1.5781
5.27733e-10    1.57927   1.5781
5.27733e-10    1.58043   1.5781
5.27733e-10    1.58043   1.5781
5.27733e-10    1.58043   1.5781
5.27733e-10    1.58043   1.5781
5.27733e-10    1.58043   1.5781
5.27733e-10    1.58043   1.5781
5.27733e-10    1.58043   1.5781
5.27733e-10    1.58043   1.5781
5.27733e-10    1.56624   1.56359
5.27733e-10    1.56624   1.56359
5.27733e-10    1.56624   1.56359
5.27733e-10    1.56624   1.56359
5.27733e-10    1.56624   1.56359
5.27733e-10    1.56624   1.56359
5.27733e-10    1.56624   1.56359
5.27733e-10    1.56624   1.56359
5.27733e-10    1.56624   1.56359
5.27733e-10    1.56624   1.56359
5.27733e-10    1.56624   1.56359
5.27733e-10    1.56624   1.56359
5.27733e-10    1.56353   1.56087
5.27733e-10    1.56353   1.56087
5.27733e-10    1.56353   1.56087
5.27733e-10    1.56353   1.56087
5.27733e-10    1.56353   1.56087
5.27733e-10    1.56353   1.56087
5.27733e-10    1.56353   1.56087
5.27733e-10    1.56353   1.56087
5.27733e-10    1.56353   1.56087
5.27733e-10    1.56353   1.56087
5.27733e-10    1.56353   1.56087
5.27733e-10    1.56353   1.56087
5.27733e-10    1.56353   1.56087
5.27733e-10    1.56353   1.56087
5.27733e-10    1.56353   1.56087
5.27733e-10    1.56353   1.56087
5.27733e-10    1.56353   1.56087
5.27733e-10    1.56353   1.56087
5.27733e-10    1.56353   1.56087
5.27733e-10    1.56353   1.56087
1.05547e-09    1.56353   1.56087
1.05547e-09    1.56618   1.56087
1.05547e-09    1.56618   1.56087
1.05547e-09    1.56618   1.56087
1.05547e-09    1.56618   1.56087
1.05547e-09    1.56618   1.56087
1.05547e-09    1.56618   1.56087
1.05547e-09    1.56618   1.56087
1.05547e-09    1.56327   1.55805
1.05547e-09    1.56327   1.55805
1.05547e-09    1.56327   1.55805
1.05547e-09    1.56327   1.55805
1.05547e-09    1.56327   1.55805
1.05547e-09    1.56327   1.55805
1.05547e-09    1.56327   1.55805
1.05547e-09    1.56327   1.55805
1.05547e-09    1.56327   1.55805
1.05547e-09    1.56327   1.55805
1.05547e-09    1.55855   1.55284
1.05547e-09    1.55855   1.55284
1.05547e-09    1.55066   1.54455
1.05547e-09    1.55066   1.54455
1.05547e-09    1.55066   1.54455
1.05547e-09    1.55066   1.54455
1.05547e-09    1.55066   1.54455
1.05547e-09    1.54984   1.54373
1.05547e-09    1.54984   1.54373
1.05547e-09    1.54984   1.54373
1.05547e-09    1.54984   1.54373
1.05547e-09    1.54984   1.54373
1.05547e-09    1.54984   1.54373
1.05547e-09    1.54984   1.54373
1.05547e-09    1.54984   1.54373
1.05547e-09    1.54984   1.54373
1.05547e-09    1.54984   1.54373
1.05547e-09    1.54984   1.54373
1.05547e-09    1.54984   1.54373
1.05547e-09    1.54984   1.54373
1.05547e-09    1.54984   1.54373
1.05547e-09    1.54984   1.54373
1.05547e-09    1.54984   1.54373
1.05547e-09    1.54984   1.54373
1.05547e-09    1.54984   1.54373
1.05547e-09    1.54889   1.5427
1.05547e-09    1.54854   1.54228
1.05547e-09    1.5481   1.54194
1.05547e-09    1.5453   1.5391
1.05547e-09    1.5453   1.5391
1.05547e-09    1.5453   1.5391
1.05547e-09    1.5453   1.5391
1.05547e-09    1.5453   1.5391
1.05547e-09    1.5453   1.5391
1.05547e-09    1.5453   1.5391
1.05547e-09    1.5453   1.5391
1.05547e-09    1.5453   1.5391
1.05547e-09    1.54459   1.53773
1.05547e-09    1.54427   1.53764
1.05547e-09    1.54427   1.53764
1.05547e-09    1.54427   1.53764
1.05547e-09    1.54423   1.53777
1.05547e-09    1.54423   1.53777
1.05547e-09    1.54423   1.53777
1.05547e-09    1.54423   1.53777
1.05547e-09    1.54423   1.53777
1.05547e-09    1.54318   1.53669
1.05547e-09    1.54318   1.53669
1.05547e-09    1.54315   1.53667
1.05547e-09    1.54272   1.53594
1.05547e-09    1.54272   1.53594
1.05547e-09    1.54272   1.53594
1.05547e-09    1.54272   1.53594
1.05547e-09    1.54272   1.53594
1.05547e-09    1.54272   1.53594
1.05547e-09    1.54272   1.53594
1.05547e-09    1.54272   1.53594
1.05547e-09    1.54272   1.53594
1.05547e-09    1.54272   1.53594
1.05547e-09    1.54272   1.53594
1.05547e-09    1.54272   1.53594
1.05547e-09    1.54272   1.53594
1.05547e-09    1.54272   1.53594
1.05547e-09    1.54272   1.53594
1.05547e-09    1.54272   1.53594
1.05547e-09    1.54272   1.53594
1.05547e-09    1.54272   1.53594
1.05547e-09    1.54272   1.53594
1.05547e-09    1.54272   1.53594
2.11093e-09    1.54272   1.53594
2.11093e-09    1.5495   1.53594
2.11093e-09    1.5495   1.53594
2.11093e-09    1.5495   1.53594
2.11093e-09    1.5495   1.53594
2.11093e-09    1.5495   1.53594
2.11093e-09    1.54788   1.53493
2.11093e-09    1.54788   1.53493
2.11093e-09    1.54788   1.53493
2.11093e-09    1.54788   1.53493
2.11093e-09    1.54788   1.53493
2.11093e-09    1.54788   1.53493
2.11093e-09    1.54731   1.53433
2.11093e-09    1.54731   1.53433
2.11093e-09    1.54731   1.53433
2.11093e-09    1.54731   1.53433
2.11093e-09    1.54731   1.53433
2.11093e-09    1.54731   1.53433
2.11093e-09    1.54731   1.53433
2.11093e-09    1.54731   1.53433
2.11093e-09    1.54731   1.53433
2.11093e-09    1.54731   1.53433
2.11093e-09    1.54731   1.53433
2.11093e-09    1.54731   1.53433
2.11093e-09    1.54731   1.53433
2.11093e-09    1.54731   1.53433
2.11093e-09    1.54731   1.53433
2.11093e-09    1.54731   1.53433
2.11093e-09    1.54731   1.53433
2.11093e-09    1.54722   1.53583
2.11093e-09    1.54479   1.53321
2.11093e-09    1.54479   1.53321
2.11093e-09    1.54479   1.53321
2.11093e-09    1.54479   1.53321
2.11093e-09    1.54479   1.53321
2.11093e-09    1.54479   1.53321
2.11093e-09    1.54479   1.53321
2.11093e-09    1.54479   1.53321
2.11093e-09    1.54479   1.53321
2.11093e-09    1.54479   1.53321
2.11093e-09    1.54479   1.53321
2.11093e-09    1.54459   1.53303
2.11093e-09    1.54459   1.53303
2.11093e-09    1.54459   1.53303
2.11093e-09    1.54459   1.53303
2.11093e-09    1.54459   1.53303
2.11093e-09    1.54459   1.53303
2.11093e-09    1.54016   1.52859
2.11093e-09    1.54016   1.52859
2.11093e-09    1.54016   1.52859
2.11093e-09    1.54016   1.52859
2.11093e-09    1.54016   1.52859
2.11093e-09    1.54004   1.52849
2.11093e-09    1.54004   1.52849
2.11093e-09    1.54004   1.52849
2.11093e-09    1.54004   1.52849
2.11093e-09    1.54004   1.52849
2.11093e-09    1.54004   1.52849
2.11093e-09    1.54004   1.52849
2.11093e-09    1.54004   1.52849
2.11093e-09    1.54004   1.52849
2.11093e-09    1.54004   1.52849
2.11093e-09    1.54004   1.52849
2.11093e-09    1.54004   1.52849
2.11093e-09    1.54004   1.52849
2.11093e-09    1.53311   1.52082
2.11093e-09    1.53311   1.52082
2.11093e-09    1.53311   1.52082
2.11093e-09    1.53311   1.52082
2.11093e-09    1.53311   1.52082
2.11093e-09    1.53311   1.52082
2.11093e-09    1.53311   1.52082
2.11093e-09    1.53311   1.52082
2.11093e-09    1.53311   1.52082
2.11093e-09    1.53311   1.52082
2.11093e-09    1.53311   1.52082
2.11093e-09    1.53311   1.52082
2.11093e-09    1.53311   1.52082
2.11093e-09    1.53311   1.52082
2.11093e-09    1.53311   1.52082
2.11093e-09    1.53311   1.52082
2.11093e-09    1.53311   1.52082
2.11093e-09    1.53311   1.52082
2.11093e-09    1.53311   1.52082
2.11093e-09    1.53266   1.52099
2.11093e-09    1.53266   1.52099
2.11093e-09    1.53266   1.52099
2.11093e-09    1.53203   1.52034
2.11093e-09    1.53203   1.52034
2.11093e-09    1.53203   1.52034
2.11093e-09    1.5319   1.5202
2.11093e-09    1.52991   1.51773
2.11093e-09    1.52991   1.51773
2.11093e-09    1.52991   1.51773
2.11093e-09    1.52991   1.51773
2.11093e-09    1.52991   1.51773
2.11093e-09    1.52991   1.51773
2.11093e-09    1.52991   1.51773
2.11093e-09    1.52991   1.51773
2.11093e-09    1.52964   1.51736
2.11093e-09    1.52964   1.51736
2.11093e-09    1.52964   1.51736
2.11093e-09    1.52964   1.51736
2.11093e-09    1.52964   1.51736
2.11093e-09    1.52964   1.51736
2.11093e-09    1.52964   1.51736
2.11093e-09    1.52964   1.51736
2.11093e-09    1.52964   1.51736
2.11093e-09    1.52964   1.51736
2.11093e-09    1.52964   1.51736
2.11093e-09    1.52964   1.51736
2.11093e-09    1.52964   1.51736
2.11093e-09    1.52964   1.51736
2.11093e-09    1.52964   1.51736
2.11093e-09    1.52964   1.51736
2.11093e-09    1.52964   1.51736
2.11093e-09    1.52964   1.51736
2.11093e-09    1.52964   1.51736
2.11093e-09    1.52964   1.51736
4.22186e-09    1.52964   1.51736
4.22186e-09    1.54191   1.51736
4.22186e-09    1.54191   1.51736
4.22186e-09    1.54191   1.51736
4.22186e-09    1.54191   1.51736
4.22186e-09    1.54191   1.51736
4.22186e-09    1.54191   1.51736
4.22186e-09    1.54191   1.51736
4.22186e-09    1.54191   1.51736
4.22186e-09    1.54191   1.51736
4.22186e-09    1.54191   1.51736
4.22186e-09    1.54191   1.51736
4.22186e-09    1.54191   1.51736
4.22186e-09    1.54191   1.51736
4.22186e-09    1.54191   1.51736
4.22186e-09    1.54191   1.51736
4.22186e-09    1.54191   1.51736
4.22186e-09    1.54191   1.51736
4.22186e-09    1.54191   1.51736
4.22186e-09    1.54191   1.51736
8.44372e-09    1.54191   1.51736
8.44372e-09    1.56647   1.51736
8.44372e-09    1.56647   1.51736
8.44372e-09    1.56647   1.51736
8.44372e-09    1.56647   1.51736
8.44372e-09    1.56647   1.51736
8.44372e-09    1.56228   1.51287
8.44372e-09    1.56228   1.51287
8.44372e-09    1.56228   1.51287
8.44372e-09    1.56228   1.51287
8.44372e-09    1.56228   1.51287
8.44372e-09    1.55783   1.51077
8.44372e-09    1.55783   1.51077
8.44372e-09    1.55783   1.51077
8.44372e-09    1.55783   1.51077
8.44372e-09    1.55783   1.51077
8.44372e-09    1.55783   1.51077
8.44372e-09    1.55783   1.51077
8.44372e-09    1.55783   1.51077
8.44372e-09    1.55783   1.51077
8.44372e-09    1.55783   1.51077
8.44372e-09    1.55783   1.51077
8.44372e-09    1.55233   1.5047
8.44372e-09    1.55233   1.5047
8.44372e-09    1.55233   1.5047
8.44372e-09    1.55233   1.5047
8.44372e-09    1.55233   1.5047
8.44372e-09    1.55233   1.5047
8.44372e-09    1.55233   1.5047
8.44372e-09    1.55233   1.5047
8.44372e-09    1.55233   1.5047
8.44372e-09    1.552   1.50274
8.44372e-09    1.552   1.50274
8.44372e-09    1.552   1.50274
8.44372e-09    1.552   1.50274
8.44372e-09    1.55108   1.49853
8.44372e-09    1.55108   1.49853
8.44372e-09    1.55108   1.49853
8.44372e-09    1.55108   1.49853
8.44372e-09    1.55108   1.49853
8.44372e-09    1.55108   1.49853
8.44372e-09    1.55108   1.49853
8.44372e-09    1.55108   1.49853
8.44372e-09    1.55108   1.49853
8.44372e-09    1.55108   1.49853
8.44372e-09    1.55108   1.49853
8.44372e-09    1.55108   1.49853
8.44372e-09    1.55108   1.49853
8.44372e-09    1.55108   1.49853
8.44372e-09    1.55108   1.49853
8.44372e-09    1.55108   1.49853
8.44372e-09    1.55108   1.49853
8.44372e-09    1.55108   1.49853
8.44372e-09    1.55108   1.49853
8.44372e-09    1.55108   1.49853
1.68874e-08    1.55108   1.49853
1.68874e-08    1.60362   1.49853
1.68874e-08    1.60081   1.50058
1.68874e-08    1.60081   1.50058
1.68874e-08    1.60081   1.50058
1.68874e-08    1.60081   1.50058
1.68874e-08    1.59594   1.50167
1.68874e-08    1.59594   1.50167
1.68874e-08    1.59594   1.50167
1.68874e-08    1.59594   1.50167
1.68874e-08    1.59594   1.50167
1.68874e-08    1.59594   1.50167
1.68874e-08    1.59594   1.50167
1.68874e-08    1.59594   1.50167
1.68874e-08    1.59594   1.50167
1.68874e-08    1.59594   1.50167
1.68874e-08    1.59594   1.50167
1.68874e-08    1.59594   1.50167
1.68874e-08    1.59594   1.50167
1.68874e-08    1.59594   1.50167
1.68874e-08    1.59594   1.50167
1.68874e-08    1.59594   1.50167
1.68874e-08    1.59594   1.50167
1.68874e-08    1.59594   1.50167
1.68874e-08    1.59594   1.50167
1.68874e-08    1.59594   1.50167
3.37749e-08    1.59594   1.50167
3.37749e-08    1.69021   1.50167
3.37749e-08    1.69021   1.50167
3.37749e-08    1.69021   1.50167
3.37749e-08    1.69021   1.50167
3.37749e-08    1.69021   1.50167
3.37749e-08    1.69021   1.50167
3.37749e-08    1.69021   1.50167
3.37749e-08    1.67669   1.51734
3.37749e-08    1.67669   1.51734
3.37749e-08    1.67669   1.51734
3.37749e-08    1.67669   1.51734
3.37749e-08    1.67669   1.51734
3.37749e-08    1.67548   1.51399
3.37749e-08    1.67548   1.51399
3.37749e-08    1.67548   1.51399
3.37749e-08    1.67548   1.51399
3.37749e-08    1.67548   1.51399
3.37749e-08    1.67548   1.51399
3.37749e-08    1.67548   1.51399
3.37749e-08    1.67548   1.51399
3.37749e-08    1.67548   1.51399
3.37749e-08    1.67548   1.51399
3.37749e-08    1.67548   1.51399
3.37749e-08    1.67506   1.51357
3.37749e-08    1.67506   1.51357
3.37749e-08    1.67506   1.51357
3.37749e-08    1.67506   1.51357
3.37749e-08    1.67506   1.51357
3.37749e-08    1.67506   1.51357
3.37749e-08    1.67506   1.51357
3.37749e-08    1.67506   1.51357
3.37749e-08    1.67371   1.53969
3.37749e-08    1.67371   1.53969
3.37749e-08    1.66907   1.53472
3.37749e-08    1.66907   1.53472
3.37749e-08    1.66907   1.53472
3.37749e-08    1.66907   1.53472
3.37749e-08    1.66865   1.54053
3.37749e-08    1.66806   1.54737
3.37749e-08    1.66806   1.54737
3.37749e-08    1.66662   1.53592
3.37749e-08    1.66662   1.53592
3.37749e-08    1.66662   1.53592
3.37749e-08    1.66662   1.53592
3.37749e-08    1.6648   1.53519
3.37749e-08    1.6648   1.53519
3.37749e-08    1.6648   1.53519
3.37749e-08    1.6648   1.53519
3.37749e-08    1.6648   1.53519
3.37749e-08    1.6648   1.53519
3.37749e-08    1.6648   1.53519
3.37749e-08    1.6635   1.5339
3.37749e-08    1.6635   1.5339
3.37749e-08    1.6635   1.5339
3.37749e-08    1.6635   1.5339
3.37749e-08    1.6635   1.5339
3.37749e-08    1.66026   1.54198
3.37749e-08    1.66026   1.54198
3.37749e-08    1.66026   1.54198
3.37749e-08    1.66026   1.54198
3.37749e-08    1.66026   1.54198
3.37749e-08    1.66026   1.54198
3.37749e-08    1.65983   1.54144
3.37749e-08    1.65983   1.54144
3.37749e-08    1.65983   1.54144
3.37749e-08    1.65983   1.54144
3.37749e-08    1.65983   1.54144
3.37749e-08    1.65983   1.54144
3.37749e-08    1.65983   1.54144
3.37749e-08    1.65983   1.54144
3.37749e-08    1.65983   1.54144
3.37749e-08    1.65001   1.53194
3.37749e-08    1.65001   1.53194
3.37749e-08    1.65001   1.53194
3.37749e-08    1.65001   1.53194
3.37749e-08    1.65001   1.53194
3.37749e-08    1.65001   1.53194
3.37749e-08    1.64939   1.53412
3.37749e-08    1.64939   1.53412
3.37749e-08    1.64939   1.53412
3.37749e-08    1.64939   1.53412
3.37749e-08    1.64939   1.53412
3.37749e-08    1.64875   1.53245
3.37749e-08    1.64875   1.53245
3.37749e-08    1.64875   1.53245
3.37749e-08    1.64875   1.53245
3.37749e-08    1.64875   1.53245
3.37749e-08    1.64875   1.53245
3.37749e-08    1.64875   1.53245
3.37749e-08    1.64875   1.53245
3.37749e-08    1.64875   1.53245
3.37749e-08    1.64875   1.53245
3.37749e-08    1.6422   1.53163
3.37749e-08    1.6422   1.53163
3.37749e-08    1.6422   1.53163
3.37749e-08    1.64177   1.53172
3.37749e-08    1.64177   1.53172
3.37749e-08    1.64177   1.53172
3.37749e-08    1.64177   1.53172
3.37749e-08    1.64177   1.53172
3.37749e-08    1.64177   1.53172
3.37749e-08    1.64177   1.53172
3.37749e-08    1.64177   1.53172
3.37749e-08    1.64177   1.53172
3.37749e-08    1.64177   1.53172
3.37749e-08    1.64177   1.53172
3.37749e-08    1.64177   1.53172
3.37749e-08    1.64177   1.53172
3.37749e-08    1.64177   1.53172
3.37749e-08    1.64177   1.53172
3.37749e-08    1.64177   1.53172
3.37749e-08    1.64177   1.53172
3.37749e-08    1.64177   1.53172
3.37749e-08    1.64177   1.53172
3.37749e-08    1.64162   1.53131
3.37749e-08    1.64162   1.53131
3.37749e-08    1.64162   1.53131
3.37749e-08    1.64146   1.52657
3.37749e-08    1.64146   1.52657
3.37749e-08    1.64146   1.52657
3.37749e-08    1.64146   1.52657
3.37749e-08    1.63863   1.52865
3.37749e-08    1.63863   1.52865
3.37749e-08    1.63863   1.52865
3.37749e-08    1.63863   1.52865
3.37749e-08    1.63863   1.52865
3.37749e-08    1.63863   1.52865
3.37749e-08    1.63863   1.52865
3.37749e-08    1.63863   1.52865
3.37749e-08    1.63785   1.5281
3.37749e-08    1.63785   1.5281
3.37749e-08    1.63785   1.5281
3.37749e-08    1.63785   1.5281
3.37749e-08    1.63785   1.5281
3.37749e-08    1.63785   1.5281
3.37749e-08    1.63785   1.5281
3.37749e-08    1.63785   1.5281
3.37749e-08    1.63785   1.5281
3.37749e-08    1.63785   1.5281
3.37749e-08    1.63785   1.5281
3.37749e-08    1.63785   1.5281
3.37749e-08    1.63785   1.5281
3.37749e-08    1.63602   1.52583
3.37749e-08    1.63602   1.52583
3.37749e-08    1.63602   1.52583
3.37749e-08    1.63602   1.52583
3.37749e-08    1.63602   1.52583
3.37749e-08    1.63602   1.52583
3.37749e-08    1.63602   1.52583
3.37749e-08    1.63477   1.52446
3.37749e-08    1.63477   1.52446
3.37749e-08    1.63477   1.52446
3.37749e-08    1.63477   1.52446
3.37749e-08    1.63477   1.52446
3.37749e-08    1.63477   1.52446
3.37749e-08    1.63477   1.52446
3.37749e-08    1.63411   1.52467
3.37749e-08    1.63411   1.52467
3.37749e-08    1.63411   1.52467
3.37749e-08    1.63411   1.52467
3.37749e-08    1.63411   1.52467
3.37749e-08    1.63411   1.52467
3.37749e-08    1.63411   1.52467
3.37749e-08    1.63411   1.52467
3.37749e-08    1.63411   1.52467
3.37749e-08    1.63042   1.51857
3.37749e-08    1.63042   1.51857
3.37749e-08    1.63042   1.51857
3.37749e-08    1.63042   1.51857
3.37749e-08    1.63042   1.51857
3.37749e-08    1.63042   1.51857
3.37749e-08    1.63042   1.51857
3.37749e-08    1.63042   1.51857
3.37749e-08    1.63042   1.51857
3.37749e-08    1.63042   1.51857
3.37749e-08    1.63042   1.51857
3.37749e-08    1.63042   1.51857
3.37749e-08    1.63042   1.51857
3.37749e-08    1.63042   1.51857
3.37749e-08    1.63042   1.51857
3.37749e-08    1.63042   1.51857
3.37749e-08    1.63042   1.51857
3.37749e-08    1.63039   1.51887
3.37749e-08    1.63039   1.51887
3.37749e-08    1.63039   1.51887
3.37749e-08    1.63039   1.51887
3.37749e-08    1.63039   1.51887
3.37749e-08    1.63039   1.51887
3.37749e-08    1.63039   1.51887
3.37749e-08    1.63039   1.51887
3.37749e-08    1.62962   1.51837
3.37749e-08    1.6294   1.51739
3.37749e-08    1.6294   1.51739
3.37749e-08    1.62837   1.5163
3.37749e-08    1.62837   1.5163
3.37749e-08    1.62837   1.5163
3.37749e-08    1.62837   1.5163
3.37749e-08    1.62837   1.5163
3.37749e-08    1.62837   1.5163
3.37749e-08    1.62837   1.5163
3.37749e-08    1.62837   1.5163
3.37749e-08    1.62837   1.5163
3.37749e-08    1.62837   1.5163
3.37749e-08    1.62837   1.5163
3.37749e-08    1.62837   1.5163
3.37749e-08    1.62837   1.5163
3.37749e-08    1.62837   1.5163
3.37749e-08    1.62837   1.5163
3.37749e-08    1.62837   1.5163
3.37749e-08    1.62837   1.5163
3.37749e-08    1.62837   1.5163
3.37749e-08    1.62837   1.5163
3.37749e-08    1.62837   1.5163
6.75498e-08    1.62837   1.5163
6.75498e-08    1.74045   1.5163
6.75498e-08    1.73128   1.52495
6.75498e-08    1.72936   1.52453
6.75498e-08    1.72936   1.52453
6.75498e-08    1.72936   1.52453
6.75498e-08    1.7265   1.52635
6.75498e-08    1.7265   1.52635
6.75498e-08    1.72607   1.5581
6.75498e-08    1.72607   1.5581
6.75498e-08    1.72607   1.5581
6.75498e-08    1.72607   1.5581
6.75498e-08    1.72293   1.55441
6.75498e-08    1.72293   1.55441
6.75498e-08    1.72293   1.55441
6.75498e-08    1.72293   1.55441
6.75498e-08    1.72293   1.55441
6.75498e-08    1.72293   1.55441
6.75498e-08    1.72293   1.55441
6.75498e-08    1.72293   1.55441
6.75498e-08    1.72293   1.55441
6.75498e-08    1.72293   1.55441
6.75498e-08    1.71919   1.55649
6.75498e-08    1.71919   1.55649
6.75498e-08    1.71919   1.55649
6.75498e-08    1.71919   1.55649
6.75498e-08    1.71919   1.55649
6.75498e-08    1.71919   1.55649
6.75498e-08    1.71919   1.55649
6.75498e-08    1.71919   1.55649
6.75498e-08    1.71919   1.55649
6.75498e-08    1.71919   1.55649
6.75498e-08    1.71919   1.55649
6.75498e-08    1.71919   1.55649
6.75498e-08    1.71919   1.55649
6.75498e-08    1.71713   1.56679
6.75498e-08    1.71713   1.56679
6.75498e-08    1.71713   1.56679
6.75498e-08    1.71713   1.56679
6.75498e-08    1.71713   1.56679
6.75498e-08    1.71713   1.56679
6.75498e-08    1.71713   1.56679
6.75498e-08    1.71713   1.56679
6.75498e-08    1.71713   1.56679
6.75498e-08    1.71713   1.56679
6.75498e-08    1.71713   1.56679
6.75498e-08    1.71713   1.56679
6.75498e-08    1.71713   1.56679
6.75498e-08    1.71713   1.56679
6.75498e-08    1.71713   1.56679
6.75498e-08    1.71713   1.56679
6.75498e-08    1.71713   1.56679
6.75498e-08    1.71713   1.56679
6.75498e-08    1.71713   1.56679
6.75498e-08    1.71713   1.56679
1.351e-07    1.71713   1.56679
1.351e-07    1.86748   1.56679
1.351e-07    1.86748   1.56679
1.351e-07    1.86748   1.56679
1.351e-07    1.86483   1.5675
1.351e-07    1.86483   1.5675
1.351e-07    1.86483   1.5675
1.351e-07    1.86483   1.5675
1.351e-07    1.86483   1.5675
1.351e-07    1.86483   1.5675
1.351e-07    1.86483   1.5675
1.351e-07    1.86483   1.5675
1.351e-07    1.86483   1.5675
1.351e-07    1.86483   1.5675
1.351e-07    1.86483   1.5675
1.351e-07    1.86483   1.5675
1.351e-07    1.85639   1.56156
1.351e-07    1.85639   1.56156
1.351e-07    1.85639   1.56156
1.351e-07    1.85639   1.56156
1.351e-07    1.85639   1.56156
1.351e-07    1.85639   1.56156
1.351e-07    1.85639   1.56156
1.351e-07    1.85639   1.56156
1.351e-07    1.85639   1.56156
1.351e-07    1.85639   1.56156
1.351e-07    1.85639   1.56156
1.351e-07    1.85022   1.56432
1.351e-07    1.8467   1.56378
1.351e-07    1.8467   1.56378
1.351e-07    1.82549   1.57439
1.351e-07    1.82549   1.57439
1.351e-07    1.82549   1.57439
1.351e-07    1.82549   1.57439
1.351e-07    1.82549   1.57439
1.351e-07    1.82549   1.57439
1.351e-07    1.82489   1.57322
1.351e-07    1.82489   1.57322
1.351e-07    1.82489   1.57322
1.351e-07    1.82489   1.57322
1.351e-07    1.82489   1.57322
1.351e-07    1.82489   1.57322
1.351e-07    1.82489   1.57322
1.351e-07    1.82489   1.57322
1.351e-07    1.82489   1.57322
1.351e-07    1.82489   1.57322
1.351e-07    1.82489   1.57322
1.351e-07    1.82489   1.57322
1.351e-07    1.82489   1.57322
1.351e-07    1.82489   1.57322
1.351e-07    1.82489   1.57322
1.351e-07    1.82489   1.57322
1.351e-07    1.82489   1.57322
1.351e-07    1.82489   1.57322
1.351e-07    1.82489   1.57322
1.351e-07    1.82489   1.57322
1.351e-07    1.82471   1.57336
1.351e-07    1.8202   1.57467
1.351e-07    1.8202   1.57467
1.351e-07    1.8202   1.57467
1.351e-07    1.8202   1.57467
1.351e-07    1.8202   1.57467
1.351e-07    1.8202   1.57467
1.351e-07    1.8202   1.57467
1.351e-07    1.8202   1.57467
1.351e-07    1.8202   1.57467
1.351e-07    1.8202   1.57467
1.351e-07    1.8202   1.57467
1.351e-07    1.8202   1.57467
1.351e-07    1.8202   1.57467
1.351e-07    1.8202   1.57467
1.351e-07    1.8202   1.57467
1.351e-07    1.8202   1.57467
1.351e-07    1.8202   1.57467
1.351e-07    1.8202   1.57467
1.351e-07    1.8202   1.57467
1.351e-07    1.8202   1.57467
2.70199e-07    1.8202   1.57467
2.70199e-07    2.05489   1.57994
2.70199e-07    2.05489   1.57994
2.70199e-07    2.04647   1.58092
2.70199e-07    2.04647   1.58092
2.70199e-07    2.04647   1.58092
2.70199e-07    2.01334   1.61142
2.70199e-07    2.0006   1.6099
2.70199e-07    2.0006   1.6099
2.70199e-07    2.0006   1.6099
2.70199e-07    2.0006   1.6099
2.70199e-07    2.0006   1.6099
2.70199e-07    2.0006   1.6099
2.70199e-07    2.0006   1.6099
2.70199e-07    2.0006   1.6099
2.70199e-07    2.0006   1.6099
2.70199e-07    2.0006   1.6099
2.70199e-07    1.99979   1.61033
2.70199e-07    1.99979   1.61033
2.70199e-07    1.99979   1.61033
2.70199e-07    1.99979   1.61033
2.70199e-07    1.99979   1.61033
2.70199e-07    1.99979   1.61033
2.70199e-07    1.99979   1.61033
2.70199e-07    1.99979   1.61033
2.70199e-07    1.99979   1.61033
2.70199e-07    1.99979   1.61033
2.70199e-07    1.99979   1.61033
2.70199e-07    1.99979   1.61033
2.70199e-07    1.99979   1.61033
2.70199e-07    1.99979   1.61033
2.70199e-07    1.99979   1.61033
2.70199e-07    1.99979   1.61033
2.70199e-07    1.99979   1.61033
2.70199e-07    1.99979   1.61033
2.70199e-07    1.99979   1.61033
2.70199e-07    1.99979   1.61033
5.40398e-07    1.99979   1.61033
5.40398e-07    2.38924   1.61033
5.40398e-07    2.38924   1.61033
5.40398e-07    2.38924   1.61033
5.40398e-07    2.38924   1.61033
5.40398e-07    2.38924   1.61033
5.40398e-07    2.38924   1.61033
5.40398e-07    2.38924   1.61033
5.40398e-07    2.38924   1.61033
5.40398e-07    2.38924   1.61033
5.40398e-07    2.38924   1.61033
5.40398e-07    2.38924   1.61033
5.40398e-07    2.38924   1.61033
5.40398e-07    2.38924   1.61033
5.40398e-07    2.38924   1.61033
5.40398e-07    2.38924   1.61033
5.40398e-07    2.38924   1.61033
5.40398e-07    2.38924   1.61033
5.40398e-07    2.38924   1.61033
5.40398e-07    2.38924   1.61033
1.0808e-06    2.38924   1.61033
1.0808e-06    3.16815   1.61033
1.0808e-06    3.16815   1.61033
1.0808e-06    3.16815   1.61033
1.0808e-06    3.1021   1.63833
1.0808e-06    3.1021   1.63833
1.0808e-06    3.1021   1.63833
1.0808e-06    3.1021   1.63833
1.0808e-06    3.1021   1.63833
1.0808e-06    3.1021   1.63833
1.0808e-06    3.08246   1.64835
1.0808e-06    3.08246   1.64835
1.0808e-06    3.08246   1.64835
1.0808e-06    3.0753   1.6243
1.0808e-06    3.0753   1.6243
1.0808e-06    3.0753   1.6243
1.0808e-06    3.0705   1.65054
1.0808e-06    3.0705   1.65054
1.0808e-06    3.06656   1.64888
1.0808e-06    3.06625   1.65023
1.0808e-06    3.06621   1.65004
1.0808e-06    3.06621   1.65004
1.0808e-06    3.06352   1.63458
1.0808e-06    3.00496   1.64313
1.0808e-06    3.00496   1.64313
1.0808e-06    2.9886   1.71039
1.0808e-06    2.9886   1.71039
1.0808e-06    2.98675   1.69644
1.0808e-06    2.98675   1.69644
1.0808e-06    2.96078   1.68623
1.0808e-06    2.96078   1.68623
1.0808e-06    2.96078   1.68623
1.0808e-06    2.96078   1.68623
1.0808e-06    2.96078   1.68623
1.0808e-06    2.94112   1.74727
1.0808e-06    2.94112   1.74727
1.0808e-06    2.94112   1.74727
1.0808e-06    2.94112   1.74727
1.0808e-06    2.94112   1.74727
1.0808e-06    2.94112   1.74727
1.0808e-06    2.94066   1.74637
1.0808e-06    2.93953   1.72488
1.0808e-06    2.93953   1.72488
1.0808e-06    2.86535   1.78147
1.0808e-06    2.86535   1.78147
1.0808e-06    2.86535   1.78147
1.0808e-06    2.86535   1.78147
1.0808e-06    2.86445   1.79358
1.0808e-06    2.86445   1.79358
1.0808e-06    2.86445   1.79358
1.0808e-06    2.86445   1.79358
1.0808e-06    2.84143   1.70401
1.0808e-06    2.78116   1.69912
1.0808e-06    2.78116   1.69912
1.0808e-06    2.75764   1.69832
1.0808e-06    2.71584   1.72685
1.0808e-06    2.71584   1.72685
1.0808e-06    2.71584   1.72685
1.0808e-06    2.71584   1.72685
1.0808e-06    2.71584   1.72685
1.0808e-06    2.71584   1.72685
1.0808e-06    2.71584   1.72685
1.0808e-06    2.6686   1.73389
1.0808e-06    2.6686   1.73389
1.0808e-06    2.6686   1.73389
1.0808e-06    2.65616   1.73821
1.0808e-06    2.65616   1.73821
1.0808e-06    2.65616   1.73821
1.0808e-06    2.65616   1.73821
1.0808e-06    2.65616   1.73821
1.0808e-06    2.65616   1.73821
1.0808e-06    2.65616   1.73821
1.0808e-06    2.65616   1.73821
1.0808e-06    2.65616   1.73821
1.0808e-06    2.65616   1.73821
1.0808e-06    2.65616   1.73821
1.0808e-06    2.65616   1.73821
1.0808e-06    2.65616   1.73821
1.0808e-06    2.65616   1.73821
1.0808e-06    2.65616   1.73821
1.0808e-06    2.65616   1.73821
1.0808e-06    2.65616   1.73821
1.0808e-06    2.65616   1.73821
1.0808e-06    2.65616   1.73821
1.0808e-06    2.65616   1.73821
2.16159e-06    2.65616   1.73821
2.16159e-06    3.5741   1.73821
2.16159e-06    3.5741   1.73821
2.16159e-06    3.5741   1.73821
2.16159e-06    3.5741   1.73821
2.16159e-06    3.5741   1.73821
2.16159e-06    3.5741   1.73821
2.16159e-06    3.5741   1.73821
2.16159e-06    3.5741   1.73821
2.16159e-06    3.5741   1.73821
2.16159e-06    3.5741   1.73821
2.16159e-06    3.5741   1.73821
2.16159e-06    3.53114   1.72976
2.16159e-06    3.53114   1.72976
2.16159e-06    3.53114   1.72976
2.16159e-06    3.53114   1.72976
2.16159e-06    3.53114   1.72976
2.16159e-06    3.53114   1.72976
2.16159e-06    3.53114   1.72976
2.16159e-06    3.53114   1.72976
2.16159e-06    3.53114   1.72976
2.16159e-06    3.53114   1.72976
2.16159e-06    3.53114   1.72976
2.16159e-06    3.53114   1.72976
2.16159e-06    3.53114   1.72976
2.16159e-06    3.53114   1.72976
2.16159e-06    3.53114   1.72976
2.16159e-06    3.53114   1.72976
2.16159e-06    3.53114   1.72976
2.16159e-06    3.51818   1.73416
2.16159e-06    3.51818   1.73416
2.16159e-06    3.51818   1.73416
2.16159e-06    3.51818   1.73416
2.16159e-06    3.48761   1.73608
2.16159e-06    3.48761   1.73608
2.16159e-06    3.46457   1.72185
2.16159e-06    3.46457   1.72185
2.16159e-06    3.39828   1.74192
2.16159e-06    3.39828   1.74192
2.16159e-06    3.39775   1.74186
2.16159e-06    3.39722   1.74524
2.16159e-06    3.34328   1.74448
2.16159e-06    3.34328   1.74448
2.16159e-06    3.34328   1.74448
2.16159e-06    3.34328   1.74448
2.16159e-06    3.34328   1.74448
2.16159e-06    3.34326   1.74452
2.16159e-06    3.34166   1.74655
2.16159e-06    3.21038   1.79794
2.16159e-06    3.21038   1.79794
2.16159e-06    3.20853   1.79752
2.16159e-06    3.20853   1.79752
2.16159e-06    3.20853   1.79752
2.16159e-06    3.20853   1.79752
2.16159e-06    3.20853   1.79752
2.16159e-06    3.20853   1.79752
2.16159e-06    3.20853   1.79752
2.16159e-06    3.20853   1.79752
2.16159e-06    3.20853   1.79752
2.16159e-06    3.20853   1.79752
2.16159e-06    3.20853   1.79752
2.16159e-06    3.14919   1.78397
2.16159e-06    3.14919   1.78397
2.16159e-06    3.14919   1.78397
2.16159e-06    3.14919   1.78397
2.16159e-06    3.14919   1.78397
2.16159e-06    3.14919   1.78397
2.16159e-06    3.14919   1.78397
2.16159e-06    3.14919   1.78397
2.16159e-06    3.14919   1.78397
2.16159e-06    3.14919   1.78397
2.16159e-06    3.10264   1.7603
2.16159e-06    3.10264   1.7603
2.16159e-06    3.10264   1.7603
2.16159e-06    3.10264   1.7603
2.16159e-06    3.10264   1.7603
2.16159e-06    3.09448   1.76208
2.16159e-06    3.09448   1.76208
2.16159e-06    3.09448   1.76208
2.16159e-06    3.02825   1.74271
2.16159e-06    3.02825   1.74271
2.16159e-06    3.02825   1.74271
2.16159e-06    3.02825   1.74271
2.16159e-06    3.02825   1.74271
2.16159e-06    3.02825   1.74271
2.16159e-06    3.02825   1.74271
2.16159e-06    3.02825   1.74271
2.16159e-06    3.02825   1.74271
2.16159e-06    3.02825   1.74271
2.16159e-06    3.02825   1.74271
2.16159e-06    3.02825   1.74271
2.16159e-06    3.02825   1.74271
2.16159e-06    3.02825   1.74271
2.16159e-06    3.02689   1.74424
2.16159e-06    3.0205   1.74407
2.16159e-06    3.0205   1.74407
2.16159e-06    3.0205   1.74407
2.16159e-06    3.0205   1.74407
2.16159e-06    3.0205   1.74407
2.16159e-06    3.0205   1.74407
2.16159e-06    3.0205   1.74407
2.16159e-06    3.0205   1.74407
2.16159e-06    3.0205   1.74407
2.16159e-06    3.01794   1.74297
2.16159e-06    3.01794   1.74297
2.16159e-06    3.01794   1.74297
2.16159e-06    3.01794   1.74297
2.16159e-06    3.01794   1.74297
2.16159e-06    3.01794   1.74297
2.16159e-06    3.01794   1.74297
2.16159e-06    3.01794   1.74297
2.16159e-06    3.01794   1.74297
2.16159e-06    3.01794   1.74297
2.16159e-06    3.01794   1.74297
2.16159e-06    3.01794   1.74297
2.16159e-06    3.01794   1.74297
2.16159e-06    3.00514   1.74802
2.16159e-06    3.00514   1.74802
2.16159e-06    3.00475   1.74788
2.16159e-06    3.00475   1.74788
2.16159e-06    3.00475   1.74788
2.16159e-06    3.00475   1.74788
2.16159e-06    3.00475   1.74788
2.16159e-06    3.00475   1.74788
2.16159e-06    3.00475   1.74788
2.16159e-06    3.00475   1.74788
2.16159e-06    3.00475   1.74788
2.16159e-06    3.00475   1.74788
2.16159e-06    3.00475   1.74788
2.16159e-06    3.00475   1.74788
2.16159e-06    3.00475   1.74788
2.16159e-06    3.00475   1.74788
2.16159e-06    3.00475   1.74788
2.16159e-06    3.00475   1.74788
2.16159e-06    3.00475   1.74788
2.16159e-06    3.00475   1.74788
2.16159e-06    3.00475   1.74788
