-190902    0.47   9.27643
-190902    0.47   9.27643
-192006    0.485   10.435
-192006    0.485   10.435
-193191    0.46   10.435
-194460    0.48   8.67325
-194460    0.48   8.67325
-195696    0.465   7.63251
-195717    0.475   8.08969
-195717    0.475   8.08969
-195717    0.475   8.08969
-200366    0.48   6.7932
-200366    0.48   6.7932
-204107    0.48   5.38085
-204107    0.48   5.38085
-204107    0.48   5.38085
-204107    0.48   5.38085
-204107    0.48   5.38085
-204107    0.48   5.38085
-204107    0.48   5.38085
-204107    0.48   5.38085
-204107    0.48   5.38085
-205388    0.495   6.13402
-205388    0.495   6.13402
-207592    0.475   5.36598
-210047    0.455   4.71679
-210047    0.455   4.71679
-210047    0.455   4.71679
-210047    0.455   4.71679
-210047    0.455   4.71679
-213774    0.46   5.07729
-214423    0.445   4.64835
-214423    0.445   4.64835
-216661    0.38   4.64835
-216661    0.38   4.64835
-218437    0.37   4.68042
-218437    0.37   4.68042
-222823    0.37   4.68042
-224428    0.375   3.82319
-224428    0.375   3.82319
-224428    0.375   3.82319
-224428    0.375   3.82319
-224428    0.375   3.82319
-224428    0.375   3.82319
-225249    0.375   3.46173
-225599    0.375   3.44888
-225599    0.375   3.44888
-225599    0.375   3.44888
-225599    0.375   3.44888
-225901    0.36   3.93948
-225901    0.36   3.93948
-229799    0.365   2.9426
-229799    0.365   2.9426
-229893    0.36   2.97982
-229893    0.36   2.97982
-229893    0.36   2.97982
-230983    0.36   2.92171
-230983    0.36   2.92171
-230983    0.36   2.92171
-230983    0.36   2.92171
-230983    0.36   2.92171
-230983    0.36   2.92171
-231965    0.365   3.02736
-232164    0.355   2.85942
-232164    0.355   2.85942
-234395    0.355   2.51411
-234395    0.355   2.51411
-234750    0.36   2.46452
-234750    0.36   2.46452
-234750    0.36   2.46452
-234750    0.36   2.46452
-234750    0.36   2.46452
-239006    0.36   2.57944
-239006    0.36   2.57944
-239006    0.36   2.57944
-239006    0.36   2.57944
-239006    0.36   2.57944
-239006    0.36   2.57944
-239006    0.36   2.57944
-239006    0.36   2.57944
-239006    0.36   2.57944
-239069    0.355   2.55269
-239069    0.355   2.55269
-239783    0.355   2.44818
-239783    0.355   2.44818
-239783    0.355   2.44818
-239783    0.355   2.44818
-240061    0.36   2.35834
-240061    0.36   2.35834
-240061    0.36   2.35834
-242129    0.34   2.17789
-242129    0.34   2.17789
-243374    0.33   2.07784
-243374    0.33   2.07784
-243374    0.33   2.07784
-243374    0.33   2.07784
-243640    0.33   2.07391
-243640    0.33   2.07391
-243640    0.33   2.07391
-243640    0.33   2.07391
-243640    0.33   2.07391
-243640    0.33   2.07391
-243640    0.33   2.07391
-243640    0.33   2.07391
-243640    0.33   2.07391
-243640    0.33   2.07391
-243640    0.33   2.07391
-243640    0.33   2.07391
-243640    0.33   2.07391
-243640    0.33   2.07391
-243640    0.33   2.07391
-243640    0.33   2.07391
-243640    0.33   2.07391
-243640    0.33   2.07391
-243640    0.33   2.07391
-243640    0.33   2.07391
-243640    0.33   2.07391
-243640    0.33   2.07391
-243640    0.33   2.07391
-243640    0.33   2.07391
-243640    0.33   2.07391
-243640    0.33   2.07391
-243640    0.33   2.07391
-243640    0.33   2.07391
-243735    0.33   2.16092
-243735    0.33   2.16092
-243735    0.33   2.16092
-243735    0.33   2.16092
-243735    0.33   2.16092
-243735    0.33   2.16092
-243735    0.33   2.16092
-243735    0.33   2.16092
-243735    0.33   2.16092
-243997    0.335   2.14568
-243997    0.335   2.14568
-244492    0.33   2.21785
-244492    0.33   2.21785
-244492    0.33   2.21785
-244492    0.33   2.21785
-244492    0.33   2.21785
-244492    0.33   2.21785
-244492    0.33   2.21785
-244492    0.33   2.21785
-244492    0.33   2.21785
-244492    0.33   2.21785
-244492    0.33   2.21785
-244492    0.33   2.21785
-244678    0.325   2.26536
-244678    0.325   2.26536
-244678    0.325   2.26536
-244678    0.325   2.26536
-244678    0.325   2.26536
-244678    0.325   2.26536
-244678    0.325   2.26536
-244678    0.325   2.26536
-244678    0.325   2.26536
-244678    0.325   2.26536
-244678    0.325   2.26536
-244678    0.325   2.26536
-244678    0.325   2.26536
-244678    0.325   2.26536
-244678    0.325   2.26536
-244678    0.325   2.26536
-244678    0.325   2.26536
-244678    0.325   2.26536
-244760    0.32   2.27881
-245062    0.315   2.29763
-245062    0.315   2.29763
-245062    0.315   2.29763
-245062    0.315   2.29763
-245062    0.315   2.29763
-245062    0.315   2.29763
-245062    0.315   2.29763
-245062    0.315   2.29763
-245062    0.315   2.29763
-245062    0.315   2.29763
-245062    0.315   2.29763
-245062    0.315   2.29763
-245062    0.315   2.29763
-245062    0.315   2.29763
-245062    0.315   2.29763
-245062    0.315   2.29763
-245062    0.315   2.29763
-245062    0.315   2.29763
-245062    0.315   2.29763
-245062    0.315   2.29763
-245062    0.315   2.29763
-245062    0.315   2.29763
-245062    0.315   2.29763
-245062    0.315   2.29763
-245062    0.315   2.29763
-245062    0.315   2.29763
-245356    0.315   2.12393
-245356    0.315   2.12393
-245356    0.315   2.12393
-245381    0.325   2.11992
-246009    0.32   2.07403
-246009    0.32   2.07403
-246009    0.32   2.07403
-246009    0.32   2.07403
-246009    0.32   2.07403
-246009    0.32   2.07403
-246703    0.325   2.00115
-246703    0.325   2.00115
-246703    0.325   2.00115
-246703    0.325   2.00115
-246968    0.325   2.00444
-246968    0.325   2.00444
-246968    0.325   2.00444
-246968    0.325   2.00444
-246968    0.325   2.00444
-246968    0.325   2.00444
-247061    0.325   2.00509
-247399    0.32   2.0113
-247427    0.325   1.98151
-247427    0.325   1.98151
-248095    0.32   1.96849
-248095    0.32   1.96849
-248095    0.32   1.96849
-248095    0.32   1.96849
-248095    0.32   1.96849
-248095    0.32   1.96849
-248095    0.32   1.96849
-248095    0.32   1.96849
-248095    0.32   1.96849
-248095    0.32   1.96849
-248095    0.32   1.96849
-248095    0.32   1.96849
-248095    0.32   1.96849
-248095    0.32   1.96849
-248095    0.32   1.96849
-248095    0.32   1.96849
-248095    0.32   1.96849
-248095    0.32   1.96849
-248095    0.32   1.96849
-248095    0.32   1.96849
-248729    0.315   1.97804
-248729    0.315   1.97804
-248729    0.315   1.97804
-248729    0.315   1.97804
-249197    0.31   1.90786
-249313    0.31   1.92093
-249313    0.31   1.92093
-249313    0.31   1.92093
-249313    0.31   1.92093
-249313    0.31   1.92093
-249663    0.305   1.98448
-250633    0.3   1.9094
-250633    0.3   1.9094
-250633    0.3   1.9094
-250633    0.3   1.9094
-251129    0.29   1.94019
-251129    0.29   1.94019
-251129    0.29   1.94019
-253735    0.27   1.88401
-253735    0.27   1.88401
-253735    0.27   1.88401
-253735    0.27   1.88401
-253735    0.27   1.88401
-253735    0.27   1.88401
-253735    0.27   1.88401
-253735    0.27   1.88401
-253836    0.27   1.87723
-253836    0.27   1.87723
-253836    0.27   1.87723
-253836    0.27   1.87723
-253836    0.27   1.87723
-253836    0.27   1.87723
-253836    0.27   1.87723
-253836    0.27   1.87723
-253836    0.27   1.87723
-253836    0.27   1.87723
-253836    0.27   1.87723
-253836    0.27   1.87723
-253836    0.27   1.87723
-253836    0.27   1.87723
-253836    0.27   1.87723
-253836    0.27   1.87723
-253836    0.27   1.87723
-253836    0.27   1.87723
-253836    0.27   1.87723
-253836    0.27   1.87723
-253836    0.27   1.87723
-253976    0.26   1.85903
-253976    0.26   1.85903
-253976    0.26   1.85903
-253976    0.26   1.85903
-253976    0.26   1.85903
-253976    0.26   1.85903
-253976    0.26   1.85903
-253976    0.26   1.85903
-253976    0.26   1.85903
-253976    0.26   1.85903
-253976    0.26   1.85903
-254045    0.26   1.86304
-254045    0.26   1.86304
-254045    0.26   1.86304
-254045    0.26   1.86304
-254045    0.26   1.86304
-254045    0.26   1.86304
-254045    0.26   1.86304
-254045    0.26   1.86304
-254045    0.26   1.86304
-254045    0.26   1.86304
-254045    0.26   1.86304
-254045    0.26   1.86304
-254045    0.26   1.86304
-254045    0.26   1.86304
-254045    0.26   1.86304
-254107    0.25   1.94097
-254107    0.25   1.94097
-254107    0.25   1.94097
-254107    0.25   1.94097
-254107    0.25   1.94097
-254107    0.25   1.94097
-254107    0.25   1.94097
-254107    0.25   1.94097
-254107    0.25   1.94097
-254107    0.25   1.94097
-254107    0.25   1.94097
-254107    0.25   1.94097
-254107    0.25   1.94097
-254107    0.25   1.94097
-254107    0.25   1.94097
-254107    0.25   1.94097
-254107    0.25   1.94097
-254107    0.25   1.94097
-254107    0.25   1.94097
-254107    0.25   1.94097
-254107    0.25   1.94097
-254107    0.25   1.94097
-254107    0.25   1.94097
-254107    0.25   1.94097
-254107    0.25   1.94097
-254107    0.25   1.94097
-254107    0.25   1.94097
-254107    0.25   1.94097
-254107    0.25   1.94097
-254107    0.25   1.94097
-254107    0.25   1.94097
-254107    0.25   1.94097
-254107    0.25   1.94097
-254107    0.25   1.94097
-254107    0.25   1.94097
-254107    0.25   1.94097
-254107    0.25   1.94097
-254107    0.25   1.94097
-254107    0.25   1.94097
-254107    0.25   1.94097
-254107    0.25   1.94097
-254107    0.25   1.94097
-254107    0.25   1.94097
-254107    0.25   1.94097
-254172    0.245   1.98966
-254172    0.245   1.98966
-254172    0.245   1.98966
-254172    0.245   1.98966
-254172    0.245   1.98966
-254172    0.245   1.98966
-254172    0.245   1.98966
-254172    0.245   1.98966
-254172    0.245   1.98966
-254172    0.245   1.98966
-254267    0.245   1.99654
-254267    0.245   1.99654
-254631    0.245   1.97622
-254824    0.245   1.9528
-254824    0.245   1.9528
-254824    0.245   1.9528
-254824    0.245   1.9528
-254824    0.245   1.9528
-254890    0.27   1.69045
-254890    0.27   1.69045
-254890    0.27   1.69045
-254890    0.27   1.69045
-254890    0.27   1.69045
-254890    0.27   1.69045
-254890    0.27   1.69045
-254890    0.27   1.69045
-256055    0.26   1.66267
-256055    0.26   1.66267
-256055    0.26   1.66267
-256055    0.26   1.66267
-256055    0.26   1.66267
-256055    0.26   1.66267
-256055    0.26   1.66267
-256055    0.26   1.66267
-256055    0.26   1.66267
-256055    0.26   1.66267
-256055    0.26   1.66267
-256055    0.26   1.66267
-256055    0.26   1.66267
-256055    0.26   1.66267
-256178    0.26   1.65633
-256178    0.26   1.65633
-256403    0.26   1.62199
-256403    0.26   1.62199
-256403    0.26   1.62199
-256403    0.26   1.62199
-256403    0.26   1.62199
-256403    0.26   1.62199
-256417    0.255   1.63021
-256417    0.255   1.63021
-256417    0.255   1.63021
-256417    0.255   1.63021
-256417    0.255   1.63021
-256417    0.255   1.63021
-256417    0.255   1.63021
-256417    0.255   1.63021
-256417    0.255   1.63021
-256417    0.255   1.63021
-256417    0.255   1.63021
-256417    0.255   1.63021
-256417    0.255   1.63021
-256417    0.255   1.63021
-256607    0.25   1.67814
-256659    0.245   1.70172
-256659    0.245   1.70172
-256659    0.245   1.70172
-256659    0.245   1.70172
-256659    0.245   1.70172
-256659    0.245   1.70172
-257604    0.235   1.69701
-257604    0.235   1.69701
-257604    0.235   1.69701
-257604    0.235   1.69701
-257604    0.235   1.69701
-257604    0.235   1.69701
-257604    0.235   1.69701
-257604    0.235   1.69701
-257604    0.235   1.69701
-257604    0.235   1.69701
-258154    0.22   1.68384
-258154    0.22   1.68384
-258154    0.22   1.68384
-258154    0.22   1.68384
-258154    0.22   1.68384
-258918    0.215   1.68919
-258918    0.215   1.68919
-258918    0.215   1.68919
-258918    0.215   1.68919
-258918    0.215   1.68919
-258998    0.215   1.6949
-258998    0.215   1.6949
-258998    0.215   1.6949
-258998    0.215   1.6949
-258998    0.215   1.6949
-258998    0.215   1.6949
-258998    0.215   1.6949
-258998    0.215   1.6949
-258998    0.215   1.6949
-258998    0.215   1.6949
-258998    0.215   1.6949
-258998    0.215   1.6949
-258998    0.215   1.6949
-258998    0.215   1.6949
-258998    0.215   1.6949
-258998    0.215   1.6949
-258998    0.215   1.69664
-258998    0.215   1.69664
-258998    0.215   1.69664
-258998    0.215   1.69664
-258998    0.215   1.69664
-258998    0.215   1.69664
-258998    0.215   1.69664
-258998    0.215   1.69664
-258998    0.215   1.69664
-258998    0.215   1.69664
-258998    0.215   1.69664
-258998    0.215   1.69664
-258998    0.215   1.69664
-258998    0.215   1.69664
-258998    0.215   1.69664
-258998    0.215   1.69664
-258998    0.215   1.69664
-258998    0.215   1.69664
-258998    0.215   1.69664
-258998    0.215   1.69664
-258998    0.215   1.69664
-258998    0.215   1.69664
-258998    0.215   1.69664
-258998    0.215   1.69664
-258998    0.215   1.69664
-258998    0.215   1.69664
-258998    0.215   1.69664
-258998    0.215   1.69664
-258998    0.215   1.69664
-258998    0.215   1.69664
-258998    0.215   1.69664
-258998    0.215   1.69664
-259185    0.21   1.69789
-259185    0.21   1.69789
-259185    0.21   1.69789
-259185    0.21   1.69789
-259185    0.21   1.69789
-259185    0.21   1.69789
-259185    0.21   1.69789
-259185    0.21   1.69789
-259185    0.21   1.69789
-259185    0.21   1.69789
-259185    0.21   1.69789
-259185    0.21   1.69789
-259185    0.21   1.69789
-259185    0.21   1.69789
-259185    0.21   1.69789
-259185    0.21   1.69789
-259185    0.21   1.69789
-259185    0.21   1.69789
-259185    0.21   1.69789
-259185    0.21   1.69789
-259185    0.21   1.69789
-259185    0.21   1.69789
-259185    0.21   1.69789
-259185    0.21   1.69789
-259185    0.21   1.69789
-259185    0.21   1.69789
-259185    0.21   1.69789
-259185    0.21   1.69789
-259185    0.21   1.69789
-259185    0.21   1.69789
-259471    0.205   1.69568
-259471    0.205   1.69568
-259471    0.205   1.69568
-259471    0.205   1.69568
-259471    0.205   1.69568
-259471    0.205   1.69568
-259471    0.205   1.69568
-259471    0.205   1.69568
-259471    0.205   1.69568
-259471    0.205   1.69568
-259471    0.205   1.69568
-259471    0.205   1.69568
-259471    0.205   1.69568
-259471    0.205   1.69568
-259471    0.205   1.69568
-259471    0.205   1.69568
-259471    0.205   1.69568
-259471    0.205   1.69568
-259471    0.205   1.69568
-259471    0.205   1.69568
-259471    0.205   1.69568
-259486    0.205   1.70736
-259548    0.205   1.70859
-259548    0.205   1.70859
-259548    0.205   1.70859
-259548    0.205   1.70859
-259548    0.205   1.70859
-259548    0.205   1.70859
-259548    0.205   1.70859
-259548    0.205   1.70859
-259548    0.205   1.70859
-259548    0.205   1.70859
-259960    0.205   1.69649
-259960    0.205   1.69649
-259960    0.205   1.69649
-259960    0.205   1.69649
-259960    0.205   1.69649
-259960    0.205   1.69649
-259960    0.205   1.69649
-259960    0.205   1.69649
-259960    0.205   1.69649
-259960    0.205   1.69649
-259960    0.205   1.69649
-259960    0.205   1.69649
-259960    0.205   1.69649
-259960    0.205   1.69649
-259960    0.205   1.69649
-259960    0.205   1.69649
-259960    0.205   1.69649
-259960    0.205   1.69649
-259960    0.205   1.69649
-259960    0.205   1.69649
-259960    0.205   1.69649
-259960    0.205   1.69649
-259960    0.205   1.69649
-259960    0.205   1.69649
-259960    0.205   1.69649
-259960    0.205   1.69649
-259960    0.205   1.69649
-259960    0.205   1.69649
-259960    0.205   1.69649
-259960    0.205   1.69649
-259960    0.205   1.69649
-259960    0.205   1.69649
-259960    0.205   1.69649
-259960    0.205   1.69649
-259960    0.205   1.69649
-259960    0.205   1.69649
-259960    0.205   1.69649
-260130    0.2   1.69494
-260130    0.2   1.69494
-260130    0.2   1.69494
-260130    0.2   1.69494
-260130    0.2   1.69494
-260130    0.2   1.69494
-260130    0.2   1.69494
-260130    0.2   1.69494
-260130    0.2   1.69494
-260130    0.2   1.69494
-260130    0.2   1.69494
-260130    0.2   1.69494
-260360    0.2   1.73776
-260360    0.2   1.73776
-260360    0.2   1.73776
-260360    0.2   1.73776
-260360    0.2   1.73776
-260360    0.2   1.73776
-260360    0.2   1.73776
-260360    0.2   1.73776
-260360    0.2   1.73776
-260360    0.2   1.73776
-260360    0.2   1.73776
-260360    0.2   1.73776
-260376    0.2   1.73295
-260376    0.2   1.73295
-260376    0.2   1.73295
-260376    0.2   1.73295
-260376    0.2   1.73295
-260376    0.2   1.73295
-260376    0.2   1.73295
-260376    0.2   1.73295
-260398    0.2   1.73067
-260398    0.2   1.73067
-260398    0.2   1.73067
-260398    0.2   1.73067
-260398    0.2   1.73067
-260398    0.2   1.73067
-260398    0.2   1.73067
-260398    0.2   1.73067
-260398    0.2   1.73067
-260398    0.2   1.73067
-260398    0.2   1.73067
-260398    0.2   1.73067
-260398    0.2   1.73067
-260398    0.2   1.73067
-260398    0.2   1.73067
-260398    0.2   1.73067
-260398    0.2   1.73067
-260437    0.195   1.73384
-260437    0.195   1.73384
-260437    0.195   1.73384
-260437    0.195   1.73384
-260437    0.195   1.73384
-260437    0.195   1.73384
-260437    0.195   1.73384
-260437    0.195   1.73384
-260437    0.195   1.73375
-260437    0.195   1.73375
-260437    0.195   1.73375
-260437    0.195   1.73375
-260437    0.195   1.73375
-260437    0.195   1.73375
-260437    0.195   1.73375
-260437    0.195   1.73375
-260437    0.195   1.73375
-260437    0.195   1.73375
-260437    0.195   1.73375
-260437    0.195   1.73375
-260437    0.195   1.73375
-260437    0.195   1.73375
-260437    0.195   1.73375
-260437    0.195   1.73375
-260437    0.195   1.73375
-260437    0.195   1.73375
-260437    0.195   1.73375
-260437    0.195   1.73375
-260437    0.195   1.73375
-260437    0.195   1.73375
-260437    0.195   1.73375
-260437    0.195   1.73375
-260437    0.195   1.73375
-260437    0.195   1.73375
-260437    0.195   1.73375
-260437    0.195   1.73375
-260486    0.195   1.72074
-260486    0.195   1.72074
-260486    0.195   1.72074
-260486    0.195   1.72074
-260486    0.195   1.72074
-260486    0.195   1.72074
-260486    0.195   1.72074
-260486    0.195   1.72074
-260486    0.195   1.72074
-260486    0.195   1.72074
-260486    0.195   1.72074
-260486    0.195   1.72074
-260486    0.195   1.72074
-260486    0.195   1.72074
-260486    0.195   1.72074
-260486    0.195   1.72074
-260486    0.195   1.72074
-260486    0.195   1.72074
-260486    0.195   1.72074
-260486    0.195   1.72074
-260486    0.195   1.72074
-260486    0.195   1.72074
-260486    0.195   1.72074
-260486    0.195   1.72074
-260486    0.195   1.72074
-260486    0.195   1.72074
-260486    0.195   1.72074
-260486    0.195   1.72074
-260486    0.195   1.72074
-260486    0.195   1.72074
-260486    0.195   1.72074
-260486    0.195   1.72074
-260486    0.195   1.72074
-260486    0.195   1.72074
-260486    0.195   1.72074
-260758    0.19   1.71562
-260758    0.19   1.71562
-260758    0.19   1.71562
-260758    0.19   1.71562
-260758    0.19   1.71562
-260758    0.19   1.71562
-260889    0.185   1.71644
-260889    0.185   1.71644
-260889    0.185   1.71644
-260889    0.185   1.71644
-260889    0.185   1.71644
-260889    0.185   1.71644
-260918    0.195   1.68089
-260918    0.195   1.68089
-260918    0.195   1.68089
-260918    0.195   1.68089
-260918    0.195   1.68089
-260918    0.195   1.68089
-260918    0.195   1.68089
-260918    0.195   1.68089
-260918    0.195   1.68089
-260918    0.195   1.68089
-260918    0.195   1.68089
-260918    0.195   1.68089
-260918    0.195   1.68089
-260918    0.195   1.68089
-260918    0.195   1.68089
-260918    0.195   1.68089
-260918    0.195   1.68089
-260935    0.195   1.68328
-261209    0.19   1.67855
-261209    0.19   1.67855
-261209    0.19   1.67855
-261209    0.19   1.67855
-261209    0.19   1.67855
-261209    0.19   1.67855
-261209    0.19   1.67855
-261209    0.19   1.67855
-261209    0.19   1.67855
-261209    0.19   1.67855
-261209    0.19   1.67855
-261209    0.19   1.67855
-261209    0.19   1.67855
-261209    0.19   1.67855
-261209    0.19   1.67855
-261708    0.185   1.67762
-261708    0.185   1.67762
-261708    0.185   1.67762
-261708    0.185   1.67762
-261708    0.185   1.67762
-261708    0.185   1.67762
-261708    0.185   1.67762
-261708    0.185   1.67762
-261708    0.185   1.67762
-261708    0.185   1.67762
-261708    0.185   1.67762
-261708    0.185   1.67762
-261708    0.185   1.67762
-261708    0.185   1.67762
-261708    0.185   1.67762
-261708    0.185   1.67762
-261708    0.185   1.67762
-261708    0.185   1.67762
-261708    0.185   1.67762
-261708    0.185   1.67762
-261708    0.185   1.67762
-261708    0.185   1.67762
-261784    0.18   1.70525
-261784    0.18   1.70525
-261784    0.18   1.70525
-261784    0.18   1.70525
-261784    0.18   1.70525
-261784    0.18   1.70525
-261784    0.18   1.70525
-261784    0.18   1.70525
-261784    0.18   1.70525
-261784    0.18   1.70525
-261784    0.18   1.70525
-261784    0.18   1.70525
-261784    0.18   1.70525
-261917    0.18   1.68174
-261917    0.18   1.68174
-261917    0.18   1.68174
-261917    0.18   1.68174
-261917    0.18   1.68174
-261917    0.18   1.68174
-261917    0.18   1.68174
-261917    0.18   1.68174
-261917    0.18   1.68174
-261917    0.18   1.68174
-261917    0.18   1.68174
-261917    0.18   1.68174
-261917    0.18   1.68174
-261917    0.18   1.68174
-261917    0.18   1.68174
-261917    0.18   1.68174
-261917    0.18   1.68174
-261917    0.18   1.68174
-261917    0.18   1.68174
-261917    0.18   1.68174
-261917    0.18   1.68174
-261917    0.18   1.68174
-261917    0.18   1.68174
-261917    0.18   1.68174
-261917    0.18   1.68174
-261917    0.18   1.68174
-261917    0.18   1.68174
-261917    0.18   1.68174
-261917    0.18   1.68174
-261917    0.18   1.68174
-261917    0.18   1.68174
-261917    0.18   1.68174
-261917    0.18   1.68174
-261917    0.18   1.68174
-261917    0.18   1.68174
-261917    0.18   1.68174
-261917    0.18   1.68174
-261917    0.18   1.68174
-261917    0.18   1.68174
-261917    0.18   1.68174
-261917    0.18   1.68174
-261917    0.18   1.68174
-261917    0.18   1.68174
-261917    0.18   1.68174
-261917    0.18   1.68174
-261917    0.18   1.68174
-261917    0.18   1.68174
-261917    0.18   1.68174
-261917    0.18   1.68174
-261917    0.18   1.68174
-261917    0.18   1.68174
-261917    0.18   1.68174
-261917    0.18   1.68174
-261917    0.18   1.68174
-261917    0.18   1.68174
-261917    0.18   1.68174
-261917    0.18   1.68174
-261917    0.18   1.68174
-261917    0.18   1.68174
-261917    0.18   1.68174
-261917    0.18   1.68174
-261917    0.18   1.68174
-261917    0.18   1.68174
-261917    0.18   1.68174
-261917    0.18   1.68174
-261917    0.18   1.68174
-261917    0.18   1.68174
-261917    0.18   1.68174
-261917    0.18   1.68174
-261917    0.18   1.68174
-261917    0.18   1.68174
-262074    0.18   1.69093
-262074    0.18   1.69093
-262074    0.18   1.69093
-262074    0.18   1.69093
-262074    0.18   1.69093
-262074    0.18   1.69093
-262074    0.18   1.69093
-262074    0.18   1.69093
-262074    0.18   1.69093
-262074    0.18   1.69093
-262074    0.18   1.69093
-262120    0.18   1.68227
-262120    0.18   1.68227
-262120    0.18   1.68227
-262120    0.18   1.68227
-262120    0.18   1.68227
-262120    0.18   1.68227
-262120    0.18   1.68227
-262120    0.18   1.68227
-262120    0.18   1.68227
-262120    0.18   1.68227
-262120    0.18   1.68227
-262120    0.18   1.68227
-262120    0.18   1.68227
-262120    0.18   1.68227
-262120    0.18   1.68227
-262120    0.18   1.68227
-262120    0.18   1.68227
-262120    0.18   1.68227
-262120    0.18   1.68227
-262120    0.18   1.68227
-262531    0.18   1.6763
-262531    0.18   1.6763
-262531    0.18   1.6763
-262531    0.18   1.6763
-262531    0.18   1.6763
-262531    0.18   1.6763
-262531    0.18   1.6763
-262531    0.18   1.6763
-262531    0.18   1.6763
-262531    0.18   1.6763
-262531    0.18   1.6763
-262531    0.18   1.6763
-262531    0.18   1.6763
-262531    0.18   1.6763
-262531    0.18   1.6763
-262567    0.185   1.67526
-262567    0.185   1.67526
-262567    0.185   1.67526
-262567    0.185   1.67526
-262567    0.185   1.67526
-262567    0.185   1.67526
-262567    0.185   1.67526
-262567    0.185   1.67526
-262567    0.185   1.67526
-262567    0.185   1.67526
-262567    0.185   1.67526
-262567    0.185   1.67526
-262567    0.185   1.67526
-262567    0.185   1.67526
-262567    0.185   1.67526
-262567    0.185   1.67526
-262567    0.185   1.67526
-262567    0.185   1.67526
-262567    0.185   1.67526
-262567    0.185   1.67526
-262567    0.185   1.67526
-262567    0.185   1.67526
-262567    0.185   1.67526
-262567    0.185   1.67526
-262567    0.185   1.67526
-262567    0.185   1.67526
-262567    0.185   1.67526
-262567    0.185   1.67526
-262567    0.185   1.67526
-262567    0.185   1.67526
-262567    0.185   1.67526
-262567    0.185   1.67526
-262567    0.185   1.67526
-262567    0.185   1.67526
-262567    0.185   1.67526
-262567    0.185   1.67526
-262567    0.185   1.67526
-262567    0.185   1.67526
-262567    0.185   1.67526
-262567    0.185   1.67526
-262567    0.185   1.67526
-262567    0.185   1.67526
-262567    0.185   1.67526
-262567    0.185   1.67526
-262567    0.185   1.67526
-262567    0.185   1.67526
-262567    0.185   1.67526
-262567    0.185   1.67526
-262567    0.185   1.67526
-262567    0.185   1.67526
-262567    0.185   1.67526
-262567    0.185   1.67526
-262567    0.185   1.67526
-262567    0.185   1.67526
-262567    0.185   1.67526
-262867    0.18   1.67189
-262867    0.18   1.67189
-262867    0.18   1.67189
-262867    0.18   1.67189
-262867    0.18   1.67189
-262867    0.18   1.67189
-262867    0.18   1.67189
-262867    0.18   1.67189
-262867    0.18   1.67189
-262867    0.18   1.67189
-262867    0.18   1.67189
-262867    0.18   1.67189
-262867    0.18   1.67189
-262867    0.18   1.67189
-262867    0.18   1.67189
-262867    0.18   1.67189
-262867    0.18   1.67189
-262867    0.18   1.67189
-262867    0.18   1.67189
-262867    0.18   1.67189
-262867    0.18   1.67189
-262867    0.18   1.67189
-262867    0.18   1.67189
-262867    0.18   1.67189
-262867    0.18   1.67189
-262867    0.18   1.67189
-262867    0.18   1.67189
-262867    0.18   1.67189
-262867    0.18   1.67189
-262867    0.18   1.67189
-262867    0.18   1.67189
-262867    0.18   1.67189
-262867    0.18   1.67189
-262867    0.18   1.67189
-262867    0.18   1.67189
-262867    0.18   1.67189
-262867    0.18   1.67189
-262867    0.18   1.67189
-262867    0.18   1.67189
