0.000000000000e+00 9.765921423377e-01 0.000000000000e+00 1.442822769382e-02 0.000000000000e+00 8.420808682512e-03 0.000000000000e+00 7.990346516893e-03 0.000000000000e+00 -6.998864694605e-03
1.603015075377e-06 9.765911479657e-01 1.603015075377e-06 1.443625244649e-02 1.603015075377e-06 8.422603093132e-03 1.603015075377e-06 8.005898474846e-03 1.603015075377e-06 -6.998685199711e-03
3.206030150754e-06 9.765900247994e-01 3.206030150754e-06 1.444477879615e-02 3.206030150754e-06 8.424552530387e-03 3.206030150754e-06 8.022294648722e-03 3.206030150754e-06 -6.998477326397e-03
4.809045226131e-06 9.765887556929e-01 4.809045226131e-06 1.445383802762e-02 4.809045226131e-06 8.426670443998e-03 4.809045226131e-06 8.039582660199e-03 4.809045226131e-06 -6.998236588082e-03
6.412060301508e-06 9.765873211471e-01 6.412060301508e-06 1.446346337059e-02 6.412060301508e-06 8.428971461542e-03 6.412060301508e-06 8.057813094363e-03 6.412060301508e-06 -6.997957788895e-03
8.015075376884e-06 9.765856989756e-01 8.015075376884e-06 1.447369012025e-02 8.015075376884e-06 8.431471493731e-03 8.015075376884e-06 8.077039724597e-03 8.015075376884e-06 -6.997634911563e-03
9.618090452261e-06 9.765838639222e-01 9.618090452261e-06 1.448455576548e-02 9.618090452261e-06 8.434187849523e-03 9.618090452261e-06 8.097319759829e-03 9.618090452261e-06 -6.997260987571e-03
1.122110552764e-05 9.765817872227e-01 1.122110552764e-05 1.449610012518e-02 1.122110552764e-05 8.437139362040e-03 1.122110552764e-05 8.118714116910e-03 1.122110552764e-05 -6.996827946810e-03
1.282412060302e-05 9.765794361012e-01 1.282412060302e-05 1.450836549319e-02 1.282412060302e-05 8.440346526408e-03 1.282412060302e-05 8.141287721282e-03 1.282412060302e-05 -6.996326443473e-03
1.442713567839e-05 9.765767731926e-01 1.442713567839e-05 1.452139679257e-02 1.442713567839e-05 8.443831650764e-03 1.442713567839e-05 8.165109839574e-03 1.442713567839e-05 -6.995745654437e-03
1.603015075377e-05 9.765737558786e-01 1.603015075377e-05 1.453524173970e-02 1.603015075377e-05 8.447619021802e-03 1.603015075377e-05 8.190254448216e-03 1.603015075377e-05 -6.995073045806e-03
1.763316582915e-05 9.765703355259e-01 1.763316582915e-05 1.454995101928e-02 1.763316582915e-05 8.451735086418e-03 1.763316582915e-05 8.216800642806e-03 1.763316582915e-05 -6.994294102584e-03
1.923618090452e-05 9.765664566088e-01 1.923618090452e-05 1.456557847064e-02 1.923618090452e-05 8.456208651209e-03 1.923618090452e-05 8.244833093597e-03 1.923618090452e-05 -6.993392015655e-03
2.083919597990e-05 9.765620557020e-01 2.083919597990e-05 1.458218128677e-02 2.083919597990e-05 8.461071101779e-03 2.083919597990e-05 8.274442553250e-03 2.083919597990e-05 -6.992347319357e-03
2.244221105528e-05 9.765570603199e-01 2.244221105528e-05 1.459982022669e-02 2.244221105528e-05 8.466356644081e-03 2.244221105528e-05 8.305726423895e-03 2.244221105528e-05 -6.991137471851e-03
2.404522613065e-05 9.765513875822e-01 2.404522613065e-05 1.461855984264e-02 2.404522613065e-05 8.472102570309e-03 2.404522613065e-05 8.338789391522e-03 2.404522613065e-05 -6.989736369286e-03
2.564824120603e-05 9.765449426756e-01 2.564824120603e-05 1.463846872341e-02 2.564824120603e-05 8.478349552191e-03 2.564824120603e-05 8.373744136903e-03 2.564824120603e-05 -6.988113783332e-03
2.725125628141e-05 9.765376170833e-01 2.725125628141e-05 1.465961975520e-02 2.725125628141e-05 8.485141964908e-03 2.725125628141e-05 8.410712133573e-03 2.725125628141e-05 -6.986234710051e-03
2.885427135678e-05 9.765292865428e-01 2.885427135678e-05 1.468209040207e-02 2.885427135678e-05 8.492528245349e-03 2.885427135678e-05 8.449824544877e-03 2.885427135678e-05 -6.984058616149e-03
3.045728643216e-05 9.765198086925e-01 3.045728643216e-05 1.470596300789e-02 3.045728643216e-05 8.500561288899e-03 3.045728643216e-05 8.491223233870e-03 3.045728643216e-05 -6.981538566542e-03
3.206030150754e-05 9.765090203570e-01 3.206030150754e-05 1.473132512229e-02 3.206030150754e-05 8.509298889583e-03 3.206030150754e-05 8.535061901803e-03 3.206030150754e-05 -6.978620214605e-03
3.366331658291e-05 9.764967344143e-01 3.366331658291e-05 1.475826985360e-02 3.366331658291e-05 8.518804229096e-03 3.366331658291e-05 8.581507373187e-03 3.366331658291e-05 -6.975240633637e-03
3.526633165829e-05 9.764827361807e-01 3.526633165829e-05 1.478689625195e-02 3.526633165829e-05 8.529146421069e-03 3.526633165829e-05 8.630741048035e-03 3.526633165829e-05 -6.971326964732e-03
3.686934673367e-05 9.764667792360e-01 3.686934673367e-05 1.481730972686e-02 3.686934673367e-05 8.540401117893e-03 3.686934673367e-05 8.682960544773e-03 3.686934673367e-05 -6.966794852436e-03
3.847236180905e-05 9.764485806018e-01 3.847236180905e-05 1.484962250391e-02 3.847236180905e-05 8.552651188545e-03 3.847236180905e-05 8.738381560701e-03 3.847236180905e-05 -6.961546635195e-03
4.007537688442e-05 9.764278151720e-01 4.007537688442e-05 1.488395412641e-02 4.007537688442e-05 8.565987477191e-03 4.007537688442e-05 8.797239980633e-03 4.007537688442e-05 -6.955469252559e-03
4.167839195980e-05 9.764041092747e-01 4.167839195980e-05 1.492043200891e-02 4.167839195980e-05 8.580509653885e-03 4.167839195980e-05 8.859794268684e-03 4.167839195980e-05 -6.948431825363e-03
4.328140703518e-05 9.763770332315e-01 4.328140703518e-05 1.495919205104e-02 4.328140703518e-05 8.596327170528e-03 4.328140703518e-05 8.926328183003e-03 4.328140703518e-05 -6.940282858542e-03
4.488442211055e-05 9.763460927548e-01 4.488442211055e-05 1.500037932168e-02 4.488442211055e-05 8.613560337365e-03 4.488442211055e-05 8.997153858774e-03 4.488442211055e-05 -6.930847008713e-03
4.648743718593e-05 9.763107189987e-01 4.648743718593e-05 1.504414882583e-02 4.648743718593e-05 8.632341537871e-03 4.648743718593e-05 9.072615310927e-03 4.648743718593e-05 -6.919921350176e-03
4.809045226131e-05 9.762702570526e-01 4.809045226131e-05 1.509066636907e-02 4.809045226131e-05 8.652816602813e-03 4.809045226131e-05 9.153092414936e-03 4.809045226131e-05 -6.907271063313e-03
4.969346733668e-05 9.762239526317e-01 4.969346733668e-05 1.514010953773e-02 4.969346733668e-05 8.675146367822e-03 4.969346733668e-05 9.239005431766e-03 4.969346733668e-05 -6.892624458502e-03
5.129648241206e-05 9.761709366791e-01 5.129648241206e-05 1.519266881701e-02 5.129648241206e-05 8.699508442958e-03 5.129648241206e-05 9.330820151516e-03 5.129648241206e-05 -6.875667236416e-03
5.289949748744e-05 9.761102075536e-01 5.289949748744e-05 1.524854887394e-02 5.289949748744e-05 8.726099227631e-03 5.289949748744e-05 9.429053739717e-03 5.289949748744e-05 -6.856035871980e-03
5.450251256281e-05 9.760406104238e-01 5.450251256281e-05 1.530797003842e-02 5.450251256281e-05 8.755136210054e-03 5.450251256281e-05 9.534281380411e-03 5.450251256281e-05 -6.833309994153e-03
5.610552763819e-05 9.759608134318e-01 5.610552763819e-05 1.537117002260e-02 5.610552763819e-05 8.786860597256e-03 5.610552763819e-05 9.647143821154e-03 5.610552763819e-05 -6.807003617114e-03
5.770854271357e-05 9.758692801264e-01 5.770854271357e-05 1.543840592822e-02 5.770854271357e-05 8.821540329755e-03 5.770854271357e-05 9.768355936762e-03 5.770854271357e-05 -6.776555060534e-03
5.931155778894e-05 9.757642375874e-01 5.931155778894e-05 1.550995660249e-02 5.931155778894e-05 8.859473544581e-03 5.931155778894e-05 9.898716440802e-03 5.931155778894e-05 -6.741315377399e-03
6.091457286432e-05 9.756436395827e-01 6.091457286432e-05 1.558612541689e-02 6.091457286432e-05 8.900992561636e-03 6.091457286432e-05 1.003911888615e-02 6.091457286432e-05 -6.700535087841e-03
6.251758793970e-05 9.755051240014e-01 6.251758793970e-05 1.566724356002e-02 6.251758793970e-05 8.946468481753e-03 6.251758793970e-05 1.019056410803e-02 6.251758793970e-05 -6.653348997093e-03
6.412060301508e-05 9.753459637036e-01 6.412060301508e-05 1.575367395613e-02 6.412060301508e-05 8.996316500570e-03 6.412060301508e-05 1.035417427396e-02 6.412060301508e-05 -6.598758855844e-03
6.572361809045e-05 9.751630098119e-01 6.572361809045e-05 1.584581594634e-02 6.572361809045e-05 9.051002060976e-03 6.572361809045e-05 1.053120871425e-02 6.572361809045e-05 -6.535613603311e-03
6.732663316583e-05 9.749526263410e-01 6.732663316583e-05 1.594411090039e-02 6.732663316583e-05 9.111047988756e-03 6.732663316583e-05 1.072308171240e-02 6.732663316583e-05 -6.462586918927e-03
6.892964824121e-05 9.747106149320e-01 6.892964824121e-05 1.604904896448e-02 6.892964824121e-05 9.177042781897e-03 6.892964824121e-05 1.093138243558e-02 6.892964824121e-05 -6.378151800323e-03
7.053266331658e-05 9.744321283119e-01 7.053266331658e-05 1.616117719715e-02 7.053266331658e-05 9.249650254223e-03 7.053266331658e-05 1.115789717865e-02 7.053266331658e-05 -6.280551886582e-03
7.213567839196e-05 9.741115709615e-01 7.213567839196e-05 1.628110940106e-02 7.213567839196e-05 9.329620769444e-03 7.213567839196e-05 1.140463407735e-02 7.213567839196e-05 -6.167769261333e-03
7.373869346734e-05 9.737424853371e-01 7.373869346734e-05 1.640953802745e-02 7.373869346734e-05 9.417804342977e-03 7.373869346734e-05 1.167385041425e-02 7.373869346734e-05 -6.037488506027e-03
7.534170854271e-05 9.733174218717e-01 7.534170854271e-05 1.654724861273e-02 7.534170854271e-05 9.515165936831e-03 7.534170854271e-05 1.196808258837e-02 7.534170854271e-05 -5.887056837809e-03
7.694472361809e-05 9.728277908959e-01 7.694472361809e-05 1.669513730744e-02 7.694472361809e-05 9.622803328151e-03 7.694472361809e-05 1.229017873965e-02 7.694472361809e-05 -5.713440268580e-03
7.854773869347e-05 9.722636945842e-01 7.854773869347e-05 1.685423217848e-02 7.854773869347e-05 9.741967995430e-03 7.854773869347e-05 1.264333390553e-02 7.854773869347e-05 -5.513175874638e-03
8.015075376884e-05 9.716137370882e-01 8.015075376884e-05 1.702571911070e-02 8.015075376884e-05 9.874089538398e-03 8.015075376884e-05 1.303112742660e-02 8.015075376884e-05 -5.282320484686e-03
8.175376884422e-05 9.708648111943e-01 8.175376884422e-05 1.721097330571e-02 8.175376884422e-05 1.002080422834e-02 8.175376884422e-05 1.345756210254e-02 8.175376884422e-05 -5.016396395364e-03
8.335678391960e-05 9.700018602101e-01 8.335678391960e-05 1.741159757912e-02 8.335678391960e-05 1.018398837475e-02 8.335678391960e-05 1.392710431241e-02 8.335678391960e-05 -4.710335127275e-03
8.495979899497e-05 9.690076143997e-01 8.495979899497e-05 1.762946889334e-02 8.495979899497e-05 1.036579729044e-02 8.495979899497e-05 1.444472394244e-02 8.495979899497e-05 -4.358420760672e-03
8.656281407035e-05 9.678623022629e-01 8.656281407035e-05 1.786679483373e-02 8.656281407035e-05 1.056871073768e-02 8.656281407035e-05 1.501593249375e-02 8.656281407035e-05 -3.954235056710e-03
8.816582914573e-05 9.665433383895e-01 8.816582914573e-05 1.812618203894e-02 8.816582914573e-05 1.079558583826e-02 8.816582914573e-05 1.564681715924e-02 8.816582914573e-05 -3.490607389678e-03
8.976884422111e-05 9.650249916792e-01 8.976884422111e-05 1.841071892416e-02 8.976884422111e-05 1.104971852161e-02 8.976884422111e-05 1.634406795552e-02 8.976884422111e-05 -2.959573487565e-03
9.137185929648e-05 9.632780405580e-01 9.137185929648e-05 1.872407537464e-02 9.137185929648e-05 1.133491465635e-02 9.137185929648e-05 1.711499417049e-02 9.137185929648e-05 -2.352348080629e-03
9.297487437186e-05 9.612694256394e-01 9.297487437186e-05 1.907062240499e-02 9.297487437186e-05 1.165557204178e-02 9.297487437186e-05 1.796752545716e-02 9.297487437186e-05 -1.659317733218e-03
9.457788944724e-05 9.589619152728e-01 9.457788944724e-05 1.945557503048e-02 9.457788944724e-05 1.201677440025e-02 9.457788944724e-05 1.891019190460e-02 9.457788944724e-05 -8.700612747794e-04
9.618090452261e-05 9.563138057589e-01 9.618090452261e-05 1.988516169754e-02 9.618090452261e-05 1.242439837028e-02 9.618090452261e-05 1.995207641887e-02 9.618090452261e-05 2.659382712844e-05
9.778391959799e-05 9.532786858157e-01 9.778391959799e-05 2.036682344797e-02 9.778391959799e-05 1.288523419832e-02 9.778391959799e-05 2.110273186230e-02 9.778391959799e-05 1.042470364294e-03
9.938693467337e-05 9.498053041067e-01 9.938693467337e-05 2.090944535611e-02 9.938693467337e-05 1.340712029068e-02 9.938693467337e-05 2.237205479569e-02 9.938693467337e-05 2.189887177644e-03
1.009899497487e-04 9.458375890308e-01 1.009899497487e-04 2.152362140499e-02 1.009899497487e-04 1.399909091734e-02 1.009899497487e-04 2.377010757253e-02 1.009899497487e-04 3.481445199874e-03
1.025929648241e-04 9.413148808691e-01 1.025929648241e-04 2.222195146933e-02 1.025929648241e-04 1.467153502912e-02 1.025929648241e-04 2.530688123532e-02 1.025929648241e-04 4.929750730217e-03
1.041959798995e-04 9.361724465829e-01 1.041959798995e-04 2.301936492333e-02 1.041959798995e-04 1.543636220268e-02 1.041959798995e-04 2.699199349433e-02 1.041959798995e-04 6.547078975721e-03
1.057989949749e-04 9.303423551215e-01 1.057989949749e-04 2.393345891568e-02 1.057989949749e-04 1.630716898058e-02 1.057989949749e-04 2.883431937031e-02 1.057989949749e-04 8.344989816390e-03
1.074020100503e-04 9.237547932352e-01 1.074020100503e-04 2.498482974913e-02 1.074020100503e-04 1.729939513090e-02 1.074020100503e-04 3.084155713640e-02 1.074020100503e-04 1.033391965135e-02
1.090050251256e-04 9.163398947950e-01 1.090050251256e-04 2.619736222676e-02 1.090050251256e-04 1.843045443320e-02 1.090050251256e-04 3.301973912676e-02 1.090050251256e-04 1.252278758568e-02
1.106080402010e-04 9.080301361262e-01 1.106080402010e-04 2.759842362332e-02 1.106080402010e-04 1.971981840168e-02 1.106080402010e-04 3.537270563397e-02 1.106080402010e-04 1.491866978000e-02
1.122110552764e-04 8.987633114633e-01 1.122110552764e-04 2.921888605672e-02 1.122110552764e-04 2.118902394251e-02 1.122110552764e-04 3.790156992298e-02 1.122110552764e-04 1.752661005161e-02
1.138140703518e-04 8.884860429674e-01 1.138140703518e-04 3.109287474426e-02 1.138140703518e-04 2.286156768438e-02 1.138140703518e-04 4.060421226509e-02 1.138140703518e-04 2.034964411897e-02
1.154170854271e-04 8.771576983110e-01 1.154170854271e-04 3.325711358294e-02 1.154170854271e-04 2.476264148975e-02 1.154170854271e-04 4.347484923254e-02 1.154170854271e-04 2.338911448502e-02
1.170201005025e-04 8.647544899713e-01 1.170201005025e-04 3.574972101886e-02 1.170201005025e-04 2.691865705194e-02 1.170201005025e-04 4.650372929541e-02 1.170201005025e-04 2.664533750617e-02
1.186231155779e-04 8.512734253314e-01 1.186231155779e-04 3.860831039000e-02 1.186231155779e-04 2.935650504895e-02 1.186231155779e-04 4.967700496343e-02 1.186231155779e-04 3.011864845961e-02
1.202261306533e-04 8.367356843931e-01 1.202261306533e-04 4.186728677397e-02 1.202261306533e-04 3.210249961989e-02 1.202261306533e-04 5.297682368226e-02 1.202261306533e-04 3.381079019164e-02
1.218291457286e-04 8.211889476479e-01 1.218291457286e-04 4.555432593369e-02 1.218291457286e-04 3.518097630582e-02 1.218291457286e-04 5.638166381716e-02 1.218291457286e-04 3.772652401668e-02
1.234321608040e-04 8.047082073712e-01 1.234321608040e-04 4.968618433397e-02 1.234321608040e-04 3.861254541594e-02 1.234321608040e-04 5.986691925034e-02 1.234321608040e-04 4.187522902763e-02
1.250351758794e-04 7.873946921343e-01 1.250351758794e-04 5.426421912684e-02 1.250351758794e-04 4.241205586044e-02 1.250351758794e-04 6.340570903111e-02 1.250351758794e-04 4.627212444994e-02
1.266381909548e-04 7.693727218903e-01 1.266381909548e-04 5.927025779417e-02 1.266381909548e-04 4.658639576449e-02 1.266381909548e-04 6.696986126309e-02 1.266381909548e-04 5.093861562672e-02
1.282412060302e-04 7.507845717436e-01 1.282412060302e-04 6.466367138511e-02 1.282412060302e-04 5.113233799203e-02 1.282412060302e-04 7.053099779180e-02 1.282412060302e-04 5.590116186104e-02
1.298442211055e-04 7.317837140421e-01 1.298442211055e-04 7.038056352946e-02 1.298442211055e-04 5.603471492355e-02 1.298442211055e-04 7.406163262068e-02 1.298442211055e-04 6.118805539171e-02
1.314472361809e-04 7.125270711964e-01 1.314472361809e-04 7.633578737673e-02 1.314472361809e-04 6.126525347095e-02 1.314472361809e-04 7.753619509292e-02 1.314472361809e-04 6.682367894080e-02
1.330502512563e-04 6.931670847070e-01 1.330502512563e-04 8.242801199279e-02 1.330502512563e-04 6.678239151547e-02 1.330502512563e-04 8.093189911980e-02 1.330502512563e-04 7.282028218949e-02
1.346532663317e-04 6.738444458708e-01 1.346532663317e-04 8.854737014781e-02 1.346532663317e-04 7.253231058611e-02 1.346532663317e-04 8.422940002507e-02 1.346532663317e-04 7.916814351146e-02
1.362562814070e-04 6.546822293902e-01 1.362562814070e-04 9.458454468358e-02 1.362562814070e-04 7.845125502107e-02 1.362562814070e-04 8.741320693192e-02 1.362562814070e-04 8.582605666970e-02
1.378592964824e-04 6.357819475812e-01 1.378592964824e-04 1.004397453220e-01 1.378592964824e-04 8.446899028549e-02 1.378592964824e-04 9.047184625247e-02 1.378592964824e-04 9.271502102106e-02
1.394623115578e-04 6.172217526243e-01 1.394623115578e-04 1.060300592601e-01 1.394623115578e-04 9.051303308729e-02 1.394623115578e-04 9.339779631989e-02 1.394623115578e-04 9.971818788269e-02
1.410653266332e-04 5.990567201908e-01 1.410653266332e-04 1.112941138695e-01 1.410653266332e-04 9.651312494788e-02 1.410653266332e-04 9.618723138215e-02 1.410653266332e-04 1.066889585126e-01
1.426683417085e-04 5.813209045732e-01 1.426683417085e-04 1.161936818925e-01 1.426683417085e-04 1.024053685005e-01 1.426683417085e-04 9.883962361052e-02 1.426683417085e-04 1.134666662968e-01
1.442713567839e-04 5.640306969575e-01 1.442713567839e-04 1.207125324848e-01 1.442713567839e-04 1.081355188411e-01 1.442713567839e-04 1.013572546532e-01 1.442713567839e-04 1.198964468421e-01
1.458743718593e-04 5.471889536932e-01 1.458743718593e-04 1.248532849647e-01 1.458743718593e-04 1.136610974611e-01 1.458743718593e-04 1.037446849684e-01 1.458743718593e-04 1.258481789470e-01
1.474773869347e-04 5.307893787817e-01 1.474773869347e-04 1.286331830020e-01 1.474773869347e-04 1.189522204189e-01 1.474773869347e-04 1.060082216938e-01 1.474773869347e-04 1.312297747517e-01
1.490804020101e-04 5.148207207688e-01 1.490804020101e-04 1.320796208403e-01 1.490804020101e-04 1.239912442986e-01 1.490804020101e-04 1.081554162106e-01 1.490804020101e-04 1.359923628716e-01
1.506834170854e-04 4.992704522579e-01 1.506834170854e-04 1.352260266254e-01 1.506834170854e-04 1.287714861492e-01 1.506834170854e-04 1.101946125925e-01 1.506834170854e-04 1.401277437397e-01
1.522864321608e-04 4.841277172968e-01 1.522864321608e-04 1.381084477181e-01 1.522864321608e-04 1.332953464865e-01 1.522864321608e-04 1.121345590373e-01 1.522864321608e-04 1.436605313790e-01
1.538894472362e-04 4.693854414958e-01 1.538894472362e-04 1.407629607495e-01 1.538894472362e-04 1.375721630195e-01 1.538894472362e-04 1.139840868825e-01 1.538894472362e-04 1.466380280877e-01
1.554924623116e-04 4.550415924508e-01 1.554924623116e-04 1.432238756153e-01 1.554924623116e-04 1.416160691087e-01 1.554924623116e-04 1.157518561758e-01 1.554924623116e-04 1.491203612975e-01
1.570954773869e-04 4.410996499335e-01 1.570954773869e-04 1.455226176340e-01 1.570954773869e-04 1.454440520178e-01 1.570954773869e-04 1.174461629523e-01 1.570954773869e-04 1.511723895483e-01
1.586984924623e-04 4.275683961196e-01 1.586984924623e-04 1.476871403226e-01 1.586984924623e-04 1.490743246726e-01 1.586984924623e-04 1.190748011166e-01 1.586984924623e-04 1.528579120707e-01
1.603015075377e-04 4.144611675136e-01 1.603015075377e-04 1.497417235695e-01 1.603015075377e-04 1.525250556066e-01 1.603015075377e-04 1.206449708124e-01 1.603015075377e-04 1.542360604533e-01
1.619045226131e-04 4.017947246896e-01 1.619045226131e-04 1.517070320496e-01 1.619045226131e-04 1.558134514499e-01 1.619045226131e-04 1.221632250328e-01 1.619045226131e-04 1.553594337903e-01
1.635075376884e-04 3.895878961895e-01 1.635075376884e-04 1.536003351101e-01 1.635075376884e-04 1.589551549845e-01 1.635075376884e-04 1.236354466955e-01 1.635075376884e-04 1.562734657537e-01
1.651105527638e-04 3.778601416743e-01 1.651105527638e-04 1.554358152844e-01 1.651105527638e-04 1.619639062569e-01 1.651105527638e-04 1.250668492106e-01 1.651105527638e-04 1.570165710319e-01
1.667135678392e-04 3.666301595013e-01 1.667135678392e-04 1.572249148397e-01 1.667135678392e-04 1.648514100994e-01 1.667135678392e-04 1.264619945384e-01 1.667135678392e-04 1.576207258447e-01
1.683165829146e-04 3.559146381802e-01 1.683165829146e-04 1.589766872671e-01 1.683165829146e-04 1.676273564358e-01 1.683165829146e-04 1.278248237324e-01 1.683165829146e-04 1.581122451770e-01
1.699195979899e-04 3.457272225149e-01 1.699195979899e-04 1.606981335703e-01 1.699195979899e-04 1.702995465719e-01 1.699195979899e-04 1.291586959073e-01 1.699195979899e-04 1.585126076137e-01
1.715226130653e-04 3.360777363891e-01 1.715226130653e-04 1.623945122935e-01 1.715226130653e-04 1.728740869280e-01 1.715226130653e-04 1.304664324234e-01 1.715226130653e-04 1.588392427502e-01
1.731256281407e-04 3.269716774750e-01 1.731256281407e-04 1.640696183017e-01 1.731256281407e-04 1.753556199128e-01 1.731256281407e-04 1.317503638120e-01 1.731256281407e-04 1.591062389082e-01
1.747286432161e-04 3.184099764582e-01 1.747286432161e-04 1.657260291793e-01 1.747286432161e-04 1.777475690703e-01 1.747286432161e-04 1.330123775757e-01 1.747286432161e-04 1.593249554044e-01
1.763316582915e-04 3.103889958287e-01 1.763316582915e-04 1.673653203971e-01 1.763316582915e-04 1.800523819486e-01 1.763316582915e-04 1.342539654993e-01 1.763316582915e-04 1.595045388479e-01
1.779346733668e-04 3.029007313394e-01 1.779346733668e-04 1.689882516244e-01 1.779346733668e-04 1.822717592692e-01 1.779346733668e-04 1.354762694979e-01 1.779346733668e-04 1.596523508438e-01
1.795376884422e-04 2.959331727079e-01 1.795376884422e-04 1.705949271066e-01 1.795376884422e-04 1.844068630314e-01 1.795376884422e-04 1.366801253405e-01 1.795376884422e-04 1.597743178932e-01
1.811407035176e-04 2.894707783584e-01 1.811407035176e-04 1.721849331403e-01 1.811407035176e-04 1.864584993023e-01 1.811407035176e-04 1.378661038221e-01 1.811407035176e-04 1.598752151116e-01
1.827437185930e-04 2.834950210112e-01 1.827437185930e-04 1.737574555551e-01 1.827437185930e-04 1.884272737910e-01 1.827437185930e-04 1.390345491306e-01 1.827437185930e-04 1.599588948523e-01
1.843467336683e-04 2.779849656193e-01 1.843467336683e-04 1.753113798511e-01 1.843467336683e-04 1.903137200345e-01 1.843467336683e-04 1.401856142890e-01 1.843467336683e-04 1.600284701409e-01
1.859497487437e-04 2.729178474620e-01 1.859497487437e-04 1.768453763376e-01 1.859497487437e-04 1.921184012555e-01 1.859497487437e-04 1.413192936432e-01 1.859497487437e-04 1.600864614370e-01
1.875527638191e-04 2.682696251996e-01 1.875527638191e-04 1.783579723024e-01 1.875527638191e-04 1.938419877950e-01 1.875527638191e-04 1.424354524323e-01 1.875527638191e-04 1.601349138532e-01
1.891557788945e-04 2.640154906290e-01 1.891557788945e-04 1.798476129473e-01 1.891557788945e-04 1.954853125616e-01 1.891557788945e-04 1.435338535243e-01 1.891557788945e-04 1.601754907004e-01
1.907587939698e-04 2.601303232473e-01 1.907587939698e-04 1.813127125633e-01 1.907587939698e-04 1.970494072355e-01 1.907587939698e-04 1.446141814273e-01 1.907587939698e-04 1.602095481296e-01
1.923618090452e-04 2.565890831986e-01 1.923618090452e-04 1.827516971942e-01 1.923618090452e-04 1.985355220784e-01 1.923618090452e-04 1.456760637087e-01 1.923618090452e-04 1.602381947150e-01
1.939648241206e-04 2.533671406177e-01 1.939648241206e-04 1.841630398453e-01 1.939648241206e-04 1.999451321698e-01 1.939648241206e-04 1.467190899618e-01 1.939648241206e-04 1.602623390573e-01
1.955678391960e-04 2.504405427666e-01 1.955678391960e-04 1.855452891453e-01 1.955678391960e-04 2.012799327604e-01 1.955678391960e-04 1.477428284678e-01 1.955678391960e-04 1.602827278637e-01
1.971708542714e-04 2.477862227668e-01 1.971708542714e-04 1.868970922391e-01 1.971708542714e-04 2.025418262237e-01 1.971708542714e-04 1.487468407028e-01 1.971708542714e-04 1.602999764550e-01
1.987738693467e-04 2.453821552898e-01 1.987738693467e-04 1.882172125921e-01 1.987738693467e-04 2.037329028377e-01 1.987738693467e-04 1.497306938375e-01 1.987738693467e-04 1.603145932528e-01
2.003768844221e-04 2.432074654320e-01 2.003768844221e-04 1.895045433086e-01 2.003768844221e-04 2.048554173456e-01 2.003768844221e-04 1.506939713764e-01 2.003768844221e-04 1.603269994713e-01
2.019798994975e-04 2.412424973168e-01 2.019798994975e-04 1.907581164996e-01 2.019798994975e-04 2.059117629614e-01 2.019798994975e-04 1.516362820812e-01 2.019798994975e-04 1.603375449903e-01
2.035829145729e-04 2.394688488913e-01 2.035829145729e-04 1.919771091901e-01 2.035829145729e-04 2.069044442007e-01 2.035829145729e-04 1.525572673173e-01 2.035829145729e-04 1.603465211789e-01
2.051859296482e-04 2.378693790264e-01 2.051859296482e-04 1.931608462071e-01 2.051859296482e-04 2.078360496499e-01 2.051859296482e-04 1.534566069599e-01 2.051859296482e-04 1.603541712813e-01
2.067889447236e-04 2.364281925023e-01 2.067889447236e-04 1.943088004610e-01 2.067889447236e-04 2.087092255437e-01 2.067889447236e-04 1.543340239915e-01 2.067889447236e-04 1.603606988513e-01
2.083919597990e-04 2.351306078417e-01 2.083919597990e-04 1.954205909961e-01 2.083919597990e-04 2.095266507993e-01 2.083919597990e-04 1.551892879161e-01 2.083919597990e-04 1.603662746189e-01
2.099949748744e-04 2.339631122935e-01 2.099949748744e-04 1.964959791608e-01 2.099949748744e-04 2.102910139652e-01 2.099949748744e-04 1.560222171138e-01 2.099949748744e-04 1.603710420962e-01
2.115979899497e-04 2.329133076276e-01 2.115979899497e-04 1.975348632199e-01 2.115979899497e-04 2.110049923829e-01 2.115979899497e-04 1.568326802503e-01 2.115979899497e-04 1.603751221674e-01
2.132010050251e-04 2.319698497871e-01 2.132010050251e-04 1.985372717058e-01 2.132010050251e-04 2.116712337234e-01 2.132010050251e-04 1.576205968535e-01 2.132010050251e-04 1.603786168567e-01
2.148040201005e-04 2.311223848905e-01 2.148040201005e-04 1.995033557804e-01 2.148040201005e-04 2.122923399539e-01 2.148040201005e-04 1.583859371611e-01 2.148040201005e-04 1.603816124298e-01
2.164070351759e-04 2.303614835808e-01 2.164070351759e-04 2.004333808535e-01 2.164070351759e-04 2.128708537068e-01 2.164070351759e-04 1.591287213392e-01 2.164070351759e-04 1.603841819549e-01
2.180100502513e-04 2.296785752870e-01 2.180100502513e-04 2.013277176803e-01 2.180100502513e-04 2.134092469593e-01 2.180100502513e-04 1.598490181644e-01 2.180100502513e-04 1.603863874219e-01
2.196130653266e-04 2.290658835999e-01 2.196130653266e-04 2.021868331350e-01 2.196130653266e-04 2.139099118850e-01 2.196130653266e-04 1.605469432557e-01 2.196130653266e-04 1.603882815017e-01
2.212160804020e-04 2.285163636532e-01 2.212160804020e-04 2.030112808340e-01 2.212160804020e-04 2.143751537131e-01 2.212160804020e-04 1.612226569365e-01 2.212160804020e-04 1.603899090100e-01
2.228190954774e-04 2.280236421497e-01 2.228190954774e-04 2.038016917592e-01 2.228190954774e-04 2.148071854073e-01 2.228190954774e-04 1.618763618006e-01 2.228190954774e-04 1.603913081283e-01
2.244221105528e-04 2.275819604644e-01 2.244221105528e-04 2.045587650117e-01 2.244221105528e-04 2.152081239736e-01 2.244221105528e-04 1.625083000489e-01 2.244221105528e-04 1.603925114250e-01
2.260251256281e-04 2.271861210926e-01 2.260251256281e-04 2.052832588011e-01 2.260251256281e-04 2.155799882010e-01 2.260251256281e-04 1.631187506583e-01 2.260251256281e-04 1.603935467116e-01
2.276281407035e-04 2.268314375794e-01 2.276281407035e-04 2.059759817608e-01 2.276281407035e-04 2.159246976483e-01 2.276281407035e-04 1.637080264359e-01 2.276281407035e-04 1.603944377614e-01
2.292311557789e-04 2.265136879679e-01 2.292311557789e-04 2.066377846598e-01 2.292311557789e-04 2.162440726967e-01 2.292311557789e-04 1.642764710090e-01 2.292311557789e-04 1.603952049148e-01
2.308341708543e-04 2.262290717276e-01 2.308341708543e-04 2.072695525631e-01 2.308341708543e-04 2.165398355011e-01 2.308341708543e-04 1.648244557920e-01 2.308341708543e-04 1.603958655900e-01
2.324371859296e-04 2.259741700670e-01 2.324371859296e-04 2.078721974827e-01 2.324371859296e-04 2.168136116866e-01 2.324371859296e-04 1.653523769676e-01 2.324371859296e-04 1.603964347146e-01
2.340402010050e-04 2.257459094948e-01 2.340402010050e-04 2.084466515429e-01 2.340402010050e-04 2.170669326516e-01 2.340402010050e-04 1.658606525146e-01 2.340402010050e-04 1.603969250906e-01
2.356432160804e-04 2.255415284696e-01 2.356432160804e-04 2.089938606770e-01 2.356432160804e-04 2.173012383521e-01 2.356432160804e-04 1.663497193087e-01 2.356432160804e-04 1.603973477042e-01
2.372462311558e-04 2.253585469573e-01 2.372462311558e-04 2.095147788581e-01 2.372462311558e-04 2.175178804591e-01 2.372462311558e-04 1.668200303187e-01 2.372462311558e-04 1.603977119893e-01
2.388492462312e-04 2.251947387093e-01 2.388492462312e-04 2.100103628627e-01 2.388492462312e-04 2.177181257919e-01 2.388492462312e-04 1.672720519161e-01 2.388492462312e-04 1.603980260506e-01
2.404522613065e-04 2.250481060705e-01 2.404522613065e-04 2.104815675548e-01 2.404522613065e-04 2.179031599456e-01 2.404522613065e-04 1.677062613125e-01 2.404522613065e-04 1.603982968549e-01
2.420552763819e-04 2.249168571283e-01 2.420552763819e-04 2.109293416758e-01 2.420552763819e-04 2.180740910413e-01 2.420552763819e-04 1.681231441362e-01 2.420552763819e-04 1.603985303931e-01
2.436582914573e-04 2.247993850182e-01 2.436582914573e-04 2.113546241196e-01 2.436582914573e-04 2.182319535399e-01 2.436582914573e-04 1.685231921541e-01 2.436582914573e-04 1.603987318189e-01
2.452613065327e-04 2.246942492088e-01 2.452613065327e-04 2.117583406678e-01 2.452613065327e-04 2.183777120685e-01 2.452613065327e-04 1.689069011454e-01 2.452613065327e-04 1.603989055679e-01
2.468643216080e-04 2.246001585983e-01 2.468643216080e-04 2.121414011608e-01 2.468643216080e-04 2.185122652201e-01 2.468643216080e-04 1.692747689291e-01 2.468643216080e-04 1.603990554584e-01
2.484673366834e-04 2.245159562639e-01 2.484673366834e-04 2.125046970743e-01 2.484673366834e-04 2.186364492909e-01 2.484673366834e-04 1.696272935455e-01 2.484673366834e-04 1.603991847785e-01
2.500703517588e-04 2.244406057158e-01 2.500703517588e-04 2.128490994746e-01 2.500703517588e-04 2.187510419311e-01 2.500703517588e-04 1.699649715912e-01 2.500703517588e-04 1.603992963606e-01
2.516733668342e-04 2.243731785185e-01 2.516733668342e-04 2.131754573219e-01 2.516733668342e-04 2.188567656857e-01 2.516733668342e-04 1.702882967031e-01 2.516733668342e-04 1.603993926450e-01
2.532763819095e-04 2.243128431514e-01 2.532763819095e-04 2.134845960932e-01 2.532763819095e-04 2.189542914125e-01 2.532763819095e-04 1.705977581902e-01 2.532763819095e-04 1.603994757344e-01
2.548793969849e-04 2.242588549914e-01 2.548793969849e-04 2.137773166960e-01 2.548793969849e-04 2.190442415637e-01 2.548793969849e-04 1.708938398046e-01 2.548793969849e-04 1.603995474417e-01
2.564824120603e-04 2.242105473108e-01 2.564824120603e-04 2.140543946449e-01 2.564824120603e-04 2.191271933236e-01 2.564824120603e-04 1.711770186494e-01 2.564824120603e-04 1.603996093292e-01
2.580854271357e-04 2.241673231904e-01 2.580854271357e-04 2.143165794752e-01 2.580854271357e-04 2.192036815987e-01 2.580854271357e-04 1.714477642140e-01 2.580854271357e-04 1.603996627445e-01
2.596884422111e-04 2.241286482601e-01 2.596884422111e-04 2.145645943673e-01 2.596884422111e-04 2.192742018573e-01 2.596884422111e-04 1.717065375323e-01 2.596884422111e-04 1.603997088494e-01
2.612914572864e-04 2.240940441829e-01 2.612914572864e-04 2.147991359592e-01 2.612914572864e-04 2.193392128175e-01 2.612914572864e-04 1.719537904550e-01 2.612914572864e-04 1.603997486459e-01
2.628944723618e-04 2.240630828102e-01 2.628944723618e-04 2.150208743233e-01 2.628944723618e-04 2.193991389865e-01 2.628944723618e-04 1.721899650296e-01 2.628944723618e-04 1.603997829985e-01
2.644974874372e-04 2.240353809398e-01 2.644974874372e-04 2.152304530884e-01 2.644974874372e-04 2.194543730532e-01 2.644974874372e-04 1.724154929803e-01 2.644974874372e-04 1.603998126528e-01
2.661005025126e-04 2.240105956167e-01 2.661005025126e-04 2.154284896864e-01 2.661005025126e-04 2.195052781378e-01 2.661005025126e-04 1.726307952807e-01 2.661005025126e-04 1.603998382522e-01
2.677035175879e-04 2.239884199204e-01 2.677035175879e-04 2.156155757065e-01 2.677035175879e-04 2.195521899033e-01 2.677035175879e-04 1.728362818117e-01 2.677035175879e-04 1.603998603516e-01
2.693065326633e-04 2.239685791907e-01 2.693065326633e-04 2.157922773412e-01 2.693065326633e-04 2.195954185337e-01 2.693065326633e-04 1.730323510981e-01 2.693065326633e-04 1.603998794300e-01
2.709095477387e-04 2.239508276458e-01 2.709095477387e-04 2.159591359087e-01 2.709095477387e-04 2.196352505851e-01 2.709095477387e-04 1.732193901166e-01 2.709095477387e-04 1.603998959008e-01
2.725125628141e-04 2.239349453527e-01 2.725125628141e-04 2.161166684390e-01 2.725125628141e-04 2.196719507144e-01 2.725125628141e-04 1.733977741690e-01 2.725125628141e-04 1.603999101206e-01
2.741155778894e-04 2.239207355146e-01 2.741155778894e-04 2.162653683118e-01 2.741155778894e-04 2.197057632934e-01 2.741155778894e-04 1.735678668136e-01 2.741155778894e-04 1.603999223973e-01
2.757185929648e-04 2.239080220410e-01 2.757185929648e-04 2.164057059348e-01 2.757185929648e-04 2.197369139120e-01 2.757185929648e-04 1.737300198506e-01 2.757185929648e-04 1.603999329965e-01
2.773216080402e-04 2.238966473724e-01 2.773216080402e-04 2.165381294540e-01 2.773216080402e-04 2.197656107784e-01 2.773216080402e-04 1.738845733537e-01 2.773216080402e-04 1.603999421477e-01
2.789246231156e-04 2.238864705328e-01 2.789246231156e-04 2.166630654867e-01 2.789246231156e-04 2.197920460221e-01 2.789246231156e-04 1.740318557437e-01 2.789246231156e-04 1.603999500486e-01
2.805276381910e-04 2.238773653860e-01 2.805276381910e-04 2.167809198705e-01 2.805276381910e-04 2.198163969033e-01 2.805276381910e-04 1.741721839004e-01 2.805276381910e-04 1.603999568703e-01
2.821306532663e-04 2.238692190748e-01 2.821306532663e-04 2.168920784207e-01 2.821306532663e-04 2.198388269379e-01 2.821306532663e-04 1.743058633052e-01 2.821306532663e-04 1.603999627601e-01
2.837336683417e-04 2.238619306247e-01 2.837336683417e-04 2.169969076922e-01 2.837336683417e-04 2.198594869403e-01 2.837336683417e-04 1.744331882137e-01 2.837336683417e-04 1.603999678455e-01
2.853366834171e-04 2.238554096928e-01 2.853366834171e-04 2.170957557387e-01 2.853366834171e-04 2.198785159907e-01 2.853366834171e-04 1.745544418513e-01 2.853366834171e-04 1.603999722363e-01
2.869396984925e-04 2.238495754499e-01 2.869396984925e-04 2.171889528681e-01 2.869396984925e-04 2.198960423322e-01 2.869396984925e-04 1.746698966302e-01 2.869396984925e-04 1.603999760274e-01
2.885427135678e-04 2.238443555783e-01 2.885427135678e-04 2.172768123868e-01 2.885427135678e-04 2.199121842011e-01 2.885427135678e-04 1.747798143841e-01 2.885427135678e-04 1.603999793008e-01
2.901457286432e-04 2.238396853762e-01 2.901457286432e-04 2.173596313333e-01 2.901457286432e-04 2.199270505960e-01 2.901457286432e-04 1.748844466164e-01 2.901457286432e-04 1.603999821271e-01
2.917487437186e-04 2.238355069559e-01 2.917487437186e-04 2.174376911963e-01 2.917487437186e-04 2.199407419899e-01 2.917487437186e-04 1.749840347614e-01 2.917487437186e-04 1.603999845675e-01
2.933517587940e-04 2.238317685263e-01 2.933517587940e-04 2.175112586169e-01 2.933517587940e-04 2.199533509883e-01 2.933517587940e-04 1.750788104536e-01 2.933517587940e-04 1.603999866746e-01
2.949547738693e-04 2.238284237508e-01 2.949547738693e-04 2.175805860714e-01 2.949547738693e-04 2.199649629382e-01 2.949547738693e-04 1.751689958047e-01 2.949547738693e-04 1.603999884940e-01
2.965577889447e-04 2.238254311730e-01 2.965577889447e-04 2.176459125356e-01 2.965577889447e-04 2.199756564908e-01 2.965577889447e-04 1.752548036853e-01 2.965577889447e-04 1.603999900650e-01
2.981608040201e-04 2.238227537027e-01 2.981608040201e-04 2.177074641276e-01 2.981608040201e-04 2.199855041219e-01 2.981608040201e-04 1.753364380103e-01 2.981608040201e-04 1.603999914215e-01
2.997638190955e-04 2.238203581561e-01 2.997638190955e-04 2.177654547299e-01 2.997638190955e-04 2.199945726124e-01 2.997638190955e-04 1.754140940252e-01 2.997638190955e-04 1.603999925927e-01
3.013668341709e-04 2.238182148445e-01 3.013668341709e-04 2.178200865889e-01 3.013668341709e-04 2.200029234917e-01 3.013668341709e-04 1.754879585931e-01 3.013668341709e-04 1.603999936040e-01
3.029698492462e-04 2.238162972058e-01 3.029698492462e-04 2.178715508929e-01 3.029698492462e-04 2.200106134479e-01 3.029698492462e-04 1.755582104810e-01 3.029698492462e-04 1.603999944773e-01
3.045728643216e-04 2.238145814755e-01 3.045728643216e-04 2.179200283277e-01 3.045728643216e-04 2.200176947059e-01 3.045728643216e-04 1.756250206434e-01 3.045728643216e-04 1.603999952313e-01
3.061758793970e-04 2.238130463920e-01 3.061758793970e-04 2.179656896103e-01 3.061758793970e-04 2.200242153766e-01 3.061758793970e-04 1.756885525027e-01 3.061758793970e-04 1.603999958823e-01
3.077788944724e-04 2.238116729328e-01 3.077788944724e-04 2.180086959997e-01 3.077788944724e-04 2.200302197788e-01 3.077788944724e-04 1.757489622271e-01 3.077788944724e-04 1.603999964445e-01
3.093819095477e-04 2.238104440789e-01 3.093819095477e-04 2.180491997869e-01 3.093819095477e-04 2.200357487369e-01 3.093819095477e-04 1.758063990020e-01 3.093819095477e-04 1.603999969299e-01
3.109849246231e-04 2.238093446037e-01 3.109849246231e-04 2.180873447632e-01 3.109849246231e-04 2.200408398546e-01 3.109849246231e-04 1.758610052978e-01 3.109849246231e-04 1.603999973491e-01
3.125879396985e-04 2.238083608840e-01 3.125879396985e-04 2.181232666676e-01 3.125879396985e-04 2.200455277682e-01 3.125879396985e-04 1.759129171314e-01 3.125879396985e-04 1.603999977110e-01
3.141909547739e-04 2.238074807313e-01 3.141909547739e-04 2.181570936136e-01 3.141909547739e-04 2.200498443794e-01 3.141909547739e-04 1.759622643218e-01 3.141909547739e-04 1.603999980235e-01
3.157939698492e-04 2.238066932407e-01 3.157939698492e-04 2.181889464965e-01 3.157939698492e-04 2.200538190707e-01 3.157939698492e-04 1.760091707391e-01 3.157939698492e-04 1.603999982933e-01
3.173969849246e-04 2.238059886557e-01 3.173969849246e-04 2.182189393812e-01 3.173969849246e-04 2.200574789033e-01 3.173969849246e-04 1.760537545470e-01 3.173969849246e-04 1.603999985263e-01
3.190000000000e-04 2.238053582473e-01 3.190000000000e-04 2.182471798714e-01 3.190000000000e-04 2.200608488001e-01 3.190000000000e-04 1.760961284387e-01 3.190000000000e-04 1.603999987275e-01
