0.000000000000e+00 3.199995517911e-01 0.000000000000e+00 1.836004435097e-01 0.000000000000e+00 3.078999910762e-01 0.000000000000e+00 1.885000000695e-01
2.015075376884e-06 3.199994966745e-01 2.015075376884e-06 1.836004946170e-01 2.015075376884e-06 3.078999896119e-01 2.015075376884e-06 1.885000000851e-01
4.030150753769e-06 3.199994347802e-01 4.030150753769e-06 1.836005516317e-01 4.030150753769e-06 3.078999879056e-01 4.030150753769e-06 1.885000001042e-01
6.045226130653e-06 3.199993652748e-01 6.045226130653e-06 1.836006152405e-01 6.045226130653e-06 3.078999859169e-01 6.045226130653e-06 1.885000001276e-01
8.060301507538e-06 3.199992872225e-01 8.060301507538e-06 1.836006862106e-01 8.060301507538e-06 3.078999835987e-01 8.060301507538e-06 1.885000001562e-01
1.007537688442e-05 3.199991995721e-01 1.007537688442e-05 1.836007653994e-01 1.007537688442e-05 3.078999808957e-01 1.007537688442e-05 1.885000001913e-01
1.209045226131e-05 3.199991011435e-01 1.209045226131e-05 1.836008537654e-01 1.209045226131e-05 3.078999777433e-01 1.209045226131e-05 1.885000002342e-01
1.410552763819e-05 3.199989906113e-01 1.410552763819e-05 1.836009523802e-01 1.410552763819e-05 3.078999740660e-01 1.410552763819e-05 1.885000002868e-01
1.612060301508e-05 3.199988664873e-01 1.612060301508e-05 1.836010624422e-01 1.612060301508e-05 3.078999697753e-01 1.612060301508e-05 1.885000003511e-01
1.813567839196e-05 3.199987271000e-01 1.813567839196e-05 1.836011852920e-01 1.813567839196e-05 3.078999647674e-01 1.813567839196e-05 1.885000004299e-01
2.015075376884e-05 3.199985705729e-01 2.015075376884e-05 1.836013224296e-01 2.015075376884e-05 3.078999589210e-01 2.015075376884e-05 1.885000005263e-01
2.216582914573e-05 3.199983947982e-01 2.216582914573e-05 1.836014755340e-01 2.216582914573e-05 3.078999520935e-01 2.216582914573e-05 1.885000006444e-01
2.418090452261e-05 3.199981974093e-01 2.418090452261e-05 1.836016464849e-01 2.418090452261e-05 3.078999441180e-01 2.418090452261e-05 1.885000007890e-01
2.619597989950e-05 3.199979757487e-01 2.619597989950e-05 1.836018373876e-01 2.619597989950e-05 3.078999347985e-01 2.619597989950e-05 1.885000009661e-01
2.821105527638e-05 3.199977268320e-01 2.821105527638e-05 1.836020506011e-01 2.821105527638e-05 3.078999239046e-01 2.821105527638e-05 1.885000011828e-01
3.022613065327e-05 3.199974473078e-01 3.022613065327e-05 1.836022887692e-01 3.022613065327e-05 3.078999111660e-01 3.022613065327e-05 1.885000014482e-01
3.224120603015e-05 3.199971334130e-01 3.224120603015e-05 1.836025548570e-01 3.224120603015e-05 3.078998962649e-01 3.224120603015e-05 1.885000017731e-01
3.425628140704e-05 3.199967809217e-01 3.425628140704e-05 1.836028521904e-01 3.425628140704e-05 3.078998788273e-01 3.425628140704e-05 1.885000021710e-01
3.627135678392e-05 3.199963850885e-01 3.627135678392e-05 1.836031845030e-01 3.627135678392e-05 3.078998584133e-01 3.627135678392e-05 1.885000026581e-01
3.828643216080e-05 3.199959405850e-01 3.828643216080e-05 1.836035559872e-01 3.828643216080e-05 3.078998345047e-01 3.828643216080e-05 1.885000032544e-01
4.030150753769e-05 3.199954414274e-01 4.030150753769e-05 1.836039713539e-01 4.030150753769e-05 3.078998064912e-01 4.030150753769e-05 1.885000039846e-01
4.231658291457e-05 3.199948808969e-01 4.231658291457e-05 1.836044358997e-01 4.231658291457e-05 3.078997736528e-01 4.231658291457e-05 1.885000048787e-01
4.433165829146e-05 3.199942514488e-01 4.433165829146e-05 1.836049555833e-01 4.433165829146e-05 3.078997351402e-01 4.433165829146e-05 1.885000059733e-01
4.634673366834e-05 3.199935446110e-01 4.634673366834e-05 1.836055371129e-01 4.634673366834e-05 3.078996899506e-01 4.634673366834e-05 1.885000073135e-01
4.836180904523e-05 3.199927508709e-01 4.836180904523e-05 1.836061880463e-01 4.836180904523e-05 3.078996368991e-01 4.836180904523e-05 1.885000089544e-01
5.037688442211e-05 3.199918595466e-01 5.037688442211e-05 1.836069169044e-01 5.037688442211e-05 3.078995745847e-01 5.037688442211e-05 1.885000109635e-01
5.239195979899e-05 3.199908586442e-01 5.239195979899e-05 1.836077333024e-01 5.239195979899e-05 3.078995013493e-01 5.239195979899e-05 1.885000134234e-01
5.440703517588e-05 3.199897346962e-01 5.440703517588e-05 1.836086480992e-01 5.440703517588e-05 3.078994152298e-01 5.440703517588e-05 1.885000164352e-01
5.642211055276e-05 3.199884725813e-01 5.642211055276e-05 1.836096735700e-01 5.642211055276e-05 3.078993138993e-01 5.642211055276e-05 1.885000201228e-01
5.843718592965e-05 3.199870553210e-01 5.843718592965e-05 1.836108236036e-01 5.843718592965e-05 3.078991945979e-01 5.843718592965e-05 1.885000246377e-01
6.045226130653e-05 3.199854638520e-01 6.045226130653e-05 1.836121139313e-01 6.045226130653e-05 3.078990540498e-01 6.045226130653e-05 1.885000301656e-01
6.246733668342e-05 3.199836767708e-01 6.246733668342e-05 1.836135623897e-01 6.246733668342e-05 3.078988883628e-01 6.246733668342e-05 1.885000369339e-01
6.448241206030e-05 3.199816700469e-01 6.448241206030e-05 1.836151892253e-01 6.448241206030e-05 3.078986929094e-01 6.448241206030e-05 1.885000452208e-01
6.649748743719e-05 3.199794167006e-01 6.649748743719e-05 1.836170174467e-01 6.649748743719e-05 3.078984621827e-01 6.649748743719e-05 1.885000553669e-01
6.851256281407e-05 3.199768864427e-01 6.851256281407e-05 1.836190732335e-01 6.851256281407e-05 3.078981896239e-01 6.851256281407e-05 1.885000677897e-01
7.052763819095e-05 3.199740452687e-01 7.052763819095e-05 1.836213864110e-01 7.052763819095e-05 3.078978674146e-01 7.052763819095e-05 1.885000829997e-01
7.254271356784e-05 3.199708550050e-01 7.254271356784e-05 1.836239910024e-01 7.254271356784e-05 3.078974862271e-01 7.254271356784e-05 1.885001016224e-01
7.455778894472e-05 3.199672727989e-01 7.455778894472e-05 1.836269258730e-01 7.455778894472e-05 3.078970349231e-01 7.455778894472e-05 1.885001244237e-01
7.657286432161e-05 3.199632505474e-01 7.657286432161e-05 1.836302354812e-01 7.657286432161e-05 3.078965001907e-01 7.657286432161e-05 1.885001523410e-01
7.858793969849e-05 3.199587342561e-01 7.858793969849e-05 1.836339707575e-01 7.858793969849e-05 3.078958661066e-01 7.858793969849e-05 1.885001865224e-01
8.060301507538e-05 3.199536633206e-01 8.060301507538e-05 1.836381901333e-01 8.060301507538e-05 3.078951136073e-01 8.060301507538e-05 1.885002283733e-01
8.261809045226e-05 3.199479697218e-01 8.261809045226e-05 1.836429607471e-01 8.261809045226e-05 3.078942198501e-01 8.261809045226e-05 1.885002796150e-01
8.463316582915e-05 3.199415771223e-01 8.463316582915e-05 1.836483598623e-01 8.463316582915e-05 3.078931574401e-01 8.463316582915e-05 1.885003423548e-01
8.664824120603e-05 3.199343998558e-01 8.664824120603e-05 1.836544765332e-01 8.664824120603e-05 3.078918934951e-01 8.664824120603e-05 1.885004191728e-01
8.866331658291e-05 3.199263417932e-01 8.866331658291e-05 1.836614135686e-01 8.866331658291e-05 3.078903885132e-01 8.866331658291e-05 1.885005132287e-01
9.067839195980e-05 3.199172950739e-01 9.067839195980e-05 1.836692898471e-01 9.067839195980e-05 3.078885950005e-01 9.067839195980e-05 1.885006283914e-01
9.269346733668e-05 3.199071386840e-01 9.269346733668e-05 1.836782430507e-01 9.269346733668e-05 3.078864558070e-01 9.269346733668e-05 1.885007693983e-01
9.470854271357e-05 3.198957368648e-01 9.470854271357e-05 1.836884328971e-01 9.470854271357e-05 3.078839021076e-01 9.470854271357e-05 1.885009420512e-01
9.672361809045e-05 3.198829373313e-01 9.672361809045e-05 1.837000449649e-01 9.672361809045e-05 3.078808509514e-01 9.672361809045e-05 1.885011534547e-01
9.873869346734e-05 3.198685692778e-01 9.873869346734e-05 1.837132952261e-01 9.873869346734e-05 3.078772022848e-01 9.873869346734e-05 1.885014123100e-01
1.007537688442e-04 3.198524411462e-01 1.007537688442e-04 1.837284354199e-01 1.007537688442e-04 3.078728353345e-01 1.007537688442e-04 1.885017292744e-01
1.027688442211e-04 3.198343381287e-01 1.027688442211e-04 1.837457594317e-01 1.027688442211e-04 3.078676042094e-01 1.027688442211e-04 1.885021174017e-01
1.047839195980e-04 3.198140193726e-01 1.047839195980e-04 1.837656108684e-01 1.047839195980e-04 3.078613325533e-01 1.047839195980e-04 1.885025926833e-01
1.067989949749e-04 3.197912148531e-01 1.067989949749e-04 1.837883920602e-01 1.067989949749e-04 3.078538070382e-01 1.067989949749e-04 1.885031747114e-01
1.088140703518e-04 3.197656218707e-01 1.088140703518e-04 1.838145747635e-01 1.088140703518e-04 3.078447694482e-01 1.088140703518e-04 1.885038874945e-01
1.108291457286e-04 3.197369011299e-01 1.108291457286e-04 1.838447128869e-01 1.108291457286e-04 3.078339070450e-01 1.108291457286e-04 1.885047604586e-01
1.128442211055e-04 3.197046723421e-01 1.128442211055e-04 1.838794576268e-01 1.128442211055e-04 3.078208408431e-01 1.128442211055e-04 1.885058296793e-01
1.148592964824e-04 3.196685092930e-01 1.148592964824e-04 1.839195754630e-01 1.148592964824e-04 3.078051113408e-01 1.148592964824e-04 1.885071393991e-01
1.168743718593e-04 3.196279342965e-01 1.168743718593e-04 1.839659695485e-01 1.168743718593e-04 3.077861611616e-01 1.168743718593e-04 1.885087438986e-01
1.188894472362e-04 3.195824119489e-01 1.188894472362e-04 1.840197051135e-01 1.188894472362e-04 3.077633139432e-01 1.188894472362e-04 1.885107098078e-01
1.209045226131e-04 3.195313420718e-01 1.209045226131e-04 1.840820396043e-01 1.209045226131e-04 3.077357486821e-01 1.209045226131e-04 1.885131189687e-01
1.229195979899e-04 3.194740517073e-01 1.229195979899e-04 1.841544583850e-01 1.229195979899e-04 3.077024685823e-01 1.229195979899e-04 1.885160719873e-01
1.249346733668e-04 3.194097859938e-01 1.249346733668e-04 1.842387169406e-01 1.249346733668e-04 3.076622632808e-01 1.249346733668e-04 1.885196926590e-01
1.269497487437e-04 3.193376976997e-01 1.269497487437e-04 1.843368906291e-01 1.269497487437e-04 3.076136631160e-01 1.269497487437e-04 1.885241334994e-01
1.289648241206e-04 3.192568351219e-01 1.289648241206e-04 1.844514331256e-01 1.289648241206e-04 3.075548838889e-01 1.289648241206e-04 1.885295826922e-01
1.309798994975e-04 3.191661279625e-01 1.309798994975e-04 1.845852447617e-01 1.309798994975e-04 3.074837603269e-01 1.309798994975e-04 1.885362728651e-01
1.329949748744e-04 3.190643706606e-01 1.329949748744e-04 1.847417519696e-01 1.329949748744e-04 3.073976662411e-01 1.329949748744e-04 1.885444922455e-01
1.350100502513e-04 3.189502024692e-01 1.350100502513e-04 1.849249989384e-01 1.350100502513e-04 3.072934191681e-01 1.350100502513e-04 1.885545989517e-01
1.370251256281e-04 3.188220833020e-01 1.370251256281e-04 1.851397523347e-01 1.370251256281e-04 3.071671671808e-01 1.370251256281e-04 1.885670394583e-01
1.390402010050e-04 3.186782640056e-01 1.390402010050e-04 1.853916194359e-01 1.390402010050e-04 3.070142556001e-01 1.390402010050e-04 1.885823726885e-01
1.410552763819e-04 3.185167491923e-01 1.410552763819e-04 1.856871791676e-01 1.410552763819e-04 3.068290716581e-01 1.410552763819e-04 1.886013017850e-01
1.430703517588e-04 3.183352500426e-01 1.430703517588e-04 1.860341241699e-01 1.430703517588e-04 3.066048659268e-01 1.430703517588e-04 1.886247164946e-01
1.450854271357e-04 3.181311234715e-01 1.450854271357e-04 1.864414099605e-01 1.450854271357e-04 3.063335507715e-01 1.450854271357e-04 1.886537503968e-01
1.471005025126e-04 3.179012926438e-01 1.471005025126e-04 1.869194042840e-01 1.471005025126e-04 3.060054785538e-01 1.471005025126e-04 1.886898591424e-01
1.491155778894e-04 3.176421418753e-01 1.491155778894e-04 1.874800256075e-01 1.491155778894e-04 3.056092062117e-01 1.491155778894e-04 1.887349287396e-01
1.511306532663e-04 3.173493762917e-01 1.511306532663e-04 1.881368542315e-01 1.511306532663e-04 3.051312587288e-01 1.511306532663e-04 1.887914272257e-01
1.531457286432e-04 3.170178330076e-01 1.531457286432e-04 1.889051925382e-01 1.531457286432e-04 3.045559124146e-01 1.531457286432e-04 1.888626194757e-01
1.551608040201e-04 3.166412257936e-01 1.551608040201e-04 1.898020426664e-01 1.551608040201e-04 3.038650303385e-01 1.551608040201e-04 1.889528744671e-01
1.571758793970e-04 3.162117989934e-01 1.571758793970e-04 1.908459610316e-01 1.571758793970e-04 3.030379968140e-01 1.571758793970e-04 1.890681084747e-01
1.591909547739e-04 3.157198587568e-01 1.591909547739e-04 1.920567410051e-01 1.591909547739e-04 3.020518148279e-01 1.591909547739e-04 1.892164283988e-01
1.612060301508e-04 3.151531407880e-01 1.612060301508e-04 1.934548702212e-01 1.612060301508e-04 3.008814475958e-01 1.612060301508e-04 1.894090691092e-01
1.632211055276e-04 3.144959650029e-01 1.632211055276e-04 1.950607111859e-01 1.632211055276e-04 2.995004984846e-01 1.632211055276e-04 1.896617596499e-01
1.652361809045e-04 3.137281218729e-01 1.652361809045e-04 1.968933680768e-01 1.652361809045e-04 2.978823247279e-01 1.652361809045e-04 1.899967058172e-01
1.672512562814e-04 3.128234395469e-01 1.672512562814e-04 1.989692342271e-01 1.672512562814e-04 2.960016587762e-01 1.672512562814e-04 1.904454348467e-01
1.692663316583e-04 3.117480082866e-01 1.692663316583e-04 2.013002676826e-01 1.692663316583e-04 2.938367541959e-01 1.692663316583e-04 1.910527877902e-01
1.712814070352e-04 3.104581129207e-01 1.712814070352e-04 2.038921158674e-01 1.712814070352e-04 2.913719710317e-01 1.712814070352e-04 1.918823009263e-01
1.732964824121e-04 3.088980829728e-01 1.732964824121e-04 2.067422960925e-01 1.732964824121e-04 2.886005697026e-01 1.732964824121e-04 1.930229370355e-01
1.753115577889e-04 3.069985658339e-01 1.753115577889e-04 2.098387169079e-01 1.753115577889e-04 2.855273150724e-01 1.753115577889e-04 1.945963071764e-01
1.773266331658e-04 3.046762098244e-01 1.773266331658e-04 2.131588668781e-01 1.773266331658e-04 2.821703531877e-01 1.773266331658e-04 1.967616775591e-01
1.793417085427e-04 3.018363999020e-01 1.793417085427e-04 2.166699706348e-01 1.793417085427e-04 2.785617839495e-01 1.793417085427e-04 1.997127319330e-01
1.813567839196e-04 2.983813206423e-01 1.813567839196e-04 2.203302968550e-01 1.813567839196e-04 2.747464812829e-01 1.813567839196e-04 2.036558222169e-01
1.833718592965e-04 2.942256568230e-01 1.833718592965e-04 2.240916060436e-01 1.833718592965e-04 2.707790298507e-01 1.833718592965e-04 2.087581219641e-01
1.853869346734e-04 2.893206578068e-01 1.853869346734e-04 2.279024896792e-01 1.853869346734e-04 2.667190933934e-01 1.853869346734e-04 2.150646282710e-01
1.874020100503e-04 2.836830937064e-01 1.874020100503e-04 2.317121450969e-01 1.874020100503e-04 2.626259626379e-01 1.874020100503e-04 2.224130416518e-01
1.894170854271e-04 2.774193592386e-01 1.894170854271e-04 2.354740221013e-01 1.894170854271e-04 2.585532826677e-01 1.894170854271e-04 2.304098606967e-01
1.914321608040e-04 2.707305102832e-01 1.914321608040e-04 2.391488068721e-01 1.914321608040e-04 2.545449228140e-01 1.914321608040e-04 2.385200141673e-01
1.934472361809e-04 2.638875726381e-01 1.934472361809e-04 2.427063656988e-01 1.934472361809e-04 2.506326397833e-01 1.934472361809e-04 2.462401030814e-01
1.954623115578e-04 2.571803063181e-01 1.954623115578e-04 2.461265004763e-01 1.954623115578e-04 2.468357235941e-01 1.954623115578e-04 2.532469407644e-01
1.974773869347e-04 2.508586973341e-01 1.974773869347e-04 2.493985965433e-01 1.974773869347e-04 2.431623751948e-01 1.974773869347e-04 2.594373951148e-01
1.994924623116e-04 2.450912528838e-01 1.994924623116e-04 2.525204112307e-01 1.994924623116e-04 2.396122730163e-01 1.994924623116e-04 2.648705451211e-01
2.015075376884e-04 2.399532211130e-01 2.015075376884e-04 2.554963306412e-01 2.015075376884e-04 2.361796869433e-01 2.015075376884e-04 2.696784705563e-01
2.035226130653e-04 2.354410981399e-01 2.035226130653e-04 2.583354183650e-01 2.035226130653e-04 2.328565599587e-01 2.035226130653e-04 2.739971905608e-01
2.055376884422e-04 2.314999629767e-01 2.055376884422e-04 2.610495197127e-01 2.055376884422e-04 2.296351311924e-01 2.055376884422e-04 2.779320680096e-01
2.075527638191e-04 2.280507191169e-01 2.075527638191e-04 2.636516005069e-01 2.075527638191e-04 2.265098528500e-01 2.075527638191e-04 2.815498038671e-01
2.095678391960e-04 2.250102626223e-01 2.095678391960e-04 2.661544161995e-01 2.095678391960e-04 2.234785139379e-01 2.095678391960e-04 2.848845665966e-01
2.115829145729e-04 2.223032455391e-01 2.115829145729e-04 2.685695399584e-01 2.115829145729e-04 2.205426068578e-01 2.115829145729e-04 2.879489709510e-01
2.135979899497e-04 2.198671277033e-01 2.135979899497e-04 2.709067323690e-01 2.135979899497e-04 2.177070562742e-01 2.135979899497e-04 2.907447554377e-01
2.156130653266e-04 2.176529627042e-01 2.156130653266e-04 2.731736089217e-01 2.156130653266e-04 2.149794777675e-01 2.156130653266e-04 2.932709480228e-01
2.176281407035e-04 2.156239714118e-01 2.176281407035e-04 2.753755498947e-01 2.176281407035e-04 2.123691525209e-01 2.176281407035e-04 2.955290082373e-01
2.196432160804e-04 2.137532653606e-01 2.196432160804e-04 2.775157954818e-01 2.196432160804e-04 2.098858988230e-01 2.196432160804e-04 2.975252941332e-01
2.216582914573e-04 2.120214847896e-01 2.216582914573e-04 2.795956728267e-01 2.216582914573e-04 2.075389964383e-01 2.216582914573e-04 2.992715528360e-01
2.236733668342e-04 2.104147117039e-01 2.236733668342e-04 2.816149080659e-01 2.236733668342e-04 2.053362816132e-01 2.236733668342e-04 3.007841828445e-01
2.256884422111e-04 2.089227824345e-01 2.256884422111e-04 2.835719837957e-01 2.256884422111e-04 2.032834853822e-01 2.256884422111e-04 3.020829032347e-01
2.277035175879e-04 2.075380029594e-01 2.277035175879e-04 2.854645096725e-01 2.277035175879e-04 2.013838429948e-01 2.277035175879e-04 3.031892868637e-01
2.297185929648e-04 2.062542170601e-01 2.297185929648e-04 2.872895807602e-01 2.297185929648e-04 1.996379638642e-01 2.297185929648e-04 3.041254357920e-01
2.317336683417e-04 2.050661606607e-01 2.317336683417e-04 2.890441046505e-01 2.317336683417e-04 1.980439235261e-01 2.317336683417e-04 3.049129320513e-01
2.337487437186e-04 2.039690366163e-01 2.337487437186e-04 2.907250842422e-01 2.337487437186e-04 1.965975232213e-01 2.337487437186e-04 3.055720967855e-01
2.357638190955e-04 2.029582525212e-01 2.357638190955e-04 2.923298483555e-01 2.357638190955e-04 1.952926579934e-01 2.357638190955e-04 3.061215322539e-01
2.377788944724e-04 2.020292745805e-01 2.377788944724e-04 2.938562269838e-01 2.377788944724e-04 1.941217381521e-01 2.377788944724e-04 3.065778941627e-01
2.397939698492e-04 2.011775608030e-01 2.397939698492e-04 2.953026718722e-01 2.397939698492e-04 1.930761184139e-01 2.397939698492e-04 3.069558352836e-01
2.418090452261e-04 2.003985457291e-01 2.418090452261e-04 2.966683261805e-01 2.418090452261e-04 1.921465009529e-01 2.418090452261e-04 3.072680661523e-01
2.438241206030e-04 1.996876563198e-01 2.438241206030e-04 2.979530492024e-01 2.438241206030e-04 1.913232905720e-01 2.438241206030e-04 3.075254884167e-01
2.458391959799e-04 1.990403445430e-01 2.458391959799e-04 2.991574034949e-01 2.458391959799e-04 1.905968906849e-01 2.458391959799e-04 3.077373672227e-01
2.478542713568e-04 1.984521267564e-01 2.478542713568e-04 3.002826123866e-01 2.478542713568e-04 1.899579370015e-01 2.478542713568e-04 3.079115188512e-01
2.498693467337e-04 1.979186234314e-01 2.498693467337e-04 3.013304958090e-01 2.498693467337e-04 1.893974715839e-01 2.498693467337e-04 3.080544978446e-01
2.518844221106e-04 1.974355952835e-01 2.518844221106e-04 3.023033918662e-01 2.518844221106e-04 1.889070635143e-01 2.518844221106e-04 3.081717739537e-01
2.538994974874e-04 1.969989736775e-01 2.538994974874e-04 3.032040706837e-01 2.538994974874e-04 1.884788842155e-01 2.538994974874e-04 3.082678936103e-01
2.559145728643e-04 1.966048844107e-01 2.559145728643e-04 3.040356460075e-01 2.559145728643e-04 1.881057459695e-01 2.559145728643e-04 3.083466236063e-01
2.579296482412e-04 1.962496647978e-01 2.579296482412e-04 3.048014888754e-01 2.579296482412e-04 1.877811118232e-01 2.579296482412e-04 3.084110765911e-01
2.599447236181e-04 1.959298744825e-01 2.599447236181e-04 3.055051465672e-01 2.599447236181e-04 1.874990842151e-01 2.599447236181e-04 3.084638191596e-01
2.619597989950e-04 1.956423006873e-01 2.619597989950e-04 3.061502690147e-01 2.619597989950e-04 1.872543785693e-01 2.619597989950e-04 3.085069639485e-01
2.639748743719e-04 1.953839587379e-01 2.639748743719e-04 3.067405439731e-01 2.639748743719e-04 1.870422869604e-01 2.639748743719e-04 3.085422474482e-01
2.659899497487e-04 1.951520887274e-01 2.659899497487e-04 3.072796415314e-01 2.659899497487e-04 1.868586358755e-01 2.659899497487e-04 3.085710953128e-01
2.680050251256e-04 1.949441491440e-01 2.680050251256e-04 3.077711679786e-01 2.680050251256e-04 1.866997411400e-01 2.680050251256e-04 3.085946768881e-01
2.700201005025e-04 1.947578082137e-01 2.700201005025e-04 3.082186286301e-01 2.700201005025e-04 1.865623622622e-01 2.700201005025e-04 3.086139505468e-01
2.720351758794e-04 1.945909336104e-01 2.720351758794e-04 3.086253989399e-01 2.720351758794e-04 1.864436577921e-01 2.720351758794e-04 3.086297012546e-01
2.740502512563e-04 1.944415810909e-01 2.740502512563e-04 3.089947030556e-01 2.740502512563e-04 1.863411427645e-01 2.740502512563e-04 3.086425716132e-01
2.760653266332e-04 1.943079825117e-01 2.760653266332e-04 3.093295988895e-01 2.760653266332e-04 1.862526488931e-01 2.760653266332e-04 3.086530874579e-01
2.780804020101e-04 1.941885335968e-01 2.780804020101e-04 3.096329687628e-01 2.780804020101e-04 1.861762878835e-01 2.780804020101e-04 3.086616789258e-01
2.800954773869e-04 1.940817817458e-01 2.800954773869e-04 3.099075147114e-01 2.800954773869e-04 1.861104180115e-01 2.800954773869e-04 3.086686977735e-01
2.821105527638e-04 1.939864141013e-01 2.821105527638e-04 3.101557576021e-01 2.821105527638e-04 1.860536139599e-01 2.821105527638e-04 3.086744315930e-01
2.841256281407e-04 1.939012460379e-01 2.841256281407e-04 3.103800392912e-01 2.841256281407e-04 1.860046398038e-01 2.841256281407e-04 3.086791154721e-01
2.861407035176e-04 1.938252101862e-01 2.861407035176e-04 3.105825271447e-01 2.861407035176e-04 1.859624249656e-01 2.861407035176e-04 3.086829415500e-01
2.881557788945e-04 1.937573460676e-01 2.881557788945e-04 3.107652203322e-01 2.881557788945e-04 1.859260429251e-01 2.881557788945e-04 3.086860668440e-01
2.901708542714e-04 1.936967903807e-01 2.901708542714e-04 3.109299573974e-01 2.901708542714e-04 1.858946924504e-01 2.901708542714e-04 3.086886196567e-01
2.921859296482e-04 1.936427679629e-01 2.921859296482e-04 3.110784246887e-01 2.921859296482e-04 1.858676811108e-01 2.921859296482e-04 3.086907048178e-01
2.942010050251e-04 1.935945834239e-01 2.942010050251e-04 3.112121653093e-01 2.942010050251e-04 1.858444108385e-01 2.942010050251e-04 3.086924079731e-01
2.962160804020e-04 1.935516134414e-01 2.962160804020e-04 3.113325883155e-01 2.962160804020e-04 1.858243653167e-01 2.962160804020e-04 3.086937990911e-01
2.982311557789e-04 1.935132996945e-01 2.982311557789e-04 3.114409779458e-01 2.982311557789e-04 1.858070989881e-01 2.982311557789e-04 3.086949353300e-01
3.002462311558e-04 1.934791424059e-01 3.002462311558e-04 3.115385027157e-01 3.002462311558e-04 1.857922274917e-01 3.002462311558e-04 3.086958633815e-01
3.022613065327e-04 1.934486944584e-01 3.022613065327e-04 3.116262242533e-01 3.022613065327e-04 1.857794193567e-01 3.022613065327e-04 3.086966213860e-01
3.042763819095e-04 1.934215560497e-01 3.042763819095e-04 3.117051057859e-01 3.042763819095e-04 1.857683887969e-01 3.042763819095e-04 3.086972404980e-01
3.062914572864e-04 1.933973698471e-01 3.062914572864e-04 3.117760202151e-01 3.062914572864e-04 1.857588894678e-01 3.062914572864e-04 3.086977461655e-01
3.083065326633e-04 1.933758166046e-01 3.083065326633e-04 3.118397577403e-01 3.083065326633e-04 1.857507090619e-01 3.083065326633e-04 3.086981591743e-01
3.103216080402e-04 1.933566112058e-01 3.103216080402e-04 3.118970330096e-01 3.103216080402e-04 1.857436646344e-01 3.103216080402e-04 3.086984965022e-01
3.123366834171e-04 1.933394990964e-01 3.123366834171e-04 3.119484917897e-01 3.123366834171e-04 1.857375985630e-01 3.123366834171e-04 3.086987720167e-01
3.143517587940e-04 1.933242530728e-01 3.143517587940e-04 3.119947171577e-01 3.143517587940e-04 1.857323750579e-01 3.143517587940e-04 3.086989970442e-01
3.163668341709e-04 1.933106703948e-01 3.163668341709e-04 3.120362352261e-01 3.163668341709e-04 1.857278771488e-01 3.163668341709e-04 3.086991808361e-01
3.183819095477e-04 1.932985701924e-01 3.183819095477e-04 3.120735204160e-01 3.183819095477e-04 1.857240040845e-01 3.183819095477e-04 3.086993309484e-01
3.203969849246e-04 1.932877911387e-01 3.203969849246e-04 3.121070003011e-01 3.203969849246e-04 1.857206690898e-01 3.203969849246e-04 3.086994535528e-01
3.224120603015e-04 1.932781893643e-01 3.224120603015e-04 3.121370600438e-01 3.224120603015e-04 1.857177974308e-01 3.224120603015e-04 3.086995536900e-01
3.244271356784e-04 1.932696365884e-01 3.244271356784e-04 3.121640464493e-01 3.244271356784e-04 1.857153247468e-01 3.244271356784e-04 3.086996354770e-01
3.264422110553e-04 1.932620184459e-01 3.264422110553e-04 3.121882716619e-01 3.264422110553e-04 1.857131956128e-01 3.264422110553e-04 3.086997022765e-01
3.284572864322e-04 1.932552329910e-01 3.284572864322e-04 3.122100165302e-01 3.284572864322e-04 1.857113623003e-01 3.284572864322e-04 3.086997568349e-01
3.304723618090e-04 1.932491893584e-01 3.304723618090e-04 3.122295336647e-01 3.304723618090e-04 1.857097837096e-01 3.304723618090e-04 3.086998013954e-01
3.324874371859e-04 1.932438065674e-01 3.324874371859e-04 3.122470502127e-01 3.324874371859e-04 1.857084244497e-01 3.324874371859e-04 3.086998377902e-01
3.345025125628e-04 1.932390124525e-01 3.345025125628e-04 3.122627703730e-01 3.345025125628e-04 1.857072540463e-01 3.345025125628e-04 3.086998675155e-01
3.365175879397e-04 1.932347427098e-01 3.365175879397e-04 3.122768776729e-01 3.365175879397e-04 1.857062462585e-01 3.365175879397e-04 3.086998917936e-01
3.385326633166e-04 1.932309400437e-01 3.385326633166e-04 3.122895370269e-01 3.385326633166e-04 1.857053784915e-01 3.385326633166e-04 3.086999116227e-01
3.405477386935e-04 1.932275534068e-01 3.405477386935e-04 3.123008965977e-01 3.405477386935e-04 1.857046312896e-01 3.405477386935e-04 3.086999278180e-01
3.425628140704e-04 1.932245373212e-01 3.425628140704e-04 3.123110894759e-01 3.425628140704e-04 1.857039879007e-01 3.425628140704e-04 3.086999410456e-01
3.445778894472e-04 1.932218512723e-01 3.445778894472e-04 3.123202351956e-01 3.445778894472e-04 1.857034339003e-01 3.445778894472e-04 3.086999518491e-01
3.465929648241e-04 1.932194591693e-01 3.465929648241e-04 3.123284411018e-01 3.465929648241e-04 1.857029568683e-01 3.465929648241e-04 3.086999606729e-01
3.486080402010e-04 1.932173288630e-01 3.486080402010e-04 3.123358035813e-01 3.486080402010e-04 1.857025461103e-01 3.486080402010e-04 3.086999678797e-01
3.506231155779e-04 1.932154317168e-01 3.506231155779e-04 3.123424091726e-01 3.506231155779e-04 1.857021924180e-01 3.506231155779e-04 3.086999737658e-01
3.526381909548e-04 1.932137422232e-01 3.526381909548e-04 3.123483355651e-01 3.526381909548e-04 1.857018878627e-01 3.526381909548e-04 3.086999785733e-01
3.546532663317e-04 1.932122376628e-01 3.546532663317e-04 3.123536524976e-01 3.546532663317e-04 1.857016256174e-01 3.546532663317e-04 3.086999824998e-01
3.566683417085e-04 1.932108978002e-01 3.566683417085e-04 3.123584225677e-01 3.566683417085e-04 1.857013998036e-01 3.566683417085e-04 3.086999857068e-01
3.586834170854e-04 1.932097046124e-01 3.586834170854e-04 3.123627019590e-01 3.586834170854e-04 1.857012053599e-01 3.586834170854e-04 3.086999883260e-01
3.606984924623e-04 1.932086420475e-01 3.606984924623e-04 3.123665410951e-01 3.606984924623e-04 1.857010379278e-01 3.606984924623e-04 3.086999904653e-01
3.627135678392e-04 1.932076958095e-01 3.627135678392e-04 3.123699852282e-01 3.627135678392e-04 1.857008937546e-01 3.627135678392e-04 3.086999922126e-01
3.647286432161e-04 1.932068531662e-01 3.647286432161e-04 3.123730749671e-01 3.647286432161e-04 1.857007696091e-01 3.647286432161e-04 3.086999936396e-01
3.667437185930e-04 1.932061027781e-01 3.667437185930e-04 3.123758467520e-01 3.667437185930e-04 1.857006627089e-01 3.667437185930e-04 3.086999948052e-01
3.687587939698e-04 1.932054345468e-01 3.687587939698e-04 3.123783332815e-01 3.687587939698e-04 1.857005706582e-01 3.687587939698e-04 3.086999957572e-01
3.707738693467e-04 1.932048394788e-01 3.707738693467e-04 3.123805638956e-01 3.707738693467e-04 1.857004913942e-01 3.707738693467e-04 3.086999965347e-01
3.727889447236e-04 1.932043095646e-01 3.727889447236e-04 3.123825649199e-01 3.727889447236e-04 1.857004231404e-01 3.727889447236e-04 3.086999971697e-01
3.748040201005e-04 1.932038376716e-01 3.748040201005e-04 3.123843599744e-01 3.748040201005e-04 1.857003643675e-01 3.748040201005e-04 3.086999976884e-01
3.768190954774e-04 1.932034174476e-01 3.768190954774e-04 3.123859702514e-01 3.768190954774e-04 1.857003137584e-01 3.768190954774e-04 3.086999981120e-01
3.788341708543e-04 1.932030432358e-01 3.788341708543e-04 3.123874147645e-01 3.788341708543e-04 1.857002701790e-01 3.788341708543e-04 3.086999984580e-01
3.808492462312e-04 1.932027099986e-01 3.808492462312e-04 3.123887105718e-01 3.808492462312e-04 1.857002326528e-01 3.808492462312e-04 3.086999987405e-01
3.828643216080e-04 1.932024132498e-01 3.828643216080e-04 3.123898729776e-01 3.828643216080e-04 1.857002003390e-01 3.828643216080e-04 3.086999989713e-01
3.848793969849e-04 1.932021489943e-01 3.848793969849e-04 3.123909157118e-01 3.848793969849e-04 1.857001725135e-01 3.848793969849e-04 3.086999991598e-01
3.868944723618e-04 1.932019136745e-01 3.868944723618e-04 3.123918510918e-01 3.868944723618e-04 1.857001485529e-01 3.868944723618e-04 3.086999993138e-01
3.889095477387e-04 1.932017041220e-01 3.889095477387e-04 3.123926901681e-01 3.889095477387e-04 1.857001279204e-01 3.889095477387e-04 3.086999994396e-01
3.909246231156e-04 1.932015175155e-01 3.909246231156e-04 3.123934428537e-01 3.909246231156e-04 1.857001101536e-01 3.909246231156e-04 3.086999995423e-01
3.929396984925e-04 1.932013513425e-01 3.929396984925e-04 3.123941180421e-01 3.929396984925e-04 1.857000948545e-01 3.929396984925e-04 3.086999996261e-01
3.949547738693e-04 1.932012033657e-01 3.949547738693e-04 3.123947237111e-01 3.949547738693e-04 1.857000816803e-01 3.949547738693e-04 3.086999996947e-01
3.969698492462e-04 1.932010715926e-01 3.969698492462e-04 3.123952670179e-01 3.969698492462e-04 1.857000703359e-01 3.969698492462e-04 3.086999997506e-01
3.989849246231e-04 1.932009542490e-01 3.989849246231e-04 3.123957543826e-01 3.989849246231e-04 1.857000605672e-01 3.989849246231e-04 3.086999997963e-01
4.010000000000e-04 1.932008497547e-01 4.010000000000e-04 3.123961915648e-01 4.010000000000e-04 1.857000521552e-01 4.010000000000e-04 3.086999998336e-01
