0.000000000000e+00 1.324033338562e-01 0.000000000000e+00 1.026057853048e-01 0.000000000000e+00 2.839999999728e-01 0.000000000000e+00 2.786542305129e-01 0.000000000000e+00 2.024266319742e-01
2.894472361809e-06 1.324036666117e-01 2.894472361809e-06 1.026064202547e-01 2.894472361809e-06 2.839999999655e-01 2.894472361809e-06 2.786425478858e-01 2.894472361809e-06 2.024405394706e-01
5.788944723618e-06 1.324040325856e-01 5.788944723618e-06 1.026071248816e-01 5.788944723618e-06 2.839999999562e-01 5.788944723618e-06 2.786299301920e-01 5.788944723618e-06 2.024553019510e-01
8.683417085427e-06 1.324044350957e-01 8.683417085427e-06 1.026079068296e-01 8.683417085427e-06 2.839999999444e-01 8.683417085427e-06 2.786163028145e-01 8.683417085427e-06 2.024709719776e-01
1.157788944724e-05 1.324048777908e-01 1.157788944724e-05 1.026087745803e-01 1.157788944724e-05 2.839999999293e-01 1.157788944724e-05 2.786015852214e-01 1.157788944724e-05 2.024876053275e-01
1.447236180905e-05 1.324053646849e-01 1.447236180905e-05 1.026097375455e-01 1.447236180905e-05 2.839999999103e-01 1.447236180905e-05 2.785856905048e-01 1.447236180905e-05 2.025052611861e-01
1.736683417085e-05 1.324059001932e-01 1.736683417085e-05 1.026108061682e-01 1.736683417085e-05 2.839999998860e-01 1.736683417085e-05 2.785685248830e-01 1.736683417085e-05 2.025240023509e-01
2.026130653266e-05 1.324064891723e-01 2.026130653266e-05 1.026119920360e-01 2.026130653266e-05 2.839999998552e-01 2.026130653266e-05 2.785499871669e-01 2.026130653266e-05 2.025438954477e-01
2.315577889447e-05 1.324071369650e-01 2.315577889447e-05 1.026133080060e-01 2.315577889447e-05 2.839999998161e-01 2.315577889447e-05 2.785299681861e-01 2.315577889447e-05 2.025650111583e-01
2.605025125628e-05 1.324078494484e-01 2.605025125628e-05 1.026147683438e-01 2.605025125628e-05 2.839999997664e-01 2.605025125628e-05 2.785083501717e-01 2.605025125628e-05 2.025874244618e-01
2.894472361809e-05 1.324086330879e-01 2.894472361809e-05 1.026163888772e-01 2.894472361809e-05 2.839999997033e-01 2.894472361809e-05 2.784850060946e-01 2.894472361809e-05 2.026112148881e-01
3.183919597990e-05 1.324094949961e-01 3.183919597990e-05 1.026181871672e-01 3.183919597990e-05 2.839999996232e-01 3.183919597990e-05 2.784597989550e-01 3.183919597990e-05 2.026364667868e-01
3.473366834171e-05 1.324104429982e-01 3.473366834171e-05 1.026201826968e-01 3.473366834171e-05 2.839999995214e-01 3.473366834171e-05 2.784325810201e-01 3.473366834171e-05 2.026632696095e-01
3.762814070352e-05 1.324114857033e-01 3.762814070352e-05 1.026223970811e-01 3.762814070352e-05 2.839999993921e-01 3.762814070352e-05 2.784031930079e-01 3.762814070352e-05 2.026917182079e-01
4.052261306533e-05 1.324126325832e-01 4.052261306533e-05 1.026248542997e-01 4.052261306533e-05 2.839999992279e-01 4.052261306533e-05 2.783714632118e-01 4.052261306533e-05 2.027219131481e-01
4.341708542714e-05 1.324138940599e-01 4.341708542714e-05 1.026275809543e-01 4.341708542714e-05 2.839999990193e-01 4.341708542714e-05 2.783372065648e-01 4.341708542714e-05 2.027539610404e-01
4.631155778894e-05 1.324152816007e-01 4.631155778894e-05 1.026306065543e-01 4.631155778894e-05 2.839999987544e-01 4.631155778894e-05 2.783002236381e-01 4.631155778894e-05 2.027879748876e-01
4.920603015075e-05 1.324168078245e-01 4.920603015075e-05 1.026339638329e-01 4.920603015075e-05 2.839999984179e-01 4.920603015075e-05 2.782602995713e-01 4.920603015075e-05 2.028240744500e-01
5.210050251256e-05 1.324184866176e-01 5.210050251256e-05 1.026376890977e-01 5.210050251256e-05 2.839999979905e-01 5.210050251256e-05 2.782172029306e-01 5.210050251256e-05 2.028623866295e-01
5.499497487437e-05 1.324203332622e-01 5.499497487437e-05 1.026418226188e-01 5.499497487437e-05 2.839999974476e-01 5.499497487437e-05 2.781706844913e-01 5.499497487437e-05 2.029030458721e-01
5.788944723618e-05 1.324223645779e-01 5.788944723618e-05 1.026464090582e-01 5.788944723618e-05 2.839999967580e-01 5.788944723618e-05 2.781204759411e-01 5.788944723618e-05 2.029461945910e-01
6.078391959799e-05 1.324245990781e-01 6.078391959799e-05 1.026514979453e-01 6.078391959799e-05 2.839999958822e-01 6.078391959799e-05 2.780662885012e-01 6.078391959799e-05 2.029919836081e-01
6.367839195980e-05 1.324270571417e-01 6.367839195980e-05 1.026571442035e-01 6.367839195980e-05 2.839999947697e-01 6.367839195980e-05 2.780078114611e-01 6.367839195980e-05 2.030405726182e-01
6.657286432161e-05 1.324297612041e-01 6.657286432161e-05 1.026634087321e-01 6.657286432161e-05 2.839999933566e-01 6.657286432161e-05 2.779447106255e-01 6.657286432161e-05 2.030921306726e-01
6.946733668342e-05 1.324327359664e-01 6.946733668342e-05 1.026703590502e-01 6.946733668342e-05 2.839999915616e-01 6.946733668342e-05 2.778766266703e-01 6.946733668342e-05 2.031468366844e-01
7.236180904523e-05 1.324360086281e-01 7.236180904523e-05 1.026780700083e-01 7.236180904523e-05 2.839999892818e-01 7.236180904523e-05 2.778031734044e-01 7.236180904523e-05 2.032048799564e-01
7.525628140704e-05 1.324396091435e-01 7.525628140704e-05 1.026866245748e-01 7.525628140704e-05 2.839999863859e-01 7.525628140704e-05 2.777239359385e-01 7.525628140704e-05 2.032664607296e-01
7.815075376884e-05 1.324435705052e-01 7.815075376884e-05 1.026961147044e-01 7.815075376884e-05 2.839999827075e-01 7.815075376884e-05 2.776384687581e-01 7.815075376884e-05 2.033317907544e-01
8.104522613065e-05 1.324479290585e-01 8.104522613065e-05 1.027066422965e-01 8.104522613065e-05 2.839999780352e-01 8.104522613065e-05 2.775462937018e-01 8.104522613065e-05 2.034010938833e-01
8.393969849246e-05 1.324527248484e-01 8.393969849246e-05 1.027183202529e-01 8.393969849246e-05 2.839999721004e-01 8.393969849246e-05 2.774468978470e-01 8.393969849246e-05 2.034746066854e-01
8.683417085427e-05 1.324580020057e-01 8.683417085427e-05 1.027312736435e-01 8.683417085427e-05 2.839999645619e-01 8.683417085427e-05 2.773397313056e-01 8.683417085427e-05 2.035525790822e-01
8.972864321608e-05 1.324638091730e-01 8.972864321608e-05 1.027456409901e-01 8.972864321608e-05 2.839999549864e-01 8.972864321608e-05 2.772242049338e-01 8.972864321608e-05 2.036352750039e-01
9.262311557789e-05 1.324701999797e-01 9.262311557789e-05 1.027615756799e-01 9.262311557789e-05 2.839999428233e-01 9.262311557789e-05 2.770996879643e-01 9.262311557789e-05 2.037229730659e-01
9.551758793970e-05 1.324772335678e-01 9.551758793970e-05 1.027792475195e-01 9.551758793970e-05 2.839999273735e-01 9.551758793970e-05 2.769655055686e-01 9.551758793970e-05 2.038159672635e-01
9.841206030151e-05 1.324849751774e-01 9.841206030151e-05 1.027988444413e-01 9.841206030151e-05 2.839999077487e-01 9.841206030151e-05 2.768209363623e-01 9.841206030151e-05 2.039145676851e-01
1.013065326633e-04 1.324934967980e-01 1.013065326633e-04 1.028205743763e-01 1.013065326633e-04 2.839998828206e-01 1.013065326633e-04 2.766652098677e-01 1.013065326633e-04 2.040191012404e-01
1.042010050251e-04 1.325028778944e-01 1.042010050251e-04 1.028446673056e-01 1.042010050251e-04 2.839998511560e-01 1.042010050251e-04 2.764975039535e-01 1.042010050251e-04 2.041299124032e-01
1.070954773869e-04 1.325132062158e-01 1.070954773869e-04 1.028713775042e-01 1.070954773869e-04 2.839998109341e-01 1.070954773869e-04 2.763169422744e-01 1.070954773869e-04 2.042473639654e-01
1.099899497487e-04 1.325245787002e-01 1.099899497487e-04 1.029009859923e-01 1.099899497487e-04 2.839997598424e-01 1.099899497487e-04 2.761225917371e-01 1.099899497487e-04 2.043718378004e-01
1.128844221106e-04 1.325371024856e-01 1.128844221106e-04 1.029338032061e-01 1.128844221106e-04 2.839996949431e-01 1.128844221106e-04 2.759134600286e-01 1.128844221106e-04 2.045037356318e-01
1.157788944724e-04 1.325508960431e-01 1.157788944724e-04 1.029701719032e-01 1.157788944724e-04 2.839996125043e-01 1.157788944724e-04 2.756884932432e-01 1.157788944724e-04 2.046434798050e-01
1.186733668342e-04 1.325660904470e-01 1.186733668342e-04 1.030104703146e-01 1.186733668342e-04 2.839995077856e-01 1.186733668342e-04 2.754465736558e-01 1.186733668342e-04 2.047915140560e-01
1.215678391960e-04 1.325828308040e-01 1.215678391960e-04 1.030551155541e-01 1.215678391960e-04 2.839993747651e-01 1.215678391960e-04 2.751865176932e-01 1.215678391960e-04 2.049483042747e-01
1.244623115578e-04 1.326012778604e-01 1.244623115578e-04 1.031045672955e-01 1.244623115578e-04 2.839992057932e-01 1.244623115578e-04 2.749070741659e-01 1.244623115578e-04 2.051143392560e-01
1.273567839196e-04 1.326216098166e-01 1.273567839196e-04 1.031593317229e-01 1.273567839196e-04 2.839989911529e-01 1.273567839196e-04 2.746069228269e-01 1.273567839196e-04 2.052901314331e-01
1.302512562814e-04 1.326440243765e-01 1.302512562814e-04 1.032199657565e-01 1.302512562814e-04 2.839987185005e-01 1.302512562814e-04 2.742846733380e-01 1.302512562814e-04 2.054762175880e-01
1.331457286432e-04 1.326687410698e-01 1.331457286432e-04 1.032870815508e-01 1.331457286432e-04 2.839983721557e-01 1.331457286432e-04 2.739388647284e-01 1.331457286432e-04 2.056731595304e-01
1.360402010050e-04 1.326960038872e-01 1.360402010050e-04 1.033613512559e-01 1.360402010050e-04 2.839979322000e-01 1.360402010050e-04 2.735679654427e-01 1.360402010050e-04 2.058815447381e-01
1.389346733668e-04 1.327260842788e-01 1.389346733668e-04 1.034435120209e-01 1.389346733668e-04 2.839973733311e-01 1.389346733668e-04 2.731703740834e-01 1.389346733668e-04 2.061019869511e-01
1.418291457286e-04 1.327592845723e-01 1.418291457286e-04 1.035343712114e-01 1.418291457286e-04 2.839966634078e-01 1.418291457286e-04 2.727444209595e-01 1.418291457286e-04 2.063351267094e-01
1.447236180905e-04 1.327959418817e-01 1.447236180905e-04 1.036348117953e-01 1.447236180905e-04 2.839957616019e-01 1.447236180905e-04 2.722883705648e-01 1.447236180905e-04 2.065816318251e-01
1.476180904523e-04 1.328364325836e-01 1.476180904523e-04 1.037457978368e-01 1.476180904523e-04 2.839946160510e-01 1.476180904523e-04 2.718004251097e-01 1.476180904523e-04 2.068421977793e-01
1.505125628141e-04 1.328811774614e-01 1.505125628141e-04 1.038683800167e-01 1.505125628141e-04 2.839931608772e-01 1.505125628141e-04 2.712787292400e-01 1.505125628141e-04 2.071175480304e-01
1.534070351759e-04 1.329306476271e-01 1.534070351759e-04 1.040037010726e-01 1.534070351759e-04 2.839913124014e-01 1.534070351759e-04 2.707213760722e-01 1.534070351759e-04 2.074084342244e-01
1.563015075377e-04 1.329853713583e-01 1.563015075377e-04 1.041530010253e-01 1.563015075377e-04 2.839889643363e-01 1.563015075377e-04 2.701264146763e-01 1.563015075377e-04 2.077156362935e-01
1.591959798995e-04 1.330459420102e-01 1.591959798995e-04 1.043176220209e-01 1.591959798995e-04 2.839859816829e-01 1.591959798995e-04 2.694918591274e-01 1.591959798995e-04 2.080399624286e-01
1.620904522613e-04 1.331130271939e-01 1.620904522613e-04 1.044990125849e-01 1.620904522613e-04 2.839821929831e-01 1.620904522613e-04 2.688156992346e-01 1.620904522613e-04 2.083822489140e-01
1.649849246231e-04 1.331873794486e-01 1.649849246231e-04 1.046987310362e-01 1.649849246231e-04 2.839773804865e-01 1.649849246231e-04 2.680959130392e-01 1.649849246231e-04 2.087433598064e-01
1.678793969849e-04 1.332698486800e-01 1.678793969849e-04 1.049184477656e-01 1.678793969849e-04 2.839712676748e-01 1.678793969849e-04 2.673304811419e-01 1.678793969849e-04 2.091241864450e-01
1.707738693467e-04 1.333613966863e-01 1.707738693467e-04 1.051599460321e-01 1.707738693467e-04 2.839635034373e-01 1.707738693467e-04 2.665174028887e-01 1.707738693467e-04 2.095256467739e-01
1.736683417085e-04 1.334631141574e-01 1.736683417085e-04 1.054251208760e-01 1.736683417085e-04 2.839536420091e-01 1.736683417085e-04 2.656547143941e-01 1.736683417085e-04 2.099486844595e-01
1.765628140704e-04 1.335762406022e-01 1.765628140704e-04 1.057159756993e-01 1.765628140704e-04 2.839411175507e-01 1.765628140704e-04 2.647405083292e-01 1.765628140704e-04 2.103942677842e-01
1.794572864322e-04 1.337021877451e-01 1.794572864322e-04 1.060346160141e-01 1.794572864322e-04 2.839252119613e-01 1.794572864322e-04 2.637729553319e-01 1.794572864322e-04 2.108633882936e-01
1.823517587940e-04 1.338425670304e-01 1.823517587940e-04 1.063832398221e-01 1.823517587940e-04 2.839050141618e-01 1.823517587940e-04 2.627503268236e-01 1.823517587940e-04 2.113570591766e-01
1.852462311558e-04 1.339992219832e-01 1.852462311558e-04 1.067641240650e-01 1.852462311558e-04 2.838793686472e-01 1.852462311558e-04 2.616710189279e-01 1.852462311558e-04 2.118763133516e-01
1.881407035176e-04 1.341742663052e-01 1.881407035176e-04 1.071796065828e-01 1.881407035176e-04 2.838468105779e-01 1.881407035176e-04 2.605335770941e-01 1.881407035176e-04 2.124222012313e-01
1.910351758794e-04 1.343701287208e-01 1.910351758794e-04 1.076320630512e-01 1.910351758794e-04 2.838054840440e-01 1.910351758794e-04 2.593367209279e-01 1.910351758794e-04 2.129957881363e-01
1.939296482412e-04 1.345896057377e-01 1.939296482412e-04 1.081238784398e-01 1.939296482412e-04 2.837530393934e-01 1.939296482412e-04 2.580793686312e-01 1.939296482412e-04 2.135981513195e-01
1.968241206030e-04 1.348359236388e-01 1.968241206030e-04 1.086574126642e-01 1.968241206030e-04 2.836865046668e-01 1.968241206030e-04 2.567606603508e-01 1.968241206030e-04 2.142303765646e-01
1.997185929648e-04 1.351128111606e-01 1.997185929648e-04 1.092349602985e-01 1.997185929648e-04 2.836021252640e-01 1.997185929648e-04 2.553799796467e-01 1.997185929648e-04 2.148935543115e-01
2.026130653266e-04 1.354245844210e-01 2.026130653266e-04 1.098587044899e-01 2.026130653266e-04 2.834951650420e-01 2.026130653266e-04 2.539369722090e-01 2.026130653266e-04 2.155887752595e-01
2.055075376884e-04 1.357762457013e-01 2.055075376884e-04 1.105306655781e-01 2.055075376884e-04 2.833596612568e-01 2.055075376884e-04 2.524315608971e-01 2.055075376884e-04 2.163171253886e-01
2.084020100503e-04 1.361735976098e-01 2.084020100503e-04 1.112526453742e-01 2.084020100503e-04 2.831881253484e-01 2.084020100503e-04 2.508639561425e-01 2.084020100503e-04 2.170796803366e-01
2.112964824121e-04 1.366233738828e-01 2.112964824121e-04 1.120261686025e-01 2.112964824121e-04 2.829711819470e-01 2.112964824121e-04 2.492346607634e-01 2.112964824121e-04 2.178774990592e-01
2.141909547739e-04 1.371333875008e-01 2.141909547739e-04 1.128524236284e-01 2.141909547739e-04 2.826971403156e-01 2.141909547739e-04 2.475444682823e-01 2.141909547739e-04 2.187116166950e-01
2.170854271357e-04 1.377126957582e-01 2.170854271357e-04 1.137322052846e-01 2.170854271357e-04 2.823514967536e-01 2.170854271357e-04 2.457944539350e-01 2.170854271357e-04 2.195830365513e-01
2.199798994975e-04 1.383717802157e-01 2.199798994975e-04 1.146658633141e-01 2.199798994975e-04 2.819163747762e-01 2.199798994975e-04 2.439859576977e-01 2.199798994975e-04 2.204927211224e-01
2.228743718593e-04 1.391227368076e-01 2.228743718593e-04 1.156532606387e-01 2.228743718593e-04 2.813699242114e-01 2.228743718593e-04 2.421205588600e-01 2.228743718593e-04 2.214415820497e-01
2.257688442211e-04 1.399794674440e-01 2.257688442211e-04 1.166937462706e-01 2.257688442211e-04 2.806857233186e-01 2.257688442211e-04 2.402000419128e-01 2.257688442211e-04 2.224304689359e-01
2.286633165829e-04 1.409578588556e-01 2.286633165829e-04 1.177861481566e-01 2.286633165829e-04 2.798322624386e-01 2.286633165829e-04 2.382263538174e-01 2.286633165829e-04 2.234601569331e-01
2.315577889447e-04 1.420759268219e-01 2.315577889447e-04 1.189287915058e-01 2.315577889447e-04 2.787726355830e-01 2.315577889447e-04 2.362015530531e-01 2.315577889447e-04 2.245313330369e-01
2.344522613065e-04 1.433538940695e-01 2.344522613065e-04 1.201195481536e-01 2.344522613065e-04 2.774646270740e-01 2.344522613065e-04 2.341277512039e-01 2.344522613065e-04 2.256445810426e-01
2.373467336683e-04 1.448141581402e-01 2.373467336683e-04 1.213559222108e-01 2.373467336683e-04 2.758614468211e-01 2.373467336683e-04 2.320070482273e-01 2.373467336683e-04 2.268003651512e-01
2.402412060302e-04 1.464810922014e-01 2.402412060302e-04 1.226351766086e-01 2.402412060302e-04 2.739134215851e-01 2.402412060302e-04 2.298414629364e-01 2.402412060302e-04 2.279990122556e-01
2.431356783920e-04 1.483806090327e-01 2.431356783920e-04 1.239545041793e-01 2.431356783920e-04 2.715709551786e-01 2.431356783920e-04 2.276328606006e-01 2.431356783920e-04 2.292406929938e-01
2.460301507538e-04 1.505394098840e-01 2.460301507538e-04 1.253112456029e-01 2.460301507538e-04 2.687889739608e-01 2.460301507538e-04 2.253828799332e-01 2.460301507538e-04 2.305254017256e-01
2.489246231156e-04 1.529838412823e-01 2.489246231156e-04 1.267031548888e-01 2.489246231156e-04 2.655328128247e-01 2.489246231156e-04 2.230928620476e-01 2.489246231156e-04 2.318529356687e-01
2.518190954774e-04 1.557383019519e-01 2.518190954774e-04 1.281287109872e-01 2.518190954774e-04 2.617850326561e-01 2.518190954774e-04 2.207637842437e-01 2.518190954774e-04 2.332228735263e-01
2.547135678392e-04 1.588231875179e-01 2.547135678392e-04 1.295874714539e-01 2.547135678392e-04 2.575520352482e-01 2.547135678392e-04 2.183962017016e-01 2.547135678392e-04 2.346345540381e-01
2.576080402010e-04 1.622524393045e-01 2.576080402010e-04 1.310804605032e-01 2.576080402010e-04 2.528687391529e-01 2.576080402010e-04 2.159902003091e-01 2.576080402010e-04 2.360870549962e-01
2.605025125628e-04 1.660308750863e-01 2.605025125628e-04 1.326105786977e-01 2.605025125628e-04 2.477993291083e-01 2.605025125628e-04 2.135453639256e-01 2.605025125628e-04 2.375791733721e-01
2.633969849246e-04 1.701516106084e-01 2.633969849246e-04 1.341830141263e-01 2.633969849246e-04 2.424325466991e-01 2.633969849246e-04 2.110607593708e-01 2.633969849246e-04 2.391094073009e-01
2.662914572864e-04 1.745939997202e-01 2.662914572864e-04 1.358056241638e-01 2.662914572864e-04 2.368712804711e-01 2.662914572864e-04 2.085349423093e-01 2.662914572864e-04 2.406759407529e-01
2.691859296482e-04 1.793225805943e-01 2.691859296482e-04 1.374892416842e-01 2.691859296482e-04 2.312180155725e-01 2.691859296482e-04 2.059659869605e-01 2.691859296482e-04 2.422766317768e-01
2.720804020101e-04 1.842874650958e-01 2.720804020101e-04 1.392478392209e-01 2.720804020101e-04 2.255592739146e-01 2.720804020101e-04 2.033515421755e-01 2.720804020101e-04 2.439090052230e-01
2.749748743719e-04 1.894264181513e-01 2.749748743719e-04 1.410984595838e-01 2.749748743719e-04 2.199527546094e-01 2.749748743719e-04 2.006889158493e-01 2.749748743719e-04 2.455702508321e-01
2.778693467337e-04 1.946685611522e-01 2.778693467337e-04 1.430607950490e-01 2.778693467337e-04 2.144201995783e-01 2.778693467337e-04 1.979751888488e-01 2.778693467337e-04 2.472572274968e-01
2.807638190955e-04 1.999392732459e-01 2.807638190955e-04 1.451562771938e-01 2.807638190955e-04 2.089474593843e-01 2.807638190955e-04 1.952073585941e-01 2.807638190955e-04 2.489664743778e-01
2.836582914573e-04 2.051655710624e-01 2.836582914573e-04 1.474065399224e-01 2.836582914573e-04 2.034915670591e-01 2.836582914573e-04 1.923825111106e-01 2.836582914573e-04 2.506942293610e-01
2.865527638191e-04 2.102811269611e-01 2.865527638191e-04 1.498311601585e-01 2.865527638191e-04 1.979934072663e-01 2.865527638191e-04 1.894980187490e-01 2.865527638191e-04 2.524364551037e-01
2.894472361809e-04 2.152301842702e-01 2.894472361809e-04 1.524446879360e-01 2.894472361809e-04 1.923938794772e-01 2.894472361809e-04 1.865517588857e-01 2.894472361809e-04 2.541888726276e-01
2.923417085427e-04 2.199699072369e-01 2.923417085427e-04 1.552531657122e-01 2.923417085427e-04 1.866510247579e-01 2.923417085427e-04 1.835423468088e-01 2.923417085427e-04 2.559470020997e-01
2.952361809045e-04 2.244710614533e-01 2.952361809045e-04 1.582505931737e-01 2.952361809045e-04 1.807551662862e-01 2.952361809045e-04 1.804693737900e-01 2.952361809045e-04 2.577062101071e-01
2.981306532663e-04 2.287172415020e-01 2.981306532663e-04 1.614160564406e-01 2.981306532663e-04 1.747388133435e-01 2.981306532663e-04 1.773336392197e-01 2.981306532663e-04 2.594617624142e-01
3.010251256281e-04 2.327030659509e-01 3.010251256281e-04 1.647123917342e-01 3.010251256281e-04 1.686784065112e-01 3.010251256281e-04 1.741373638629e-01 3.010251256281e-04 2.612088808937e-01
3.039195979899e-04 2.364318227259e-01 3.039195979899e-04 1.680871538215e-01 3.039195979899e-04 1.626864785884e-01 3.039195979899e-04 1.708843700748e-01 3.039195979899e-04 2.629428030914e-01
3.068140703518e-04 2.399129964952e-01 3.068140703518e-04 1.714762284460e-01 3.068140703518e-04 1.568954318959e-01 3.068140703518e-04 1.675802144845e-01 3.068140703518e-04 2.646588427139e-01
3.097085427136e-04 2.431599938590e-01 3.097085427136e-04 1.748097352789e-01 3.097085427136e-04 1.514369261073e-01 3.097085427136e-04 1.642322594936e-01 3.097085427136e-04 2.663524492556e-01
3.126030150754e-04 2.461882504642e-01 3.126030150754e-04 1.780191573282e-01 3.126030150754e-04 1.464223763373e-01 3.126030150754e-04 1.608496721164e-01 3.126030150754e-04 2.680192649926e-01
3.154974874372e-04 2.490137899240e-01 3.154974874372e-04 1.810442201593e-01 3.154974874372e-04 1.419293744840e-01 3.154974874372e-04 1.574433422833e-01 3.154974874372e-04 2.696551776805e-01
3.183919597990e-04 2.516522227294e-01 3.183919597990e-04 1.838381323193e-01 3.183919597990e-04 1.379963593447e-01 3.183919597990e-04 1.540257175682e-01 3.183919597990e-04 2.712563674877e-01
3.212864321608e-04 2.541181254893e-01 3.212864321608e-04 1.863703425649e-01 3.212864321608e-04 1.346249612178e-01 3.212864321608e-04 1.506105570750e-01 3.212864321608e-04 2.728193469601e-01
3.241809045226e-04 2.564247204728e-01 3.241809045226e-04 1.886267084507e-01 3.241809045226e-04 1.317874829480e-01 3.241809045226e-04 1.472126133572e-01 3.241809045226e-04 2.743409931269e-01
3.270753768844e-04 2.585837738216e-01 3.270753768844e-04 1.906075941696e-01 3.270753768844e-04 1.294364640185e-01 3.270753768844e-04 1.438472571073e-01 3.270753768844e-04 2.758185712055e-01
3.299698492462e-04 2.606056399025e-01 3.299698492462e-04 1.923247333561e-01 3.299698492462e-04 1.275138750954e-01 3.299698492462e-04 1.405300642178e-01 3.299698492462e-04 2.772497497103e-01
3.328643216080e-04 2.624993930461e-01 3.328643216080e-04 1.937976934153e-01 3.328643216080e-04 1.259585364552e-01 3.328643216080e-04 1.372763880655e-01 3.328643216080e-04 2.786326071044e-01
3.357587939698e-04 2.642730024745e-01 3.357587939698e-04 1.950505731768e-01 3.357587939698e-04 1.247113055156e-01 3.357587939698e-04 1.341009410698e-01 3.357587939698e-04 2.799656304336e-01
3.386532663317e-04 2.659335194162e-01 3.386532663317e-04 1.961092943744e-01 3.386532663317e-04 1.237181976448e-01 3.386532663317e-04 1.310174085670e-01 3.386532663317e-04 2.812477066274e-01
3.415477386935e-04 2.674872562932e-01 3.415477386935e-04 1.969996100389e-01 3.415477386935e-04 1.229318883544e-01 3.415477386935e-04 1.280381149703e-01 3.415477386935e-04 2.824781073481e-01
3.444422110553e-04 2.689399462704e-01 3.444422110553e-04 1.977457929096e-01 3.444422110553e-04 1.223120967258e-01 3.444422110553e-04 1.251737574684e-01 3.444422110553e-04 2.836564683928e-01
3.473366834171e-04 2.702968775611e-01 3.473366834171e-04 1.983698849669e-01 3.473366834171e-04 1.218252813325e-01 3.473366834171e-04 1.224332167775e-01 3.473366834171e-04 2.847827647272e-01
3.502311557789e-04 2.715630010715e-01 3.502311557789e-04 1.988913649893e-01 3.502311557789e-04 1.214439710288e-01 3.502311557789e-04 1.198234484017e-01 3.502311557789e-04 2.858572822384e-01
3.531256281407e-04 2.727430126422e-01 3.531256281407e-04 1.993271008932e-01 3.531256281407e-04 1.211459476355e-01 3.531256281407e-04 1.173494521507e-01 3.531256281407e-04 2.868805872631e-01
3.560201005025e-04 2.738414126840e-01 3.560201005025e-04 1.996914786122e-01 3.560201005025e-04 1.209134134302e-01 3.560201005025e-04 1.150143128508e-01 3.560201005025e-04 2.878534948700e-01
3.589145728643e-04 2.748625467420e-01 3.589145728643e-04 1.999966274221e-01 3.589145728643e-04 1.207322164262e-01 3.589145728643e-04 1.128193016246e-01 3.589145728643e-04 2.887770367790e-01
3.618090452261e-04 2.758106307038e-01 3.618090452261e-04 2.002526867874e-01 3.618090452261e-04 1.205911672042e-01 3.618090452261e-04 1.107640249468e-01 3.618090452261e-04 2.896524296748e-01
3.647035175879e-04 2.766897642022e-01 3.647035175879e-04 2.004680797053e-01 3.647035175879e-04 1.204814572883e-01 3.647035175879e-04 1.088466078650e-01 3.647035175879e-04 2.904810445480e-01
3.675979899497e-04 2.775039353948e-01 3.675979899497e-04 2.006497720288e-01 3.675979899497e-04 1.203961758303e-01 3.675979899497e-04 1.070638981216e-01 3.675979899497e-04 2.912643775659e-01
3.704924623116e-04 2.782570198332e-01 3.704924623116e-04 2.008035071528e-01 3.704924623116e-04 1.203299148720e-01 3.704924623116e-04 1.054116791465e-01 3.704924623116e-04 2.920040228495e-01
3.733869346734e-04 2.789527756444e-01 3.733869346734e-04 2.009340118327e-01 3.733869346734e-04 1.202784509944e-01 3.733869346734e-04 1.038848817067e-01 3.733869346734e-04 2.927016474187e-01
3.762814070352e-04 2.795948367655e-01 3.762814070352e-04 2.010451727608e-01 3.762814070352e-04 1.202384909650e-01 3.762814070352e-04 1.024777861157e-01 3.762814070352e-04 2.933589684674e-01
3.791758793970e-04 2.801867055493e-01 3.791758793970e-04 2.011401856781e-01 3.791758793970e-04 1.202074699359e-01 3.791758793970e-04 1.011842090658e-01 3.791758793970e-04 2.939777330373e-01
3.820703517588e-04 2.807317456804e-01 3.820703517588e-04 2.012216798414e-01 3.820703517588e-04 1.201833921844e-01 3.820703517588e-04 9.999767117599e-02 3.820703517588e-04 2.945597000916e-01
3.849648241206e-04 2.812331760384e-01 3.849648241206e-04 2.012918210378e-01 3.849648241206e-04 1.201647059308e-01 3.849648241206e-04 9.891154313031e-02 3.849648241206e-04 2.951066249267e-01
3.878592964824e-04 2.816940658937e-01 3.878592964824e-04 2.013523963076e-01 3.878592964824e-04 1.201502052455e-01 3.878592964824e-04 9.791916973576e-02 3.878592964824e-04 2.956202458183e-01
3.907537688442e-04 2.821173316339e-01 3.907537688442e-04 2.014048833062e-01 3.907537688442e-04 1.201389533624e-01 3.907537688442e-04 9.701397236351e-02 3.907537688442e-04 2.961022727639e-01
3.936482412060e-04 2.825057350728e-01 3.936482412060e-04 2.014505069050e-01 3.936482412060e-04 1.201302228370e-01 3.936482412060e-04 9.618953104499e-02 3.936482412060e-04 2.965543781638e-01
3.965427135678e-04 2.828618832948e-01 3.965427135678e-04 2.014902852770e-01 3.965427135678e-04 1.201234489133e-01 3.965427135678e-04 9.543964802712e-02 3.965427135678e-04 2.969781892674e-01
3.994371859296e-04 2.831882299201e-01 3.994371859296e-04 2.015250673697e-01 3.994371859296e-04 1.201181932214e-01 3.994371859296e-04 9.475839488898e-02 3.994371859296e-04 2.973752822090e-01
4.023316582915e-04 2.834870776325e-01 4.023316582915e-04 2.015555633537e-01 4.023316582915e-04 1.201141155433e-01 4.023316582915e-04 9.414014543684e-02 4.023316582915e-04 2.977471774575e-01
4.052261306533e-04 2.837605817913e-01 4.052261306533e-04 2.015823693627e-01 4.052261306533e-04 1.201109518640e-01 4.052261306533e-04 9.357959657381e-02 4.052261306533e-04 2.980953365076e-01
4.081206030151e-04 2.840107549417e-01 4.081206030151e-04 2.016059876016e-01 4.081206030151e-04 1.201084973207e-01 4.081206030151e-04 9.307177922420e-02 4.081206030151e-04 2.984211596505e-01
4.110150753769e-04 2.842394720424e-01 4.110150753769e-04 2.016268427045e-01 4.110150753769e-04 1.201065929585e-01 4.110150753769e-04 9.261206121795e-02 4.110150753769e-04 2.987259846734e-01
4.139095477387e-04 2.844484762388e-01 4.139095477387e-04 2.016452950581e-01 4.139095477387e-04 1.201051154486e-01 4.139095477387e-04 9.219614383192e-02 4.139095477387e-04 2.990110863456e-01
4.168040201005e-04 2.846393850262e-01 4.168040201005e-04 2.016616516698e-01 4.168040201005e-04 1.201039691060e-01 4.168040201005e-04 9.182005346507e-02 4.168040201005e-04 2.992776765669e-01
4.196984924623e-04 2.848136966656e-01 4.196984924623e-04 2.016761750500e-01 4.196984924623e-04 1.201030796951e-01 4.196984924623e-04 9.148012970668e-02 4.196984924623e-04 2.995269050611e-01
4.225929648241e-04 2.849727967307e-01 4.225929648241e-04 2.016890904872e-01 4.225929648241e-04 1.201023896217e-01 4.225929648241e-04 9.117301085087e-02 4.225929648241e-04 2.997598605162e-01
4.254874371859e-04 2.851179646858e-01 4.254874371859e-04 2.017005920209e-01 4.254874371859e-04 1.201018542031e-01 4.254874371859e-04 9.089561772307e-02 4.254874371859e-04 2.999775720797e-01
4.283819095477e-04 2.852503804093e-01 4.283819095477e-04 2.017108473582e-01 4.283819095477e-04 1.201014387736e-01 4.283819095477e-04 9.064513651688e-02 4.283819095477e-04 3.001810111313e-01
4.312763819095e-04 2.853711305947e-01 4.312763819095e-04 2.017200019338e-01 4.312763819095e-04 1.201011164385e-01 4.312763819095e-04 9.041900119430e-02 4.312763819095e-04 3.003710932675e-01
4.341708542714e-04 2.854812149739e-01 4.341708542714e-04 2.017281822717e-01 4.341708542714e-04 1.201008663325e-01 4.341708542714e-04 9.021487587866e-02 4.341708542714e-04 3.005486804377e-01
4.370653266332e-04 2.855815523233e-01 4.370653266332e-04 2.017354987786e-01 4.370653266332e-04 1.201006722673e-01 4.370653266332e-04 9.003063756500e-02 4.370653266332e-04 3.007145831850e-01
4.399597989950e-04 2.856729862187e-01 4.399597989950e-04 2.017420480734e-01 4.399597989950e-04 1.201005216835e-01 4.399597989950e-04 8.986435938681e-02 4.399597989950e-04 3.008695629491e-01
4.428542713568e-04 2.857562905214e-01 4.428542713568e-04 2.017479149359e-01 4.428542713568e-04 1.201004048370e-01 4.428542713568e-04 8.971429460771e-02 4.428542713568e-04 3.010143343975e-01
4.457487437186e-04 2.858321745790e-01 4.457487437186e-04 2.017531739436e-01 4.457487437186e-04 1.201003141675e-01 4.457487437186e-04 8.957886145046e-02 4.457487437186e-04 3.011495677575e-01
4.486432160804e-04 2.859012881359e-01 4.486432160804e-04 2.017578908518e-01 4.486432160804e-04 1.201002438095e-01 4.486432160804e-04 8.945662883078e-02 4.486432160804e-04 3.012758911242e-01
4.515376884422e-04 2.859642259506e-01 4.515376884422e-04 2.017621237616e-01 4.515376884422e-04 1.201001892118e-01 4.515376884422e-04 8.934630302904e-02 4.515376884422e-04 3.013938927279e-01
4.544321608040e-04 2.860215321232e-01 4.544321608040e-04 2.017659241115e-01 4.544321608040e-04 1.201001468433e-01 4.544321608040e-04 8.924671530615e-02 4.544321608040e-04 3.015041231456e-01
4.573266331658e-04 2.860737041389e-01 4.573266331658e-04 2.017693375236e-01 4.573266331658e-04 1.201001139643e-01 4.573266331658e-04 8.915681045017e-02 4.573266331658e-04 3.016070974450e-01
4.602211055276e-04 2.861211966353e-01 4.602211055276e-04 2.017724045277e-01 4.602211055276e-04 1.201000884489e-01 4.602211055276e-04 8.907563622569e-02 4.602211055276e-04 3.017032972546e-01
4.631155778894e-04 2.861644249044e-01 4.631155778894e-04 2.017751611835e-01 4.631155778894e-04 1.201000686475e-01 4.631155778894e-04 8.900233368784e-02 4.631155778894e-04 3.017931727510e-01
4.660100502513e-04 2.862037681417e-01 4.660100502513e-04 2.017776396168e-01 4.660100502513e-04 1.201000532802e-01 4.660100502513e-04 8.893612831633e-02 4.660100502513e-04 3.018771445626e-01
4.689045226131e-04 2.862395724530e-01 4.689045226131e-04 2.017798684838e-01 4.689045226131e-04 1.201000413538e-01 4.689045226131e-04 8.887632192046e-02 4.689045226131e-04 3.019556055849e-01
4.717989949749e-04 2.862721536336e-01 4.717989949749e-04 2.017818733739e-01 4.717989949749e-04 1.201000320978e-01 4.717989949749e-04 8.882228526449e-02 4.717989949749e-04 3.020289227086e-01
4.746934673367e-04 2.863017997335e-01 4.746934673367e-04 2.017836771605e-01 4.746934673367e-04 1.201000249140e-01 4.746934673367e-04 8.877345136194e-02 4.746934673367e-04 3.020974384584e-01
4.775879396985e-04 2.863287734200e-01 4.775879396985e-04 2.017853003073e-01 4.775879396985e-04 1.201000193385e-01 4.775879396985e-04 8.872930938826e-02 4.775879396985e-04 3.021614725461e-01
4.804824120603e-04 2.863533141524e-01 4.804824120603e-04 2.017867611369e-01 4.804824120603e-04 1.201000150110e-01 4.804824120603e-04 8.868939916290e-02 4.804824120603e-04 3.022213233374e-01
4.833768844221e-04 2.863756401815e-01 4.833768844221e-04 2.017880760668e-01 4.833768844221e-04 1.201000116522e-01 4.833768844221e-04 8.865330615362e-02 4.833768844221e-04 3.022772692360e-01
4.862713567839e-04 2.863959503851e-01 4.862713567839e-04 2.017892598160e-01 4.862713567839e-04 1.201000090451e-01 4.862713567839e-04 8.862065695861e-02 4.862713567839e-04 3.023295699880e-01
4.891658291457e-04 2.864144259523e-01 4.891658291457e-04 2.017903255890e-01 4.891658291457e-04 1.201000070215e-01 4.891658291457e-04 8.859111522460e-02 4.891658291457e-04 3.023784679078e-01
4.920603015075e-04 2.864312319277e-01 4.920603015075e-04 2.017912852374e-01 4.920603015075e-04 1.201000054508e-01 4.920603015075e-04 8.856437796175e-02 4.920603015075e-04 3.024241890304e-01
4.949547738693e-04 2.864465186251e-01 4.949547738693e-04 2.017921494030e-01 4.949547738693e-04 1.201000042315e-01 4.949547738693e-04 8.854017221927e-02 4.949547738693e-04 3.024669441936e-01
4.978492462312e-04 2.864604229228e-01 4.978492462312e-04 2.017929276454e-01 4.978492462312e-04 1.201000032851e-01 4.978492462312e-04 8.851825208813e-02 4.978492462312e-04 3.025069300509e-01
5.007437185930e-04 2.864730694470e-01 5.007437185930e-04 2.017936285553e-01 5.007437185930e-04 1.201000025504e-01 5.007437185930e-04 8.849839600016e-02 5.007437185930e-04 3.025443300221e-01
5.036381909548e-04 2.864845716556e-01 5.036381909548e-04 2.017942598545e-01 5.036381909548e-04 1.201000019800e-01 5.036381909548e-04 8.848040429523e-02 5.036381909548e-04 3.025793151818e-01
5.065326633166e-04 2.864950328267e-01 5.065326633166e-04 2.017948284863e-01 5.065326633166e-04 1.201000015373e-01 5.065326633166e-04 8.846409703077e-02 5.065326633166e-04 3.026120450915e-01
5.094271356784e-04 2.865045469630e-01 5.094271356784e-04 2.017953406954e-01 5.094271356784e-04 1.201000011935e-01 5.094271356784e-04 8.844931201012e-02 5.094271356784e-04 3.026426685766e-01
5.123216080402e-04 2.865131996167e-01 5.123216080402e-04 2.017958020994e-01 5.123216080402e-04 1.201000009267e-01 5.123216080402e-04 8.843590300823e-02 5.123216080402e-04 3.026713244527e-01
5.152160804020e-04 2.865210686430e-01 5.152160804020e-04 2.017962177524e-01 5.152160804020e-04 1.201000007195e-01 5.152160804020e-04 8.842373817530e-02 5.152160804020e-04 3.026981422043e-01
5.181105527638e-04 2.865282248866e-01 5.181105527638e-04 2.017965922032e-01 5.181105527638e-04 1.201000005587e-01 5.181105527638e-04 8.841269860084e-02 5.181105527638e-04 3.027232426173e-01
5.210050251256e-04 2.865347328092e-01 5.210050251256e-04 2.017969295453e-01 5.210050251256e-04 1.201000004338e-01 5.210050251256e-04 8.840267702206e-02 5.210050251256e-04 3.027467383703e-01
5.238994974874e-04 2.865406510603e-01 5.238994974874e-04 2.017972334640e-01 5.238994974874e-04 1.201000003369e-01 5.238994974874e-04 8.839357666228e-02 5.238994974874e-04 3.027687345852e-01
5.267939698492e-04 2.865460329985e-01 5.267939698492e-04 2.017975072768e-01 5.267939698492e-04 1.201000002616e-01 5.267939698492e-04 8.838531018623e-02 5.267939698492e-04 3.027893293413e-01
5.296884422111e-04 2.865509271663e-01 5.296884422111e-04 2.017977539708e-01 5.296884422111e-04 1.201000002031e-01 5.296884422111e-04 8.837779876065e-02 5.296884422111e-04 3.028086141542e-01
5.325829145729e-04 2.865553777225e-01 5.325829145729e-04 2.017979762357e-01 5.325829145729e-04 1.201000001577e-01 5.325829145729e-04 8.837097120945e-02 5.325829145729e-04 3.028266744225e-01
5.354773869347e-04 2.865594248365e-01 5.354773869347e-04 2.017981764936e-01 5.354773869347e-04 1.201000001225e-01 5.354773869347e-04 8.836476325390e-02 5.354773869347e-04 3.028435898435e-01
5.383718592965e-04 2.865631050472e-01 5.383718592965e-04 2.017983569260e-01 5.383718592965e-04 1.201000000951e-01 5.383718592965e-04 8.835911682934e-02 5.383718592965e-04 3.028594348011e-01
5.412663316583e-04 2.865664515899e-01 5.412663316583e-04 2.017985194975e-01 5.412663316583e-04 1.201000000739e-01 5.412663316583e-04 8.835397947063e-02 5.412663316583e-04 3.028742787272e-01
5.441608040201e-04 2.865694946943e-01 5.441608040201e-04 2.017986659777e-01 5.441608040201e-04 1.201000000574e-01 5.441608040201e-04 8.834930375929e-02 5.441608040201e-04 3.028881864374e-01
5.470552763819e-04 2.865722618549e-01 5.470552763819e-04 2.017987979604e-01 5.470552763819e-04 1.201000000446e-01 5.470552763819e-04 8.834504682627e-02 5.470552763819e-04 3.029012184451e-01
5.499497487437e-04 2.865747780785e-01 5.499497487437e-04 2.017989168816e-01 5.499497487437e-04 1.201000000346e-01 5.499497487437e-04 8.834116990450e-02 5.499497487437e-04 3.029134312529e-01
5.528442211055e-04 2.865770661081e-01 5.528442211055e-04 2.017990240346e-01 5.528442211055e-04 1.201000000269e-01 5.528442211055e-04 8.833763792632e-02 5.528442211055e-04 3.029248776245e-01
5.557386934673e-04 2.865791466278e-01 5.557386934673e-04 2.017991205845e-01 5.557386934673e-04 1.201000000209e-01 5.557386934673e-04 8.833441916122e-02 5.557386934673e-04 3.029356068379e-01
5.586331658291e-04 2.865810384488e-01 5.586331658291e-04 2.017992075811e-01 5.586331658291e-04 1.201000000162e-01 5.586331658291e-04 8.833148488970e-02 5.586331658291e-04 3.029456649210e-01
5.615276381910e-04 2.865827586783e-01 5.615276381910e-04 2.017992859700e-01 5.615276381910e-04 1.201000000126e-01 5.615276381910e-04 8.832880910979e-02 5.615276381910e-04 3.029550948709e-01
5.644221105528e-04 2.865843228739e-01 5.644221105528e-04 2.017993566032e-01 5.644221105528e-04 1.201000000098e-01 5.644221105528e-04 8.832636827266e-02 5.644221105528e-04 3.029639368589e-01
5.673165829146e-04 2.865857451838e-01 5.673165829146e-04 2.017994202483e-01 5.673165829146e-04 1.201000000076e-01 5.673165829146e-04 8.832414104468e-02 5.673165829146e-04 3.029722284204e-01
5.702110552764e-04 2.865870384741e-01 5.702110552764e-04 2.017994775968e-01 5.702110552764e-04 1.201000000059e-01 5.702110552764e-04 8.832210809294e-02 5.702110552764e-04 3.029800046323e-01
5.731055276382e-04 2.865882144450e-01 5.731055276382e-04 2.017995292719e-01 5.731055276382e-04 1.201000000046e-01 5.731055276382e-04 8.832025189219e-02 5.731055276382e-04 3.029872982782e-01
5.760000000000e-04 2.865892837360e-01 5.760000000000e-04 2.017995758349e-01 5.760000000000e-04 1.201000000036e-01 5.760000000000e-04 8.831855655071e-02 5.760000000000e-04 3.029941400022e-01
