0.000000000000e+00 2.892990027206e-01 0.000000000000e+00 2.887967434231e-01 0.000000000000e+00 2.028000009541e-01 0.000000000000e+00 9.869562032082e-02 0.000000000000e+00 1.205000000000e-01
2.427135678392e-06 2.892988815668e-01 2.427135678392e-06 2.887964008004e-01 2.427135678392e-06 2.028000011349e-01 2.427135678392e-06 9.870187125593e-02 2.427135678392e-06 1.205000000000e-01
4.854271356784e-06 2.892987456949e-01 4.854271356784e-06 2.887960221140e-01 4.854271356784e-06 2.028000013500e-01 4.854271356784e-06 9.870853038556e-02 4.854271356784e-06 1.205000000000e-01
7.281407035176e-06 2.892985933170e-01 7.281407035176e-06 2.887956035640e-01 7.281407035176e-06 2.028000016059e-01 7.281407035176e-06 9.871562430633e-02 7.281407035176e-06 1.205000000000e-01
9.708542713568e-06 2.892984224281e-01 9.708542713568e-06 2.887951409494e-01 9.708542713568e-06 2.028000019103e-01 9.708542713568e-06 9.872318134009e-02 9.708542713568e-06 1.205000000000e-01
1.213567839196e-05 2.892982307793e-01 1.213567839196e-05 2.887946296252e-01 1.213567839196e-05 2.028000022725e-01 1.213567839196e-05 9.873123164485e-02 1.213567839196e-05 1.205000000000e-01
1.456281407035e-05 2.892980158490e-01 1.456281407035e-05 2.887940644552e-01 1.456281407035e-05 2.028000027033e-01 1.456281407035e-05 9.873980733275e-02 1.456281407035e-05 1.205000000000e-01
1.698994974874e-05 2.892977748089e-01 1.698994974874e-05 2.887934397604e-01 1.698994974874e-05 2.028000032157e-01 1.698994974874e-05 9.874894259543e-02 1.698994974874e-05 1.205000000000e-01
1.941708542714e-05 2.892975044875e-01 1.941708542714e-05 2.887927492602e-01 1.941708542714e-05 2.028000038254e-01 1.941708542714e-05 9.875867383736e-02 1.941708542714e-05 1.205000000000e-01
2.184422110553e-05 2.892972013278e-01 2.184422110553e-05 2.887919860091e-01 2.184422110553e-05 2.028000045506e-01 2.184422110553e-05 9.876903981752e-02 2.184422110553e-05 1.205000000000e-01
2.427135678392e-05 2.892968613412e-01 2.427135678392e-05 2.887911423252e-01 2.427135678392e-05 2.028000054134e-01 2.427135678392e-05 9.878008180007e-02 2.427135678392e-05 1.205000000000e-01
2.669849246231e-05 2.892964800541e-01 2.669849246231e-05 2.887902097115e-01 2.669849246231e-05 2.028000064399e-01 2.669849246231e-05 9.879184371438e-02 2.669849246231e-05 1.205000000000e-01
2.912562814070e-05 2.892960524500e-01 2.912562814070e-05 2.887891787686e-01 2.912562814070e-05 2.028000076610e-01 2.912562814070e-05 9.880437232519e-02 2.912562814070e-05 1.205000000000e-01
3.155276381910e-05 2.892955729032e-01 3.155276381910e-05 2.887880390975e-01 3.155276381910e-05 2.028000091138e-01 3.155276381910e-05 9.881771741341e-02 3.155276381910e-05 1.205000000000e-01
3.397989949749e-05 2.892950351045e-01 3.397989949749e-05 2.887867791921e-01 3.397989949749e-05 2.028000108423e-01 3.397989949749e-05 9.883193196826e-02 3.397989949749e-05 1.205000000000e-01
3.640703517588e-05 2.892944319787e-01 3.640703517588e-05 2.887853863195e-01 3.640703517588e-05 2.028000128988e-01 3.640703517588e-05 9.884707239144e-02 3.640703517588e-05 1.205000000000e-01
3.883417085427e-05 2.892937555917e-01 3.883417085427e-05 2.887838463873e-01 3.883417085427e-05 2.028000153455e-01 3.883417085427e-05 9.886319871420e-02 3.883417085427e-05 1.205000000000e-01
4.126130653266e-05 2.892929970455e-01 4.126130653266e-05 2.887821437954e-01 4.126130653266e-05 2.028000182568e-01 4.126130653266e-05 9.888037482792e-02 4.126130653266e-05 1.205000000000e-01
4.368844221106e-05 2.892921463624e-01 4.368844221106e-05 2.887802612717e-01 4.368844221106e-05 2.028000217208e-01 4.368844221106e-05 9.889866872934e-02 4.368844221106e-05 1.205000000001e-01
4.611557788945e-05 2.892911923527e-01 4.611557788945e-05 2.887781796893e-01 4.611557788945e-05 2.028000258428e-01 4.611557788945e-05 9.891815278124e-02 4.611557788945e-05 1.205000000001e-01
4.854271356784e-05 2.892901224688e-01 4.854271356784e-05 2.887758778615e-01 4.854271356784e-05 2.028000307480e-01 4.854271356784e-05 9.893890398967e-02 4.854271356784e-05 1.205000000001e-01
5.096984924623e-05 2.892889226397e-01 5.096984924623e-05 2.887733323151e-01 5.096984924623e-05 2.028000365855e-01 5.096984924623e-05 9.896100429890e-02 5.096984924623e-05 1.205000000002e-01
5.339698492462e-05 2.892875770864e-01 5.339698492462e-05 2.887705170352e-01 5.339698492462e-05 2.028000435329e-01 5.339698492462e-05 9.898454090547e-02 5.339698492462e-05 1.205000000002e-01
5.582412060302e-05 2.892860681151e-01 5.582412060302e-05 2.887674031814e-01 5.582412060302e-05 2.028000518019e-01 5.582412060302e-05 9.900960659254e-02 5.582412060302e-05 1.205000000004e-01
5.825125628141e-05 2.892843758848e-01 5.825125628141e-05 2.887639587696e-01 5.825125628141e-05 2.028000616447e-01 5.825125628141e-05 9.903630008645e-02 5.825125628141e-05 1.205000000005e-01
6.067839195980e-05 2.892824781467e-01 6.067839195980e-05 2.887601483155e-01 6.067839195980e-05 2.028000733621e-01 6.067839195980e-05 9.906472643711e-02 6.067839195980e-05 1.205000000007e-01
6.310552763819e-05 2.892803499531e-01 6.310552763819e-05 2.887559324344e-01 6.310552763819e-05 2.028000873126e-01 6.310552763819e-05 9.909499742439e-02 6.310552763819e-05 1.205000000011e-01
6.553266331658e-05 2.892779633297e-01 6.553266331658e-05 2.887512673915e-01 6.553266331658e-05 2.028001039240e-01 6.553266331658e-05 9.912723199305e-02 6.553266331658e-05 1.205000000015e-01
6.795979899497e-05 2.892752869094e-01 6.795979899497e-05 2.887461045963e-01 6.795979899497e-05 2.028001237065e-01 6.795979899497e-05 9.916155671884e-02 6.795979899497e-05 1.205000000022e-01
7.038693467337e-05 2.892722855210e-01 7.038693467337e-05 2.887403900313e-01 7.038693467337e-05 2.028001472696e-01 7.038693467337e-05 9.919810630931e-02 7.038693467337e-05 1.205000000032e-01
7.281407035176e-05 2.892689197292e-01 7.281407035176e-05 2.887340636075e-01 7.281407035176e-05 2.028001753412e-01 7.281407035176e-05 9.923702414323e-02 7.281407035176e-05 1.205000000047e-01
7.524120603015e-05 2.892651453179e-01 7.524120603015e-05 2.887270584345e-01 7.524120603015e-05 2.028002087911e-01 7.524120603015e-05 9.927846285335e-02 7.524120603015e-05 1.205000000068e-01
7.766834170854e-05 2.892609127122e-01 7.766834170854e-05 2.887192999921e-01 7.766834170854e-05 2.028002486597e-01 7.766834170854e-05 9.932258495833e-02 7.766834170854e-05 1.205000000098e-01
8.009547738693e-05 2.892561663300e-01 8.009547738693e-05 2.887107051893e-01 8.009547738693e-05 2.028002961923e-01 8.009547738693e-05 9.936956355078e-02 8.009547738693e-05 1.205000000142e-01
8.252261306533e-05 2.892508438553e-01 8.252261306533e-05 2.887011812909e-01 8.252261306533e-05 2.028003528803e-01 8.252261306533e-05 9.941958304999e-02 8.252261306533e-05 1.205000000206e-01
8.494974874372e-05 2.892448754247e-01 8.494974874372e-05 2.886906246912e-01 8.494974874372e-05 2.028004205123e-01 8.494974874372e-05 9.947284002976e-02 8.494974874372e-05 1.205000000299e-01
8.737688442211e-05 2.892381827150e-01 8.737688442211e-05 2.886789195101e-01 8.737688442211e-05 2.028005012350e-01 8.737688442211e-05 9.952954413446e-02 8.737688442211e-05 1.205000000432e-01
8.980402010050e-05 2.892306779209e-01 8.980402010050e-05 2.886659359791e-01 8.980402010050e-05 2.028005976283e-01 8.980402010050e-05 9.958991909924e-02 8.980402010050e-05 1.205000000626e-01
9.223115577889e-05 2.892222626101e-01 9.223115577889e-05 2.886515285832e-01 9.223115577889e-05 2.028007127970e-01 9.223115577889e-05 9.965420389440e-02 9.223115577889e-05 1.205000000906e-01
9.465829145729e-05 2.892128264392e-01 9.465829145729e-05 2.886355339141e-01 9.465829145729e-05 2.028008504830e-01 9.465829145729e-05 9.972265401885e-02 9.465829145729e-05 1.205000001313e-01
9.708542713568e-05 2.892022457155e-01 9.708542713568e-05 2.886177681830e-01 9.708542713568e-05 2.028010152042e-01 9.708542713568e-05 9.979554297383e-02 9.708542713568e-05 1.205000001901e-01
9.951256281407e-05 2.891903817847e-01 9.951256281407e-05 2.885980243305e-01 9.951256281407e-05 2.028012124254e-01 9.951256281407e-05 9.987316395561e-02 9.951256281407e-05 1.205000002752e-01
1.019396984925e-04 2.891770792228e-01 1.019396984925e-04 2.885760686577e-01 1.019396984925e-04 2.028014487709e-01 1.019396984925e-04 9.995583181624e-02 1.019396984925e-04 1.205000003986e-01
1.043668341709e-04 2.891621638095e-01 1.043668341709e-04 2.885516368897e-01 1.043668341709e-04 2.028017322886e-01 1.043668341709e-04 1.000438853534e-01 1.043668341709e-04 1.205000005772e-01
1.067939698492e-04 2.891454402539e-01 1.067939698492e-04 2.885244295579e-01 1.067939698492e-04 2.028020727817e-01 1.067939698492e-04 1.001376900064e-01 1.067939698492e-04 1.205000008358e-01
1.092211055276e-04 2.891266896421e-01 1.092211055276e-04 2.884941065727e-01 1.092211055276e-04 2.028024822239e-01 1.092211055276e-04 1.002376410545e-01 1.092211055276e-04 1.205000012102e-01
1.116482412060e-04 2.891056665712e-01 1.116482412060e-04 2.884602808219e-01 1.116482412060e-04 2.028029752848e-01 1.116482412060e-04 1.003441674397e-01 1.116482412060e-04 1.205000017525e-01
1.140753768844e-04 2.890820959272e-01 1.140753768844e-04 2.884225106018e-01 1.140753768844e-04 2.028035699950e-01 1.140753768844e-04 1.004577363657e-01 1.140753768844e-04 1.205000025377e-01
1.165025125628e-04 2.890556692597e-01 1.165025125628e-04 2.883802906432e-01 1.165025125628e-04 2.028042885937e-01 1.165025125628e-04 1.005788588657e-01 1.165025125628e-04 1.205000036748e-01
1.189296482412e-04 2.890260406980e-01 1.189296482412e-04 2.883330414448e-01 1.189296482412e-04 2.028051586139e-01 1.189296482412e-04 1.007080965797e-01 1.189296482412e-04 1.205000053214e-01
1.213567839196e-04 2.889928223405e-01 1.213567839196e-04 2.882800965653e-01 1.213567839196e-04 2.028062142761e-01 1.213567839196e-04 1.008460700436e-01 1.213567839196e-04 1.205000077057e-01
1.237839195980e-04 2.889555790419e-01 1.237839195980e-04 2.882206874489e-01 1.237839195980e-04 2.028074982890e-01 1.237839195980e-04 1.009934688711e-01 1.237839195980e-04 1.205000111584e-01
1.262110552764e-04 2.889138225010e-01 1.262110552764e-04 2.881539252717e-01 1.262110552764e-04 2.028090641837e-01 1.262110552764e-04 1.011510643055e-01 1.262110552764e-04 1.205000161581e-01
1.286381909548e-04 2.888670045373e-01 1.286381909548e-04 2.880787791839e-01 1.286381909548e-04 2.028109793539e-01 1.286381909548e-04 1.013197247373e-01 1.286381909548e-04 1.205000233981e-01
1.310653266332e-04 2.888145094130e-01 1.310653266332e-04 2.879940501948e-01 1.310653266332e-04 2.028133290300e-01 1.310653266332e-04 1.015004349377e-01 1.310653266332e-04 1.205000338821e-01
1.334924623116e-04 2.887556450279e-01 1.334924623116e-04 2.878983397889e-01 1.334924623116e-04 2.028162214941e-01 1.334924623116e-04 1.016943199403e-01 1.334924623116e-04 1.205000490637e-01
1.359195979899e-04 2.886896327648e-01 1.359195979899e-04 2.877900121786e-01 1.359195979899e-04 2.028197949472e-01 1.359195979899e-04 1.019026747361e-01 1.359195979899e-04 1.205000710479e-01
1.383467336683e-04 2.886155957082e-01 1.383467336683e-04 2.876671488805e-01 1.383467336683e-04 2.028242265802e-01 1.383467336683e-04 1.021270012284e-01 1.383467336683e-04 1.205001028828e-01
1.407738693467e-04 2.885325448758e-01 1.407738693467e-04 2.875274940526e-01 1.407738693467e-04 2.028297445925e-01 1.407738693467e-04 1.023690542389e-01 1.407738693467e-04 1.205001489824e-01
1.432010050251e-04 2.884393629986e-01 1.432010050251e-04 2.873683887450e-01 1.432010050251e-04 2.028366441567e-01 1.432010050251e-04 1.026308987717e-01 1.432010050251e-04 1.205002157387e-01
1.456281407035e-04 2.883347852432e-01 1.456281407035e-04 2.871866919035e-01 1.456281407035e-04 2.028453086732e-01 1.456281407035e-04 1.029149812397e-01 1.456281407035e-04 1.205003124080e-01
1.480552763819e-04 2.882173760769e-01 1.480552763819e-04 2.869786856353e-01 1.480552763819e-04 2.028562381231e-01 1.480552763819e-04 1.032242179352e-01 1.480552763819e-04 1.205004523944e-01
1.504824120603e-04 2.880855012213e-01 1.504824120603e-04 2.867399619171e-01 1.504824120603e-04 2.028700869477e-01 1.504824120603e-04 1.035621046942e-01 1.504824120603e-04 1.205006551088e-01
1.529095477387e-04 2.879372932908e-01 1.529095477387e-04 2.864652876470e-01 1.529095477387e-04 2.028877147102e-01 1.529095477387e-04 1.039328524271e-01 1.529095477387e-04 1.205009486607e-01
1.553366834171e-04 2.877706092457e-01 1.553366834171e-04 2.861484447682e-01 1.553366834171e-04 2.029102538938e-01 1.553366834171e-04 1.043415539471e-01 1.553366834171e-04 1.205013737558e-01
1.577638190955e-04 2.875829771604e-01 1.577638190955e-04 2.857820422390e-01 1.577638190955e-04 2.029392006249e-01 1.577638190955e-04 1.047943882201e-01 1.577638190955e-04 1.205019893408e-01
1.601909547739e-04 2.873715289628e-01 1.601909547739e-04 2.853572970533e-01 1.601909547739e-04 2.029765359727e-01 1.601909547739e-04 1.052988686528e-01 1.601909547739e-04 1.205028807761e-01
1.626180904523e-04 2.871329146710e-01 1.626180904523e-04 2.848637825637e-01 1.626180904523e-04 2.030248878311e-01 1.626180904523e-04 1.058641420711e-01 1.626180904523e-04 1.205041716684e-01
1.650452261307e-04 2.868631921547e-01 1.650452261307e-04 2.842891443862e-01 1.650452261307e-04 2.030877462717e-01 1.650452261307e-04 1.065013442184e-01 1.650452261307e-04 1.205060409993e-01
1.674723618090e-04 2.865576844722e-01 1.674723618090e-04 2.836187876482e-01 1.674723618090e-04 2.031697486071e-01 1.674723618090e-04 1.072240152948e-01 1.674723618090e-04 1.205087479138e-01
1.698994974874e-04 2.862107942639e-01 1.698994974874e-04 2.828355449239e-01 1.698994974874e-04 2.032770539143e-01 1.698994974874e-04 1.080485743268e-01 1.698994974874e-04 1.205126675808e-01
1.723266331658e-04 2.858157614011e-01 1.723266331658e-04 2.819193426723e-01 1.723266331658e-04 2.034178296966e-01 1.723266331658e-04 1.089948426829e-01 1.723266331658e-04 1.205183430386e-01
1.747537688442e-04 2.853643460124e-01 1.747537688442e-04 2.808468962356e-01 1.747537688442e-04 2.036028740898e-01 1.747537688442e-04 1.100865930471e-01 1.747537688442e-04 1.205265600887e-01
1.771809045226e-04 2.848464141639e-01 1.771809045226e-04 2.795914802575e-01 1.771809045226e-04 2.038463924246e-01 1.771809045226e-04 1.113520784645e-01 1.771809045226e-04 1.205384553381e-01
1.796080402010e-04 2.842493981231e-01 1.796080402010e-04 2.781228430906e-01 1.796080402010e-04 2.041669314201e-01 1.796080402010e-04 1.128244644055e-01 1.796080402010e-04 1.205556717585e-01
1.820351758794e-04 2.835575980802e-01 1.820351758794e-04 2.764073596128e-01 1.820351758794e-04 2.045884384863e-01 1.820351758794e-04 1.145420435849e-01 1.820351758794e-04 1.205805820142e-01
1.844623115578e-04 2.827512891737e-01 1.844623115578e-04 2.744085439985e-01 1.844623115578e-04 2.051413435168e-01 1.844623115578e-04 1.165480592047e-01 1.844623115578e-04 1.206166077031e-01
1.868894472362e-04 2.818056001714e-01 1.868894472362e-04 2.720880660703e-01 1.868894472362e-04 2.058634383226e-01 1.868894472362e-04 1.188899030816e-01 1.868894472362e-04 1.206686728045e-01
1.893165829146e-04 2.806891445958e-01 1.893165829146e-04 2.694074207977e-01 1.893165829146e-04 2.068001391811e-01 1.893165829146e-04 1.216174053592e-01 1.893165829146e-04 1.207438416624e-01
1.917437185930e-04 2.793624224502e-01 1.917437185930e-04 2.663303739331e-01 1.917437185930e-04 2.080034665621e-01 1.917437185930e-04 1.247799198968e-01 1.917437185930e-04 1.208522038776e-01
1.941708542714e-04 2.777760883317e-01 1.941708542714e-04 2.628262279018e-01 1.941708542714e-04 2.095288277287e-01 1.941708542714e-04 1.284219764510e-01 1.941708542714e-04 1.210080752603e-01
1.965979899497e-04 2.758693239821e-01 1.965979899497e-04 2.588738039191e-01 1.965979899497e-04 2.114286215983e-01 1.965979899497e-04 1.325774685816e-01 1.965979899497e-04 1.212315733170e-01
1.990251256281e-04 2.735687878752e-01 1.990251256281e-04 2.544658166875e-01 1.990251256281e-04 2.137421262855e-01 1.990251256281e-04 1.372627133645e-01 1.990251256281e-04 1.215505728623e-01
2.014522613065e-04 2.707889573065e-01 2.014522613065e-04 2.496130554455e-01 2.014522613065e-04 2.164824491990e-01 2.014522613065e-04 1.424692416082e-01 2.014522613065e-04 1.220029077997e-01
2.038793969849e-04 2.674350973158e-01 2.038793969849e-04 2.443475511553e-01 2.038793969849e-04 2.196235590450e-01 2.038793969849e-04 1.481577409238e-01 2.038793969849e-04 1.226383920658e-01
2.063065326633e-04 2.634104381870e-01 2.063065326633e-04 2.387238138167e-01 2.063065326633e-04 2.230927047261e-01 2.063065326633e-04 1.542549427520e-01 2.063065326633e-04 1.235197183414e-01
2.087336683417e-04 2.586290754552e-01 2.087336683417e-04 2.328173781609e-01 2.087336683417e-04 2.267739044865e-01 2.087336683417e-04 1.606551189895e-01 2.087336683417e-04 1.247205783872e-01
2.111608040201e-04 2.530350718935e-01 2.111608040201e-04 2.267203502541e-01 2.111608040201e-04 2.305248559599e-01 2.111608040201e-04 1.672270344026e-01 2.111608040201e-04 1.263187620062e-01
2.135879396985e-04 2.466257232249e-01 2.135879396985e-04 2.205343274663e-01 2.135879396985e-04 2.342032812074e-01 2.135879396985e-04 1.738257897883e-01 2.135879396985e-04 1.283824832692e-01
2.160150753769e-04 2.394731355578e-01 2.160150753769e-04 2.143617616309e-01 2.160150753769e-04 2.376933904789e-01 2.160150753769e-04 1.803074701859e-01 2.160150753769e-04 1.309513168555e-01
2.184422110553e-04 2.317348913613e-01 2.184422110553e-04 2.082972840414e-01 2.184422110553e-04 2.409230314634e-01 2.184422110553e-04 1.865435568039e-01 2.184422110553e-04 1.340197176432e-01
2.208693467337e-04 2.236448613418e-01 2.208693467337e-04 2.024205218157e-01 2.208693467337e-04 2.438672860296e-01 2.208693467337e-04 1.924321440313e-01 2.208693467337e-04 1.375379690633e-01
2.232964824121e-04 2.154815466262e-01 2.232964824121e-04 1.967915031067e-01 2.232964824121e-04 2.465406679716e-01 2.232964824121e-04 1.979040817694e-01 2.232964824121e-04 1.414435248242e-01
2.257236180905e-04 2.075217939771e-01 2.257236180905e-04 1.914490560287e-01 2.257236180905e-04 2.489835671924e-01 2.257236180905e-04 2.029237096317e-01 2.257236180905e-04 1.457163329368e-01
2.281507537688e-04 1.999956644699e-01 2.281507537688e-04 1.864119186694e-01 2.281507537688e-04 2.512483397798e-01 2.281507537688e-04 2.074851950325e-01 2.281507537688e-04 1.504189335613e-01
2.305778894472e-04 1.930575486689e-01 2.305778894472e-04 1.816818087739e-01 2.305778894472e-04 2.533882119794e-01 2.305778894472e-04 2.116062010270e-01 2.305778894472e-04 1.556581797032e-01
2.330050251256e-04 1.867798645558e-01 2.330050251256e-04 1.772475330229e-01 2.330050251256e-04 2.554499274127e-01 2.330050251256e-04 2.153206445792e-01 2.330050251256e-04 1.614314195665e-01
2.354321608040e-04 1.811654798024e-01 2.354321608040e-04 1.730893022326e-01 2.354321608040e-04 2.574697332376e-01 2.354321608040e-04 2.186718895885e-01 2.354321608040e-04 1.674419442555e-01
2.378592964824e-04 1.761695499820e-01 2.378592964824e-04 1.691826497771e-01 2.378592964824e-04 2.594718464607e-01 2.378592964824e-04 2.217071493153e-01 2.378592964824e-04 1.731072784748e-01
2.402864321608e-04 1.717219103196e-01 2.402864321608e-04 1.655016152188e-01 2.402864321608e-04 2.614685900739e-01 2.402864321608e-04 2.244733689609e-01 2.402864321608e-04 1.778518531518e-01
2.427135678392e-04 1.677447698874e-01 2.427135678392e-04 1.620210796762e-01 2.427135678392e-04 2.634616035058e-01 2.427135678392e-04 2.270145180216e-01 2.427135678392e-04 1.814100707290e-01
2.451407035176e-04 1.641641512189e-01 2.451407035176e-04 1.587182933066e-01 2.451407035176e-04 2.654437283458e-01 2.451407035176e-04 2.293700466829e-01 2.451407035176e-04 1.838575709347e-01
2.475678391960e-04 1.609158102228e-01 2.475678391960e-04 1.555737193253e-01 2.475678391960e-04 2.674012886257e-01 2.475678391960e-04 2.315742084281e-01 2.475678391960e-04 1.854444053873e-01
2.499949748744e-04 1.579472287606e-01 2.499949748744e-04 1.525713495999e-01 2.499949748744e-04 2.693165343740e-01 2.499949748744e-04 2.336559714494e-01 2.499949748744e-04 1.864367468299e-01
2.524221105528e-04 1.552172473772e-01 2.524221105528e-04 1.496986436787e-01 2.524221105528e-04 2.711700326371e-01 2.524221105528e-04 2.356392939460e-01 2.524221105528e-04 1.870453218672e-01
2.548492462312e-04 1.526945271319e-01 2.548492462312e-04 1.469462225813e-01 2.548492462312e-04 2.729428061382e-01 2.548492462312e-04 2.375435974490e-01 2.548492462312e-04 1.874153601172e-01
2.572763819095e-04 1.503556098818e-01 2.572763819095e-04 1.443074220451e-01 2.572763819095e-04 2.746180567767e-01 2.572763819095e-04 2.393843249075e-01 2.572763819095e-04 1.876399889563e-01
2.597035175879e-04 1.481830123650e-01 2.597035175879e-04 1.417777836574e-01 2.597035175879e-04 2.761823723373e-01 2.597035175879e-04 2.411735116859e-01 2.597035175879e-04 1.877767123306e-01
2.621306532663e-04 1.461635637169e-01 2.621306532663e-04 1.393545394516e-01 2.621306532663e-04 2.776263892286e-01 2.621306532663e-04 2.429203276255e-01 2.621306532663e-04 1.878603773610e-01
2.645577889447e-04 1.442870598486e-01 2.645577889447e-04 1.370361270466e-01 2.645577889447e-04 2.789449549819e-01 2.645577889447e-04 2.446315686915e-01 2.645577889447e-04 1.879119353382e-01
2.669849246231e-04 1.425452339927e-01 2.669849246231e-04 1.348217581138e-01 2.669849246231e-04 2.801368868788e-01 2.669849246231e-04 2.463120897392e-01 2.669849246231e-04 1.879439643111e-01
2.694120603015e-04 1.409310073770e-01 2.694120603015e-04 1.327110522650e-01 2.694120603015e-04 2.812044499439e-01 2.694120603015e-04 2.479651777259e-01 2.694120603015e-04 1.879640338084e-01
2.718391959799e-04 1.394379710123e-01 2.718391959799e-04 1.307037406907e-01 2.718391959799e-04 2.821526792400e-01 2.718391959799e-04 2.495928689745e-01 2.718391959799e-04 1.879767215522e-01
2.742663316583e-04 1.380600485594e-01 2.742663316583e-04 1.287994384016e-01 2.742663316583e-04 2.829886543690e-01 2.742663316583e-04 2.511962161260e-01 2.742663316583e-04 1.879848140505e-01
2.766934673367e-04 1.367912949949e-01 2.766934673367e-04 1.269974802477e-01 2.766934673367e-04 2.837208069786e-01 2.766934673367e-04 2.527755110873e-01 2.766934673367e-04 1.879900204392e-01
2.791206030151e-04 1.356257928363e-01 2.791206030151e-04 1.252968135842e-01 2.791206030151e-04 2.843583128104e-01 2.791206030151e-04 2.543304701729e-01 2.791206030151e-04 1.879933978183e-01
2.815477386935e-04 1.345576151507e-01 2.815477386935e-04 1.236959392202e-01 2.815477386935e-04 2.849105938910e-01 2.815477386935e-04 2.558603871357e-01 2.815477386935e-04 1.879956057779e-01
2.839748743719e-04 1.335808315296e-01 2.839748743719e-04 1.221928918659e-01 2.839748743719e-04 2.853869366220e-01 2.839748743719e-04 2.573642591053e-01 2.839748743719e-04 1.879970596001e-01
2.864020100503e-04 1.326895392476e-01 2.864020100503e-04 1.207852514704e-01 2.864020100503e-04 2.857962183290e-01 2.864020100503e-04 2.588408897481e-01 2.864020100503e-04 1.879980231157e-01
2.888291457286e-04 1.318779068285e-01 2.888291457286e-04 1.194701774475e-01 2.888291457286e-04 2.861467274809e-01 2.888291457286e-04 2.602889732944e-01 2.888291457286e-04 1.879986654237e-01
2.912562814070e-04 1.311402212240e-01 2.912562814070e-04 1.182444586631e-01 2.912562814070e-04 2.864460598807e-01 2.912562814070e-04 2.617071624822e-01 2.912562814070e-04 1.879990958291e-01
2.936834170854e-04 1.304709328936e-01 2.936834170854e-04 1.171045730844e-01 2.936834170854e-04 2.867010731866e-01 2.936834170854e-04 2.630941229590e-01 2.936834170854e-04 1.879993855542e-01
2.961105527638e-04 1.298646953691e-01 2.961105527638e-04 1.160467520726e-01 2.961105527638e-04 2.869178838940e-01 2.961105527638e-04 2.644485762561e-01 2.961105527638e-04 1.879995813535e-01
2.985376884422e-04 1.293163975531e-01 2.985376884422e-04 1.150670453543e-01 2.985376884422e-04 2.871018934656e-01 2.985376884422e-04 2.657693331006e-01 2.985376884422e-04 1.879997141284e-01
3.009648241206e-04 1.288211881500e-01 3.009648241206e-04 1.141613836856e-01 3.009648241206e-04 2.872578330275e-01 3.009648241206e-04 2.670553185482e-01 3.009648241206e-04 1.879998044288e-01
3.033919597990e-04 1.283744923902e-01 3.033919597990e-04 1.133256370899e-01 3.033919597990e-04 2.873898185938e-01 3.033919597990e-04 2.683055901896e-01 3.033919597990e-04 1.879998659951e-01
3.058190954774e-04 1.279720216748e-01 3.058190954774e-04 1.125556672900e-01 3.058190954774e-04 2.875014109747e-01 3.058190954774e-04 2.695193505002e-01 3.058190954774e-04 1.879999080591e-01
3.082462311558e-04 1.276097770217e-01 3.082462311558e-04 1.118473735597e-01 3.082462311558e-04 2.875956762989e-01 3.082462311558e-04 2.706959542538e-01 3.082462311558e-04 1.879999368498e-01
3.106733668342e-04 1.272840472987e-01 3.106733668342e-04 1.111967317004e-01 3.106733668342e-04 2.876752444676e-01 3.106733668342e-04 2.718349117999e-01 3.106733668342e-04 1.879999565849e-01
3.131005025126e-04 1.269914032353e-01 3.131005025126e-04 1.105998262072e-01 3.131005025126e-04 2.877423638894e-01 3.131005025126e-04 2.729358889028e-01 3.131005025126e-04 1.879999701297e-01
3.155276381910e-04 1.267286881479e-01 3.155276381910e-04 1.100528759489e-01 3.155276381910e-04 2.877989515983e-01 3.155276381910e-04 2.739987037564e-01 3.155276381910e-04 1.879999794356e-01
3.179547738693e-04 1.264930062189e-01 3.179547738693e-04 1.095522538602e-01 3.179547738693e-04 2.878466383761e-01 3.179547738693e-04 2.750233217159e-01 3.179547738693e-04 1.879999858349e-01
3.203819095477e-04 1.262817090640e-01 3.203819095477e-04 1.090945012467e-01 3.203819095477e-04 2.878868088543e-01 3.203819095477e-04 2.760098482247e-01 3.203819095477e-04 1.879999902385e-01
3.228090452261e-04 1.260923812050e-01 3.228090452261e-04 1.086763373544e-01 3.228090452261e-04 2.879206367920e-01 3.228090452261e-04 2.769585203545e-01 3.228090452261e-04 1.879999932707e-01
3.252361809045e-04 1.259228249572e-01 3.252361809045e-04 1.082946648631e-01 3.252361809045e-04 2.879491158597e-01 3.252361809045e-04 2.778696973292e-01 3.252361809045e-04 1.879999953596e-01
3.276633165829e-04 1.257710451427e-01 3.276633165829e-04 1.079465719426e-01 3.276633165829e-04 2.879730863258e-01 3.276633165829e-04 2.787438503539e-01 3.276633165829e-04 1.879999967992e-01
3.300904522613e-04 1.256352339453e-01 3.300904522613e-04 1.076293314707e-01 3.300904522613e-04 2.879932580700e-01 3.300904522613e-04 2.795815520255e-01 3.300904522613e-04 1.879999977918e-01
3.325175879397e-04 1.255137561527e-01 3.325175879397e-04 1.073403979602e-01 3.325175879397e-04 2.880102303423e-01 3.325175879397e-04 2.803834655644e-01 3.325175879397e-04 1.879999984763e-01
3.349447236181e-04 1.254051349620e-01 3.349447236181e-04 1.070774026831e-01 3.349447236181e-04 2.880245086684e-01 3.349447236181e-04 2.811503340668e-01 3.349447236181e-04 1.879999989485e-01
3.373718592965e-04 1.253080384715e-01 3.373718592965e-04 1.068381474181e-01 3.373718592965e-04 2.880365192713e-01 3.373718592965e-04 2.818829699451e-01 3.373718592965e-04 1.879999992743e-01
3.397989949749e-04 1.252212669399e-01 3.397989949749e-04 1.066205971926e-01 3.397989949749e-04 2.880466213430e-01 3.397989949749e-04 2.825822446928e-01 3.397989949749e-04 1.879999994990e-01
3.422261306533e-04 1.251437408574e-01 3.422261306533e-04 1.064228723279e-01 3.422261306533e-04 2.880551174681e-01 3.422261306533e-04 2.832490790800e-01 3.422261306533e-04 1.879999996542e-01
3.446532663317e-04 1.250744898467e-01 3.446532663317e-04 1.062432400504e-01 3.446532663317e-04 2.880622624606e-01 3.446532663317e-04 2.838844338653e-01 3.446532663317e-04 1.879999997613e-01
3.470804020101e-04 1.250126423911e-01 3.470804020101e-04 1.060801058814e-01 3.470804020101e-04 2.880682708461e-01 3.470804020101e-04 2.844893010815e-01 3.470804020101e-04 1.879999998352e-01
3.495075376884e-04 1.249574163723e-01 3.495075376884e-04 1.059320049767e-01 3.495075376884e-04 2.880733231903e-01 3.495075376884e-04 2.850646959393e-01 3.495075376884e-04 1.879999998862e-01
3.519346733668e-04 1.249081103867e-01 3.519346733668e-04 1.057975935559e-01 3.519346733668e-04 2.880775714447e-01 3.519346733668e-04 2.856116493709e-01 3.519346733668e-04 1.879999999214e-01
3.543618090452e-04 1.248640958053e-01 3.543618090452e-04 1.056756405226e-01 3.543618090452e-04 2.880811434604e-01 3.543618090452e-04 2.861312012252e-01 3.543618090452e-04 1.879999999457e-01
3.567889447236e-04 1.248248095342e-01 3.567889447236e-04 1.055650193593e-01 3.567889447236e-04 2.880841467956e-01 3.567889447236e-04 2.866243941120e-01 3.567889447236e-04 1.879999999625e-01
3.592160804020e-04 1.247897474308e-01 3.592160804020e-04 1.054647003525e-01 3.592160804020e-04 2.880866719264e-01 3.592160804020e-04 2.870922678834e-01 3.592160804020e-04 1.879999999741e-01
3.616432160804e-04 1.247584583307e-01 3.616432160804e-04 1.053737431887e-01 3.616432160804e-04 2.880887949518e-01 3.616432160804e-04 2.875358547327e-01 3.616432160804e-04 1.879999999821e-01
3.640703517588e-04 1.247305386384e-01 3.640703517588e-04 1.052912899462e-01 3.640703517588e-04 2.880905798734e-01 3.640703517588e-04 2.879561748851e-01 3.640703517588e-04 1.879999999877e-01
3.664974874372e-04 1.247056274381e-01 3.664974874372e-04 1.052165584971e-01 3.664974874372e-04 2.880920805150e-01 3.664974874372e-04 2.883542328490e-01 3.664974874372e-04 1.879999999915e-01
3.689246231156e-04 1.246834020812e-01 3.689246231156e-04 1.051488363218e-01 3.689246231156e-04 2.880933421380e-01 3.689246231156e-04 2.887310141956e-01 3.689246231156e-04 1.879999999941e-01
3.713517587940e-04 1.246635742090e-01 3.713517587940e-04 1.050874747352e-01 3.713517587940e-04 2.880944028021e-01 3.713517587940e-04 2.890874828284e-01 3.713517587940e-04 1.879999999959e-01
3.737788944724e-04 1.246458861727e-01 3.737788944724e-04 1.050318835133e-01 3.737788944724e-04 2.880952945098e-01 3.737788944724e-04 2.894245787082e-01 3.737788944724e-04 1.879999999972e-01
3.762060301508e-04 1.246301078132e-01 3.762060301508e-04 1.049815259091e-01 3.762060301508e-04 2.880960441693e-01 3.762060301508e-04 2.897432159940e-01 3.762060301508e-04 1.879999999981e-01
3.786331658291e-04 1.246160335695e-01 3.786331658291e-04 1.049359140410e-01 3.786331658291e-04 2.880966744051e-01 3.786331658291e-04 2.900442815643e-01 3.786331658291e-04 1.879999999987e-01
3.810603015075e-04 1.246034798814e-01 3.810603015075e-04 1.048946046362e-01 3.810603015075e-04 2.880972042392e-01 3.810603015075e-04 2.903286338812e-01 3.810603015075e-04 1.879999999991e-01
3.834874371859e-04 1.245922828608e-01 3.834874371859e-04 1.048571951099e-01 3.834874371859e-04 2.880976496646e-01 3.834874371859e-04 2.905971021636e-01 3.834874371859e-04 1.879999999994e-01
3.859145728643e-04 1.245822962043e-01 3.859145728643e-04 1.048233199597e-01 3.859145728643e-04 2.880980241271e-01 3.859145728643e-04 2.908504858354e-01 3.859145728643e-04 1.879999999996e-01
3.883417085427e-04 1.245733893221e-01 3.883417085427e-04 1.047926474563e-01 3.883417085427e-04 2.880983389314e-01 3.883417085427e-04 2.910895542172e-01 3.883417085427e-04 1.879999999997e-01
3.907688442211e-04 1.245654456636e-01 3.907688442211e-04 1.047648766103e-01 3.907688442211e-04 2.880986035813e-01 3.907688442211e-04 2.913150464327e-01 3.907688442211e-04 1.879999999998e-01
3.931959798995e-04 1.245583612187e-01 3.931959798995e-04 1.047397343951e-01 3.931959798995e-04 2.880988260670e-01 3.931959798995e-04 2.915276715019e-01 3.931959798995e-04 1.879999999999e-01
3.956231155779e-04 1.245520431763e-01 3.956231155779e-04 1.047169732079e-01 3.956231155779e-04 2.880990131057e-01 3.956231155779e-04 2.917281085947e-01 3.956231155779e-04 1.879999999999e-01
3.980502512563e-04 1.245464087250e-01 3.980502512563e-04 1.046963685503e-01 3.980502512563e-04 2.880991703447e-01 3.980502512563e-04 2.919170074244e-01 3.980502512563e-04 1.879999999999e-01
4.004773869347e-04 1.245413839813e-01 4.004773869347e-04 1.046777169120e-01 4.004773869347e-04 2.880993025317e-01 4.004773869347e-04 2.920949887564e-01 4.004773869347e-04 1.880000000000e-01
4.029045226131e-04 1.245369030311e-01 4.029045226131e-04 1.046608338411e-01 4.029045226131e-04 2.880994136579e-01 4.029045226131e-04 2.922626450160e-01 4.029045226131e-04 1.880000000000e-01
4.053316582915e-04 1.245329070730e-01 4.053316582915e-04 1.046455521858e-01 4.053316582915e-04 2.880995070788e-01 4.053316582915e-04 2.924205409755e-01 4.053316582915e-04 1.880000000000e-01
4.077587939698e-04 1.245293436540e-01 4.077587939698e-04 1.046317204936e-01 4.077587939698e-04 2.880995856152e-01 4.077587939698e-04 2.925692145075e-01 4.077587939698e-04 1.880000000000e-01
4.101859296482e-04 1.245261659857e-01 4.101859296482e-04 1.046192015546e-01 4.101859296482e-04 2.880996516386e-01 4.101859296482e-04 2.927091773879e-01 4.101859296482e-04 1.880000000000e-01
4.126130653266e-04 1.245233323346e-01 4.126130653266e-04 1.046078710768e-01 4.126130653266e-04 2.880997071427e-01 4.126130653266e-04 2.928409161386e-01 4.126130653266e-04 1.880000000000e-01
4.150402010050e-04 1.245208054769e-01 4.150402010050e-04 1.045976164819e-01 4.150402010050e-04 2.880997538034e-01 4.150402010050e-04 2.929648928975e-01 4.150402010050e-04 1.880000000000e-01
4.174673366834e-04 1.245185522127e-01 4.174673366834e-04 1.045883358114e-01 4.174673366834e-04 2.880997930297e-01 4.174673366834e-04 2.930815463082e-01 4.174673366834e-04 1.880000000000e-01
4.198944723618e-04 1.245165429314e-01 4.198944723618e-04 1.045799367323e-01 4.198944723618e-04 2.880998260062e-01 4.198944723618e-04 2.931912924183e-01 4.198944723618e-04 1.880000000000e-01
4.223216080402e-04 1.245147512246e-01 4.223216080402e-04 1.045723356358e-01 4.223216080402e-04 2.880998537285e-01 4.223216080402e-04 2.932945255824e-01 4.223216080402e-04 1.880000000000e-01
4.247487437186e-04 1.245131535404e-01 4.247487437186e-04 1.045654568175e-01 4.247487437186e-04 2.880998770339e-01 4.247487437186e-04 2.933916193610e-01 4.247487437186e-04 1.880000000000e-01
4.271758793970e-04 1.245117288744e-01 4.271758793970e-04 1.045592317353e-01 4.271758793970e-04 2.880998966261e-01 4.271758793970e-04 2.934829274124e-01 4.271758793970e-04 1.880000000000e-01
4.296030150754e-04 1.245104584951e-01 4.296030150754e-04 1.045535983350e-01 4.296030150754e-04 2.880999130966e-01 4.296030150754e-04 2.935687843709e-01 4.296030150754e-04 1.880000000000e-01
4.320301507538e-04 1.245093256978e-01 4.320301507538e-04 1.045485004394e-01 4.320301507538e-04 2.880999269429e-01 4.320301507538e-04 2.936495067096e-01 4.320301507538e-04 1.880000000000e-01
4.344572864322e-04 1.245083155854e-01 4.344572864322e-04 1.045438871939e-01 4.344572864322e-04 2.880999385831e-01 4.344572864322e-04 2.937253935842e-01 4.344572864322e-04 1.880000000000e-01
4.368844221106e-04 1.245074148734e-01 4.368844221106e-04 1.045397125643e-01 4.368844221106e-04 2.880999483686e-01 4.368844221106e-04 2.937967276542e-01 4.368844221106e-04 1.880000000000e-01
4.393115577889e-04 1.245066117153e-01 4.393115577889e-04 1.045359348815e-01 4.393115577889e-04 2.880999565950e-01 4.393115577889e-04 2.938637758820e-01 4.393115577889e-04 1.880000000000e-01
4.417386934673e-04 1.245058955467e-01 4.417386934673e-04 1.045325164292e-01 4.417386934673e-04 2.880999635107e-01 4.417386934673e-04 2.939267903058e-01 4.417386934673e-04 1.880000000000e-01
4.441658291457e-04 1.245052569473e-01 4.441658291457e-04 1.045294230695e-01 4.441658291457e-04 2.880999693246e-01 4.441658291457e-04 2.939860087874e-01 4.441658291457e-04 1.880000000000e-01
4.465929648241e-04 1.245046875163e-01 4.465929648241e-04 1.045266239047e-01 4.465929648241e-04 2.880999742121e-01 4.465929648241e-04 2.940416557323e-01 4.465929648241e-04 1.880000000000e-01
4.490201005025e-04 1.245041797628e-01 4.490201005025e-04 1.045240909705e-01 4.490201005025e-04 2.880999783209e-01 4.490201005025e-04 2.940939427836e-01 4.490201005025e-04 1.880000000000e-01
4.514472361809e-04 1.245037270068e-01 4.514472361809e-04 1.045217989577e-01 4.514472361809e-04 2.880999817750e-01 4.514472361809e-04 2.941430694875e-01 4.514472361809e-04 1.880000000000e-01
4.538743718593e-04 1.245033232919e-01 4.538743718593e-04 1.045197249610e-01 4.538743718593e-04 2.880999846788e-01 4.538743718593e-04 2.941892239321e-01 4.538743718593e-04 1.880000000000e-01
4.563015075377e-04 1.245029633064e-01 4.563015075377e-04 1.045178482512e-01 4.563015075377e-04 2.880999871199e-01 4.563015075377e-04 2.942325833580e-01 4.563015075377e-04 1.880000000000e-01
4.587286432161e-04 1.245026423139e-01 4.587286432161e-04 1.045161500682e-01 4.587286432161e-04 2.880999891721e-01 4.587286432161e-04 2.942733147432e-01 4.587286432161e-04 1.880000000000e-01
4.611557788945e-04 1.245023560912e-01 4.611557788945e-04 1.045146134348e-01 4.611557788945e-04 2.880999908973e-01 4.611557788945e-04 2.943115753607e-01 4.611557788945e-04 1.880000000000e-01
4.635829145729e-04 1.245021008721e-01 4.635829145729e-04 1.045132229871e-01 4.635829145729e-04 2.880999923476e-01 4.635829145729e-04 2.943475133102e-01 4.635829145729e-04 1.880000000000e-01
4.660100502513e-04 1.245018732984e-01 4.660100502513e-04 1.045119648218e-01 4.660100502513e-04 2.880999935669e-01 4.660100502513e-04 2.943812680247e-01 4.660100502513e-04 1.880000000000e-01
4.684371859296e-04 1.245016703759e-01 4.684371859296e-04 1.045108263569e-01 4.684371859296e-04 2.880999945919e-01 4.684371859296e-04 2.944129707530e-01 4.684371859296e-04 1.880000000000e-01
4.708643216080e-04 1.245014894342e-01 4.708643216080e-04 1.045097962068e-01 4.708643216080e-04 2.880999954536e-01 4.708643216080e-04 2.944427450175e-01 4.708643216080e-04 1.880000000000e-01
4.732914572864e-04 1.245013280926e-01 4.732914572864e-04 1.045088640683e-01 4.732914572864e-04 2.880999961779e-01 4.732914572864e-04 2.944707070499e-01 4.732914572864e-04 1.880000000000e-01
4.757185929648e-04 1.245011842279e-01 4.757185929648e-04 1.045080206181e-01 4.757185929648e-04 2.880999967869e-01 4.757185929648e-04 2.944969662039e-01 4.757185929648e-04 1.880000000000e-01
4.781457286432e-04 1.245010559470e-01 4.781457286432e-04 1.045072574192e-01 4.781457286432e-04 2.880999972989e-01 4.781457286432e-04 2.945216253472e-01 4.781457286432e-04 1.880000000000e-01
4.805728643216e-04 1.245009415619e-01 4.805728643216e-04 1.045065668371e-01 4.805728643216e-04 2.880999977292e-01 4.805728643216e-04 2.945447812331e-01 4.805728643216e-04 1.880000000000e-01
4.830000000000e-04 1.245008395675e-01 4.830000000000e-04 1.045059419634e-01 4.830000000000e-04 2.880999980910e-01 4.830000000000e-04 2.945665248514e-01 4.830000000000e-04 1.880000000000e-01
