0.000000000000e+00 3.217096500825e-01 0.000000000000e+00 1.923551166868e-01 0.000000000000e+00 1.741196300561e-01 0.000000000000e+00 3.122221553674e-01
1.934673366834e-06 3.217015084964e-01 1.934673366834e-06 1.923672700697e-01 1.934673366834e-06 1.741883721653e-01 1.934673366834e-06 3.121835506097e-01
3.869346733668e-06 3.216922517828e-01 3.869346733668e-06 1.923803736223e-01 3.869346733668e-06 1.742596504714e-01 3.869346733668e-06 3.121430536786e-01
5.804020100503e-06 3.216817828577e-01 5.804020100503e-06 1.923945012752e-01 5.804020100503e-06 1.743335323733e-01 5.804020100503e-06 3.121005741720e-01
7.738693467337e-06 3.216699978462e-01 7.738693467337e-06 1.924097326505e-01 7.738693467337e-06 1.744100845878e-01 7.738693467337e-06 3.120560175954e-01
9.673366834171e-06 3.216567857203e-01 9.673366834171e-06 1.924261534904e-01 9.673366834171e-06 1.744893728493e-01 9.673366834171e-06 3.120092851980e-01
1.160804020101e-05 3.216420279300e-01 1.160804020101e-05 1.924438561155e-01 1.160804020101e-05 1.745714615798e-01 1.160804020101e-05 3.119602738039e-01
1.354271356784e-05 3.216255980305e-01 1.354271356784e-05 1.924629399159e-01 1.354271356784e-05 1.746564135277e-01 1.354271356784e-05 3.119088756398e-01
1.547738693467e-05 3.216073613073e-01 1.547738693467e-05 1.924835118765e-01 1.547738693467e-05 1.747442893729e-01 1.547738693467e-05 3.118549781573e-01
1.741206030151e-05 3.215871744016e-01 1.741206030151e-05 1.925056871383e-01 1.741206030151e-05 1.748351472969e-01 1.741206030151e-05 3.117984638514e-01
1.934673366834e-05 3.215648849410e-01 1.934673366834e-05 1.925295895991e-01 1.934673366834e-05 1.749290425157e-01 1.934673366834e-05 3.117392100743e-01
2.128140703518e-05 3.215403311776e-01 2.128140703518e-05 1.925553525535e-01 2.128140703518e-05 1.750260267740e-01 2.128140703518e-05 3.116770888455e-01
2.321608040201e-05 3.215133416397e-01 2.321608040201e-05 1.925831193765e-01 2.321608040201e-05 1.751261477983e-01 2.321608040201e-05 3.116119666579e-01
2.515075376884e-05 3.214837348009e-01 2.515075376884e-05 1.926130442516e-01 2.515075376884e-05 1.752294487077e-01 2.515075376884e-05 3.115437042799e-01
2.708542713568e-05 3.214513187753e-01 2.708542713568e-05 1.926452929455e-01 2.708542713568e-05 1.753359673810e-01 2.708542713568e-05 3.114721565539e-01
2.902010050251e-05 3.214158910425e-01 2.902010050251e-05 1.926800436326e-01 2.902010050251e-05 1.754457357771e-01 2.902010050251e-05 3.113971721919e-01
3.095477386935e-05 3.213772382139e-01 3.095477386935e-05 1.927174877692e-01 3.095477386935e-05 1.755587792099e-01 3.095477386935e-05 3.113185935668e-01
3.288944723618e-05 3.213351358467e-01 3.288944723618e-05 1.927578310218e-01 3.288944723618e-05 1.756751155736e-01 3.288944723618e-05 3.112362565024e-01
3.482412060302e-05 3.212893483183e-01 3.482412060302e-05 1.928012942491e-01 3.482412060302e-05 1.757947545204e-01 3.482412060302e-05 3.111499900590e-01
3.675879396985e-05 3.212396287703e-01 3.675879396985e-05 1.928481145401e-01 3.675879396985e-05 1.759176965871e-01 3.675879396985e-05 3.110596163174e-01
3.869346733668e-05 3.211857191374e-01 3.869346733668e-05 1.928985463091e-01 3.869346733668e-05 1.760439322731e-01 3.869346733668e-05 3.109649501610e-01
4.062814070352e-05 3.211273502740e-01 4.062814070352e-05 1.929528624490e-01 4.062814070352e-05 1.761734410680e-01 4.062814070352e-05 3.108657990543e-01
4.256281407035e-05 3.210642421952e-01 4.256281407035e-05 1.930113555418e-01 4.256281407035e-05 1.763061904299e-01 4.256281407035e-05 3.107619628212e-01
4.449748743719e-05 3.209961044499e-01 4.449748743719e-05 1.930743391276e-01 4.449748743719e-05 1.764421347162e-01 4.449748743719e-05 3.106532334201e-01
4.643216080402e-05 3.209226366445e-01 4.643216080402e-05 1.931421490300e-01 4.643216080402e-05 1.765812140673e-01 4.643216080402e-05 3.105393947178e-01
4.836683417085e-05 3.208435291395e-01 4.836683417085e-05 1.932151447357e-01 4.836683417085e-05 1.767233532474e-01 4.836683417085e-05 3.104202222615e-01
5.030150753769e-05 3.207584639408e-01 5.030150753769e-05 1.932937108270e-01 5.030150753769e-05 1.768684604437e-01 5.030150753769e-05 3.102954830481e-01
5.223618090452e-05 3.206671158107e-01 5.223618090452e-05 1.933782584612e-01 5.223618090452e-05 1.770164260291e-01 5.223618090452e-05 3.101649352915e-01
5.417085427136e-05 3.205691536247e-01 5.417085427136e-05 1.934692268925e-01 5.417085427136e-05 1.771671212931e-01 5.417085427136e-05 3.100283281868e-01
5.610552763819e-05 3.204642420027e-01 5.610552763819e-05 1.935670850291e-01 5.610552763819e-05 1.773203971466e-01 5.610552763819e-05 3.098854016702e-01
5.804020100503e-05 3.203520432428e-01 5.804020100503e-05 1.936723330162e-01 5.804020100503e-05 1.774760828076e-01 5.804020100503e-05 3.097358861739e-01
5.997487437186e-05 3.202322195897e-01 5.997487437186e-05 1.937855038340e-01 5.997487437186e-05 1.776339844759e-01 5.997487437186e-05 3.095795023749e-01
6.190954773869e-05 3.201044358685e-01 6.190954773869e-05 1.939071648974e-01 6.190954773869e-05 1.777938840064e-01 6.190954773869e-05 3.094159609344e-01
6.384422110553e-05 3.199683625166e-01 6.384422110553e-05 1.940379196405e-01 6.384422110553e-05 1.779555375909e-01 6.384422110553e-05 3.092449622271e-01
6.577889447236e-05 3.198236790463e-01 6.577889447236e-05 1.941784090671e-01 6.577889447236e-05 1.781186744614e-01 6.577889447236e-05 3.090661960551e-01
6.771356783920e-05 3.196700779693e-01 6.771356783920e-05 1.943293132442e-01 6.771356783920e-05 1.782829956273e-01 6.771356783920e-05 3.088793413454e-01
6.964824120603e-05 3.195072692141e-01 6.964824120603e-05 1.944913527126e-01 6.964824120603e-05 1.784481726622e-01 6.964824120603e-05 3.086840658225e-01
7.158291457286e-05 3.193349850652e-01 7.158291457286e-05 1.946652897827e-01 7.158291457286e-05 1.786138465552e-01 7.158291457286e-05 3.084800256542e-01
7.351758793970e-05 3.191529856484e-01 7.351758793970e-05 1.948519296829e-01 7.351758793970e-05 1.787796266469e-01 7.351758793970e-05 3.082668650607e-01
7.545226130653e-05 3.189610649835e-01 7.545226130653e-05 1.950521215191e-01 7.545226130653e-05 1.789450896656e-01 7.545226130653e-05 3.080442158799e-01
7.738693467337e-05 3.187590576188e-01 7.738693467337e-05 1.952667590016e-01 7.738693467337e-05 1.791097788887e-01 7.738693467337e-05 3.078116970790e-01
7.932160804020e-05 3.185468458547e-01 7.932160804020e-05 1.954967808912e-01 7.932160804020e-05 1.792732034468e-01 7.932160804020e-05 3.075689142002e-01
8.125628140704e-05 3.183243675544e-01 8.125628140704e-05 1.957431711081e-01 8.125628140704e-05 1.794348377964e-01 8.125628140704e-05 3.073154587266e-01
8.319095477387e-05 3.180916245267e-01 8.319095477387e-05 1.960069584469e-01 8.319095477387e-05 1.795941213848e-01 8.319095477387e-05 3.070509073533e-01
8.512562814070e-05 3.178486914558e-01 8.512562814070e-05 1.962892158319e-01 8.512562814070e-05 1.797504585303e-01 8.512562814070e-05 3.067748211421e-01
8.706030150754e-05 3.175957253315e-01 8.706030150754e-05 1.965910590464e-01 8.706030150754e-05 1.799032185459e-01 8.706030150754e-05 3.064867445422e-01
8.899497487437e-05 3.173329753221e-01 8.899497487437e-05 1.969136448650e-01 8.899497487437e-05 1.800517361300e-01 8.899497487437e-05 3.061862042474e-01
9.092964824121e-05 3.170607930026e-01 9.092964824121e-05 1.972581685156e-01 9.092964824121e-05 1.801953120512e-01 9.092964824121e-05 3.058727078637e-01
9.286432160804e-05 3.167796428368e-01 9.286432160804e-05 1.976258603992e-01 9.286432160804e-05 1.803332141521e-01 9.286432160804e-05 3.055457423548e-01
9.479899497487e-05 3.164901127776e-01 9.479899497487e-05 1.980179819951e-01 9.479899497487e-05 1.804646786966e-01 9.479899497487e-05 3.052047722258e-01
9.673366834171e-05 3.161929248284e-01 9.673366834171e-05 1.984358208856e-01 9.673366834171e-05 1.805889120843e-01 9.673366834171e-05 3.048492374062e-01
9.866834170854e-05 3.158889453753e-01 9.866834170854e-05 1.988806848395e-01 9.866834170854e-05 1.807050929535e-01 9.866834170854e-05 3.044785507835e-01
1.006030150754e-04 3.155791950707e-01 1.006030150754e-04 1.993538949075e-01 1.006030150754e-04 1.808123746915e-01 1.006030150754e-04 3.040920953356e-01
1.025376884422e-04 3.152648580169e-01 1.025376884422e-04 1.998567774947e-01 1.025376884422e-04 1.809098883694e-01 1.025376884422e-04 3.036892208057e-01
1.044723618090e-04 3.149472899674e-01 1.044723618090e-04 2.003906553987e-01 1.044723618090e-04 1.809967461130e-01 1.044723618090e-04 3.032692398559e-01
1.064070351759e-04 3.146280252357e-01 1.064070351759e-04 2.009568378258e-01 1.064070351759e-04 1.810720449201e-01 1.064070351759e-04 3.028314236313e-01
1.083417085427e-04 3.143087819731e-01 1.083417085427e-04 2.015566094280e-01 1.083417085427e-04 1.811348709262e-01 1.083417085427e-04 3.023749966645e-01
1.102763819095e-04 3.139914654549e-01 1.102763819095e-04 2.021912184441e-01 1.102763819095e-04 1.811843041195e-01 1.102763819095e-04 3.018991310422e-01
1.122110552764e-04 3.136781690018e-01 1.122110552764e-04 2.028618640665e-01 1.122110552764e-04 1.812194234961e-01 1.122110552764e-04 3.014029397573e-01
1.141457286432e-04 3.133711721489e-01 1.141457286432e-04 2.035696832075e-01 1.141457286432e-04 1.812393126431e-01 1.141457286432e-04 3.008854691680e-01
1.160804020101e-04 3.130729356835e-01 1.160804020101e-04 2.043157368896e-01 1.160804020101e-04 1.812430657294e-01 1.160804020101e-04 3.003456904889e-01
1.180150753769e-04 3.127860931804e-01 1.180150753769e-04 2.051009965418e-01 1.180150753769e-04 1.812297938748e-01 1.180150753769e-04 2.997824902452e-01
1.199497487437e-04 3.125134386945e-01 1.199497487437e-04 2.059263305420e-01 1.199497487437e-04 1.811986318656e-01 1.199497487437e-04 2.991946596355e-01
1.218844221106e-04 3.122579103117e-01 1.218844221106e-04 2.067924914015e-01 1.218844221106e-04 1.811487451700e-01 1.218844221106e-04 2.985808827646e-01
1.238190954774e-04 3.120225693184e-01 1.238190954774e-04 2.077001040446e-01 1.238190954774e-04 1.810793372069e-01 1.238190954774e-04 2.979397237406e-01
1.257537688442e-04 3.118105748270e-01 1.257537688442e-04 2.086496556794e-01 1.257537688442e-04 1.809896568069e-01 1.257537688442e-04 2.972696126662e-01
1.276884422111e-04 3.116251537917e-01 1.276884422111e-04 2.096414877952e-01 1.276884422111e-04 1.808790058024e-01 1.276884422111e-04 2.965688306129e-01
1.296231155779e-04 3.114695664582e-01 1.296231155779e-04 2.106757908403e-01 1.296231155779e-04 1.807467466730e-01 1.296231155779e-04 2.958354937358e-01
1.315577889447e-04 3.113470674240e-01 1.315577889447e-04 2.117526021370e-01 1.315577889447e-04 1.805923101688e-01 1.315577889447e-04 2.950675367812e-01
1.334924623116e-04 3.112608626260e-01 1.334924623116e-04 2.128718075677e-01 1.334924623116e-04 1.804152028276e-01 1.334924623116e-04 2.942626963613e-01
1.354271356784e-04 3.112140627271e-01 1.354271356784e-04 2.140331475146e-01 1.354271356784e-04 1.802150142963e-01 1.354271356784e-04 2.934184945152e-01
1.373618090452e-04 3.112096335318e-01 1.373618090452e-04 2.152362274572e-01 1.373618090452e-04 1.799914243659e-01 1.373618090452e-04 2.925322232600e-01
1.392964824121e-04 3.112503442234e-01 1.392964824121e-04 2.164805335138e-01 1.392964824121e-04 1.797442096246e-01 1.392964824121e-04 2.916009310547e-01
1.412311557789e-04 3.113387143649e-01 1.412311557789e-04 2.177654530688e-01 1.412311557789e-04 1.794732496354e-01 1.412311557789e-04 2.906214123547e-01
1.431658291457e-04 3.114769607511e-01 1.431658291457e-04 2.190903004406e-01 1.431658291457e-04 1.791785325419e-01 1.431658291457e-04 2.895902017269e-01
1.451005025126e-04 3.116669453155e-01 1.451005025126e-04 2.204543473357e-01 1.451005025126e-04 1.788601600115e-01 1.451005025126e-04 2.885035743184e-01
1.470351758794e-04 3.119101253890e-01 1.470351758794e-04 2.218568575864e-01 1.470351758794e-04 1.785183514282e-01 1.470351758794e-04 2.873575548107e-01
1.489698492462e-04 3.122075076633e-01 1.489698492462e-04 2.232971254101e-01 1.489698492462e-04 1.781534472503e-01 1.489698492462e-04 2.861479373289e-01
1.509045226131e-04 3.125596072215e-01 1.509045226131e-04 2.247745161423e-01 1.509045226131e-04 1.777659114591e-01 1.509045226131e-04 2.848703190754e-01
1.528391959799e-04 3.129664129714e-01 1.528391959799e-04 2.262885081076e-01 1.528391959799e-04 1.773563330322e-01 1.528391959799e-04 2.835201506811e-01
1.547738693467e-04 3.134273607254e-01 1.547738693467e-04 2.278387340038e-01 1.547738693467e-04 1.769254263824e-01 1.547738693467e-04 2.820928063468e-01
1.567085427136e-04 3.139413150403e-01 1.567085427136e-04 2.294250198993e-01 1.567085427136e-04 1.764740307198e-01 1.567085427136e-04 2.805836767106e-01
1.586432160804e-04 3.145065607426e-01 1.586432160804e-04 2.310474196861e-01 1.586432160804e-04 1.760031083039e-01 1.586432160804e-04 2.789882869386e-01
1.605778894472e-04 3.151208048341e-01 1.605778894472e-04 2.327062426210e-01 1.605778894472e-04 1.755137415661e-01 1.605778894472e-04 2.773024416934e-01
1.625125628141e-04 3.157811892016e-01 1.625125628141e-04 2.344020714173e-01 1.625125628141e-04 1.750071291009e-01 1.625125628141e-04 2.755223973065e-01
1.644472361809e-04 3.164843142548e-01 1.644472361809e-04 2.361357682642e-01 1.644472361809e-04 1.744845805347e-01 1.644472361809e-04 2.736450595988e-01
1.663819095477e-04 3.172262732998e-01 1.663819095477e-04 2.379084661519e-01 1.663819095477e-04 1.739475102995e-01 1.663819095477e-04 2.716682033375e-01
1.683165829146e-04 3.180026971276e-01 1.683165829146e-04 2.397215430092e-01 1.683165829146e-04 1.733974303534e-01 1.683165829146e-04 2.695907063601e-01
1.702512562814e-04 3.188088079871e-01 1.702512562814e-04 2.415765764422e-01 1.702512562814e-04 1.728359419040e-01 1.702512562814e-04 2.674127880967e-01
1.721859296482e-04 3.196394818141e-01 1.721859296482e-04 2.434752773351e-01 1.721859296482e-04 1.722647262046e-01 1.721859296482e-04 2.651362388860e-01
1.741206030151e-04 3.204893173324e-01 1.741206030151e-04 2.454194012729e-01 1.741206030151e-04 1.716855345105e-01 1.741206030151e-04 2.627646235352e-01
1.760552763819e-04 3.213527104321e-01 1.760552763819e-04 2.474106377007e-01 1.760552763819e-04 1.711001772882e-01 1.760552763819e-04 2.603034405616e-01
1.779899497487e-04 3.222239320726e-01 1.779899497487e-04 2.494504779656e-01 1.779899497487e-04 1.705105127892e-01 1.779899497487e-04 2.577602180423e-01
1.799246231156e-04 3.230972078689e-01 1.799246231156e-04 2.515400648883e-01 1.799246231156e-04 1.699184351027e-01 1.799246231156e-04 2.551445285161e-01
1.818592964824e-04 3.239667974905e-01 1.818592964824e-04 2.536800282492e-01 1.818592964824e-04 1.693258618140e-01 1.818592964824e-04 2.524679092435e-01
1.837939698492e-04 3.248270720439e-01 1.837939698492e-04 2.558703124598e-01 1.837939698492e-04 1.687347213988e-01 1.837939698492e-04 2.497436803383e-01
1.857286432161e-04 3.256725877115e-01 1.857286432161e-04 2.581100045887e-01 1.857286432161e-04 1.681469404884e-01 1.857286432161e-04 2.469866614337e-01
1.876633165829e-04 3.264981540798e-01 1.876633165829e-04 2.603971726343e-01 1.876633165829e-04 1.675644311421e-01 1.876633165829e-04 2.442127967794e-01
1.895979899497e-04 3.272988957946e-01 1.895979899497e-04 2.627287252320e-01 1.895979899497e-04 1.669890782633e-01 1.895979899497e-04 2.414387078152e-01
1.915326633166e-04 3.280703064306e-01 1.915326633166e-04 2.651003045910e-01 1.915326633166e-04 1.664227272936e-01 1.915326633166e-04 2.386811999849e-01
1.934673366834e-04 3.288082937258e-01 1.934673366834e-04 2.675062241248e-01 1.934673366834e-04 1.658671723133e-01 1.934673366834e-04 2.359567556333e-01
1.954020100503e-04 3.295092156218e-01 1.954020100503e-04 2.699394607573e-01 1.954020100503e-04 1.653241446735e-01 1.954020100503e-04 2.332810464220e-01
1.973366834171e-04 3.301699068270e-01 1.973366834171e-04 2.723917091924e-01 1.973366834171e-04 1.647953022728e-01 1.973366834171e-04 2.306684965382e-01
1.992713567839e-04 3.307876959020e-01 1.992713567839e-04 2.748535015904e-01 1.992713567839e-04 1.642822195859e-01 1.992713567839e-04 2.281319224159e-01
2.012060301508e-04 3.313604131112e-01 2.012060301508e-04 2.773143913813e-01 2.012060301508e-04 1.637863785379e-01 2.012060301508e-04 2.256822666624e-01
2.031407035176e-04 3.318863895168e-01 2.031407035176e-04 2.797631948016e-01 2.031407035176e-04 1.633091603052e-01 2.031407035176e-04 2.233284346304e-01
2.050753768844e-04 3.323644479780e-01 2.050753768844e-04 2.821882787485e-01 2.050753768844e-04 1.628518381131e-01 2.050753768844e-04 2.210772329240e-01
2.070100502513e-04 3.327938868717e-01 2.070100502513e-04 2.845778793403e-01 2.070100502513e-04 1.624155710840e-01 2.070100502513e-04 2.189334012290e-01
2.089447236181e-04 3.331744574646e-01 2.089447236181e-04 2.869204327050e-01 2.089447236181e-04 1.620013991746e-01 2.089447236181e-04 2.168997229774e-01
2.108793969849e-04 3.335063359371e-01 2.108793969849e-04 2.892048984111e-01 2.108793969849e-04 1.616102392300e-01 2.108793969849e-04 2.149771968554e-01
2.128140703518e-04 3.337900910962e-01 2.128140703518e-04 2.914210567448e-01 2.128140703518e-04 1.612428821614e-01 2.128140703518e-04 2.131652499819e-01
2.147487437186e-04 3.340266488126e-01 2.147487437186e-04 2.935597636178e-01 2.147487437186e-04 1.608999912456e-01 2.147487437186e-04 2.114619743515e-01
2.166834170854e-04 3.342172541874e-01 2.166834170854e-04 2.956131508767e-01 2.166834170854e-04 1.605821015277e-01 2.166834170854e-04 2.098643703297e-01
2.186180904523e-04 3.343634323972e-01 2.186180904523e-04 2.975747646352e-01 2.186180904523e-04 1.602896202934e-01 2.186180904523e-04 2.083685840246e-01
2.205527638191e-04 3.344669490895e-01 2.205527638191e-04 2.994396393303e-01 2.205527638191e-04 1.600228285705e-01 2.205527638191e-04 2.069701287177e-01
2.224874371859e-04 3.345297711094e-01 2.224874371859e-04 3.012043099369e-01 2.224874371859e-04 1.597818836017e-01 2.224874371859e-04 2.056640838002e-01
2.244221105528e-04 3.345540282362e-01 2.244221105528e-04 3.028667686786e-01 2.244221105528e-04 1.595668222260e-01 2.244221105528e-04 2.044452675583e-01
2.263567839196e-04 3.345419765035e-01 2.263567839196e-04 3.044263753762e-01 2.263567839196e-04 1.593775650946e-01 2.263567839196e-04 2.033083825246e-01
2.282914572864e-04 3.344959635673e-01 2.282914572864e-04 3.058837321667e-01 2.282914572864e-04 1.592139216419e-01 2.282914572864e-04 2.022481339135e-01
2.302261306533e-04 3.344183964836e-01 2.302261306533e-04 3.072405337743e-01 2.302261306533e-04 1.590755957256e-01 2.302261306533e-04 2.012593229161e-01
2.321608040201e-04 3.343117121576e-01 2.321608040201e-04 3.084994040146e-01 2.321608040201e-04 1.589621918466e-01 2.321608040201e-04 2.003369174092e-01
2.340954773869e-04 3.341783506342e-01 2.340954773869e-04 3.096637280082e-01 2.340954773869e-04 1.588732218581e-01 2.340954773869e-04 1.994761030284e-01
2.360301507538e-04 3.340207313184e-01 2.360301507538e-04 3.107374879468e-01 2.360301507538e-04 1.588081120689e-01 2.360301507538e-04 1.986723176588e-01
2.379648241206e-04 3.338412321431e-01 2.379648241206e-04 3.117251084387e-01 2.379648241206e-04 1.587662106518e-01 2.379648241206e-04 1.979212722968e-01
2.398994974874e-04 3.336421716380e-01 2.398994974874e-04 3.126313156633e-01 2.398994974874e-04 1.587467952640e-01 2.398994974874e-04 1.972189610040e-01
2.418341708543e-04 3.334257938058e-01 2.418341708543e-04 3.134610129223e-01 2.418341708543e-04 1.587490807951e-01 2.418341708543e-04 1.965616623729e-01
2.437688442211e-04 3.331942556690e-01 2.437688442211e-04 3.142191737848e-01 2.437688442211e-04 1.587722271569e-01 2.437688442211e-04 1.959459345859e-01
2.457035175879e-04 3.329496173219e-01 2.457035175879e-04 3.149107529129e-01 2.457035175879e-04 1.588153470387e-01 2.457035175879e-04 1.953686058190e-01
2.476381909548e-04 3.326938342975e-01 2.476381909548e-04 3.155406138312e-01 2.476381909548e-04 1.588775135554e-01 2.476381909548e-04 1.948267614253e-01
2.495728643216e-04 3.324287520490e-01 2.495728643216e-04 3.161134723391e-01 2.495728643216e-04 1.589577677216e-01 2.495728643216e-04 1.943177290512e-01
2.515075376884e-04 3.321561023340e-01 2.515075376884e-04 3.166338539267e-01 2.515075376884e-04 1.590551256939e-01 2.515075376884e-04 1.938390625880e-01
2.534422110553e-04 3.318775012898e-01 2.534422110553e-04 3.171060633898e-01 2.534422110553e-04 1.591685857280e-01 2.534422110553e-04 1.933885256544e-01
2.553768844221e-04 3.315944489928e-01 2.553768844221e-04 3.175341648171e-01 2.553768844221e-04 1.592971348072e-01 2.553768844221e-04 1.929640751264e-01
2.573115577889e-04 3.313083302985e-01 2.573115577889e-04 3.179219701906e-01 2.573115577889e-04 1.594397549034e-01 2.573115577889e-04 1.925638450908e-01
2.592462311558e-04 3.310204167715e-01 2.592462311558e-04 3.182730349719e-01 2.592462311558e-04 1.595954288422e-01 2.592462311558e-04 1.921861314813e-01
2.611809045226e-04 3.307318695251e-01 2.611809045226e-04 3.185906592193e-01 2.611809045226e-04 1.597631457474e-01 2.611809045226e-04 1.918293775695e-01
2.631155778894e-04 3.304437428061e-01 2.631155778894e-04 3.188778929590e-01 2.631155778894e-04 1.599419060490e-01 2.631155778894e-04 1.914921604095e-01
2.650502512563e-04 3.301569881706e-01 2.650502512563e-04 3.191375447259e-01 2.650502512563e-04 1.601307260441e-01 2.650502512563e-04 1.911731782859e-01
2.669849246231e-04 3.298724591164e-01 2.669849246231e-04 3.193721923624e-01 2.669849246231e-04 1.603286420076e-01 2.669849246231e-04 1.908712391725e-01
2.689195979899e-04 3.295909160483e-01 2.689195979899e-04 3.195841953265e-01 2.689195979899e-04 1.605347138522e-01 2.689195979899e-04 1.905852501850e-01
2.708542713568e-04 3.293130314700e-01 2.708542713568e-04 3.197757079088e-01 2.708542713568e-04 1.607480283437e-01 2.708542713568e-04 1.903142079875e-01
2.727889447236e-04 3.290393953080e-01 2.727889447236e-04 3.199486928799e-01 2.727889447236e-04 1.609677018832e-01 2.727889447236e-04 1.900571901021e-01
2.747236180905e-04 3.287705202872e-01 2.747236180905e-04 3.201049352004e-01 2.747236180905e-04 1.611928828687e-01 2.747236180905e-04 1.898133470640e-01
2.766582914573e-04 3.285068472901e-01 2.766582914573e-04 3.202460555160e-01 2.766582914573e-04 1.614227536525e-01 2.766582914573e-04 1.895818953572e-01
2.785929648241e-04 3.282487506425e-01 2.785929648241e-04 3.203735232311e-01 2.785929648241e-04 1.616565321163e-01 2.785929648241e-04 1.893621110691e-01
2.805276381910e-04 3.279965432779e-01 2.805276381910e-04 3.204886690200e-01 2.805276381910e-04 1.618934728831e-01 2.805276381910e-04 1.891533241998e-01
2.824623115578e-04 3.277504817437e-01 2.824623115578e-04 3.205926966778e-01 2.824623115578e-04 1.621328681912e-01 2.824623115578e-04 1.889549135650e-01
2.843969849246e-04 3.275107710198e-01 2.843969849246e-04 3.206866942561e-01 2.843969849246e-04 1.623740484530e-01 2.843969849246e-04 1.887663022370e-01
2.863316582915e-04 3.272775691260e-01 2.863316582915e-04 3.207716444528e-01 2.863316582915e-04 1.626163825247e-01 2.863316582915e-04 1.885869534670e-01
2.882663316583e-04 3.270509915029e-01 2.882663316583e-04 3.208484342526e-01 2.882663316583e-04 1.628592777124e-01 2.882663316583e-04 1.884163670418e-01
2.902010050251e-04 3.268311151562e-01 2.902010050251e-04 3.209178638286e-01 2.902010050251e-04 1.631021795394e-01 2.902010050251e-04 1.882540760266e-01
2.921356783920e-04 3.266179825571e-01 2.921356783920e-04 3.209806547269e-01 2.921356783920e-04 1.633445712995e-01 2.921356783920e-04 1.880996438540e-01
2.940703517588e-04 3.264116052967e-01 2.940703517588e-04 3.210374573671e-01 2.940703517588e-04 1.635859734212e-01 2.940703517588e-04 1.879526617211e-01
2.960050251256e-04 3.262119674971e-01 2.960050251256e-04 3.210888578950e-01 2.960050251256e-04 1.638259426674e-01 2.960050251256e-04 1.878127462592e-01
2.979396984925e-04 3.260190289806e-01 2.979396984925e-04 3.211353844258e-01 2.979396984925e-04 1.640640711901e-01 2.979396984925e-04 1.876795374476e-01
2.998743718593e-04 3.258327282049e-01 2.998743718593e-04 3.211775127220e-01 2.998743718593e-04 1.642999854656e-01 2.998743718593e-04 1.875526967429e-01
3.018090452261e-04 3.256529849708e-01 3.018090452261e-04 3.212156713455e-01 3.018090452261e-04 1.645333451275e-01 3.018090452261e-04 1.874319053990e-01
3.037437185930e-04 3.254797029110e-01 3.037437185930e-04 3.212502463248e-01 3.037437185930e-04 1.647638417170e-01 3.037437185930e-04 1.873168629574e-01
3.056783919598e-04 3.253127717711e-01 3.056783919598e-04 3.212815853790e-01 3.056783919598e-04 1.649911973694e-01 3.056783919598e-04 1.872072858874e-01
3.076130653266e-04 3.251520694920e-01 3.076130653266e-04 3.213100017332e-01 3.076130653266e-04 1.652151634511e-01 3.076130653266e-04 1.871029063591e-01
3.095477386935e-04 3.249974641053e-01 3.095477386935e-04 3.213357775637e-01 3.095477386935e-04 1.654355191630e-01 3.095477386935e-04 1.870034711350e-01
3.114824120603e-04 3.248488154523e-01 3.114824120603e-04 3.213591671048e-01 3.114824120603e-04 1.656520701237e-01 3.114824120603e-04 1.869087405657e-01
3.134170854271e-04 3.247059767383e-01 3.134170854271e-04 3.213803994487e-01 3.134170854271e-04 1.658646469430e-01 3.134170854271e-04 1.868184876788e-01
3.153517587940e-04 3.245687959328e-01 3.153517587940e-04 3.213996810673e-01 3.153517587940e-04 1.660731037992e-01 3.153517587940e-04 1.867324973495e-01
3.172864321608e-04 3.244371170263e-01 3.172864321608e-04 3.214171980818e-01 3.172864321608e-04 1.662773170261e-01 3.172864321608e-04 1.866505655454e-01
3.192211055276e-04 3.243107811548e-01 3.192211055276e-04 3.214331183055e-01 3.192211055276e-04 1.664771837214e-01 3.192211055276e-04 1.865724986354e-01
3.211557788945e-04 3.241896276008e-01 3.211557788945e-04 3.214475930805e-01 3.211557788945e-04 1.666726203808e-01 3.211557788945e-04 1.864981127574e-01
3.230904522613e-04 3.240734946825e-01 3.230904522613e-04 3.214607589295e-01 3.230904522613e-04 1.668635615655e-01 3.230904522613e-04 1.864272332374e-01
3.250251256281e-04 3.239622205383e-01 3.250251256281e-04 3.214727390407e-01 3.250251256281e-04 1.670499586078e-01 3.250251256281e-04 1.863596940546e-01
3.269597989950e-04 3.238556438169e-01 3.269597989950e-04 3.214836446022e-01 3.269597989950e-04 1.672317783586e-01 3.269597989950e-04 1.862953373487e-01
3.288944723618e-04 3.237536042798e-01 3.288944723618e-04 3.214935760017e-01 3.288944723618e-04 1.674090019803e-01 3.288944723618e-04 1.862340129633e-01
3.308291457286e-04 3.236559433259e-01 3.308291457286e-04 3.215026239040e-01 3.308291457286e-04 1.675816237884e-01 3.308291457286e-04 1.861755780232e-01
3.327638190955e-04 3.235625044429e-01 3.327638190955e-04 3.215108702198e-01 3.327638190955e-04 1.677496501420e-01 3.327638190955e-04 1.861198965422e-01
3.346984924623e-04 3.234731335947e-01 3.346984924623e-04 3.215183889760e-01 3.346984924623e-04 1.679130983868e-01 3.346984924623e-04 1.860668390569e-01
3.366331658291e-04 3.233876795492e-01 3.366331658291e-04 3.215252470977e-01 3.366331658291e-04 1.680719958492e-01 3.366331658291e-04 1.860162822862e-01
3.385678391960e-04 3.233059941533e-01 3.385678391960e-04 3.215315051114e-01 3.385678391960e-04 1.682263788831e-01 3.385678391960e-04 1.859681088125e-01
3.405025125628e-04 3.232279325605e-01 3.405025125628e-04 3.215372177767e-01 3.405025125628e-04 1.683762919691e-01 3.405025125628e-04 1.859222067829e-01
3.424371859296e-04 3.231533534148e-01 3.424371859296e-04 3.215424346542e-01 3.424371859296e-04 1.685217868649e-01 3.424371859296e-04 1.858784696300e-01
3.443718592965e-04 3.230821189974e-01 3.443718592965e-04 3.215472006164e-01 3.443718592965e-04 1.686629218070e-01 3.443718592965e-04 1.858367958080e-01
3.463065326633e-04 3.230140953386e-01 3.463065326633e-04 3.215515563063e-01 3.463065326633e-04 1.687997607621e-01 3.463065326633e-04 1.857970885457e-01
3.482412060302e-04 3.229491523000e-01 3.482412060302e-04 3.215555385512e-01 3.482412060302e-04 1.689323727268e-01 3.482412060302e-04 1.857592556133e-01
3.501758793970e-04 3.228871636291e-01 3.501758793970e-04 3.215591807336e-01 3.501758793970e-04 1.690608310749e-01 3.501758793970e-04 1.857232091016e-01
3.521105527638e-04 3.228280069909e-01 3.521105527638e-04 3.215625131257e-01 3.521105527638e-04 1.691852129497e-01 3.521105527638e-04 1.856888652150e-01
3.540452261307e-04 3.227715639785e-01 3.540452261307e-04 3.215655631904e-01 3.540452261307e-04 1.693055986999e-01 3.540452261307e-04 1.856561440738e-01
3.559798994975e-04 3.227177201059e-01 3.559798994975e-04 3.215683558518e-01 3.559798994975e-04 1.694220713585e-01 3.559798994975e-04 1.856249695284e-01
3.579145728643e-04 3.226663647841e-01 3.579145728643e-04 3.215709137394e-01 3.579145728643e-04 1.695347161604e-01 3.579145728643e-04 1.855952689826e-01
3.598492462312e-04 3.226173912845e-01 3.598492462312e-04 3.215732574080e-01 3.598492462312e-04 1.696436200988e-01 3.598492462312e-04 1.855669732263e-01
3.617839195980e-04 3.225706966899e-01 3.617839195980e-04 3.215754055349e-01 3.617839195980e-04 1.697488715184e-01 3.617839195980e-04 1.855400162762e-01
3.637185929648e-04 3.225261818363e-01 3.637185929648e-04 3.215773750991e-01 3.637185929648e-04 1.698505597423e-01 3.637185929648e-04 1.855143352247e-01
3.656532663317e-04 3.224837512449e-01 3.656532663317e-04 3.215791815418e-01 3.656532663317e-04 1.699487747312e-01 3.656532663317e-04 1.854898700967e-01
3.675879396985e-04 3.224433130483e-01 3.675879396985e-04 3.215808389115e-01 3.675879396985e-04 1.700436067743e-01 3.675879396985e-04 1.854665637126e-01
3.695226130653e-04 3.224047789106e-01 3.695226130653e-04 3.215823599949e-01 3.695226130653e-04 1.701351462078e-01 3.695226130653e-04 1.854443615585e-01
3.714572864322e-04 3.223680639421e-01 3.714572864322e-04 3.215837564351e-01 3.714572864322e-04 1.702234831611e-01 3.714572864322e-04 1.854232116627e-01
3.733919597990e-04 3.223330866110e-01 3.733919597990e-04 3.215850388380e-01 3.733919597990e-04 1.703087073281e-01 3.733919597990e-04 1.854030644774e-01
3.753266331658e-04 3.222997686521e-01 3.753266331658e-04 3.215862168689e-01 3.753266331658e-04 1.703909077621e-01 3.753266331658e-04 1.853838727668e-01
3.772613065327e-04 3.222680349731e-01 3.772613065327e-04 3.215872993395e-01 3.772613065327e-04 1.704701726930e-01 3.772613065327e-04 1.853655914998e-01
3.791959798995e-04 3.222378135602e-01 3.791959798995e-04 3.215882942863e-01 3.791959798995e-04 1.705465893646e-01 3.791959798995e-04 1.853481777485e-01
3.811306532663e-04 3.222090353817e-01 3.811306532663e-04 3.215892090419e-01 3.811306532663e-04 1.706202438908e-01 3.811306532663e-04 1.853315905904e-01
3.830653266332e-04 3.221816342926e-01 3.830653266332e-04 3.215900502993e-01 3.830653266332e-04 1.706912211301e-01 3.830653266332e-04 1.853157910161e-01
3.850000000000e-04 3.221555469389e-01 3.850000000000e-04 3.215908241702e-01 3.850000000000e-04 1.707596045758e-01 3.850000000000e-04 1.853007418405e-01
