0.000000000000e+00 2.888999883313e-01 0.000000000000e+00 2.925990310688e-01 0.000000000000e+00 2.027000043011e-01 0.000000000000e+00 9.794535559828e-02 0.000000000000e+00 1.178000000000e-01
2.417085427136e-06 2.888999863683e-01 2.417085427136e-06 2.925989153004e-01 2.417085427136e-06 2.027000050375e-01 2.417085427136e-06 9.794884893166e-02 2.417085427136e-06 1.178000000000e-01
4.834170854271e-06 2.888999840751e-01 4.834170854271e-06 2.925987856287e-01 4.834170854271e-06 2.027000059002e-01 4.834170854271e-06 9.795261123366e-02 4.834170854271e-06 1.178000000000e-01
7.251256281407e-06 2.888999813961e-01 7.251256281407e-06 2.925986403692e-01 7.251256281407e-06 2.027000069105e-01 7.251256281407e-06 9.795666320253e-02 7.251256281407e-06 1.178000000000e-01
9.668341708543e-06 2.888999782664e-01 9.668341708543e-06 2.925984776303e-01 9.668341708543e-06 2.027000080938e-01 9.668341708543e-06 9.796102712840e-02 9.668341708543e-06 1.178000000000e-01
1.208542713568e-05 2.888999746102e-01 1.208542713568e-05 2.925982952868e-01 1.208542713568e-05 2.027000094797e-01 1.208542713568e-05 9.796572701576e-02 1.208542713568e-05 1.178000000000e-01
1.450251256281e-05 2.888999703389e-01 1.450251256281e-05 2.925980909508e-01 1.450251256281e-05 2.027000111030e-01 1.450251256281e-05 9.797078871540e-02 1.450251256281e-05 1.178000000000e-01
1.691959798995e-05 2.888999653491e-01 1.691959798995e-05 2.925978619383e-01 1.691959798995e-05 2.027000130043e-01 1.691959798995e-05 9.797624006658e-02 1.691959798995e-05 1.178000000000e-01
1.933668341709e-05 2.888999595198e-01 1.933668341709e-05 2.925976052308e-01 1.933668341709e-05 2.027000152311e-01 1.933668341709e-05 9.798211105020e-02 1.933668341709e-05 1.178000000000e-01
2.175376884422e-05 2.888999527099e-01 2.175376884422e-05 2.925973174329e-01 2.175376884422e-05 2.027000178392e-01 2.175376884422e-05 9.798843395397e-02 2.175376884422e-05 1.178000000000e-01
2.417085427136e-05 2.888999447544e-01 2.417085427136e-05 2.925969947234e-01 2.417085427136e-05 2.027000208939e-01 2.417085427136e-05 9.799524355033e-02 2.417085427136e-05 1.178000000000e-01
2.658793969849e-05 2.888999354605e-01 2.658793969849e-05 2.925966328000e-01 2.658793969849e-05 2.027000244716e-01 2.658793969849e-05 9.800257728844e-02 2.658793969849e-05 1.178000000000e-01
2.900502512563e-05 2.888999246032e-01 2.900502512563e-05 2.925962268162e-01 2.900502512563e-05 2.027000286621e-01 2.900502512563e-05 9.801047550118e-02 2.900502512563e-05 1.178000000000e-01
3.142211055276e-05 2.888999119193e-01 3.142211055276e-05 2.925957713099e-01 3.142211055276e-05 2.027000335700e-01 3.142211055276e-05 9.801898162850e-02 3.142211055276e-05 1.178000000000e-01
3.383919597990e-05 2.888998971017e-01 3.383919597990e-05 2.925952601218e-01 3.383919597990e-05 2.027000393184e-01 3.383919597990e-05 9.802814245848e-02 3.383919597990e-05 1.178000000000e-01
3.625628140704e-05 2.888998797914e-01 3.625628140704e-05 2.925946863021e-01 3.625628140704e-05 2.027000460511e-01 3.625628140704e-05 9.803800838765e-02 3.625628140704e-05 1.178000000000e-01
3.867336683417e-05 2.888998595689e-01 3.867336683417e-05 2.925940420048e-01 3.867336683417e-05 2.027000539367e-01 3.867336683417e-05 9.804863370228e-02 3.867336683417e-05 1.178000000000e-01
4.109045226131e-05 2.888998359445e-01 4.109045226131e-05 2.925933183655e-01 4.109045226131e-05 2.027000631726e-01 4.109045226131e-05 9.806007688233e-02 4.109045226131e-05 1.178000000000e-01
4.350753768844e-05 2.888998083458e-01 4.350753768844e-05 2.925925053629e-01 4.350753768844e-05 2.027000739900e-01 4.350753768844e-05 9.807240093038e-02 4.350753768844e-05 1.178000000000e-01
4.592462311558e-05 2.888997761042e-01 4.592462311558e-05 2.925915916590e-01 4.592462311558e-05 2.027000866597e-01 4.592462311558e-05 9.808567372765e-02 4.592462311558e-05 1.178000000000e-01
4.834170854271e-05 2.888997384387e-01 4.834170854271e-05 2.925905644165e-01 4.834170854271e-05 2.027001014990e-01 4.834170854271e-05 9.809996841981e-02 4.834170854271e-05 1.178000000000e-01
5.075879396985e-05 2.888996944368e-01 5.075879396985e-05 2.925894090879e-01 5.075879396985e-05 2.027001188792e-01 5.075879396985e-05 9.811536383543e-02 5.075879396985e-05 1.178000000000e-01
5.317587939698e-05 2.888996430325e-01 5.317587939698e-05 2.925881091742e-01 5.317587939698e-05 2.027001392355e-01 5.317587939698e-05 9.813194494040e-02 5.317587939698e-05 1.178000000000e-01
5.559296482412e-05 2.888995829806e-01 5.559296482412e-05 2.925866459452e-01 5.559296482412e-05 2.027001630776e-01 5.559296482412e-05 9.814980333207e-02 5.559296482412e-05 1.178000000001e-01
5.801005025126e-05 2.888995128263e-01 5.801005025126e-05 2.925849981179e-01 5.801005025126e-05 2.027001910022e-01 5.801005025126e-05 9.816903777734e-02 5.801005025126e-05 1.178000000001e-01
6.042713567839e-05 2.888994308700e-01 6.042713567839e-05 2.925831414837e-01 6.042713567839e-05 2.027002237084e-01 6.042713567839e-05 9.818975479960e-02 6.042713567839e-05 1.178000000001e-01
6.284422110553e-05 2.888993351262e-01 6.284422110553e-05 2.925810484778e-01 6.284422110553e-05 2.027002620151e-01 6.284422110553e-05 9.821206932025e-02 6.284422110553e-05 1.178000000002e-01
6.526130653266e-05 2.888992232756e-01 6.526130653266e-05 2.925786876789e-01 6.526130653266e-05 2.027003068812e-01 6.526130653266e-05 9.823610536117e-02 6.526130653266e-05 1.178000000002e-01
6.767839195980e-05 2.888990926084e-01 6.767839195980e-05 2.925760232292e-01 6.767839195980e-05 2.027003594299e-01 6.767839195980e-05 9.826199681592e-02 6.767839195980e-05 1.178000000003e-01
7.009547738693e-05 2.888989399588e-01 7.009547738693e-05 2.925730141587e-01 7.009547738693e-05 2.027004209767e-01 7.009547738693e-05 9.828988829840e-02 7.009547738693e-05 1.178000000005e-01
7.251256281407e-05 2.888987616287e-01 7.251256281407e-05 2.925696135989e-01 7.251256281407e-05 2.027004930623e-01 7.251256281407e-05 9.831993607954e-02 7.251256281407e-05 1.178000000007e-01
7.492964824121e-05 2.888985532975e-01 7.492964824121e-05 2.925657678655e-01 7.492964824121e-05 2.027005774914e-01 7.492964824121e-05 9.835230912417e-02 7.492964824121e-05 1.178000000010e-01
7.734673366834e-05 2.888983099175e-01 7.734673366834e-05 2.925614153862e-01 7.734673366834e-05 2.027006763774e-01 7.734673366834e-05 9.838719024279e-02 7.734673366834e-05 1.178000000014e-01
7.976381909548e-05 2.888980255917e-01 7.976381909548e-05 2.925564854460e-01 7.976381909548e-05 2.027007921958e-01 7.976381909548e-05 9.842477737543e-02 7.976381909548e-05 1.178000000020e-01
8.218090452261e-05 2.888976934303e-01 8.218090452261e-05 2.925508967178e-01 8.218090452261e-05 2.027009278460e-01 8.218090452261e-05 9.846528502822e-02 8.218090452261e-05 1.178000000028e-01
8.459798994975e-05 2.888973053840e-01 8.459798994975e-05 2.925445555368e-01 8.459798994975e-05 2.027010867238e-01 8.459798994975e-05 9.850894588751e-02 8.459798994975e-05 1.178000000041e-01
8.701507537688e-05 2.888968520480e-01 8.701507537688e-05 2.925373538738e-01 8.701507537688e-05 2.027012728064e-01 8.701507537688e-05 9.855601264096e-02 8.701507537688e-05 1.178000000059e-01
8.943216080402e-05 2.888963224336e-01 8.943216080402e-05 2.925291669492e-01 8.943216080402e-05 2.027014907522e-01 8.943216080402e-05 9.860676004133e-02 8.943216080402e-05 1.178000000085e-01
9.184924623116e-05 2.888957037010e-01 9.184924623116e-05 2.925198504224e-01 9.184924623116e-05 2.027017460172e-01 9.184924623116e-05 9.866148725593e-02 9.184924623116e-05 1.178000000123e-01
9.426633165829e-05 2.888949808464e-01 9.426633165829e-05 2.925092370753e-01 9.426633165829e-05 2.027020449920e-01 9.426633165829e-05 9.872052055358e-02 9.426633165829e-05 1.178000000178e-01
9.668341708543e-05 2.888941363358e-01 9.668341708543e-05 2.924971328952e-01 9.668341708543e-05 2.027023951615e-01 9.668341708543e-05 9.878421639194e-02 9.668341708543e-05 1.178000000258e-01
9.910050251256e-05 2.888931496768e-01 9.910050251256e-05 2.924833124423e-01 9.910050251256e-05 2.027028052931e-01 9.910050251256e-05 9.885296498134e-02 9.910050251256e-05 1.178000000375e-01
1.015175879397e-04 2.888919969161e-01 1.015175879397e-04 2.924675133658e-01 1.015175879397e-04 2.027032856562e-01 1.015175879397e-04 9.892719441749e-02 1.015175879397e-04 1.178000000547e-01
1.039346733668e-04 2.888906500505e-01 1.039346733668e-04 2.924494299050e-01 1.039346733668e-04 2.027038482805e-01 1.039346733668e-04 9.900737549542e-02 1.039346733668e-04 1.178000000798e-01
1.063517587940e-04 2.888890763360e-01 1.063517587940e-04 2.924287051821e-01 1.063517587940e-04 2.027045072585e-01 1.063517587940e-04 9.909402734113e-02 1.063517587940e-04 1.178000001167e-01
1.087688442211e-04 2.888872374748e-01 1.087688442211e-04 2.924049220523e-01 1.087688442211e-04 2.027052791006e-01 1.087688442211e-04 9.918772402695e-02 1.087688442211e-04 1.178000001711e-01
1.111859296482e-04 2.888850886593e-01 1.111859296482e-04 2.923775922359e-01 1.111859296482e-04 2.027061831522e-01 1.111859296482e-04 9.928910237268e-02 1.111859296482e-04 1.178000002515e-01
1.136030150754e-04 2.888825774435e-01 1.136030150754e-04 2.923461434009e-01 1.136030150754e-04 2.027072420849e-01 1.136030150754e-04 9.939887117823e-02 1.136030150754e-04 1.178000003709e-01
1.160201005025e-04 2.888796424086e-01 1.160201005025e-04 2.923099038037e-01 1.160201005025e-04 2.027084824740e-01 1.160201005025e-04 9.951782218661e-02 1.160201005025e-04 1.178000005485e-01
1.184371859296e-04 2.888762115804e-01 1.184371859296e-04 2.922680840204e-01 1.184371859296e-04 2.027099354809e-01 1.184371859296e-04 9.964684314043e-02 1.184371859296e-04 1.178000008137e-01
1.208542713568e-04 2.888722005436e-01 1.208542713568e-04 2.922197552162e-01 1.208542713568e-04 2.027116376607e-01 1.208542713568e-04 9.978693337259e-02 1.208542713568e-04 1.178000012110e-01
1.232713567839e-04 2.888675101865e-01 1.232713567839e-04 2.921638233002e-01 1.232713567839e-04 2.027136319208e-01 1.232713567839e-04 9.993922246541e-02 1.232713567839e-04 1.178000018082e-01
1.256884422111e-04 2.888620239870e-01 1.256884422111e-04 2.920989981968e-01 1.256884422111e-04 2.027159686657e-01 1.256884422111e-04 1.001049926239e-01 1.256884422111e-04 1.178000027090e-01
1.281055276382e-04 2.888556047240e-01 1.281055276382e-04 2.920237573362e-01 1.281055276382e-04 2.027187071722e-01 1.281055276382e-04 1.002857055422e-01 1.281055276382e-04 1.178000040722e-01
1.305226130653e-04 2.888480904613e-01 1.305226130653e-04 2.919363023201e-01 1.305226130653e-04 2.027219172530e-01 1.305226130653e-04 1.004830346984e-01 1.305226130653e-04 1.178000061426e-01
1.329396984925e-04 2.888392895968e-01 1.329396984925e-04 2.918345075620e-01 1.329396984925e-04 2.027256812935e-01 1.329396984925e-04 1.006989041968e-01 1.329396984925e-04 1.178000092973e-01
1.353567839196e-04 2.888289746948e-01 1.353567839196e-04 2.917158595347e-01 1.353567839196e-04 2.027300967735e-01 1.353567839196e-04 1.009355354868e-01 1.353567839196e-04 1.178000141203e-01
1.377738693467e-04 2.888168747097e-01 1.377738693467e-04 2.915773850930e-01 1.377738693467e-04 2.027352794398e-01 1.377738693467e-04 1.011955035251e-01 1.377738693467e-04 1.178000215175e-01
1.401909547739e-04 2.888026650565e-01 1.401909547739e-04 2.914155671959e-01 1.401909547739e-04 2.027413673686e-01 1.401909547739e-04 1.014818042112e-01 1.401909547739e-04 1.178000328980e-01
1.426080402010e-04 2.887859547564e-01 1.426080402010e-04 2.912262462423e-01 1.426080402010e-04 2.027485262748e-01 1.426080402010e-04 1.017979351969e-01 1.426080402010e-04 1.178000504595e-01
1.450251256281e-04 2.887662695613e-01 1.450251256281e-04 2.910045052147e-01 1.450251256281e-04 2.027569566030e-01 1.450251256281e-04 1.021479924485e-01 1.450251256281e-04 1.178000776364e-01
1.474422110553e-04 2.887430294846e-01 1.474422110553e-04 2.907445369350e-01 1.474422110553e-04 2.027669032183e-01 1.474422110553e-04 1.025367851699e-01 1.474422110553e-04 1.178001198080e-01
1.498592964824e-04 2.887155184700e-01 1.498592964824e-04 2.904394920748e-01 1.498592964824e-04 2.027786689510e-01 1.498592964824e-04 1.029699718463e-01 1.498592964824e-04 1.178001854159e-01
1.522763819095e-04 2.886828429151e-01 1.522763819095e-04 2.900813072318e-01 1.522763819095e-04 2.027926339383e-01 1.522763819095e-04 1.034542201485e-01 1.522763819095e-04 1.178002877319e-01
1.546934673367e-04 2.886438742726e-01 1.546934673367e-04 2.896605135638e-01 1.546934673367e-04 2.028092837826e-01 1.546934673367e-04 1.039973931213e-01 1.546934673367e-04 1.178004476555e-01
1.571105527638e-04 2.885971687691e-01 1.571105527638e-04 2.891660283583e-01 1.571105527638e-04 2.028292512448e-01 1.571105527638e-04 1.046087632886e-01 1.571105527638e-04 1.178006981496e-01
1.595276381910e-04 2.885408540789e-01 1.595276381910e-04 2.885849347945e-01 1.595276381910e-04 2.028533788510e-01 1.595276381910e-04 1.052992547804e-01 1.595276381910e-04 1.178010912745e-01
1.619447236181e-04 2.884724681179e-01 1.619447236181e-04 2.879022593499e-01 1.619447236181e-04 2.028828139745e-01 1.619447236181e-04 1.060817109528e-01 1.619447236181e-04 1.178017093574e-01
1.643618090452e-04 2.883887283153e-01 1.643618090452e-04 2.871007621664e-01 1.643618090452e-04 2.029191544984e-01 1.643618090452e-04 1.069711807683e-01 1.643618090452e-04 1.178026827356e-01
1.667788944724e-04 2.882851998911e-01 1.667788944724e-04 2.861607635496e-01 1.667788944724e-04 2.029646733539e-01 1.667788944724e-04 1.079852108252e-01 1.667788944724e-04 1.178042179625e-01
1.691959798995e-04 2.881558176022e-01 1.691959798995e-04 2.850600398142e-01 1.691959798995e-04 2.030226659700e-01 1.691959798995e-04 1.091441207035e-01 1.691959798995e-04 1.178066426610e-01
1.716130653266e-04 2.879921956640e-01 1.716130653266e-04 2.837738337120e-01 1.716130653266e-04 2.030979886350e-01 1.716130653266e-04 1.104712265812e-01 1.716130653266e-04 1.178104768659e-01
1.740301507538e-04 2.877826335493e-01 1.740301507538e-04 2.822750378802e-01 1.740301507538e-04 2.031978913852e-01 1.740301507538e-04 1.119929614667e-01 1.740301507538e-04 1.178165464857e-01
1.764472361809e-04 2.875106902111e-01 1.764472361809e-04 2.805346221713e-01 1.764472361809e-04 2.033332997590e-01 1.764472361809e-04 1.137388201605e-01 1.764472361809e-04 1.178261636589e-01
1.788643216080e-04 2.871531574403e-01 1.788643216080e-04 2.785223839154e-01 1.788643216080e-04 2.035207663096e-01 1.788643216080e-04 1.157410347813e-01 1.788643216080e-04 1.178414131071e-01
1.812814070352e-04 2.866772225430e-01 1.812814070352e-04 2.762080986928e-01 1.812814070352e-04 2.037853852775e-01 1.812814070352e-04 1.180338661809e-01 1.812814070352e-04 1.178656057944e-01
1.836984924623e-04 2.860365944685e-01 1.836984924623e-04 2.735631308130e-01 1.836984924623e-04 2.041650019836e-01 1.836984924623e-04 1.206523849069e-01 1.836984924623e-04 1.179039949338e-01
1.861155778894e-04 2.851664309822e-01 1.861155778894e-04 2.705625193053e-01 1.861155778894e-04 2.047159377472e-01 1.861155778894e-04 1.236306235711e-01 1.861155778894e-04 1.179648988876e-01
1.885326633166e-04 2.839771624267e-01 1.885326633166e-04 2.671874804897e-01 1.885326633166e-04 2.055199214124e-01 1.885326633166e-04 1.269990251061e-01 1.885326633166e-04 1.180614436305e-01
1.909497487437e-04 2.823479702799e-01 1.909497487437e-04 2.634281618269e-01 1.909497487437e-04 2.066904451845e-01 1.909497487437e-04 1.307812035332e-01 1.909497487437e-04 1.182142191983e-01
1.933668341709e-04 2.801220597074e-01 1.933668341709e-04 2.592863550999e-01 1.933668341709e-04 2.083736267267e-01 1.933668341709e-04 1.349901844875e-01 1.933668341709e-04 1.184552098549e-01
1.957839195980e-04 2.771082463963e-01 1.957839195980e-04 2.547777573600e-01 1.957839195980e-04 2.107337766765e-01 1.957839195980e-04 1.396244940127e-01 1.957839195980e-04 1.188333104978e-01
1.982010050251e-04 2.730964749158e-01 1.982010050251e-04 2.499332980579e-01 1.982010050251e-04 2.139104357058e-01 1.982010050251e-04 1.446646799170e-01 1.982010050251e-04 1.194213375016e-01
2.006180904523e-04 2.678966507726e-01 2.006180904523e-04 2.447990782462e-01 2.006180904523e-04 2.179417641987e-01 2.006180904523e-04 1.500710107922e-01 2.006180904523e-04 1.203231663372e-01
2.030351758794e-04 2.614055121621e-01 2.030351758794e-04 2.394346257483e-01 2.030351758794e-04 2.226809795393e-01 2.030351758794e-04 1.557831128133e-01 2.030351758794e-04 1.216766767569e-01
2.054522613065e-04 2.536889117729e-01 2.054522613065e-04 2.339094532390e-01 2.054522613065e-04 2.277740131918e-01 2.054522613065e-04 1.617220969456e-01 2.054522613065e-04 1.236431297025e-01
2.078693467337e-04 2.450393247432e-01 2.078693467337e-04 2.282982561843e-01 2.078693467337e-04 2.327555845273e-01 2.078693467337e-04 1.677952872408e-01 2.078693467337e-04 1.263689791211e-01
2.102864321608e-04 2.359548398047e-01 2.102864321608e-04 2.226754039896e-01 2.102864321608e-04 2.372232661872e-01 2.102864321608e-04 1.739030752632e-01 2.102864321608e-04 1.299119232224e-01
2.127035175879e-04 2.270195322074e-01 2.127035175879e-04 2.171095542755e-01 2.127035175879e-04 2.409667523840e-01 2.127035175879e-04 1.799468794063e-01 2.127035175879e-04 1.341539429147e-01
2.151206030151e-04 2.187367011593e-01 2.151206030151e-04 2.116591928832e-01 2.151206030151e-04 2.439780243300e-01 2.151206030151e-04 1.858368844499e-01 2.151206030151e-04 1.387706575979e-01
2.175376884422e-04 2.114066698120e-01 2.175376884422e-04 2.063696805550e-01 2.175376884422e-04 2.463775659196e-01 2.175376884422e-04 1.914982987003e-01 2.175376884422e-04 1.433230616235e-01
2.199547738693e-04 2.051029150334e-01 2.199547738693e-04 2.012720496434e-01 2.199547738693e-04 2.483304430431e-01 2.199547738693e-04 1.968752679640e-01 2.199547738693e-04 1.474367382290e-01
2.223718592965e-04 1.997284303377e-01 2.223718592965e-04 1.963834500281e-01 2.223718592965e-04 2.499924233601e-01 2.223718592965e-04 2.019321681250e-01 2.223718592965e-04 1.509387394963e-01
2.247889447236e-04 1.950987652092e-01 2.247889447236e-04 1.917088854719e-01 2.247889447236e-04 2.514878690525e-01 2.247889447236e-04 2.066525535323e-01 2.247889447236e-04 1.538695572345e-01
2.272060301508e-04 1.910106180045e-01 2.272060301508e-04 1.872437552003e-01 2.272060301508e-04 2.529067623881e-01 2.272060301508e-04 2.110364086311e-01 2.272060301508e-04 1.564061747583e-01
2.296231155779e-04 1.872824512269e-01 2.296231155779e-04 1.829767149035e-01 2.296231155779e-04 2.543096094805e-01 2.296231155779e-04 2.150964798050e-01 2.296231155779e-04 1.587731491447e-01
2.320402010050e-04 1.837714074945e-01 2.320402010050e-04 1.788924579454e-01 2.320402010050e-04 2.557340203480e-01 2.320402010050e-04 2.188543917823e-01 2.320402010050e-04 1.611806817971e-01
2.344572864322e-04 1.803757823636e-01 2.344572864322e-04 1.749741434184e-01 2.344572864322e-04 2.572005020101e-01 2.344572864322e-04 2.223370647369e-01 2.344572864322e-04 1.637883385542e-01
2.368743718593e-04 1.770306616306e-01 2.368743718593e-04 1.712053235789e-01 2.368743718593e-04 2.587169030478e-01 2.368743718593e-04 2.255737309866e-01 2.368743718593e-04 1.666818896680e-01
2.392914572864e-04 1.737012513159e-01 2.392914572864e-04 1.675713258960e-01 2.392914572864e-04 2.602816866245e-01 2.392914572864e-04 2.285936628760e-01 2.392914572864e-04 1.698583903779e-01
2.417085427136e-04 1.703760529708e-01 2.417085427136e-04 1.640601162933e-01 2.417085427136e-04 2.618863897561e-01 2.417085427136e-04 2.314245918870e-01 2.417085427136e-04 1.732252580702e-01
2.441256281407e-04 1.670606818379e-01 2.441256281407e-04 1.606627120450e-01 2.441256281407e-04 2.635175878559e-01 2.441256281407e-04 2.340917242928e-01 2.441256281407e-04 1.766218057875e-01
2.465427135678e-04 1.637725075905e-01 2.465427135678e-04 1.573732318321e-01 2.465427135678e-04 2.651585800472e-01 2.465427135678e-04 2.366172288164e-01 2.465427135678e-04 1.798623232046e-01
2.489597989950e-04 1.605360884408e-01 2.489597989950e-04 1.541886741211e-01 2.489597989950e-04 2.667909055538e-01 2.489597989950e-04 2.390200713232e-01 2.489597989950e-04 1.827853336111e-01
2.513768844221e-04 1.573793424329e-01 2.513768844221e-04 1.511085095617e-01 2.513768844221e-04 2.683957186157e-01 2.513768844221e-04 2.413160870132e-01 2.513768844221e-04 1.852882891019e-01
2.537939698492e-04 1.543304273824e-01 2.537939698492e-04 1.481341629014e-01 2.537939698492e-04 2.699549967589e-01 2.537939698492e-04 2.435182021660e-01 2.537939698492e-04 1.873366104319e-01
2.562110552764e-04 1.514153234879e-01 2.562110552764e-04 1.452684477256e-01 2.562110552764e-04 2.714525350899e-01 2.562110552764e-04 2.456367393440e-01 2.562110552764e-04 1.889511624737e-01
2.586281407035e-04 1.486561107143e-01 2.586281407035e-04 1.425150046387e-01 2.586281407035e-04 2.728746827312e-01 2.586281407035e-04 2.476797590999e-01 2.586281407035e-04 1.901864173339e-01
2.610452261307e-04 1.460699089566e-01 2.610452261307e-04 1.398777811379e-01 2.610452261307e-04 2.742107982629e-01 2.610452261307e-04 2.496534065988e-01 2.610452261307e-04 1.911100340214e-01
2.634623115578e-04 1.436684143681e-01 2.634623115578e-04 1.373605798199e-01 2.634623115578e-04 2.754534293392e-01 2.634623115578e-04 2.515622431690e-01 2.634623115578e-04 1.917888284674e-01
2.658793969849e-04 1.414579328884e-01 2.658793969849e-04 1.349666910462e-01 2.658793969849e-04 2.765982486254e-01 2.658793969849e-04 2.534095511380e-01 2.658793969849e-04 1.922813925034e-01
2.682964824121e-04 1.394397911345e-01 2.682964824121e-04 1.326986170247e-01 2.682964824121e-04 2.776437976784e-01 2.682964824121e-04 2.551976060700e-01 2.682964824121e-04 1.926355290374e-01
2.707135678392e-04 1.376109992739e-01 2.707135678392e-04 1.305578866807e-01 2.707135678392e-04 2.785910996216e-01 2.707135678392e-04 2.569279143356e-01 2.707135678392e-04 1.928884511656e-01
2.731306532663e-04 1.359650493081e-01 2.731306532663e-04 1.285449548191e-01 2.731306532663e-04 2.794432008747e-01 2.731306532663e-04 2.586014163709e-01 2.731306532663e-04 1.930682288971e-01
2.755477386935e-04 1.344927512914e-01 2.755477386935e-04 1.266591749703e-01 2.755477386935e-04 2.802046942110e-01 2.755477386935e-04 2.602186574345e-01 2.755477386935e-04 1.931955837425e-01
2.779648241206e-04 1.331830342721e-01 2.779648241206e-04 1.248988328763e-01 2.779648241206e-04 2.808812632883e-01 2.779648241206e-04 2.617799284820e-01 2.779648241206e-04 1.932855862263e-01
2.803819095477e-04 1.320236635238e-01 2.803819095477e-04 1.232612266169e-01 2.803819095477e-04 2.814792755476e-01 2.803819095477e-04 2.632853801563e-01 2.803819095477e-04 1.933490840571e-01
2.827989949749e-04 1.310018476434e-01 2.827989949749e-04 1.217427796257e-01 2.827989949749e-04 2.820054382077e-01 2.827989949749e-04 2.647351130093e-01 2.827989949749e-04 1.933938291946e-01
2.852160804020e-04 1.301047265384e-01 2.852160804020e-04 1.203391739994e-01 2.852160804020e-04 2.824665222642e-01 2.852160804020e-04 2.661292470153e-01 2.852160804020e-04 1.934253334376e-01
2.876331658291e-04 1.293197437444e-01 2.876331658291e-04 1.190454932271e-01 2.876331658291e-04 2.828691523565e-01 2.876331658291e-04 2.674679732892e-01 2.876331658291e-04 1.934475019710e-01
2.900502512563e-04 1.286349142961e-01 2.900502512563e-04 1.178563654961e-01 2.900502512563e-04 2.832196559451e-01 2.900502512563e-04 2.687515907175e-01 2.900502512563e-04 1.934630948392e-01
2.924673366834e-04 1.280390033853e-01 2.924673366834e-04 1.167661008158e-01 2.924673366834e-04 2.835239629773e-01 2.924673366834e-04 2.699805299785e-01 2.924673366834e-04 1.934740593674e-01
2.948844221106e-04 1.275216322922e-01 2.948844221106e-04 1.157688171776e-01 2.948844221106e-04 2.837875465489e-01 2.948844221106e-04 2.711553671868e-01 2.948844221106e-04 1.934817678084e-01
2.973015075377e-04 1.270733274909e-01 2.973015075377e-04 1.148585527165e-01 2.973015075377e-04 2.840153954493e-01 2.973015075377e-04 2.722768291522e-01 2.973015075377e-04 1.934871863490e-01
2.997185929648e-04 1.266855271924e-01 2.997185929648e-04 1.140293623027e-01 2.997185929648e-04 2.842120104534e-01 2.997185929648e-04 2.733457920110e-01 2.997185929648e-04 1.934909948657e-01
3.021356783920e-04 1.263505574500e-01 3.021356783920e-04 1.132753981461e-01 3.021356783920e-04 2.843814174849e-01 3.021356783920e-04 2.743632747576e-01 3.021356783920e-04 1.934936715686e-01
3.045527638191e-04 1.260615877109e-01 3.045527638191e-04 1.125909748545e-01 3.045527638191e-04 2.845271920746e-01 3.045527638191e-04 2.753304289944e-01 3.045527638191e-04 1.934955527226e-01
3.069698492462e-04 1.258125735793e-01 3.069698492462e-04 1.119706199859e-01 3.069698492462e-04 2.846524907622e-01 3.069698492462e-04 2.762485260194e-01 3.069698492462e-04 1.934968747326e-01
3.093869346734e-04 1.255981926884e-01 3.093869346734e-04 1.114091115041e-01 3.093869346734e-04 2.847600861611e-01 3.093869346734e-04 2.771189421907e-01 3.093869346734e-04 1.934978037755e-01
3.118040201005e-04 1.254137780084e-01 3.118040201005e-04 1.109015037450e-01 3.118040201005e-04 2.848524032975e-01 3.118040201005e-04 2.779431433395e-01 3.118040201005e-04 1.934984566511e-01
3.142211055276e-04 1.252552516470e-01 3.142211055276e-04 1.104431435577e-01 3.142211055276e-04 2.849315555516e-01 3.142211055276e-04 2.787226688595e-01 3.142211055276e-04 1.934989154487e-01
3.166381909548e-04 1.251190612039e-01 3.166381909548e-04 1.100296782475e-01 3.166381909548e-04 2.849993790908e-01 3.166381909548e-04 2.794591159664e-01 3.166381909548e-04 1.934992378590e-01
3.190552763819e-04 1.250021199793e-01 3.190552763819e-04 1.096570568435e-01 3.190552763819e-04 2.850574651019e-01 3.190552763819e-04 2.801541245105e-01 3.190552763819e-04 1.934994644252e-01
3.214723618090e-04 1.249017517728e-01 3.214723618090e-04 1.093215260715e-01 3.214723618090e-04 2.851071894442e-01 3.214723618090e-04 2.808093626223e-01 3.214723618090e-04 1.934996236389e-01
3.238894472362e-04 1.248156406061e-01 3.238894472362e-04 1.090196222477e-01 3.238894472362e-04 2.851497395649e-01 3.238894472362e-04 2.814265133933e-01 3.238894472362e-04 1.934997355221e-01
3.263065326633e-04 1.247417854160e-01 3.263065326633e-04 1.087481601440e-01 3.263065326633e-04 2.851861386704e-01 3.263065326633e-04 2.820072627186e-01 3.263065326633e-04 1.934998141450e-01
3.287236180905e-04 1.246784595739e-01 3.287236180905e-04 1.085042197094e-01 3.287236180905e-04 2.852172672490e-01 3.287236180905e-04 2.825532883748e-01 3.287236180905e-04 1.934998693952e-01
3.311407035176e-04 1.246241749717e-01 3.311407035176e-04 1.082851313809e-01 3.311407035176e-04 2.852438821037e-01 3.311407035176e-04 2.830662503578e-01 3.311407035176e-04 1.934999082208e-01
3.335577889447e-04 1.245776503383e-01 3.335577889447e-04 1.080884605794e-01 3.335577889447e-04 2.852666330877e-01 3.335577889447e-04 2.835477824693e-01 3.335577889447e-04 1.934999355045e-01
3.359748743719e-04 1.245377834217e-01 3.359748743719e-04 1.079119918653e-01 3.359748743719e-04 2.852860777510e-01 3.359748743719e-04 2.839994851141e-01 3.359748743719e-04 1.934999546774e-01
3.383919597990e-04 1.245036266605e-01 3.383919597990e-04 1.077537131220e-01 3.383919597990e-04 2.853026941092e-01 3.383919597990e-04 2.844229192480e-01 3.383919597990e-04 1.934999681506e-01
3.408090452261e-04 1.244743659770e-01 3.408090452261e-04 1.076118000496e-01 3.408090452261e-04 2.853168917397e-01 3.408090452261e-04 2.848196014024e-01 3.408090452261e-04 1.934999776186e-01
3.432261306533e-04 1.244493023419e-01 3.432261306533e-04 1.074846011751e-01 3.432261306533e-04 2.853290213979e-01 3.432261306533e-04 2.851909997034e-01 3.432261306533e-04 1.934999842720e-01
3.456432160804e-04 1.244278357860e-01 3.456432160804e-04 1.073706235258e-01 3.456432160804e-04 2.853393833318e-01 3.456432160804e-04 2.855385307960e-01 3.456432160804e-04 1.934999889475e-01
3.480603015075e-04 1.244094515610e-01 3.480603015075e-04 1.072685190630e-01 3.480603015075e-04 2.853482344578e-01 3.480603015075e-04 2.858635575847e-01 3.480603015075e-04 1.934999922331e-01
3.504773869347e-04 1.243937081800e-01 3.504773869347e-04 1.071770719349e-01 3.504773869347e-04 2.853557945436e-01 3.504773869347e-04 2.861673876992e-01 3.504773869347e-04 1.934999945420e-01
3.528944723618e-04 1.243802270981e-01 3.528944723618e-04 1.070951865772e-01 3.528944723618e-04 2.853622515278e-01 3.528944723618e-04 2.864512726013e-01 3.528944723618e-04 1.934999961645e-01
3.553115577889e-04 1.243686838166e-01 3.553115577889e-04 1.070218766650e-01 3.553115577889e-04 2.853677660919e-01 3.553115577889e-04 2.867164072474e-01 3.553115577889e-04 1.934999973047e-01
3.577286432161e-04 1.243588002246e-01 3.577286432161e-04 1.069562549046e-01 3.577286432161e-04 2.853724755861e-01 3.577286432161e-04 2.869639302323e-01 3.577286432161e-04 1.934999981059e-01
3.601457286432e-04 1.243503380097e-01 3.601457286432e-04 1.068975236383e-01 3.601457286432e-04 2.853764973971e-01 3.601457286432e-04 2.871949243396e-01 3.601457286432e-04 1.934999986690e-01
3.625628140704e-04 1.243430929936e-01 3.625628140704e-04 1.068449662282e-01 3.625628140704e-04 2.853799318347e-01 3.625628140704e-04 2.874104174355e-01 3.625628140704e-04 1.934999990647e-01
3.649798994975e-04 1.243368902658e-01 3.649798994975e-04 1.067979391789e-01 3.649798994975e-04 2.853828646057e-01 3.649798994975e-04 2.876113836443e-01 3.649798994975e-04 1.934999993427e-01
3.673969849246e-04 1.243315800047e-01 3.673969849246e-04 1.067558649533e-01 3.673969849246e-04 2.853853689319e-01 3.673969849246e-04 2.877987447547e-01 3.673969849246e-04 1.934999995381e-01
3.698140703518e-04 1.243270338912e-01 3.698140703518e-04 1.067182254377e-01 3.698140703518e-04 2.853875073631e-01 3.698140703518e-04 2.879733718059e-01 3.698140703518e-04 1.934999996754e-01
3.722311557789e-04 1.243231420314e-01 3.722311557789e-04 1.066845560071e-01 3.722311557789e-04 2.853893333286e-01 3.722311557789e-04 2.881360868149e-01 3.722311557789e-04 1.934999997719e-01
3.746482412060e-04 1.243198103176e-01 3.746482412060e-04 1.066544401476e-01 3.746482412060e-04 2.853908924637e-01 3.746482412060e-04 2.882876646058e-01 3.746482412060e-04 1.934999998397e-01
3.770653266332e-04 1.243169581654e-01 3.770653266332e-04 1.066275045895e-01 3.770653266332e-04 2.853922237446e-01 3.770653266332e-04 2.884288347106e-01 3.770653266332e-04 1.934999998874e-01
3.794824120603e-04 1.243145165738e-01 3.794824120603e-04 1.066034149095e-01 3.794824120603e-04 2.853933604588e-01 3.794824120603e-04 2.885602833131e-01 3.794824120603e-04 1.934999999208e-01
3.818994974874e-04 1.243124264631e-01 3.818994974874e-04 1.065818715614e-01 3.818994974874e-04 2.853943310336e-01 3.818994974874e-04 2.886826552137e-01 3.818994974874e-04 1.934999999444e-01
3.843165829146e-04 1.243106372496e-01 3.843165829146e-04 1.065626062976e-01 3.843165829146e-04 2.853951597454e-01 3.843165829146e-04 2.887965557937e-01 3.843165829146e-04 1.934999999609e-01
3.867336683417e-04 1.243091056260e-01 3.867336683417e-04 1.065453789452e-01 3.867336683417e-04 2.853958673250e-01 3.867336683417e-04 2.889025529642e-01 3.867336683417e-04 1.934999999725e-01
3.891507537688e-04 1.243077945151e-01 3.891507537688e-04 1.065299745055e-01 3.891507537688e-04 2.853964714749e-01 3.891507537688e-04 2.890011790851e-01 3.891507537688e-04 1.934999999807e-01
3.915678391960e-04 1.243066721746e-01 3.915678391960e-04 1.065162005449e-01 3.915678391960e-04 2.853969873113e-01 3.915678391960e-04 2.890929328436e-01 3.915678391960e-04 1.934999999864e-01
3.939849246231e-04 1.243057114298e-01 3.939849246231e-04 1.065038848508e-01 3.939849246231e-04 2.853974277422e-01 3.939849246231e-04 2.891782810830e-01 3.939849246231e-04 1.934999999905e-01
3.964020100503e-04 1.243048890171e-01 3.964020100503e-04 1.064928733250e-01 3.964020100503e-04 2.853978037890e-01 3.964020100503e-04 2.892576605752e-01 3.964020100503e-04 1.934999999933e-01
3.988190954774e-04 1.243041850211e-01 3.988190954774e-04 1.064830280943e-01 3.988190954774e-04 2.853981248628e-01 3.988190954774e-04 2.893314797316e-01 3.988190954774e-04 1.934999999953e-01
4.012361809045e-04 1.243035823928e-01 4.012361809045e-04 1.064742258136e-01 4.012361809045e-04 2.853983989992e-01 4.012361809045e-04 2.894001202491e-01 4.012361809045e-04 1.934999999967e-01
4.036532663317e-04 1.243030665376e-01 4.036532663317e-04 1.064663561451e-01 4.036532663317e-04 2.853986330595e-01 4.036532663317e-04 2.894639386880e-01 4.036532663317e-04 1.934999999977e-01
4.060703517588e-04 1.243026249619e-01 4.060703517588e-04 1.064593203940e-01 4.060703517588e-04 2.853988329020e-01 4.060703517588e-04 2.895232679803e-01 4.060703517588e-04 1.934999999984e-01
4.084874371859e-04 1.243022469705e-01 4.084874371859e-04 1.064530302861e-01 4.084874371859e-04 2.853990035288e-01 4.084874371859e-04 2.895784188688e-01 4.084874371859e-04 1.934999999989e-01
4.109045226131e-04 1.243019234082e-01 4.109045226131e-04 1.064474068725e-01 4.109045226131e-04 2.853991492109e-01 4.109045226131e-04 2.896296812763e-01 4.109045226131e-04 1.934999999992e-01
4.133216080402e-04 1.243016464377e-01 4.133216080402e-04 1.064423795484e-01 4.133216080402e-04 2.853992735950e-01 4.133216080402e-04 2.896773256050e-01 4.133216080402e-04 1.934999999994e-01
4.157386934673e-04 1.243014093502e-01 4.157386934673e-04 1.064378851740e-01 4.157386934673e-04 2.853993797946e-01 4.157386934673e-04 2.897216039694e-01 4.157386934673e-04 1.934999999996e-01
4.181557788945e-04 1.243012064029e-01 4.181557788945e-04 1.064338672880e-01 4.181557788945e-04 2.853994704681e-01 4.181557788945e-04 2.897627513615e-01 4.181557788945e-04 1.934999999997e-01
4.205728643216e-04 1.243010326797e-01 4.205728643216e-04 1.064302754032e-01 4.205728643216e-04 2.853995478854e-01 4.205728643216e-04 2.898009867526e-01 4.205728643216e-04 1.934999999998e-01
4.229899497487e-04 1.243008839726e-01 4.229899497487e-04 1.064270643757e-01 4.229899497487e-04 2.853996139844e-01 4.229899497487e-04 2.898365141325e-01 4.229899497487e-04 1.934999999999e-01
4.254070351759e-04 1.243007566793e-01 4.254070351759e-04 1.064241938407e-01 4.254070351759e-04 2.853996704198e-01 4.254070351759e-04 2.898695234884e-01 4.254070351759e-04 1.934999999999e-01
4.278241206030e-04 1.243006477163e-01 4.278241206030e-04 1.064216277075e-01 4.278241206030e-04 2.853997186045e-01 4.278241206030e-04 2.899001917269e-01 4.278241206030e-04 1.934999999999e-01
4.302412060302e-04 1.243005544440e-01 4.302412060302e-04 1.064193337081e-01 4.302412060302e-04 2.853997597446e-01 4.302412060302e-04 2.899286835401e-01 4.302412060302e-04 1.935000000000e-01
4.326582914573e-04 1.243004746030e-01 4.326582914573e-04 1.064172829925e-01 4.326582914573e-04 2.853997948700e-01 4.326582914573e-04 2.899551522194e-01 4.326582914573e-04 1.935000000000e-01
4.350753768844e-04 1.243004062592e-01 4.350753768844e-04 1.064154497671e-01 4.350753768844e-04 2.853998248601e-01 4.350753768844e-04 2.899797404194e-01 4.350753768844e-04 1.935000000000e-01
4.374924623116e-04 1.243003477570e-01 4.374924623116e-04 1.064138109718e-01 4.374924623116e-04 2.853998504656e-01 4.374924623116e-04 2.900025808737e-01 4.374924623116e-04 1.935000000000e-01
4.399095477387e-04 1.243002976792e-01 4.399095477387e-04 1.064123459901e-01 4.399095477387e-04 2.853998723276e-01 4.399095477387e-04 2.900237970662e-01 4.399095477387e-04 1.935000000000e-01
4.423266331658e-04 1.243002548127e-01 4.423266331658e-04 1.064110363907e-01 4.423266331658e-04 2.853998909934e-01 4.423266331658e-04 2.900435038588e-01 4.423266331658e-04 1.935000000000e-01
4.447437185930e-04 1.243002181191e-01 4.447437185930e-04 1.064098656959e-01 4.447437185930e-04 2.853999069303e-01 4.447437185930e-04 2.900618080797e-01 4.447437185930e-04 1.935000000000e-01
4.471608040201e-04 1.243001867094e-01 4.471608040201e-04 1.064088191750e-01 4.471608040201e-04 2.853999205371e-01 4.471608040201e-04 2.900788090728e-01 4.471608040201e-04 1.935000000000e-01
4.495778894472e-04 1.243001598228e-01 4.495778894472e-04 1.064078836588e-01 4.495778894472e-04 2.853999321547e-01 4.495778894472e-04 2.900945992115e-01 4.495778894472e-04 1.935000000000e-01
4.519949748744e-04 1.243001368079e-01 4.519949748744e-04 1.064070473745e-01 4.519949748744e-04 2.853999420737e-01 4.519949748744e-04 2.901092643788e-01 4.519949748744e-04 1.935000000000e-01
4.544120603015e-04 1.243001171072e-01 4.544120603015e-04 1.064062997975e-01 4.544120603015e-04 2.853999505426e-01 4.544120603015e-04 2.901228844153e-01 4.544120603015e-04 1.935000000000e-01
4.568291457286e-04 1.243001002435e-01 4.568291457286e-04 1.064056315192e-01 4.568291457286e-04 2.853999577733e-01 4.568291457286e-04 2.901355335378e-01 4.568291457286e-04 1.935000000000e-01
4.592462311558e-04 1.243000858082e-01 4.592462311558e-04 1.064050341288e-01 4.592462311558e-04 2.853999639469e-01 4.592462311558e-04 2.901472807293e-01 4.592462311558e-04 1.935000000000e-01
4.616633165829e-04 1.243000734516e-01 4.616633165829e-04 1.064045001073e-01 4.616633165829e-04 2.853999692179e-01 4.616633165829e-04 2.901581901033e-01 4.616633165829e-04 1.935000000000e-01
4.640804020101e-04 1.243000628744e-01 4.640804020101e-04 1.064040227334e-01 4.640804020101e-04 2.853999737183e-01 4.640804020101e-04 2.901683212428e-01 4.640804020101e-04 1.935000000000e-01
4.664974874372e-04 1.243000538203e-01 4.664974874372e-04 1.064035959983e-01 4.664974874372e-04 2.853999775607e-01 4.664974874372e-04 2.901777295172e-01 4.664974874372e-04 1.935000000000e-01
4.689145728643e-04 1.243000460700e-01 4.689145728643e-04 1.064032145306e-01 4.689145728643e-04 2.853999808413e-01 4.689145728643e-04 2.901864663766e-01 4.689145728643e-04 1.935000000000e-01
4.713316582915e-04 1.243000394358e-01 4.713316582915e-04 1.064028735287e-01 4.713316582915e-04 2.853999836423e-01 4.713316582915e-04 2.901945796268e-01 4.713316582915e-04 1.935000000000e-01
4.737487437186e-04 1.243000337569e-01 4.737487437186e-04 1.064025687001e-01 4.737487437186e-04 2.853999860338e-01 4.737487437186e-04 2.902021136845e-01 4.737487437186e-04 1.935000000000e-01
4.761658291457e-04 1.243000288959e-01 4.761658291457e-04 1.064022962077e-01 4.761658291457e-04 2.853999880757e-01 4.761658291457e-04 2.902091098162e-01 4.761658291457e-04 1.935000000000e-01
4.785829145729e-04 1.243000247348e-01 4.785829145729e-04 1.064020526215e-01 4.785829145729e-04 2.853999898191e-01 4.785829145729e-04 2.902156063592e-01 4.785829145729e-04 1.935000000000e-01
4.810000000000e-04 1.243000211729e-01 4.810000000000e-04 1.064018348751e-01 4.810000000000e-04 2.853999913075e-01 4.810000000000e-04 2.902216389282e-01 4.810000000000e-04 1.935000000000e-01
