0.000000000000e+00 1.780000034397e-02 0.000000000000e+00 1.330612344253e-02 0.000000000000e+00 9.825858736850e-01 0.000000000000e+00 8.149005204258e-03 0.000000000000e+00 -2.175101847956e-02
1.693467336683e-06 1.780000041558e-02 1.693467336683e-06 1.330670290687e-02 1.693467336683e-06 9.825843747335e-01 1.693467336683e-06 8.152598285945e-03 1.693467336683e-06 -2.174637100786e-02
3.386934673367e-06 1.780000050210e-02 3.386934673367e-06 1.330733720249e-02 3.386934673367e-06 9.825827167341e-01 3.386934673367e-06 8.156454649642e-03 3.386934673367e-06 -2.174128284777e-02
5.080402010050e-06 1.780000060664e-02 5.080402010050e-06 1.330803151702e-02 5.080402010050e-06 9.825808828121e-01 5.080402010050e-06 8.160593562561e-03 5.080402010050e-06 -2.173571226619e-02
6.773869346734e-06 1.780000073294e-02 6.773869346734e-06 1.330879152875e-02 6.773869346734e-06 9.825788543031e-01 6.773869346734e-06 8.165035698223e-03 6.773869346734e-06 -2.172961358869e-02
8.467336683417e-06 1.780000088553e-02 8.467336683417e-06 1.330962345299e-02 8.467336683417e-06 9.825766105626e-01 8.467336683417e-06 8.169803238559e-03 8.467336683417e-06 -2.172293682946e-02
1.016080402010e-05 1.780000106989e-02 1.016080402010e-05 1.331053409288e-02 1.016080402010e-05 9.825741287565e-01 1.016080402010e-05 8.174919983357e-03 1.016080402010e-05 -2.171562728693e-02
1.185427135678e-05 1.780000129264e-02 1.185427135678e-05 1.331153089486e-02 1.185427135678e-05 9.825713836285e-01 1.185427135678e-05 8.180411467548e-03 1.185427135678e-05 -2.170762510194e-02
1.354773869347e-05 1.780000156176e-02 1.354773869347e-05 1.331262200953e-02 1.354773869347e-05 9.825683472438e-01 1.354773869347e-05 8.186305086912e-03 1.354773869347e-05 -2.169886477513e-02
1.524120603015e-05 1.780000188692e-02 1.524120603015e-05 1.331381635814e-02 1.524120603015e-05 9.825649887047e-01 1.524120603015e-05 8.192630232763e-03 1.524120603015e-05 -2.168927463997e-02
1.693467336683e-05 1.780000227977e-02 1.693467336683e-05 1.331512370539e-02 1.693467336683e-05 9.825612738368e-01 1.693467336683e-05 8.199418436268e-03 1.693467336683e-05 -2.167877628737e-02
1.862814070352e-05 1.780000275441e-02 1.862814070352e-05 1.331655473908e-02 1.862814070352e-05 9.825571648416e-01 1.862814070352e-05 8.206703523055e-03 1.862814070352e-05 -2.166728393767e-02
2.032160804020e-05 1.780000332787e-02 2.032160804020e-05 1.331812115728e-02 2.032160804020e-05 9.825526199124e-01 2.032160804020e-05 8.214521778837e-03 2.032160804020e-05 -2.165470375544e-02
2.201507537688e-05 1.780000402072e-02 2.201507537688e-05 1.331983576373e-02 2.201507537688e-05 9.825475928094e-01 2.201507537688e-05 8.222912126810e-03 2.201507537688e-05 -2.164093310204e-02
2.370854271357e-05 1.780000485782e-02 2.370854271357e-05 1.332171257213e-02 2.370854271357e-05 9.825420323902e-01 2.370854271357e-05 8.231916317650e-03 2.370854271357e-05 -2.162585972072e-02
2.540201005025e-05 1.780000586920e-02 2.540201005025e-05 1.332376692039e-02 2.540201005025e-05 9.825358820903e-01 2.540201005025e-05 8.241579132978e-03 2.540201005025e-05 -2.160936084838e-02
2.709547738693e-05 1.780000709115e-02 2.709547738693e-05 1.332601559548e-02 2.709547738693e-05 9.825290793486e-01 2.709547738693e-05 8.251948603228e-03 2.709547738693e-05 -2.159130224797e-02
2.878894472362e-05 1.780000856751e-02 2.878894472362e-05 1.332847697012e-02 2.878894472362e-05 9.825215549721e-01 2.878894472362e-05 8.263076240916e-03 2.878894472362e-05 -2.157153715486e-02
3.048241206030e-05 1.780001035125e-02 3.048241206030e-05 1.333117115226e-02 3.048241206030e-05 9.825132324339e-01 3.048241206030e-05 8.275017290379e-03 3.048241206030e-05 -2.154990513024e-02
3.217587939698e-05 1.780001250636e-02 3.217587939698e-05 1.333412014861e-02 3.217587939698e-05 9.825040270960e-01 3.217587939698e-05 8.287830995130e-03 3.217587939698e-05 -2.152623081398e-02
3.386934673367e-05 1.780001511016e-02 3.386934673367e-05 1.333734804347e-02 3.386934673367e-05 9.824938453510e-01 3.386934673367e-05 8.301580884046e-03 3.386934673367e-05 -2.150032256920e-02
3.556281407035e-05 1.780001825607e-02 3.556281407035e-05 1.334088119442e-02 3.556281407035e-05 9.824825836719e-01 3.556281407035e-05 8.316335077722e-03 3.556281407035e-05 -2.147197101004e-02
3.725628140704e-05 1.780002205697e-02 3.725628140704e-05 1.334474844620e-02 3.725628140704e-05 9.824701275623e-01 3.725628140704e-05 8.332166616409e-03 3.725628140704e-05 -2.144094740405e-02
3.894974874372e-05 1.780002664923e-02 3.894974874372e-05 1.334898136472e-02 3.894974874372e-05 9.824563503949e-01 3.894974874372e-05 8.349153811060e-03 3.894974874372e-05 -2.140700193990e-02
4.064321608040e-05 1.780003219762e-02 4.064321608040e-05 1.335361449283e-02 4.064321608040e-05 9.824411121280e-01 4.064321608040e-05 8.367380619159e-03 4.064321608040e-05 -2.136986185100e-02
4.233668341709e-05 1.780003890122e-02 4.233668341709e-05 1.335868563006e-02 4.233668341709e-05 9.824242578850e-01 4.233668341709e-05 8.386937047140e-03 4.233668341709e-05 -2.132922938536e-02
4.403015075377e-05 1.780004700056e-02 4.403015075377e-05 1.336423613837e-02 4.403015075377e-05 9.824056163846e-01 4.403015075377e-05 8.407919581369e-03 4.403015075377e-05 -2.128477961152e-02
4.572361809045e-05 1.780005678628e-02 4.572361809045e-05 1.337031127636e-02 4.572361809045e-05 9.823849982041e-01 4.572361809045e-05 8.430431649875e-03 4.572361809045e-05 -2.123615805080e-02
4.741708542714e-05 1.780006860952e-02 4.741708542714e-05 1.337696056461e-02 4.741708542714e-05 9.823621938592e-01 4.741708542714e-05 8.454584117222e-03 4.741708542714e-05 -2.118297812582e-02
4.911055276382e-05 1.780008289457e-02 4.911055276382e-05 1.338423818481e-02 4.911055276382e-05 9.823369716795e-01 4.911055276382e-05 8.480495815224e-03 4.911055276382e-05 -2.112481841561e-02
5.080402010050e-05 1.780010015410e-02 5.080402010050e-05 1.339220341597e-02 5.080402010050e-05 9.823090754590e-01 5.080402010050e-05 8.508294112500e-03 5.080402010050e-05 -2.106121970833e-02
5.249748743719e-05 1.780012100755e-02 5.249748743719e-05 1.340092111086e-02 5.249748743719e-05 9.822782218557e-01 5.249748743719e-05 8.538115526294e-03 5.249748743719e-05 -2.099168184319e-02
5.419095477387e-05 1.780014620342e-02 5.419095477387e-05 1.341046221651e-02 5.419095477387e-05 9.822440975158e-01 5.419095477387e-05 8.570106380466e-03 5.419095477387e-05 -2.091566033462e-02
5.588442211055e-05 1.780017664619e-02 5.588442211055e-05 1.342090434254e-02 5.588442211055e-05 9.822063558879e-01 5.588442211055e-05 8.604423514168e-03 5.588442211055e-05 -2.083256277306e-02
5.757788944724e-05 1.780021342879e-02 5.757788944724e-05 1.343233238175e-02 5.757788944724e-05 9.821646136984e-01 5.757788944724e-05 8.641235046457e-03 5.757788944724e-05 -2.074174499938e-02
5.927135678392e-05 1.780025787197e-02 5.927135678392e-05 1.344483918756e-02 5.927135678392e-05 9.821184470452e-01 5.927135678392e-05 8.680721203062e-03 5.927135678392e-05 -2.064250705237e-02
6.096482412060e-05 1.780031157187e-02 6.096482412060e-05 1.345852631343e-02 6.096482412060e-05 9.820673870700e-01 6.096482412060e-05 8.723075212654e-03 6.096482412060e-05 -2.053408889261e-02
6.265829145729e-05 1.780037645746e-02 6.265829145729e-05 1.347350481969e-02 6.265829145729e-05 9.820109151591e-01 6.265829145729e-05 8.768504281477e-03 6.265829145729e-05 -2.041566591051e-02
6.435175879397e-05 1.780045486018e-02 6.435175879397e-05 1.348989615384e-02 6.435175879397e-05 9.819484576179e-01 6.435175879397e-05 8.817230657019e-03 6.435175879397e-05 -2.028634423199e-02
6.604522613065e-05 1.780054959810e-02 6.604522613065e-05 1.350783311079e-02 6.604522613065e-05 9.818793797562e-01 6.604522613065e-05 8.869492793795e-03 6.604522613065e-05 -2.014515584197e-02
6.773869346734e-05 1.780066407777e-02 6.773869346734e-05 1.352746088029e-02 6.773869346734e-05 9.818029793119e-01 6.773869346734e-05 8.925546637226e-03 6.773869346734e-05 -1.999105355431e-02
6.943216080402e-05 1.780080241764e-02 6.943216080402e-05 1.354893818914e-02 6.943216080402e-05 9.817184791305e-01 6.943216080402e-05 8.985667045427e-03 6.943216080402e-05 -1.982290586676e-02
7.112562814070e-05 1.780096959747e-02 7.112562814070e-05 1.357243854713e-02 7.112562814070e-05 9.816250190019e-01 7.112562814070e-05 9.050149373469e-03 7.112562814070e-05 -1.963949175099e-02
7.281909547739e-05 1.780117163948e-02 7.281909547739e-05 1.359815160601e-02 7.281909547739e-05 9.815216465431e-01 7.281909547739e-05 9.119311250761e-03 7.281909547739e-05 -1.943949544208e-02
7.451256281407e-05 1.780141582808e-02 7.451256281407e-05 1.362628464237e-02 7.451256281407e-05 9.814073069915e-01 7.451256281407e-05 9.193494589961e-03 7.451256281407e-05 -1.922150130722e-02
7.620603015075e-05 1.780171097654e-02 7.620603015075e-05 1.365706417668e-02 7.620603015075e-05 9.812808317504e-01 7.620603015075e-05 9.273067875623e-03 7.620603015075e-05 -1.898398889261e-02
7.789949748744e-05 1.780206775102e-02 7.789949748744e-05 1.369073774255e-02 7.789949748744e-05 9.811409254956e-01 7.789949748744e-05 9.358428793314e-03 7.789949748744e-05 -1.872532826794e-02
7.959296482412e-05 1.780249906488e-02 7.959296482412e-05 1.372757582293e-02 7.959296482412e-05 9.809861516122e-01 7.959296482412e-05 9.450007275835e-03 7.959296482412e-05 -1.844377581170e-02
8.128643216080e-05 1.780302055883e-02 8.128643216080e-05 1.376787397319e-02 8.128643216080e-05 9.808149156811e-01 8.128643216080e-05 9.548269063394e-03 8.128643216080e-05 -1.813747060698e-02
8.297989949749e-05 1.780365118704e-02 8.297989949749e-05 1.381195515595e-02 8.297989949749e-05 9.806254466681e-01 8.297989949749e-05 9.653719900276e-03 8.297989949749e-05 -1.780443164552e-02
8.467336683417e-05 1.780441393372e-02 8.467336683417e-05 1.386017231898e-02 8.467336683417e-05 9.804157753880e-01 8.467336683417e-05 9.766910523163e-03 8.467336683417e-05 -1.744255606866e-02
8.636683417085e-05 1.780533669143e-02 8.636683417085e-05 1.391291125680e-02 8.636683417085e-05 9.801837097097e-01 8.636683417085e-05 9.888442637720e-03 8.636683417085e-05 -1.704961870564e-02
8.806030150754e-05 1.780645334067e-02 8.806030150754e-05 1.397059381001e-02 8.806030150754e-05 9.799268058295e-01 8.806030150754e-05 1.001897613251e-02 8.806030150754e-05 -1.662327320162e-02
8.975376884422e-05 1.780780508122e-02 8.975376884422e-05 1.403368147568e-02 8.975376884422e-05 9.796423347661e-01 8.975376884422e-05 1.015923784583e-02 8.975376884422e-05 -1.616105505908e-02
9.144723618090e-05 1.780944208031e-02 9.144723618090e-05 1.410267952943e-02 9.144723618090e-05 9.793272429992e-01 9.144723618090e-05 1.031003228528e-02 9.144723618090e-05 -1.566038694389e-02
9.314070351759e-05 1.781142552231e-02 9.314070351759e-05 1.417814180058e-02 9.314070351759e-05 9.789781058766e-01 9.314070351759e-05 1.047225480581e-02 9.314070351759e-05 -1.511858662946e-02
9.483417085427e-05 1.781383017048e-02 9.483417085427e-05 1.426067629931e-02 9.483417085427e-05 9.785910720285e-01 9.483417085427e-05 1.064690788619e-02 9.483417085427e-05 -1.453287796491e-02
9.652763819095e-05 1.781674758783e-02 9.652763819095e-05 1.435095197986e-02 9.652763819095e-05 9.781617965240e-01 9.652763819095e-05 1.083512131158e-02 9.652763819095e-05 -1.390040525241e-02
9.822110552764e-05 1.782029021289e-02 9.822110552764e-05 1.444970704647e-02 9.822110552764e-05 9.776853598507e-01 9.822110552764e-05 1.103817728068e-02 9.822110552764e-05 -1.321825139835e-02
9.991457286432e-05 1.782459655477e-02 9.991457286432e-05 1.455775938775e-02 9.991457286432e-05 9.771561689483e-01 9.991457286432e-05 1.125754171804e-02 9.991457286432e-05 -1.248346015677e-02
1.016080402010e-04 1.782983786748e-02 1.016080402010e-04 1.467601998518e-02 1.016080402010e-04 9.765678354202e-01 1.016080402010e-04 1.149490339760e-02 1.016080402010e-04 -1.169306270311e-02
1.033015075377e-04 1.783622679745e-02 1.033015075377e-04 1.480551051919e-02 1.033015075377e-04 9.759130246174e-01 1.033015075377e-04 1.175222288335e-02 1.033015075377e-04 -1.084410865207e-02
1.049949748744e-04 1.784402868843e-02 1.049949748744e-04 1.494738694603e-02 1.049949748744e-04 9.751832674346e-01 1.049949748744e-04 1.203179378018e-02 1.049949748744e-04 -9.933701454066e-03
1.066884422111e-04 1.785357649822e-02 1.066884422111e-04 1.510297161572e-02 1.066884422111e-04 9.743687242733e-01 1.066884422111e-04 1.233631937362e-02 1.066884422111e-04 -8.959037857222e-03
1.083819095477e-04 1.786529066755e-02 1.083819095477e-04 1.527379765879e-02 1.083819095477e-04 9.734578875740e-01 1.083819095477e-04 1.266900842719e-02 1.083819095477e-04 -7.917450790600e-03
1.100753768844e-04 1.787970583593e-02 1.100753768844e-04 1.546167104580e-02 1.100753768844e-04 9.724372054308e-01 1.100753768844e-04 1.303369469846e-02 1.100753768844e-04 -6.806454592338e-03
1.117688442211e-04 1.789750709615e-02 1.117688442211e-04 1.566875814785e-02 1.117688442211e-04 9.712906039221e-01 1.117688442211e-04 1.343498560810e-02 1.117688442211e-04 -5.623790952179e-03
1.134623115578e-04 1.791957962901e-02 1.134623115578e-04 1.589771012297e-02 1.134623115578e-04 9.699988797300e-01 1.134623115578e-04 1.387844639495e-02 1.134623115578e-04 -4.367473237628e-03
1.151557788945e-04 1.794707722112e-02 1.151557788945e-04 1.615184047760e-02 1.151557788945e-04 9.685389272800e-01 1.151557788945e-04 1.437082690577e-02 1.151557788945e-04 -3.035825996186e-03
1.168492462312e-04 1.798151756961e-02 1.168492462312e-04 1.643537933223e-02 1.168492462312e-04 9.668827559987e-01 1.168492462312e-04 1.492033869735e-02 1.168492462312e-04 -1.627515335266e-03
1.185427135678e-04 1.802491574667e-02 1.185427135678e-04 1.675383809770e-02 1.185427135678e-04 9.649962436498e-01 1.185427135678e-04 1.553699002712e-02 1.185427135678e-04 -1.415645277033e-04
1.202361809045e-04 1.807997220011e-02 1.202361809045e-04 1.711453251905e-02 1.202361809045e-04 9.628375618711e-01 1.202361809045e-04 1.623298501282e-02 1.202361809045e-04 1.422652489603e-03
1.219296482412e-04 1.815033885262e-02 1.219296482412e-04 1.752733162517e-02 1.219296482412e-04 9.603552017522e-01 1.219296482412e-04 1.702318987168e-02 1.219296482412e-04 3.065449147708e-03
1.236231155779e-04 1.824099711764e-02 1.236231155779e-04 1.800572623277e-02 1.236231155779e-04 9.574855239877e-01 1.236231155779e-04 1.792566239157e-02 1.236231155779e-04 4.786907843535e-03
1.253165829146e-04 1.835879612201e-02 1.253165829146e-04 1.856834374790e-02 1.253165829146e-04 9.541497659064e-01 1.253165829146e-04 1.896222877705e-02 1.253165829146e-04 6.587020407111e-03
1.270100502513e-04 1.851321948874e-02 1.270100502513e-04 1.924107417472e-02 1.270100502513e-04 9.502504669036e-01 1.270100502513e-04 2.015907229899e-02 1.270100502513e-04 8.465906824458e-03
1.287035175879e-04 1.871747604150e-02 1.287035175879e-04 2.006000764949e-02 1.287035175879e-04 9.456673410691e-01 1.287035175879e-04 2.154726786748e-02 1.287035175879e-04 1.042413665560e-02
1.303969849246e-04 1.899004435815e-02 1.303969849246e-04 2.107539558391e-02 1.303969849246e-04 9.402527560664e-01 1.303969849246e-04 2.316315303529e-02 1.303969849246e-04 1.246318370130e-02
1.320904522613e-04 1.935684129702e-02 1.320904522613e-04 2.235678848605e-02 1.320904522613e-04 9.338272048983e-01 1.320904522613e-04 2.504836794988e-02 1.320904522613e-04 1.458605153810e-02
1.337839195980e-04 1.985422197203e-02 1.337839195980e-04 2.399927888567e-02 1.337839195980e-04 9.261755229557e-01 1.337839195980e-04 2.724932777603e-02 1.337839195980e-04 1.679811497981e-02
1.354773869347e-04 2.053302987017e-02 1.354773869347e-04 2.613021823618e-02 1.354773869347e-04 9.170451417599e-01 1.354773869347e-04 2.981582343268e-02 1.354773869347e-04 1.910822877807e-02
1.371708542714e-04 2.146384723260e-02 1.371708542714e-04 2.891462913153e-02 1.371708542714e-04 9.061483813228e-01 1.371708542714e-04 3.279840716275e-02 1.371708542714e-04 2.153015651648e-02
1.388643216080e-04 2.274333797804e-02 1.388643216080e-04 3.255554450445e-02 1.388643216080e-04 8.931715660742e-01 1.388643216080e-04 3.624425474259e-02 1.388643216080e-04 2.408436288973e-02
1.405577889447e-04 2.450093193092e-02 1.405577889447e-04 3.728275998617e-02 1.405577889447e-04 8.777943163127e-01 1.405577889447e-04 4.019136869958e-02 1.405577889447e-04 2.680017898099e-02
1.422512562814e-04 2.690378111564e-02 1.422512562814e-04 4.332122290385e-02 1.422512562814e-04 8.597221467443e-01 1.422512562814e-04 4.466135594297e-02 1.422512562814e-04 2.971827179798e-02
1.439447236181e-04 3.015566675828e-02 1.439447236181e-04 5.083199843259e-02 1.439447236181e-04 8.387336506132e-01 1.439447236181e-04 4.965158906549e-02 1.439447236181e-04 3.289319415663e-02
1.456381909548e-04 3.448258706322e-02 1.456381909548e-04 5.982993629768e-02 1.456381909548e-04 8.147392488173e-01 1.456381909548e-04 5.512824005990e-02 1.456381909548e-04 3.639551720295e-02
1.473316582915e-04 4.009589293030e-02 1.473316582915e-04 7.010497498587e-02 1.473316582915e-04 7.878417419361e-01 1.473316582915e-04 6.102219651458e-02 1.473316582915e-04 4.031261737235e-02
1.490251256281e-04 4.712756922382e-02 1.490251256281e-04 8.119636902433e-02 1.490251256281e-04 7.583816379940e-01 1.490251256281e-04 6.722985912234e-02 1.490251256281e-04 4.474660918481e-02
1.507185929648e-04 5.554752154472e-02 1.507185929648e-04 9.246237141423e-02 1.507185929648e-04 7.269467358405e-01 1.507185929648e-04 7.361997934771e-02 1.507185929648e-04 4.980732400762e-02
1.524120603015e-04 6.509868404246e-02 1.524120603015e-04 1.032356097018e-01 1.524120603015e-04 6.943307126451e-01 1.524120603015e-04 8.004608454772e-02 1.524120603015e-04 5.559803528857e-02
1.541055276382e-04 7.530257292582e-02 1.541055276382e-04 1.129914218385e-01 1.541055276382e-04 6.614410018857e-01 1.541055276382e-04 8.636221058290e-02 1.541055276382e-04 6.219257568071e-02
1.557989949749e-04 8.556357364635e-02 1.557989949749e-04 1.214460206819e-01 1.557989949749e-04 6.291763722834e-01 1.557989949749e-04 9.243846687584e-02 1.557989949749e-04 6.960547182588e-02
1.574924623116e-04 9.533415017146e-02 1.574924623116e-04 1.285550248563e-01 1.574924623116e-04 5.983081619661e-01 1.574924623116e-04 9.817302190389e-02 1.574924623116e-04 7.776190550428e-02
1.591859296482e-04 1.042534445087e-01 1.591859296482e-04 1.344442537523e-01 1.591859296482e-04 5.693973953011e-01 1.591859296482e-04 1.034983841311e-01 1.591859296482e-04 8.647973499570e-02
1.608793969849e-04 1.121936538664e-01 1.608793969849e-04 1.393244691710e-01 1.608793969849e-04 5.427641603720e-01 1.608793969849e-04 1.083816949891e-01 1.608793969849e-04 9.547690997147e-02
1.625728643216e-04 1.192170758821e-01 1.625728643216e-04 1.434244499004e-01 1.625728643216e-04 5.185056293823e-01 1.625728643216e-04 1.128203069017e-01 1.625728643216e-04 1.044100274585e-01
1.642663316583e-04 1.254926768231e-01 1.642663316583e-04 1.469519963728e-01 1.642663316583e-04 4.965454948104e-01 1.642663316583e-04 1.168346781508e-01 1.642663316583e-04 1.129350007723e-01
1.659597989950e-04 1.312186452958e-01 1.659597989950e-04 1.500777920490e-01 1.659597989950e-04 4.766944610373e-01 1.659597989950e-04 1.204605629897e-01 1.659597989950e-04 1.207682565997e-01
1.676532663317e-04 1.365717295277e-01 1.676532663317e-04 1.529332121229e-01 1.676532663317e-04 4.587061491038e-01 1.676532663317e-04 1.237419246082e-01 1.676532663317e-04 1.277265515961e-01
1.693467336683e-04 1.416833389425e-01 1.693467336683e-04 1.556147742911e-01 1.693467336683e-04 4.423202161192e-01 1.693467336683e-04 1.267253200792e-01 1.693467336683e-04 1.337356830054e-01
1.710402010050e-04 1.466342456897e-01 1.710402010050e-04 1.581907391815e-01 1.710402010050e-04 4.272908107709e-01 1.710402010050e-04 1.294559474242e-01 1.710402010050e-04 1.388132905645e-01
1.727336683417e-04 1.514597070163e-01 1.727336683417e-04 1.607076114660e-01 1.727336683417e-04 4.134022410342e-01 1.727336683417e-04 1.319751955203e-01 1.727336683417e-04 1.430389496553e-01
1.744271356784e-04 1.561593745106e-01 1.744271356784e-04 1.631956584701e-01 1.744271356784e-04 4.004751725669e-01 1.744271356784e-04 1.343193803324e-01 1.744271356784e-04 1.465239734826e-01
1.761206030151e-04 1.607086688860e-01 1.761206030151e-04 1.656732603579e-01 1.761206030151e-04 3.883666731548e-01 1.761206030151e-04 1.365193248819e-01 1.761206030151e-04 1.493879982848e-01
1.778140703518e-04 1.650697362743e-01 1.778140703518e-04 1.681502037911e-01 1.778140703518e-04 3.769667698030e-01 1.778140703518e-04 1.386004838351e-01 1.778140703518e-04 1.517441697953e-01
1.795075376884e-04 1.692008854794e-01 1.795075376884e-04 1.706301235626e-01 1.795075376884e-04 3.661933981869e-01 1.795075376884e-04 1.405833821743e-01 1.795075376884e-04 1.536916641989e-01
1.812010050251e-04 1.730638788463e-01 1.812010050251e-04 1.731122975114e-01 1.812010050251e-04 3.559869399994e-01 1.812010050251e-04 1.424842056657e-01 1.812010050251e-04 1.553132594812e-01
1.828944723618e-04 1.766288222147e-01 1.828944723618e-04 1.755929672934e-01 1.828944723618e-04 3.463050348810e-01 1.828944723618e-04 1.443154375067e-01 1.828944723618e-04 1.566758405613e-01
1.845879396985e-04 1.798767319371e-01 1.845879396985e-04 1.780663180674e-01 1.845879396985e-04 3.371180110596e-01 1.845879396985e-04 1.460864778133e-01 1.845879396985e-04 1.578323066490e-01
1.862814070352e-04 1.828001248479e-01 1.862814070352e-04 1.805252145506e-01 1.862814070352e-04 3.284050653412e-01 1.862814070352e-04 1.478042118235e-01 1.862814070352e-04 1.588239345329e-01
1.879748743719e-04 1.854021408006e-01 1.879748743719e-04 1.829617623623e-01 1.879748743719e-04 3.201511993946e-01 1.879748743719e-04 1.494735116153e-01 1.879748743719e-04 1.596826891425e-01
1.896683417085e-04 1.876947527472e-01 1.896683417085e-04 1.853677421565e-01 1.896683417085e-04 3.123448536593e-01 1.896683417085e-04 1.510976676257e-01 1.896683417085e-04 1.604332523195e-01
1.913618090452e-04 1.896965652670e-01 1.913618090452e-04 1.877349486433e-01 1.913618090452e-04 3.049761501290e-01 1.913618090452e-04 1.526787527215e-01 1.913618090452e-04 1.610946995277e-01
1.930552763819e-04 1.914305881218e-01 1.930552763819e-04 1.900554559277e-01 1.930552763819e-04 2.980356459140e-01 1.930552763819e-04 1.542179248026e-01 1.930552763819e-04 1.616818343504e-01
1.947487437186e-04 1.929222381515e-01 1.947487437186e-04 1.923218234616e-01 1.947487437186e-04 2.915135016056e-01 1.947487437186e-04 1.557156751919e-01 1.947487437186e-04 1.622062246823e-01
1.964422110553e-04 1.941977015026e-01 1.964422110553e-04 1.945272523259e-01 1.964422110553e-04 2.853989765147e-01 1.964422110553e-04 1.571720302158e-01 1.964422110553e-04 1.626769940167e-01
1.981356783920e-04 1.952826951359e-01 1.981356783920e-04 1.966656987778e-01 1.981356783920e-04 2.796801735757e-01 1.981356783920e-04 1.585867129404e-01 1.981356783920e-04 1.631014189387e-01
1.998291457286e-04 1.962016055965e-01 1.998291457286e-04 1.987319504243e-01 1.998291457286e-04 2.743439682408e-01 1.998291457286e-04 1.599592713239e-01 1.998291457286e-04 1.634853769174e-01
2.015226130653e-04 1.969769501269e-01 2.015226130653e-04 2.007216695772e-01 2.015226130653e-04 2.693760669896e-01 2.015226130653e-04 1.612891782669e-01 2.015226130653e-04 1.638336803334e-01
2.032160804020e-04 1.976290930605e-01 2.032160804020e-04 2.026314079937e-01 2.032160804020e-04 2.647611515710e-01 2.032160804020e-04 1.625759082768e-01 2.032160804020e-04 1.641503250259e-01
2.049095477387e-04 1.981761515207e-01 2.049095477387e-04 2.044585970881e-01 2.049095477387e-04 2.604830744820e-01 2.049095477387e-04 1.638189947744e-01 2.049095477387e-04 1.644386751185e-01
2.066030150754e-04 1.986340326327e-01 2.066030150754e-04 2.062015176479e-01 2.066030150754e-04 2.565250793474e-01 2.066030150754e-04 1.650180714607e-01 2.066030150754e-04 1.647016006068e-01
2.082964824121e-04 1.990165554289e-01 2.082964824121e-04 2.078592530304e-01 2.082964824121e-04 2.528700267752e-01 2.082964824121e-04 1.661729006397e-01 2.082964824121e-04 1.649415800582e-01
2.099899497487e-04 1.993356217355e-01 2.099899497487e-04 2.094316296798e-01 2.099899497487e-04 2.495006119714e-01 2.099899497487e-04 1.672833909506e-01 2.099899497487e-04 1.651607776070e-01
2.116834170854e-04 1.996014102119e-01 2.116834170854e-04 2.109191485877e-01 2.116834170854e-04 2.463995650042e-01 2.116834170854e-04 1.683496065876e-01 2.116834170854e-04 1.653611010316e-01
2.133768844221e-04 1.998225758008e-01 2.133768844221e-04 2.123229110168e-01 2.133768844221e-04 2.435498282177e-01 2.133768844221e-04 1.693717697644e-01 2.133768844221e-04 1.655442459133e-01
2.150703517588e-04 2.000064431077e-01 2.150703517588e-04 2.136445414346e-01 2.150703517588e-04 2.409347080554e-01 2.150703517588e-04 1.703502579130e-01 2.150703517588e-04 1.657117295438e-01
2.167638190955e-04 2.001591868427e-01 2.167638190955e-04 2.148861101873e-01 2.167638190955e-04 2.385380005820e-01 2.167638190955e-04 1.712855968689e-01 2.167638190955e-04 1.658649172692e-01
2.184572864322e-04 2.002859957221e-01 2.184572864322e-04 2.160500580047e-01 2.184572864322e-04 2.363440914267e-01 2.184572864322e-04 1.721784511009e-01 2.184572864322e-04 1.660050432330e-01
2.201507537688e-04 2.003912184393e-01 2.201507537688e-04 2.171391239897e-01 2.201507537688e-04 2.343380318302e-01 2.201507537688e-04 1.730296118628e-01 2.201507537688e-04 1.661332269551e-01
2.218442211055e-04 2.004784917484e-01 2.218442211055e-04 2.181562783310e-01 2.218442211055e-04 2.325055930557e-01 2.218442211055e-04 1.738399840004e-01 2.218442211055e-04 1.662504867931e-01
2.235376884422e-04 2.005508515681e-01 2.235376884422e-04 2.191046605961e-01 2.235376884422e-04 2.308333017279e-01 2.235376884422e-04 1.746105720100e-01 2.235376884422e-04 1.663577510524e-01
2.252311557789e-04 2.006108284974e-01 2.252311557789e-04 2.199875241277e-01 2.252311557789e-04 2.293084587545e-01 2.252311557789e-04 1.753424658348e-01 2.252311557789e-04 1.664558673044e-01
2.269246231156e-04 2.006605293458e-01 2.269246231156e-04 2.208081867827e-01 2.269246231156e-04 2.279191444314e-01 2.269246231156e-04 1.760368267835e-01 2.269246231156e-04 1.665456103223e-01
2.286180904523e-04 2.007017063315e-01 2.286180904523e-04 2.215699880178e-01 2.286180904523e-04 2.266542121822e-01 2.286180904523e-04 1.766948738698e-01 2.286180904523e-04 1.666276889357e-01
2.303115577889e-04 2.007358155445e-01 2.303115577889e-04 2.222762521463e-01 2.303115577889e-04 2.255032731750e-01 2.303115577889e-04 1.773178708011e-01 2.303115577889e-04 1.667027520267e-01
2.320050251256e-04 2.007640661571e-01 2.320050251256e-04 2.229302574514e-01 2.320050251256e-04 2.244566738156e-01 2.320050251256e-04 1.779071137777e-01 2.320050251256e-04 1.667713938318e-01
2.336984924623e-04 2.007874617218e-01 2.336984924623e-04 2.235352107465e-01 2.336984924623e-04 2.235054678675e-01 2.336984924623e-04 1.784639202145e-01 2.336984924623e-04 1.668341586718e-01
2.353919597990e-04 2.008068347435e-01 2.353919597990e-04 2.240942269130e-01 2.353919597990e-04 2.226413847006e-01 2.353919597990e-04 1.789896184523e-01 2.353919597990e-04 1.668915452049e-01
2.370854271357e-04 2.008228755631e-01 2.370854271357e-04 2.246103129128e-01 2.370854271357e-04 2.218567949373e-01 2.370854271357e-04 1.794855384915e-01 2.370854271357e-04 1.669440102720e-01
2.387788944724e-04 2.008361564493e-01 2.387788944724e-04 2.250863557643e-01 2.387788944724e-04 2.211446745473e-01 2.387788944724e-04 1.799530037482e-01 2.387788944724e-04 1.669919723904e-01
2.404723618090e-04 2.008471516663e-01 2.404723618090e-04 2.255251139805e-01 2.404723618090e-04 2.204985682515e-01 2.404723618090e-04 1.803933238170e-01 2.404723618090e-04 1.670358149391e-01
2.421658291457e-04 2.008562541705e-01 2.421658291457e-04 2.259292119899e-01 2.421658291457e-04 2.199125529229e-01 2.421658291457e-04 1.808077881996e-01 2.421658291457e-04 1.670758890707e-01
2.438592964824e-04 2.008637894903e-01 2.438592964824e-04 2.263011370886e-01 2.438592964824e-04 2.193812015256e-01 2.438592964824e-04 1.811976609531e-01 2.438592964824e-04 1.671125163781e-01
2.455527638191e-04 2.008700272554e-01 2.455527638191e-04 2.266432385133e-01 2.455527638191e-04 2.188995480085e-01 2.455527638191e-04 1.815641761967e-01 2.455527638191e-04 1.671459913406e-01
2.472462311558e-04 2.008751907672e-01 2.472462311558e-04 2.269577282617e-01 2.472462311558e-04 2.184630534586e-01 2.472462311558e-04 1.819085344144e-01 2.472462311558e-04 1.671765835691e-01
2.489396984925e-04 2.008794649403e-01 2.489396984925e-04 2.272466833264e-01 2.489396984925e-04 2.180675737386e-01 2.489396984925e-04 1.822318994857e-01 2.489396984925e-04 1.672045398685e-01
2.506331658291e-04 2.008830028877e-01 2.506331658291e-04 2.275120490507e-01 2.506331658291e-04 2.177093287519e-01 2.506331658291e-04 1.825353963762e-01 2.506331658291e-04 1.672300861325e-01
2.523266331658e-04 2.008859313817e-01 2.523266331658e-04 2.277556433518e-01 2.523266331658e-04 2.173848734269e-01 2.523266331658e-04 1.828201094212e-01 2.523266331658e-04 1.672534290841e-01
2.540201005025e-04 2.008883553784e-01 2.540201005025e-04 2.279791615914e-01 2.540201005025e-04 2.170910704599e-01 2.540201005025e-04 1.830870811351e-01 2.540201005025e-04 1.672747578760e-01
2.557135678392e-04 2.008903617687e-01 2.557135678392e-04 2.281841819079e-01 2.557135678392e-04 2.168250648221e-01 2.557135678392e-04 1.833373114865e-01 2.557135678392e-04 1.672942455596e-01
2.574070351759e-04 2.008920224839e-01 2.574070351759e-04 2.283721708552e-01 2.574070351759e-04 2.165842600062e-01 2.574070351759e-04 1.835717575777e-01 2.574070351759e-04 1.673120504353e-01
2.591005025126e-04 2.008933970702e-01 2.591005025126e-04 2.285444892148e-01 2.591005025126e-04 2.163662959670e-01 2.591005025126e-04 1.837913336743e-01 2.591005025126e-04 1.673283172919e-01
2.607939698492e-04 2.008945348189e-01 2.607939698492e-04 2.287023978781e-01 2.607939698492e-04 2.161690286943e-01 2.607939698492e-04 1.839969115352e-01 2.607939698492e-04 1.673431785446e-01
2.624874371859e-04 2.008954765320e-01 2.624874371859e-04 2.288470637104e-01 2.624874371859e-04 2.159905113463e-01 2.624874371859e-04 1.841893209946e-01 2.624874371859e-04 1.673567552792e-01
2.641809045226e-04 2.008962559839e-01 2.641809045226e-04 2.289795653287e-01 2.641809045226e-04 2.158289768620e-01 2.641809045226e-04 1.843693507559e-01 2.641809045226e-04 1.673691582104e-01
2.658743718593e-04 2.008969011306e-01 2.658743718593e-04 2.291008987391e-01 2.658743718593e-04 2.156828219704e-01 2.658743718593e-04 1.845377493575e-01 2.658743718593e-04 1.673804885607e-01
2.675678391960e-04 2.008974351125e-01 2.675678391960e-04 2.292119827950e-01 2.675678391960e-04 2.155505925094e-01 2.675678391960e-04 1.846952262791e-01 2.675678391960e-04 1.673908388660e-01
2.692613065327e-04 2.008978770835e-01 2.692613065327e-04 2.293136644429e-01 2.692613065327e-04 2.154309699681e-01 2.692613065327e-04 1.848424531567e-01 2.692613065327e-04 1.674002937145e-01
2.709547738693e-04 2.008982428972e-01 2.709547738693e-04 2.294067237382e-01 2.709547738693e-04 2.153227591687e-01 2.709547738693e-04 1.849800650810e-01 2.709547738693e-04 1.674089304233e-01
2.726482412060e-04 2.008985456762e-01 2.726482412060e-04 2.294918786150e-01 2.726482412060e-04 2.152248770052e-01 2.726482412060e-04 1.851086619552e-01 2.726482412060e-04 1.674168196587e-01
2.743417085427e-04 2.008987962818e-01 2.743417085427e-04 2.295697894032e-01 2.743417085427e-04 2.151363421598e-01 2.743417085427e-04 1.852288098938e-01 2.743417085427e-04 1.674240260044e-01
2.760351758794e-04 2.008990037041e-01 2.760351758794e-04 2.296410630905e-01 2.760351758794e-04 2.150562657215e-01 2.760351758794e-04 1.853410426437e-01 2.760351758794e-04 1.674306084813e-01
2.777286432161e-04 2.008991753842e-01 2.777286432161e-04 2.297062573295e-01 2.777286432161e-04 2.149838426353e-01 2.777286432161e-04 1.854458630140e-01 2.777286432161e-04 1.674366210242e-01
2.794221105528e-04 2.008993174808e-01 2.794221105528e-04 2.297658841951e-01 2.794221105528e-04 2.149183439158e-01 2.794221105528e-04 1.855437443012e-01 2.794221105528e-04 1.674421129172e-01
2.811155778894e-04 2.008994350917e-01 2.811155778894e-04 2.298204136986e-01 2.811155778894e-04 2.148591095599e-01 2.811155778894e-04 1.856351317008e-01 2.811155778894e-04 1.674471291932e-01
2.828090452261e-04 2.008995324362e-01 2.828090452261e-04 2.298702770654e-01 2.828090452261e-04 2.148055421025e-01 2.828090452261e-04 1.857204436954e-01 2.828090452261e-04 1.674517109986e-01
2.845025125628e-04 2.008996130064e-01 2.845025125628e-04 2.299158697882e-01 2.845025125628e-04 2.147571007581e-01 2.845025125628e-04 1.858000734131e-01 2.845025125628e-04 1.674558959272e-01
2.861959798995e-04 2.008996796928e-01 2.861959798995e-04 2.299575544640e-01 2.861959798995e-04 2.147132960993e-01 2.861959798995e-04 1.858743899505e-01 2.861959798995e-04 1.674597183261e-01
2.878894472362e-04 2.008997348880e-01 2.878894472362e-04 2.299956634266e-01 2.878894472362e-04 2.146736852250e-01 2.878894472362e-04 1.859437396562e-01 2.878894472362e-04 1.674632095749e-01
2.895829145729e-04 2.008997805719e-01 2.895829145729e-04 2.300305011859e-01 2.895829145729e-04 2.146378673740e-01 2.895829145729e-04 1.860084473700e-01 2.895829145729e-04 1.674663983412e-01
2.912763819095e-04 2.008998183837e-01 2.912763819095e-04 2.300623466853e-01 2.912763819095e-04 2.146054799464e-01 2.912763819095e-04 1.860688176184e-01 2.912763819095e-04 1.674693108144e-01
2.929698492462e-04 2.008998496797e-01 2.929698492462e-04 2.300914553873e-01 2.929698492462e-04 2.145761948945e-01 2.929698492462e-04 1.861251357610e-01 2.929698492462e-04 1.674719709193e-01
2.946633165829e-04 2.008998755829e-01 2.946633165829e-04 2.301180611999e-01 2.946633165829e-04 2.145497154505e-01 2.946633165829e-04 1.861776690905e-01 2.946633165829e-04 1.674744005115e-01
2.963567839196e-04 2.008998970224e-01 2.963567839196e-04 2.301423782527e-01 2.963567839196e-04 2.145257731605e-01 2.963567839196e-04 1.862266678828e-01 2.963567839196e-04 1.674766195559e-01
2.980502512563e-04 2.008999147675e-01 2.980502512563e-04 2.301646025343e-01 2.980502512563e-04 2.145041251970e-01 2.980502512563e-04 1.862723663993e-01 2.980502512563e-04 1.674786462898e-01
2.997437185930e-04 2.008999294547e-01 2.997437185930e-04 2.301849133995e-01 2.997437185930e-04 2.144845519231e-01 2.997437185930e-04 1.863149838412e-01 2.997437185930e-04 1.674804973725e-01
3.014371859296e-04 2.008999416111e-01 3.014371859296e-04 2.302034749563e-01 3.014371859296e-04 2.144668546876e-01 3.014371859296e-04 1.863547252555e-01 3.014371859296e-04 1.674821880211e-01
3.031306532663e-04 2.008999516726e-01 3.031306532663e-04 2.302204373417e-01 3.031306532663e-04 2.144508538267e-01 3.031306532663e-04 1.863917823964e-01 3.031306532663e-04 1.674837321355e-01
3.048241206030e-04 2.008999600004e-01 3.048241206030e-04 2.302359378938e-01 3.048241206030e-04 2.144363868555e-01 3.048241206030e-04 1.864263345397e-01 3.048241206030e-04 1.674851424122e-01
3.065175879397e-04 2.008999668931e-01 3.065175879397e-04 2.302501022282e-01 3.065175879397e-04 2.144233068301e-01 3.065175879397e-04 1.864585492546e-01 3.065175879397e-04 1.674864304481e-01
3.082110552764e-04 2.008999725981e-01 3.082110552764e-04 2.302630452273e-01 3.082110552764e-04 2.144114808657e-01 3.082110552764e-04 1.864885831331e-01 3.082110552764e-04 1.674876068361e-01
3.099045226131e-04 2.008999773200e-01 3.099045226131e-04 2.302748719466e-01 3.099045226131e-04 2.144007887943e-01 3.099045226131e-04 1.865165824782e-01 3.099045226131e-04 1.674886812514e-01
3.115979899497e-04 2.008999812282e-01 3.115979899497e-04 2.302856784474e-01 3.115979899497e-04 2.143911219507e-01 3.115979899497e-04 1.865426839534e-01 3.115979899497e-04 1.674896625313e-01
3.132914572864e-04 2.008999844630e-01 3.132914572864e-04 2.302955525596e-01 3.132914572864e-04 2.143823820735e-01 3.132914572864e-04 1.865670151949e-01 3.132914572864e-04 1.674905587476e-01
3.149849246231e-04 2.008999871403e-01 3.149849246231e-04 2.303045745815e-01 3.149849246231e-04 2.143744803110e-01 3.149849246231e-04 1.865896953873e-01 3.149849246231e-04 1.674913772726e-01
3.166783919598e-04 2.008999893563e-01 3.166783919598e-04 2.303128179204e-01 3.166783919598e-04 2.143673363215e-01 3.166783919598e-04 1.866108358062e-01 3.166783919598e-04 1.674921248402e-01
3.183718592965e-04 2.008999911904e-01 3.183718592965e-04 2.303203496803e-01 3.183718592965e-04 2.143608774594e-01 3.183718592965e-04 1.866305403275e-01 3.183718592965e-04 1.674928076005e-01
3.200653266332e-04 2.008999927085e-01 3.200653266332e-04 2.303272311993e-01 3.200653266332e-04 2.143550380390e-01 3.200653266332e-04 1.866489059066e-01 3.200653266332e-04 1.674934311711e-01
3.217587939698e-04 2.008999939649e-01 3.217587939698e-04 2.303335185427e-01 3.217587939698e-04 2.143497586684e-01 3.217587939698e-04 1.866660230277e-01 3.217587939698e-04 1.674940006824e-01
3.234522613065e-04 2.008999950049e-01 3.234522613065e-04 2.303392629535e-01 3.234522613065e-04 2.143449856475e-01 3.234522613065e-04 1.866819761258e-01 3.234522613065e-04 1.674945208205e-01
3.251457286432e-04 2.008999958657e-01 3.251457286432e-04 2.303445112654e-01 3.251457286432e-04 2.143406704225e-01 3.251457286432e-04 1.866968439825e-01 3.251457286432e-04 1.674949958652e-01
3.268391959799e-04 2.008999965781e-01 3.268391959799e-04 2.303493062805e-01 3.268391959799e-04 2.143367690937e-01 3.268391959799e-04 1.867107000969e-01 3.268391959799e-04 1.674954297255e-01
3.285326633166e-04 2.008999971678e-01 3.285326633166e-04 2.303536871151e-01 3.285326633166e-04 2.143332419692e-01 3.285326633166e-04 1.867236130335e-01 3.285326633166e-04 1.674958259717e-01
3.302261306533e-04 2.008999976558e-01 3.302261306533e-04 2.303576895156e-01 3.302261306533e-04 2.143300531624e-01 3.302261306533e-04 1.867356467476e-01 3.302261306533e-04 1.674961878644e-01
3.319195979899e-04 2.008999980598e-01 3.319195979899e-04 2.303613461484e-01 3.319195979899e-04 2.143271702270e-01 3.319195979899e-04 1.867468608901e-01 3.319195979899e-04 1.674965183817e-01
3.336130653266e-04 2.008999983941e-01 3.336130653266e-04 2.303646868639e-01 3.336130653266e-04 2.143245638278e-01 3.336130653266e-04 1.867573110934e-01 3.336130653266e-04 1.674968202438e-01
3.353065326633e-04 2.008999986708e-01 3.353065326633e-04 2.303677389391e-01 3.353065326633e-04 2.143222074421e-01 3.353065326633e-04 1.867670492377e-01 3.353065326633e-04 1.674970959347e-01
3.370000000000e-04 2.008999988999e-01 3.370000000000e-04 2.303705272984e-01 3.370000000000e-04 2.143200770905e-01 3.370000000000e-04 1.867761237016e-01 3.370000000000e-04 1.674973477233e-01
