0.000000000000e+00 2.091998329877e-01 0.000000000000e+00 2.094955076255e-01 0.000000000000e+00 2.027000211182e-01 0.000000000000e+00 1.675201852469e-01 0.000000000000e+00 2.067500000000e-01
2.351758793970e-06 2.091998117023e-01 2.351758793970e-06 2.094949935147e-01 2.351758793970e-06 2.027000249608e-01 2.351758793970e-06 1.675222342647e-01 2.351758793970e-06 2.067500000000e-01
4.703517587940e-06 2.091997876905e-01 4.703517587940e-06 2.094944205163e-01 4.703517587940e-06 2.027000295026e-01 4.703517587940e-06 1.675244920238e-01 4.703517587940e-06 2.067500000000e-01
7.055276381910e-06 2.091997606003e-01 7.055276381910e-06 2.094937818790e-01 7.055276381910e-06 2.027000348709e-01 7.055276381910e-06 1.675269798538e-01 7.055276381910e-06 2.067500000000e-01
9.407035175879e-06 2.091997300337e-01 9.407035175879e-06 2.094930700773e-01 9.407035175879e-06 2.027000412160e-01 9.407035175879e-06 1.675297212687e-01 9.407035175879e-06 2.067500000000e-01
1.175879396985e-05 2.091996955405e-01 1.175879396985e-05 2.094922767218e-01 1.175879396985e-05 2.027000487157e-01 1.175879396985e-05 1.675327421898e-01 1.175879396985e-05 2.067500000000e-01
1.411055276382e-05 2.091996566117e-01 1.411055276382e-05 2.094913924609e-01 1.411055276382e-05 2.027000575800e-01 1.411055276382e-05 1.675360711934e-01 1.411055276382e-05 2.067500000000e-01
1.646231155779e-05 2.091996126710e-01 1.646231155779e-05 2.094904068698e-01 1.646231155779e-05 2.027000680573e-01 1.646231155779e-05 1.675397397818e-01 1.646231155779e-05 2.067500000000e-01
1.881407035176e-05 2.091995630660e-01 1.881407035176e-05 2.094893083273e-01 1.881407035176e-05 2.027000804411e-01 1.881407035176e-05 1.675437826832e-01 1.881407035176e-05 2.067500000000e-01
2.116582914573e-05 2.091995070584e-01 2.116582914573e-05 2.094880838788e-01 2.116582914573e-05 2.027000950783e-01 2.116582914573e-05 1.675482381816e-01 2.116582914573e-05 2.067500000000e-01
2.351758793970e-05 2.091994438115e-01 2.351758793970e-05 2.094867190833e-01 2.351758793970e-05 2.027001123789e-01 2.351758793970e-05 1.675531484803e-01 2.351758793970e-05 2.067500000000e-01
2.586934673367e-05 2.091993723775e-01 2.586934673367e-05 2.094851978425e-01 2.586934673367e-05 2.027001328277e-01 2.586934673367e-05 1.675585601024e-01 2.586934673367e-05 2.067500000000e-01
2.822110552764e-05 2.091992916821e-01 2.822110552764e-05 2.094835022112e-01 2.822110552764e-05 2.027001569973e-01 2.822110552764e-05 1.675645243324e-01 2.822110552764e-05 2.067500000000e-01
3.057286432161e-05 2.091992005069e-01 3.057286432161e-05 2.094816121850e-01 3.057286432161e-05 2.027001855651e-01 3.057286432161e-05 1.675710977010e-01 3.057286432161e-05 2.067500000000e-01
3.292462311558e-05 2.091990974700e-01 3.292462311558e-05 2.094795054644e-01 3.292462311558e-05 2.027002193311e-01 3.292462311558e-05 1.675783425210e-01 3.292462311558e-05 2.067500000000e-01
3.527638190955e-05 2.091989810027e-01 3.527638190955e-05 2.094771571921e-01 3.527638190955e-05 2.027002592414e-01 3.527638190955e-05 1.675863274753e-01 3.527638190955e-05 2.067500000000e-01
3.762814070352e-05 2.091988493243e-01 3.762814070352e-05 2.094745396592e-01 3.762814070352e-05 2.027003064140e-01 3.762814070352e-05 1.675951282652e-01 3.762814070352e-05 2.067500000000e-01
3.997989949749e-05 2.091987004114e-01 3.997989949749e-05 2.094716219791e-01 3.997989949749e-05 2.027003621704e-01 3.997989949749e-05 1.676048283229e-01 3.997989949749e-05 2.067500000000e-01
4.233165829146e-05 2.091985319645e-01 4.233165829146e-05 2.094683697234e-01 4.233165829146e-05 2.027004280725e-01 4.233165829146e-05 1.676155195957e-01 4.233165829146e-05 2.067500000000e-01
4.468341708543e-05 2.091983413688e-01 4.468341708543e-05 2.094647445171e-01 4.468341708543e-05 2.027005059665e-01 4.468341708543e-05 1.676273034083e-01 4.468341708543e-05 2.067500000000e-01
4.703517587940e-05 2.091981256486e-01 4.703517587940e-05 2.094607035867e-01 4.703517587940e-05 2.027005980345e-01 4.703517587940e-05 1.676402914097e-01 4.703517587940e-05 2.067500000000e-01
4.938693467337e-05 2.091978814163e-01 4.938693467337e-05 2.094561992576e-01 4.938693467337e-05 2.027007068557e-01 4.938693467337e-05 1.676546066143e-01 4.938693467337e-05 2.067500000000e-01
5.173869346734e-05 2.091976048128e-01 5.173869346734e-05 2.094511783950e-01 5.173869346734e-05 2.027008354784e-01 5.173869346734e-05 1.676703845451e-01 5.173869346734e-05 2.067500000000e-01
5.409045226131e-05 2.091972914385e-01 5.409045226131e-05 2.094455817801e-01 5.409045226131e-05 2.027009875057e-01 5.409045226131e-05 1.676877744878e-01 5.409045226131e-05 2.067500000000e-01
5.644221105528e-05 2.091969362748e-01 5.644221105528e-05 2.094393434173e-01 5.644221105528e-05 2.027011671964e-01 5.644221105528e-05 1.677069408671e-01 5.644221105528e-05 2.067500000000e-01
5.879396984925e-05 2.091965335926e-01 5.879396984925e-05 2.094323897624e-01 5.879396984925e-05 2.027013795838e-01 5.879396984925e-05 1.677280647545e-01 5.879396984925e-05 2.067500000000e-01
6.114572864322e-05 2.091960768472e-01 6.114572864322e-05 2.094246388641e-01 6.114572864322e-05 2.027016306173e-01 6.114572864322e-05 1.677513455209e-01 6.114572864322e-05 2.067500000000e-01
6.349748743719e-05 2.091955585560e-01 6.349748743719e-05 2.094159994094e-01 6.349748743719e-05 2.027019273285e-01 6.349748743719e-05 1.677770026445e-01 6.349748743719e-05 2.067500000000e-01
6.584924623116e-05 2.091949701577e-01 6.584924623116e-05 2.094063696629e-01 6.584924623116e-05 2.027022780282e-01 6.584924623116e-05 1.678052776876e-01 6.584924623116e-05 2.067500000000e-01
6.820100502513e-05 2.091943018487e-01 6.820100502513e-05 2.093956362864e-01 6.820100502513e-05 2.027026925391e-01 6.820100502513e-05 1.678364364566e-01 6.820100502513e-05 2.067500000000e-01
7.055276381910e-05 2.091935423929e-01 7.055276381910e-05 2.093836730295e-01 7.055276381910e-05 2.027031824706e-01 7.055276381910e-05 1.678707713576e-01 7.055276381910e-05 2.067500000000e-01
7.290452261307e-05 2.091926789013e-01 7.290452261307e-05 2.093703392742e-01 7.290452261307e-05 2.027037615436e-01 7.290452261307e-05 1.679086039643e-01 7.290452261307e-05 2.067500000000e-01
7.525628140704e-05 2.091916965755e-01 7.525628140704e-05 2.093554784203e-01 7.525628140704e-05 2.027044459747e-01 7.525628140704e-05 1.679502878109e-01 7.525628140704e-05 2.067500000000e-01
7.760804020101e-05 2.091905784086e-01 7.760804020101e-05 2.093389160946e-01 7.760804020101e-05 2.027052549291e-01 7.760804020101e-05 1.679962114264e-01 7.760804020101e-05 2.067500000000e-01
7.995979899497e-05 2.091893048372e-01 7.995979899497e-05 2.093204581656e-01 7.995979899497e-05 2.027062110572e-01 7.995979899497e-05 1.680468016250e-01 7.995979899497e-05 2.067500000000e-01
8.231155778894e-05 2.091878533349e-01 8.231155778894e-05 2.092998885447e-01 8.231155778894e-05 2.027073411268e-01 8.231155778894e-05 1.681025270650e-01 8.231155778894e-05 2.067500000000e-01
8.466331658291e-05 2.091861979373e-01 8.466331658291e-05 2.092769667522e-01 8.466331658291e-05 2.027086767715e-01 8.466331658291e-05 1.681639020918e-01 8.466331658291e-05 2.067500000000e-01
8.701507537688e-05 2.091843086866e-01 8.701507537688e-05 2.092514252265e-01 8.701507537688e-05 2.027102553736e-01 8.701507537688e-05 1.682314908741e-01 8.701507537688e-05 2.067500000000e-01
8.936683417085e-05 2.091821509815e-01 8.936683417085e-05 2.092229663515e-01 8.936683417085e-05 2.027121211071e-01 8.936683417085e-05 1.683059118429e-01 8.936683417085e-05 2.067500000000e-01
9.171859296482e-05 2.091796848149e-01 9.171859296482e-05 2.091912591769e-01 9.171859296482e-05 2.027143261692e-01 9.171859296482e-05 1.683878424397e-01 9.171859296482e-05 2.067500000000e-01
9.407035175879e-05 2.091768638796e-01 9.407035175879e-05 2.091559358043e-01 9.407035175879e-05 2.027169322345e-01 9.407035175879e-05 1.684780241738e-01 9.407035175879e-05 2.067500000000e-01
9.642211055276e-05 2.091736345181e-01 9.642211055276e-05 2.091165874104e-01 9.642211055276e-05 2.027200121707e-01 9.642211055276e-05 1.685772679837e-01 9.642211055276e-05 2.067500000000e-01
9.877386934673e-05 2.091699344881e-01 9.877386934673e-05 2.090727598795e-01 9.877386934673e-05 2.027236520638e-01 9.877386934673e-05 1.686864598920e-01 9.877386934673e-05 2.067500000000e-01
1.011256281407e-04 2.091656915092e-01 1.011256281407e-04 2.090239490137e-01 1.011256281407e-04 2.027279536067e-01 1.011256281407e-04 1.688065669298e-01 1.011256281407e-04 2.067500000000e-01
1.034773869347e-04 2.091608215521e-01 1.034773869347e-04 2.089695952934e-01 1.034773869347e-04 2.027330369160e-01 1.034773869347e-04 1.689386432991e-01 1.034773869347e-04 2.067500000000e-01
1.058291457286e-04 2.091552268212e-01 1.058291457286e-04 2.089090781574e-01 1.058291457286e-04 2.027390438518e-01 1.058291457286e-04 1.690838367243e-01 1.058291457286e-04 2.067500000000e-01
1.081809045226e-04 2.091487933750e-01 1.081809045226e-04 2.088417097772e-01 1.081809045226e-04 2.027461419289e-01 1.081809045226e-04 1.692433949283e-01 1.081809045226e-04 2.067500000000e-01
1.105326633166e-04 2.091413883170e-01 1.105326633166e-04 2.087667283011e-01 1.105326633166e-04 2.027545289217e-01 1.105326633166e-04 1.694186721470e-01 1.105326633166e-04 2.067500000000e-01
1.128844221106e-04 2.091328564758e-01 1.128844221106e-04 2.086832905490e-01 1.128844221106e-04 2.027644382818e-01 1.128844221106e-04 1.696111355725e-01 1.128844221106e-04 2.067500000000e-01
1.152361809045e-04 2.091230164822e-01 1.152361809045e-04 2.085904641457e-01 1.152361809045e-04 2.027761455062e-01 1.152361809045e-04 1.698223715852e-01 1.152361809045e-04 2.067500000000e-01
1.175879396985e-04 2.091116561284e-01 1.175879396985e-04 2.084872190896e-01 1.175879396985e-04 2.027899756148e-01 1.175879396985e-04 1.700540916041e-01 1.175879396985e-04 2.067500000000e-01
1.199396984925e-04 2.090985268766e-01 1.199396984925e-04 2.083724187659e-01 1.199396984925e-04 2.028063119218e-01 1.199396984925e-04 1.703081373449e-01 1.199396984925e-04 2.067500000000e-01
1.222914572864e-04 2.090833373607e-01 1.222914572864e-04 2.082448104286e-01 1.222914572864e-04 2.028256063062e-01 1.222914572864e-04 1.705864852348e-01 1.222914572864e-04 2.067500000000e-01
1.246432160804e-04 2.090657456925e-01 1.246432160804e-04 2.081030151976e-01 1.246432160804e-04 2.028483912205e-01 1.246432160804e-04 1.708912496879e-01 1.246432160804e-04 2.067500000000e-01
1.269949748744e-04 2.090453503543e-01 1.269949748744e-04 2.079455176400e-01 1.269949748744e-04 2.028752937000e-01 1.269949748744e-04 1.712246848941e-01 1.269949748744e-04 2.067500000000e-01
1.293467336683e-04 2.090216794191e-01 1.293467336683e-04 2.077706550381e-01 1.293467336683e-04 2.029070516668e-01 1.293467336683e-04 1.715891847256e-01 1.293467336683e-04 2.067500000000e-01
1.316984924623e-04 2.089941777969e-01 1.316984924623e-04 2.075766064828e-01 1.316984924623e-04 2.029445328471e-01 1.316984924623e-04 1.719872803123e-01 1.316984924623e-04 2.067500000000e-01
1.340502512563e-04 2.089621921543e-01 1.340502512563e-04 2.073613819766e-01 1.340502512563e-04 2.029887566406e-01 1.340502512563e-04 1.724216347913e-01 1.340502512563e-04 2.067500000000e-01
1.364020100503e-04 2.089249531016e-01 1.364020100503e-04 2.071228117851e-01 1.364020100503e-04 2.030409192943e-01 1.364020100503e-04 1.728950346944e-01 1.364020100503e-04 2.067500000000e-01
1.387537688442e-04 2.088815541776e-01 1.387537688442e-04 2.068585363343e-01 1.387537688442e-04 2.031024227245e-01 1.387537688442e-04 1.734103774058e-01 1.387537688442e-04 2.067500000000e-01
1.411055276382e-04 2.088309271039e-01 1.411055276382e-04 2.065659970249e-01 1.411055276382e-04 2.031749073008e-01 1.411055276382e-04 1.739706541130e-01 1.411055276382e-04 2.067500000000e-01
1.434572864322e-04 2.087718127114e-01 1.434572864322e-04 2.062424284093e-01 1.434572864322e-04 2.032602888394e-01 1.434572864322e-04 1.745789276845e-01 1.434572864322e-04 2.067500000000e-01
1.458090452261e-04 2.087027268869e-01 1.458090452261e-04 2.058848522639e-01 1.458090452261e-04 2.033607999253e-01 1.458090452261e-04 1.752383049539e-01 1.458090452261e-04 2.067500000000e-01
1.481608040201e-04 2.086219208415e-01 1.481608040201e-04 2.054900741779e-01 1.481608040201e-04 2.034790354876e-01 1.481608040201e-04 1.759519029750e-01 1.481608040201e-04 2.067500000000e-01
1.505125628141e-04 2.085273349808e-01 1.505125628141e-04 2.050546833672e-01 1.505125628141e-04 2.036180022474e-01 1.505125628141e-04 1.767228089520e-01 1.505125628141e-04 2.067500000000e-01
1.528643216080e-04 2.084165456877e-01 1.528643216080e-04 2.045750565121e-01 1.528643216080e-04 2.037811712157e-01 1.528643216080e-04 1.775540337387e-01 1.528643216080e-04 2.067500000000e-01
1.552160804020e-04 2.082867044209e-01 1.552160804020e-04 2.040473664864e-01 1.552160804020e-04 2.039725318017e-01 1.552160804020e-04 1.784484590616e-01 1.552160804020e-04 2.067500000000e-01
1.575678391960e-04 2.081344687480e-01 1.575678391960e-04 2.034675969024e-01 1.575678391960e-04 2.041966452547e-01 1.575678391960e-04 1.794087789428e-01 1.575678391960e-04 2.067500000000e-01
1.599195979899e-04 2.079559253013e-01 1.599195979899e-04 2.028315634196e-01 1.599195979899e-04 2.044586940606e-01 1.599195979899e-04 1.804374361836e-01 1.599195979899e-04 2.067500000000e-01
1.622713567839e-04 2.077465052598e-01 1.622713567839e-04 2.021349427410e-01 1.622713567839e-04 2.047645225248e-01 1.622713567839e-04 1.815365552064e-01 1.622713567839e-04 2.067500000000e-01
1.646231155779e-04 2.075008938965e-01 1.646231155779e-04 2.013733101457e-01 1.646231155779e-04 2.051206620891e-01 1.646231155779e-04 1.827078730229e-01 1.646231155779e-04 2.067500000000e-01
1.669748743719e-04 2.072129371117e-01 1.669748743719e-04 2.005421862557e-01 1.669748743719e-04 2.055343329955e-01 1.669748743719e-04 1.839526705667e-01 1.669748743719e-04 2.067500000000e-01
1.693266331658e-04 2.068755498174e-01 1.693266331658e-04 1.996370935027e-01 1.693266331658e-04 2.060134118667e-01 1.693266331658e-04 1.852717070701e-01 1.693266331658e-04 2.067500000000e-01
1.716783919598e-04 2.064806336839e-01 1.716783919598e-04 1.986536224370e-01 1.716783919598e-04 2.065663528713e-01 1.716783919598e-04 1.866651605174e-01 1.716783919598e-04 2.067500000000e-01
1.740301507538e-04 2.060190151937e-01 1.740301507538e-04 1.975875076051e-01 1.740301507538e-04 2.072020488180e-01 1.740301507538e-04 1.881325774320e-01 1.740301507538e-04 2.067500000000e-01
1.763819095477e-04 2.054804191937e-01 1.763819095477e-04 1.964347122229e-01 1.763819095477e-04 2.079296184116e-01 1.763819095477e-04 1.896728352860e-01 1.763819095477e-04 2.067500000000e-01
1.787336683417e-04 2.048534980207e-01 1.787336683417e-04 1.951915203042e-01 1.787336683417e-04 2.087581078468e-01 1.787336683417e-04 1.912841206246e-01 1.787336683417e-04 2.067500000000e-01
1.810854271357e-04 2.041259413361e-01 1.810854271357e-04 1.938546343153e-01 1.810854271357e-04 2.096960998933e-01 1.810854271357e-04 1.929639255308e-01 1.810854271357e-04 2.067500000000e-01
1.834371859296e-04 2.032846961125e-01 1.834371859296e-04 1.924212758491e-01 1.834371859296e-04 2.107512325534e-01 1.834371859296e-04 1.947090643215e-01 1.834371859296e-04 2.067500000000e-01
1.857889447236e-04 2.023163282068e-01 1.857889447236e-04 1.908892863232e-01 1.857889447236e-04 2.119296427878e-01 1.857889447236e-04 1.965157113697e-01 1.857889447236e-04 2.067500000000e-01
1.881407035176e-04 2.012075543710e-01 1.881407035176e-04 1.892572243640e-01 1.881407035176e-04 2.132353683606e-01 1.881407035176e-04 1.983794597559e-01 1.881407035176e-04 2.067500000000e-01
1.904924623116e-04 1.999459635626e-01 1.904924623116e-04 1.875244564088e-01 1.904924623116e-04 2.146697608006e-01 1.904924623116e-04 2.002953991413e-01 1.904924623116e-04 2.067500000000e-01
1.928442211055e-04 1.985209261274e-01 1.928442211055e-04 1.856912371906e-01 1.928442211055e-04 2.162309812827e-01 1.928442211055e-04 2.022582099376e-01 1.928442211055e-04 2.067500000000e-01
1.951959798995e-04 1.969246570628e-01 1.951959798995e-04 1.837587771885e-01 1.951959798995e-04 2.179136636714e-01 1.951959798995e-04 2.042622696548e-01 1.951959798995e-04 2.067500000000e-01
1.975477386935e-04 1.951533560963e-01 1.975477386935e-04 1.817292947937e-01 1.975477386935e-04 2.197088290294e-01 1.975477386935e-04 2.063017663551e-01 1.975477386935e-04 2.067500000000e-01
1.998994974874e-04 1.932082984509e-01 1.998994974874e-04 1.796060518026e-01 1.998994974874e-04 2.216041185505e-01 1.998994974874e-04 2.083708135457e-01 1.998994974874e-04 2.067500000000e-01
2.022512562814e-04 1.910967075249e-01 2.022512562814e-04 1.773933717705e-01 2.022512562814e-04 2.235843754511e-01 2.022512562814e-04 2.104635606731e-01 2.022512562814e-04 2.067500000000e-01
2.046030150754e-04 1.888322208119e-01 2.046030150754e-04 1.750966415880e-01 2.046030150754e-04 2.256325544884e-01 2.046030150754e-04 2.125742936726e-01 2.046030150754e-04 2.067500000000e-01
2.069547738693e-04 1.864347802795e-01 2.069547738693e-04 1.727222972229e-01 2.069547738693e-04 2.277308799061e-01 2.069547738693e-04 2.146975207567e-01 2.069547738693e-04 2.067500000000e-01
2.093065326633e-04 1.839298479905e-01 2.093065326633e-04 1.702777947470e-01 2.093065326633e-04 2.298621220366e-01 2.093065326633e-04 2.168280397276e-01 2.093065326633e-04 2.067500000000e-01
2.116582914573e-04 1.813469616389e-01 2.116582914573e-04 1.677715674892e-01 2.116582914573e-04 2.320108326714e-01 2.116582914573e-04 2.189609844707e-01 2.116582914573e-04 2.067500000000e-01
2.140100502513e-04 1.787177785486e-01 2.140100502513e-04 1.652129694319e-01 2.140100502513e-04 2.341643779997e-01 2.140100502513e-04 2.210918497873e-01 2.140100502513e-04 2.067500000000e-01
2.163618090452e-04 1.760738724062e-01 2.163618090452e-04 1.626122039493e-01 2.163618090452e-04 2.363136358779e-01 2.163618090452e-04 2.232164952367e-01 2.163618090452e-04 2.067500000000e-01
2.187135678392e-04 1.734446066262e-01 2.187135678392e-04 1.599802359205e-01 2.187135678392e-04 2.384532740493e-01 2.187135678392e-04 2.253311300257e-01 2.187135678392e-04 2.067500000000e-01
2.210653266332e-04 1.708553906693e-01 2.210653266332e-04 1.573286844542e-01 2.210653266332e-04 2.405815855308e-01 2.210653266332e-04 2.274322821259e-01 2.210653266332e-04 2.067500000000e-01
2.234170854271e-04 1.683265366953e-01 2.234170854271e-04 1.546696932543e-01 2.234170854271e-04 2.426999143533e-01 2.234170854271e-04 2.295167556232e-01 2.234170854271e-04 2.067500000000e-01
2.257688442211e-04 1.658728035727e-01 2.257688442211e-04 1.520157762939e-01 2.257688442211e-04 2.448117504547e-01 2.257688442211e-04 2.315815807738e-01 2.257688442211e-04 2.067500000000e-01
2.281206030151e-04 1.635035837888e-01 2.281206030151e-04 1.493796380419e-01 2.281206030151e-04 2.469216032001e-01 2.281206030151e-04 2.336239613558e-01 2.281206030151e-04 2.067500000000e-01
2.304723618090e-04 1.612235901270e-01 2.304723618090e-04 1.467739699155e-01 2.304723618090e-04 2.490337794583e-01 2.304723618090e-04 2.356412236787e-01 2.304723618090e-04 2.067500000000e-01
2.328241206030e-04 1.590338499116e-01 2.328241206030e-04 1.442112276062e-01 2.328241206030e-04 2.511511970223e-01 2.328241206030e-04 2.376307711030e-01 2.328241206030e-04 2.067500000000e-01
2.351758793970e-04 1.569328135816e-01 2.351758793970e-04 1.417033970029e-01 2.351758793970e-04 2.532743594834e-01 2.351758793970e-04 2.395900471864e-01 2.351758793970e-04 2.067500000000e-01
2.375276381910e-04 1.549174175466e-01 2.375276381910e-04 1.392617590590e-01 2.375276381910e-04 2.554006046514e-01 2.375276381910e-04 2.415165096857e-01 2.375276381910e-04 2.067500000000e-01
2.398793969849e-04 1.529839910319e-01 2.398793969849e-04 1.368966656476e-01 2.398793969849e-04 2.575237138220e-01 2.398793969849e-04 2.434076166883e-01 2.398793969849e-04 2.067500000000e-01
2.422311557789e-04 1.511289478916e-01 2.422311557789e-04 1.346173388446e-01 2.422311557789e-04 2.596339323462e-01 2.422311557789e-04 2.452608251831e-01 2.422311557789e-04 2.067500000000e-01
2.445829145729e-04 1.493492476701e-01 2.445829145729e-04 1.324317050642e-01 2.445829145729e-04 2.617184041694e-01 2.445829145729e-04 2.470736014928e-01 2.445829145729e-04 2.067500000000e-01
2.469346733668e-04 1.476426414889e-01 2.469346733668e-04 1.303462731424e-01 2.469346733668e-04 2.637619694659e-01 2.469346733668e-04 2.488434422151e-01 2.469346733668e-04 2.067500000000e-01
2.492864321608e-04 1.460077375210e-01 2.492864321608e-04 1.283660621694e-01 2.492864321608e-04 2.657482243209e-01 2.492864321608e-04 2.505679037148e-01 2.492864321608e-04 2.067500000000e-01
2.516381909548e-04 1.444439298294e-01 2.516381909548e-04 1.264945810724e-01 2.516381909548e-04 2.676607054253e-01 2.516381909548e-04 2.522446377882e-01 2.516381909548e-04 2.067500000000e-01
2.539899497487e-04 1.429512358123e-01 2.539899497487e-04 1.247338581711e-01 2.539899497487e-04 2.694840497599e-01 2.539899497487e-04 2.538714309037e-01 2.539899497487e-04 2.067500000000e-01
2.563417085427e-04 1.415300839003e-01 2.563417085427e-04 1.230845156147e-01 2.563417085427e-04 2.712049926239e-01 2.563417085427e-04 2.554462443969e-01 2.563417085427e-04 2.067500000000e-01
2.586934673367e-04 1.401810865549e-01 2.586934673367e-04 1.215458811090e-01 2.586934673367e-04 2.728131034616e-01 2.586934673367e-04 2.569672531500e-01 2.586934673367e-04 2.067500000000e-01
2.610452261307e-04 1.389048255810e-01 2.610452261307e-04 1.201161278091e-01 2.610452261307e-04 2.743012083393e-01 2.610452261307e-04 2.584328805807e-01 2.610452261307e-04 2.067500000000e-01
2.633969849246e-04 1.377016684541e-01 2.633969849246e-04 1.187924327116e-01 2.633969849246e-04 2.756654987176e-01 2.633969849246e-04 2.598418281701e-01 2.633969849246e-04 2.067500000000e-01
2.657487437186e-04 1.365716265924e-01 2.657487437186e-04 1.175711442025e-01 2.657487437186e-04 2.769053678869e-01 2.657487437186e-04 2.611930982294e-01 2.657487437186e-04 2.067500000000e-01
2.681005025126e-04 1.355142598264e-01 2.681005025126e-04 1.164479504095e-01 2.681005025126e-04 2.780230427981e-01 2.681005025126e-04 2.624860090995e-01 2.681005025126e-04 2.067500000000e-01
2.704522613065e-04 1.345286260433e-01 2.704522613065e-04 1.154180414304e-01 2.704522613065e-04 2.790230887110e-01 2.704522613065e-04 2.637202024642e-01 2.704522613065e-04 2.067500000000e-01
2.728040201005e-04 1.336132712237e-01 2.728040201005e-04 1.144762601376e-01 2.728040201005e-04 2.799118598166e-01 2.728040201005e-04 2.648956428937e-01 2.728040201005e-04 2.067500000000e-01
2.751557788945e-04 1.327662527762e-01 2.751557788945e-04 1.136172379036e-01 2.751557788945e-04 2.806969556049e-01 2.751557788945e-04 2.660126101109e-01 2.751557788945e-04 2.067500000000e-01
2.775075376884e-04 1.319851880405e-01 2.775075376884e-04 1.128355131009e-01 2.775075376884e-04 2.813867253465e-01 2.775075376884e-04 2.670716847667e-01 2.775075376884e-04 2.067500000000e-01
2.798592964824e-04 1.312673197955e-01 2.798592964824e-04 1.121256315257e-01 2.798592964824e-04 2.819898457419e-01 2.798592964824e-04 2.680737287139e-01 2.798592964824e-04 2.067500000000e-01
2.822110552764e-04 1.306095913028e-01 2.822110552764e-04 1.114822289248e-01 2.822110552764e-04 2.825149821440e-01 2.822110552764e-04 2.690198608932e-01 2.822110552764e-04 2.067500000000e-01
2.845628140704e-04 1.300087245488e-01 2.845628140704e-04 1.109000965650e-01 2.845628140704e-04 2.829705329110e-01 2.845628140704e-04 2.699114299847e-01 2.845628140704e-04 2.067500000000e-01
2.869145728643e-04 1.294612966910e-01 2.869145728643e-04 1.103742313013e-01 2.869145728643e-04 2.833644494469e-01 2.869145728643e-04 2.707499849587e-01 2.869145728643e-04 2.067500000000e-01
2.892663316583e-04 1.289638110741e-01 2.892663316583e-04 1.098998718965e-01 2.892663316583e-04 2.837041207667e-01 2.892663316583e-04 2.715372445801e-01 2.892663316583e-04 2.067500000000e-01
2.916180904523e-04 1.285127604358e-01 2.916180904523e-04 1.094725234770e-01 2.916180904523e-04 2.839963101560e-01 2.916180904523e-04 2.722750668114e-01 2.916180904523e-04 2.067500000000e-01
2.939698492462e-04 1.281046809952e-01 2.939698492462e-04 1.090879720069e-01 2.939698492462e-04 2.842471318511e-01 2.939698492462e-04 2.729654189169e-01 2.939698492462e-04 2.067500000000e-01
2.963216080402e-04 1.277361969709e-01 2.963216080402e-04 1.087422905703e-01 2.963216080402e-04 2.844620569682e-01 2.963216080402e-04 2.736103489270e-01 2.963216080402e-04 2.067500000000e-01
2.986733668342e-04 1.274040557166e-01 2.986733668342e-04 1.084318391031e-01 2.986733668342e-04 2.846459396263e-01 2.986733668342e-04 2.742119589663e-01 2.986733668342e-04 2.067500000000e-01
3.010251256281e-04 1.271051541034e-01 3.010251256281e-04 1.081532590314e-01 3.010251256281e-04 2.848030560144e-01 3.010251256281e-04 2.747723808110e-01 3.010251256281e-04 2.067500000000e-01
3.033768844221e-04 1.268365570506e-01 3.033768844221e-04 1.079034640812e-01 3.033768844221e-04 2.849371508321e-01 3.033768844221e-04 2.752937539063e-01 3.033768844221e-04 2.067500000000e-01
3.057286432161e-04 1.265955092468e-01 3.057286432161e-04 1.076796283261e-01 3.057286432161e-04 2.850514869926e-01 3.057286432161e-04 2.757782059639e-01 3.057286432161e-04 2.067500000000e-01
3.080804020101e-04 1.263794411413e-01 3.080804020101e-04 1.074791723628e-01 3.080804020101e-04 2.851488956723e-01 3.080804020101e-04 2.762278361622e-01 3.080804020101e-04 2.067500000000e-01
3.104321608040e-04 1.261859702549e-01 3.104321608040e-04 1.072997483339e-01 3.104321608040e-04 2.852318247448e-01 3.104321608040e-04 2.766447008948e-01 3.104321608040e-04 2.067500000000e-01
3.127839195980e-04 1.260128987809e-01 3.127839195980e-04 1.071392243715e-01 3.127839195980e-04 2.853023843553e-01 3.127839195980e-04 2.770308019530e-01 3.127839195980e-04 2.067500000000e-01
3.151356783920e-04 1.258582083424e-01 3.151356783920e-04 1.069956689097e-01 3.151356783920e-04 2.853623889290e-01 3.151356783920e-04 2.773880769853e-01 3.151356783920e-04 2.067500000000e-01
3.174874371859e-04 1.257200526587e-01 3.174874371859e-04 1.068673352057e-01 3.174874371859e-04 2.854133952881e-01 3.174874371859e-04 2.777183920469e-01 3.174874371859e-04 2.067500000000e-01
3.198391959799e-04 1.255967487538e-01 3.198391959799e-04 1.067526463189e-01 3.198391959799e-04 2.854567368173e-01 3.198391959799e-04 2.780235360368e-01 3.198391959799e-04 2.067500000000e-01
3.221909547739e-04 1.254867672320e-01 3.221909547739e-04 1.066501807268e-01 3.221909547739e-04 2.854935537892e-01 3.221909547739e-04 2.783052168112e-01 3.221909547739e-04 2.067500000000e-01
3.245427135678e-04 1.253887220410e-01 3.245427135678e-04 1.065586586969e-01 3.245427135678e-04 2.855248200740e-01 3.245427135678e-04 2.785650587639e-01 3.245427135678e-04 2.067500000000e-01
3.268944723618e-04 1.253013600563e-01 3.268944723618e-04 1.064769294859e-01 3.268944723618e-04 2.855513665129e-01 3.268944723618e-04 2.788046016713e-01 3.268944723618e-04 2.067500000000e-01
3.292462311558e-04 1.252235507405e-01 3.292462311558e-04 1.064039594048e-01 3.292462311558e-04 2.855739012687e-01 3.292462311558e-04 2.790253006105e-01 3.292462311558e-04 2.067500000000e-01
3.315979899497e-04 1.251542760685e-01 3.315979899497e-04 1.063388207572e-01 3.315979899497e-04 2.855930274657e-01 3.315979899497e-04 2.792285267731e-01 3.315979899497e-04 2.067500000000e-01
3.339497487437e-04 1.250926208544e-01 3.339497487437e-04 1.062806816417e-01 3.339497487437e-04 2.856092584288e-01 3.339497487437e-04 2.794155690123e-01 3.339497487437e-04 2.067500000000e-01
3.363015075377e-04 1.250377635731e-01 3.363015075377e-04 1.062287965898e-01 3.363015075377e-04 2.856230308072e-01 3.363015075377e-04 2.795876359795e-01 3.363015075377e-04 2.067500000000e-01
3.386532663317e-04 1.249889677348e-01 3.386532663317e-04 1.061824980057e-01 3.386532663317e-04 2.856347158506e-01 3.386532663317e-04 2.797458587196e-01 3.386532663317e-04 2.067500000000e-01
3.410050251256e-04 1.249455738429e-01 3.410050251256e-04 1.061411883631e-01 3.410050251256e-04 2.856446290765e-01 3.410050251256e-04 2.798912936153e-01 3.410050251256e-04 2.067500000000e-01
3.433567839196e-04 1.249069919467e-01 3.433567839196e-04 1.061043331120e-01 3.433567839196e-04 2.856530385448e-01 3.433567839196e-04 2.800249255805e-01 3.433567839196e-04 2.067500000000e-01
3.457085427136e-04 1.248726947825e-01 3.457085427136e-04 1.060714542482e-01 3.457085427136e-04 2.856601719300e-01 3.457085427136e-04 2.801476714221e-01 3.457085427136e-04 2.067500000000e-01
3.480603015075e-04 1.248422114885e-01 3.480603015075e-04 1.060421244936e-01 3.480603015075e-04 2.856662225577e-01 3.480603015075e-04 2.802603832984e-01 3.480603015075e-04 2.067500000000e-01
3.504120603015e-04 1.248151218670e-01 3.504120603015e-04 1.060159620413e-01 3.504120603015e-04 2.856713545526e-01 3.504120603015e-04 2.803638522182e-01 3.504120603015e-04 2.067500000000e-01
3.527638190955e-04 1.247910511668e-01 3.527638190955e-04 1.059926258165e-01 3.527638190955e-04 2.856757072243e-01 3.527638190955e-04 2.804588115298e-01 3.527638190955e-04 2.067500000000e-01
3.551155778894e-04 1.247696653515e-01 3.551155778894e-04 1.059718112102e-01 3.551155778894e-04 2.856793988020e-01 3.551155778894e-04 2.805459403652e-01 3.551155778894e-04 2.067500000000e-01
3.574673366834e-04 1.247506668212e-01 3.574673366834e-04 1.059532462415e-01 3.574673366834e-04 2.856825296108e-01 3.574673366834e-04 2.806258670051e-01 3.574673366834e-04 2.067500000000e-01
3.598190954774e-04 1.247337905516e-01 3.598190954774e-04 1.059366881110e-01 3.598190954774e-04 2.856851847747e-01 3.598190954774e-04 2.806991721441e-01 3.598190954774e-04 2.067500000000e-01
3.621708542714e-04 1.247188006177e-01 3.621708542714e-04 1.059219201075e-01 3.621708542714e-04 2.856874365126e-01 3.621708542714e-04 2.807663920362e-01 3.621708542714e-04 2.067500000000e-01
3.645226130653e-04 1.247054870691e-01 3.645226130653e-04 1.059087488339e-01 3.645226130653e-04 2.856893460905e-01 3.645226130653e-04 2.808280215100e-01 3.645226130653e-04 2.067500000000e-01
3.668743718593e-04 1.246936631253e-01 3.668743718593e-04 1.058970017213e-01 3.668743718593e-04 2.856909654786e-01 3.668743718593e-04 2.808845168424e-01 3.668743718593e-04 2.067500000000e-01
3.692261306533e-04 1.246831626624e-01 3.692261306533e-04 1.058865248040e-01 3.692261306533e-04 2.856923387601e-01 3.692261306533e-04 2.809362984878e-01 3.692261306533e-04 2.067500000000e-01
3.715778894472e-04 1.246738379620e-01 3.715778894472e-04 1.058771807268e-01 3.715778894472e-04 2.856935033257e-01 3.715778894472e-04 2.809837536593e-01 3.715778894472e-04 2.067500000000e-01
3.739296482412e-04 1.246655576989e-01 3.739296482412e-04 1.058688469636e-01 3.739296482412e-04 2.856944908885e-01 3.739296482412e-04 2.810272387623e-01 3.739296482412e-04 2.067500000000e-01
3.762814070352e-04 1.246582051426e-01 3.762814070352e-04 1.058614142241e-01 3.762814070352e-04 2.856953283456e-01 3.762814070352e-04 2.810670816821e-01 3.762814070352e-04 2.067500000000e-01
3.786331658291e-04 1.246516765514e-01 3.786331658291e-04 1.058547850300e-01 3.786331658291e-04 2.856960385083e-01 3.786331658291e-04 2.811035839287e-01 3.786331658291e-04 2.067500000000e-01
3.809849246231e-04 1.246458797401e-01 3.809849246231e-04 1.058488724428e-01 3.809849246231e-04 2.856966407225e-01 3.809849246231e-04 2.811370226423e-01 3.809849246231e-04 2.067500000000e-01
3.833366834171e-04 1.246407328025e-01 3.833366834171e-04 1.058435989273e-01 3.833366834171e-04 2.856971513948e-01 3.833366834171e-04 2.811676524668e-01 3.833366834171e-04 2.067500000000e-01
3.856884422111e-04 1.246361629730e-01 3.856884422111e-04 1.058388953369e-01 3.856884422111e-04 2.856975844390e-01 3.856884422111e-04 2.811957072939e-01 3.856884422111e-04 2.067500000000e-01
3.880402010050e-04 1.246321056125e-01 3.880402010050e-04 1.058347000079e-01 3.880402010050e-04 2.856979516544e-01 3.880402010050e-04 2.812214018860e-01 3.880402010050e-04 2.067500000000e-01
3.903919597990e-04 1.246285033056e-01 3.903919597990e-04 1.058309579507e-01 3.903919597990e-04 2.856982630471e-01 3.903919597990e-04 2.812449333836e-01 3.903919597990e-04 2.067500000000e-01
3.927437185930e-04 1.246253050570e-01 3.927437185930e-04 1.058276201285e-01 3.927437185930e-04 2.856985271025e-01 3.927437185930e-04 2.812664827030e-01 3.927437185930e-04 2.067500000000e-01
3.950954773869e-04 1.246224655765e-01 3.950954773869e-04 1.058246428129e-01 3.950954773869e-04 2.856987510164e-01 3.950954773869e-04 2.812862158315e-01 3.950954773869e-04 2.067500000000e-01
3.974472361809e-04 1.246199446429e-01 3.974472361809e-04 1.058219870099e-01 3.974472361809e-04 2.856989408908e-01 3.974472361809e-04 2.813042850251e-01 3.974472361809e-04 2.067500000000e-01
3.997989949749e-04 1.246177065383e-01 3.997989949749e-04 1.058196179474e-01 3.997989949749e-04 2.856991019002e-01 3.997989949749e-04 2.813208299170e-01 3.997989949749e-04 2.067500000000e-01
4.021507537688e-04 1.246157195454e-01 4.021507537688e-04 1.058175046179e-01 4.021507537688e-04 2.856992384327e-01 4.021507537688e-04 2.813359785397e-01 4.021507537688e-04 2.067500000000e-01
4.045025125628e-04 1.246139555004e-01 4.045025125628e-04 1.058156193708e-01 4.045025125628e-04 2.856993542091e-01 4.045025125628e-04 2.813498482694e-01 4.045025125628e-04 2.067500000000e-01
4.068542713568e-04 1.246123893957e-01 4.068542713568e-04 1.058139375490e-01 4.068542713568e-04 2.856994523848e-01 4.068542713568e-04 2.813625466966e-01 4.068542713568e-04 2.067500000000e-01
4.092060301508e-04 1.246109990266e-01 4.092060301508e-04 1.058124371645e-01 4.092060301508e-04 2.856995356354e-01 4.092060301508e-04 2.813741724277e-01 4.092060301508e-04 2.067500000000e-01
4.115577889447e-04 1.246097646778e-01 4.115577889447e-04 1.058110986095e-01 4.115577889447e-04 2.856996062300e-01 4.115577889447e-04 2.813848158241e-01 4.115577889447e-04 2.067500000000e-01
4.139095477387e-04 1.246086688449e-01 4.139095477387e-04 1.058099043981e-01 4.139095477387e-04 2.856996660925e-01 4.139095477387e-04 2.813945596818e-01 4.139095477387e-04 2.067500000000e-01
4.162613065327e-04 1.246076959863e-01 4.162613065327e-04 1.058088389366e-01 4.162613065327e-04 2.856997168544e-01 4.162613065327e-04 2.814034798567e-01 4.162613065327e-04 2.067500000000e-01
4.186130653266e-04 1.246068323034e-01 4.186130653266e-04 1.058078883190e-01 4.186130653266e-04 2.856997598993e-01 4.186130653266e-04 2.814116458400e-01 4.186130653266e-04 2.067500000000e-01
4.209648241206e-04 1.246060655457e-01 4.209648241206e-04 1.058070401432e-01 4.209648241206e-04 2.856997964003e-01 4.209648241206e-04 2.814191212863e-01 4.209648241206e-04 2.067500000000e-01
4.233165829146e-04 1.246053848369e-01 4.233165829146e-04 1.058062833490e-01 4.233165829146e-04 2.856998273523e-01 4.233165829146e-04 2.814259644994e-01 4.233165829146e-04 2.067500000000e-01
4.256683417085e-04 1.246047805206e-01 4.256683417085e-04 1.058056080723e-01 4.256683417085e-04 2.856998535988e-01 4.256683417085e-04 2.814322288783e-01 4.256683417085e-04 2.067500000000e-01
4.280201005025e-04 1.246042440242e-01 4.280201005025e-04 1.058050055154e-01 4.280201005025e-04 2.856998758552e-01 4.280201005025e-04 2.814379633262e-01 4.280201005025e-04 2.067500000000e-01
4.303718592965e-04 1.246037677368e-01 4.303718592965e-04 1.058044678322e-01 4.303718592965e-04 2.856998947281e-01 4.303718592965e-04 2.814432126271e-01 4.303718592965e-04 2.067500000000e-01
4.327236180905e-04 1.246033449015e-01 4.327236180905e-04 1.058039880243e-01 4.327236180905e-04 2.856999107319e-01 4.327236180905e-04 2.814480177899e-01 4.327236180905e-04 2.067500000000e-01
4.350753768844e-04 1.246029695197e-01 4.350753768844e-04 1.058035598498e-01 4.350753768844e-04 2.856999243027e-01 4.350753768844e-04 2.814524163650e-01 4.350753768844e-04 2.067500000000e-01
4.374271356784e-04 1.246026362657e-01 4.374271356784e-04 1.058031777414e-01 4.374271356784e-04 2.856999358104e-01 4.374271356784e-04 2.814564427348e-01 4.374271356784e-04 2.067500000000e-01
4.397788944724e-04 1.246023404118e-01 4.397788944724e-04 1.058028367328e-01 4.397788944724e-04 2.856999455687e-01 4.397788944724e-04 2.814601283792e-01 4.397788944724e-04 2.067500000000e-01
4.421306532663e-04 1.246020777607e-01 4.421306532663e-04 1.058025323946e-01 4.421306532663e-04 2.856999538434e-01 4.421306532663e-04 2.814635021200e-01 4.421306532663e-04 2.067500000000e-01
4.444824120603e-04 1.246018445859e-01 4.444824120603e-04 1.058022607755e-01 4.444824120603e-04 2.856999608603e-01 4.444824120603e-04 2.814665903443e-01 4.444824120603e-04 2.067500000000e-01
4.468341708543e-04 1.246016375796e-01 4.468341708543e-04 1.058020183506e-01 4.468341708543e-04 2.856999668104e-01 4.468341708543e-04 2.814694172096e-01 4.468341708543e-04 2.067500000000e-01
4.491859296482e-04 1.246014538047e-01 4.491859296482e-04 1.058018019756e-01 4.491859296482e-04 2.856999718559e-01 4.491859296482e-04 2.814720048316e-01 4.491859296482e-04 2.067500000000e-01
4.515376884422e-04 1.246012906542e-01 4.515376884422e-04 1.058016088458e-01 4.515376884422e-04 2.856999761344e-01 4.515376884422e-04 2.814743734561e-01 4.515376884422e-04 2.067500000000e-01
4.538894472362e-04 1.246011458133e-01 4.538894472362e-04 1.058014364586e-01 4.538894472362e-04 2.856999797625e-01 4.538894472362e-04 2.814765416172e-01 4.538894472362e-04 2.067500000000e-01
4.562412060302e-04 1.246010172272e-01 4.562412060302e-04 1.058012825817e-01 4.562412060302e-04 2.856999828390e-01 4.562412060302e-04 2.814785262812e-01 4.562412060302e-04 2.067500000000e-01
4.585929648241e-04 1.246009030717e-01 4.585929648241e-04 1.058011452234e-01 4.585929648241e-04 2.856999854479e-01 4.585929648241e-04 2.814803429792e-01 4.585929648241e-04 2.067500000000e-01
4.609447236181e-04 1.246008017273e-01 4.609447236181e-04 1.058010226067e-01 4.609447236181e-04 2.856999876601e-01 4.609447236181e-04 2.814820059284e-01 4.609447236181e-04 2.067500000000e-01
4.632964824121e-04 1.246007117561e-01 4.632964824121e-04 1.058009131462e-01 4.632964824121e-04 2.856999895360e-01 4.632964824121e-04 2.814835281430e-01 4.632964824121e-04 2.067500000000e-01
4.656482412060e-04 1.246006318818e-01 4.656482412060e-04 1.058008154274e-01 4.656482412060e-04 2.856999911267e-01 4.656482412060e-04 2.814849215358e-01 4.656482412060e-04 2.067500000000e-01
4.680000000000e-04 1.246005609714e-01 4.680000000000e-04 1.058007281881e-01 4.680000000000e-04 2.856999924757e-01 4.680000000000e-04 2.814861970112e-01 4.680000000000e-04 2.067500000000e-01
