0.000000000000e+00 1.978000004477e-01 0.000000000000e+00 3.093999885937e-01 0.000000000000e+00 1.848000804802e-01 0.000000000000e+00 3.080999999982e-01
2.010050251256e-06 1.978000005417e-01 2.010050251256e-06 3.093999864439e-01 2.010050251256e-06 1.848000933941e-01 2.010050251256e-06 3.080999999977e-01
4.020100502513e-06 1.978000006555e-01 4.020100502513e-06 3.093999838890e-01 4.020100502513e-06 1.848001083801e-01 4.020100502513e-06 3.080999999971e-01
6.030150753769e-06 1.978000007932e-01 6.030150753769e-06 3.093999808525e-01 6.030150753769e-06 1.848001257708e-01 6.030150753769e-06 3.080999999963e-01
8.040201005025e-06 1.978000009598e-01 8.040201005025e-06 3.093999772437e-01 8.040201005025e-06 1.848001459520e-01 8.040201005025e-06 3.080999999952e-01
1.005025125628e-05 1.978000011614e-01 1.005025125628e-05 3.093999729547e-01 1.005025125628e-05 1.848001693715e-01 1.005025125628e-05 3.080999999938e-01
1.206030150754e-05 1.978000014054e-01 1.206030150754e-05 3.093999678572e-01 1.206030150754e-05 1.848001965488e-01 1.206030150754e-05 3.080999999921e-01
1.407035175879e-05 1.978000017007e-01 1.407035175879e-05 3.093999617989e-01 1.407035175879e-05 1.848002280870e-01 1.407035175879e-05 3.080999999898e-01
1.608040201005e-05 1.978000020580e-01 1.608040201005e-05 3.093999545987e-01 1.608040201005e-05 1.848002646857e-01 1.608040201005e-05 3.080999999870e-01
1.809045226131e-05 1.978000024904e-01 1.809045226131e-05 3.093999460413e-01 1.809045226131e-05 1.848003071571e-01 1.809045226131e-05 3.080999999832e-01
2.010050251256e-05 1.978000030136e-01 2.010050251256e-05 3.093999358708e-01 2.010050251256e-05 1.848003564434e-01 2.010050251256e-05 3.080999999785e-01
2.211055276382e-05 1.978000036468e-01 2.211055276382e-05 3.093999237832e-01 2.211055276382e-05 1.848004136380e-01 2.211055276382e-05 3.080999999723e-01
2.412060301508e-05 1.978000044130e-01 2.412060301508e-05 3.093999094172e-01 2.412060301508e-05 1.848004800100e-01 2.412060301508e-05 3.080999999645e-01
2.613065326633e-05 1.978000053403e-01 2.613065326633e-05 3.093998923430e-01 2.613065326633e-05 1.848005570319e-01 2.613065326633e-05 3.080999999544e-01
2.814070351759e-05 1.978000064624e-01 2.814070351759e-05 3.093998720503e-01 2.814070351759e-05 1.848006464126e-01 2.814070351759e-05 3.080999999414e-01
3.015075376884e-05 1.978000078203e-01 3.015075376884e-05 3.093998479323e-01 3.015075376884e-05 1.848007501349e-01 3.015075376884e-05 3.080999999247e-01
3.216080402010e-05 1.978000094637e-01 3.216080402010e-05 3.093998192678e-01 3.216080402010e-05 1.848008705001e-01 3.216080402010e-05 3.080999999033e-01
3.417085427136e-05 1.978000114524e-01 3.417085427136e-05 3.093997851997e-01 3.417085427136e-05 1.848010101786e-01 3.417085427136e-05 3.080999998758e-01
3.618090452261e-05 1.978000138592e-01 3.618090452261e-05 3.093997447094e-01 3.618090452261e-05 1.848011722692e-01 3.618090452261e-05 3.080999998404e-01
3.819095477387e-05 1.978000167719e-01 3.819095477387e-05 3.093996965859e-01 3.819095477387e-05 1.848013603678e-01 3.819095477387e-05 3.080999997950e-01
4.020100502513e-05 1.978000202968e-01 4.020100502513e-05 3.093996393904e-01 4.020100502513e-05 1.848015786473e-01 4.020100502513e-05 3.080999997367e-01
4.221105527638e-05 1.978000245628e-01 4.221105527638e-05 3.093995714123e-01 4.221105527638e-05 1.848018319501e-01 4.221105527638e-05 3.080999996618e-01
4.422110552764e-05 1.978000297257e-01 4.422110552764e-05 3.093994906189e-01 4.422110552764e-05 1.848021258954e-01 4.422110552764e-05 3.080999995656e-01
4.623115577889e-05 1.978000359741e-01 4.623115577889e-05 3.093993945940e-01 4.623115577889e-05 1.848024670036e-01 4.623115577889e-05 3.080999994420e-01
4.824120603015e-05 1.978000435364e-01 4.824120603015e-05 3.093992804659e-01 4.824120603015e-05 1.848028628415e-01 4.824120603015e-05 3.080999992832e-01
5.025125628141e-05 1.978000526889e-01 5.025125628141e-05 3.093991448214e-01 5.025125628141e-05 1.848033221892e-01 5.025125628141e-05 3.080999990792e-01
5.226130653266e-05 1.978000637662e-01 5.226130653266e-05 3.093989836039e-01 5.226130653266e-05 1.848038552354e-01 5.226130653266e-05 3.080999988173e-01
5.427135678392e-05 1.978000771734e-01 5.427135678392e-05 3.093987919919e-01 5.427135678392e-05 1.848044738027e-01 5.427135678392e-05 3.080999984807e-01
5.628140703518e-05 1.978000934006e-01 5.628140703518e-05 3.093985642548e-01 5.628140703518e-05 1.848051916099e-01 5.628140703518e-05 3.080999980485e-01
5.829145728643e-05 1.978001130414e-01 5.829145728643e-05 3.093982935814e-01 5.829145728643e-05 1.848060245755e-01 5.829145728643e-05 3.080999974932e-01
6.030150753769e-05 1.978001368143e-01 6.030150753769e-05 3.093979718765e-01 6.030150753769e-05 1.848069911708e-01 6.030150753769e-05 3.080999967799e-01
6.231155778894e-05 1.978001655893e-01 6.231155778894e-05 3.093975895186e-01 6.231155778894e-05 1.848081128279e-01 6.231155778894e-05 3.080999958637e-01
6.432160804020e-05 1.978002004195e-01 6.432160804020e-05 3.093971350724e-01 6.432160804020e-05 1.848094144150e-01 6.432160804020e-05 3.080999946867e-01
6.633165829146e-05 1.978002425800e-01 6.633165829146e-05 3.093965949464e-01 6.633165829146e-05 1.848109247857e-01 6.633165829146e-05 3.080999931749e-01
6.834170854271e-05 1.978002936148e-01 6.834170854271e-05 3.093959529872e-01 6.834170854271e-05 1.848126774176e-01 6.834170854271e-05 3.080999912329e-01
7.035175879397e-05 1.978003553933e-01 7.035175879397e-05 3.093951899962e-01 7.035175879397e-05 1.848147111514e-01 7.035175879397e-05 3.080999887384e-01
7.236180904523e-05 1.978004301793e-01 7.236180904523e-05 3.093942831561e-01 7.236180904523e-05 1.848170710493e-01 7.236180904523e-05 3.080999855341e-01
7.437185929648e-05 1.978005207140e-01 7.437185929648e-05 3.093932053488e-01 7.437185929648e-05 1.848198093889e-01 7.437185929648e-05 3.080999814180e-01
7.638190954774e-05 1.978006303170e-01 7.638190954774e-05 3.093919243457e-01 7.638190954774e-05 1.848229868160e-01 7.638190954774e-05 3.080999761308e-01
7.839195979899e-05 1.978007630087e-01 7.839195979899e-05 3.093904018453e-01 7.839195979899e-05 1.848266736800e-01 7.839195979899e-05 3.080999693392e-01
8.040201005025e-05 1.978009236583e-01 8.040201005025e-05 3.093885923295e-01 8.040201005025e-05 1.848309515822e-01 8.040201005025e-05 3.080999606151e-01
8.241206030151e-05 1.978011181631e-01 8.241206030151e-05 3.093864417062e-01 8.241206030151e-05 1.848359151674e-01 8.241206030151e-05 3.080999494088e-01
8.442211055276e-05 1.978013536668e-01 8.442211055276e-05 3.093838856958e-01 8.442211055276e-05 1.848416742008e-01 8.442211055276e-05 3.080999350139e-01
8.643216080402e-05 1.978016388226e-01 8.643216080402e-05 3.093808479162e-01 8.643216080402e-05 1.848483559704e-01 8.643216080402e-05 3.080999165231e-01
8.844221105528e-05 1.978019841133e-01 8.844221105528e-05 3.093772376087e-01 8.844221105528e-05 1.848561080677e-01 8.844221105528e-05 3.080998927710e-01
9.045226130653e-05 1.978024022388e-01 9.045226130653e-05 3.093729469382e-01 9.045226130653e-05 1.848651016042e-01 9.045226130653e-05 3.080998622608e-01
9.246231155779e-05 1.978029085866e-01 9.246231155779e-05 3.093678477904e-01 9.246231155779e-05 1.848755349284e-01 9.246231155779e-05 3.080998230693e-01
9.447236180905e-05 1.978035218012e-01 9.447236180905e-05 3.093617879705e-01 9.447236180905e-05 1.848876379216e-01 9.447236180905e-05 3.080997727266e-01
9.648241206030e-05 1.978042644759e-01 9.648241206030e-05 3.093545866965e-01 9.648241206030e-05 1.849016769549e-01 9.648241206030e-05 3.080997080598e-01
9.849246231156e-05 1.978051639913e-01 9.849246231156e-05 3.093460292560e-01 9.849246231156e-05 1.849179606085e-01 9.849246231156e-05 3.080996249932e-01
1.005025125628e-04 1.978062535320e-01 1.005025125628e-04 3.093358606757e-01 1.005025125628e-04 1.849368462605e-01 1.005025125628e-04 3.080995182917e-01
1.025125628141e-04 1.978075733209e-01 1.025125628141e-04 3.093237782255e-01 1.025125628141e-04 1.849587476703e-01 1.025125628141e-04 3.080993812305e-01
1.045226130653e-04 1.978091721164e-01 1.045226130653e-04 3.093094225497e-01 1.045226130653e-04 1.849841436948e-01 1.045226130653e-04 3.080992051717e-01
1.065326633166e-04 1.978111090284e-01 1.065326633166e-04 3.092923671819e-01 1.065326633166e-04 1.850135882891e-01 1.065326633166e-04 3.080989790196e-01
1.085427135678e-04 1.978134557229e-01 1.085427135678e-04 3.092721061634e-01 1.085427135678e-04 1.850477219613e-01 1.085427135678e-04 3.080986885220e-01
1.105527638191e-04 1.978162990976e-01 1.105527638191e-04 3.092480394399e-01 1.105527638191e-04 1.850872848617e-01 1.105527638191e-04 3.080983153723e-01
1.125628140704e-04 1.978197445274e-01 1.125628140704e-04 3.092194556631e-01 1.125628140704e-04 1.851331317021e-01 1.125628140704e-04 3.080978360558e-01
1.145728643216e-04 1.978239198058e-01 1.145728643216e-04 3.091855119747e-01 1.145728643216e-04 1.851862487072e-01 1.145728643216e-04 3.080972203691e-01
1.165829145729e-04 1.978289799263e-01 1.165829145729e-04 3.091452102926e-01 1.165829145729e-04 1.852477728044e-01 1.165829145729e-04 3.080964295181e-01
1.185929648241e-04 1.978351128861e-01 1.185929648241e-04 3.090973695698e-01 1.185929648241e-04 1.853190132517e-01 1.185929648241e-04 3.080954136751e-01
1.206030150754e-04 1.978425467293e-01 1.206030150754e-04 3.090405934418e-01 1.206030150754e-04 1.854014758856e-01 1.206030150754e-04 3.080941088436e-01
1.226130653266e-04 1.978515580914e-01 1.226130653266e-04 3.089732326441e-01 1.226130653266e-04 1.854968901331e-01 1.226130653266e-04 3.080924328312e-01
1.246231155779e-04 1.978624825650e-01 1.246231155779e-04 3.088933415570e-01 1.246231155779e-04 1.856072388688e-01 1.246231155779e-04 3.080902800818e-01
1.266331658291e-04 1.978757272700e-01 1.266331658291e-04 3.087986282495e-01 1.266331658291e-04 1.857347911040e-01 1.266331658291e-04 3.080875150426e-01
1.286432160804e-04 1.978917860890e-01 1.286432160804e-04 3.086863974545e-01 1.286432160804e-04 1.858821373488e-01 1.286432160804e-04 3.080839636533e-01
1.306532663317e-04 1.979112581256e-01 1.306532663317e-04 3.085534860517e-01 1.306532663317e-04 1.860522272910e-01 1.306532663317e-04 3.080794024292e-01
1.326633165829e-04 1.979348700473e-01 1.326633165829e-04 3.083961908793e-01 1.326633165829e-04 1.862484091567e-01 1.326633165829e-04 3.080735444654e-01
1.346733668342e-04 1.979635031064e-01 1.346733668342e-04 3.082101891095e-01 1.346733668342e-04 1.864744697495e-01 1.346733668342e-04 3.080660215001e-01
1.366834170854e-04 1.979982257773e-01 1.366834170854e-04 3.079904520426e-01 1.366834170854e-04 1.867346736866e-01 1.366834170854e-04 3.080563609464e-01
1.386934673367e-04 1.980403331181e-01 1.386934673367e-04 3.077311540860e-01 1.386934673367e-04 1.870337997375e-01 1.386934673367e-04 3.080439565053e-01
1.407035175879e-04 1.980913941472e-01 1.407035175879e-04 3.074255799646e-01 1.407035175879e-04 1.873771714234e-01 1.407035175879e-04 3.080280306089e-01
1.427135678392e-04 1.981533087325e-01 1.427135678392e-04 3.070660349496e-01 1.427135678392e-04 1.877706781359e-01 1.427135678392e-04 3.080075864943e-01
1.447236180905e-04 1.982283756940e-01 1.447236180905e-04 3.066437651736e-01 1.447236180905e-04 1.882207820136e-01 1.447236180905e-04 3.079813471610e-01
1.467336683417e-04 1.983193740270e-01 1.467336683417e-04 3.061488979775e-01 1.467336683417e-04 1.887345047030e-01 1.467336683417e-04 3.079476778130e-01
1.487437185930e-04 1.984296593208e-01 1.487437185930e-04 3.055704156857e-01 1.487437185930e-04 1.893193870360e-01 1.487437185930e-04 3.079044876341e-01
1.507537688442e-04 1.985632775531e-01 1.507537688442e-04 3.048961800946e-01 1.507537688442e-04 1.899834137136e-01 1.507537688442e-04 3.078491059089e-01
1.527638190955e-04 1.987250984178e-01 1.527638190955e-04 3.041130289225e-01 1.527638190955e-04 1.907348945330e-01 1.527638190955e-04 3.077781266413e-01
1.547738693467e-04 1.989209701199e-01 1.547738693467e-04 3.032069688569e-01 1.547738693467e-04 1.915822938557e-01 1.547738693467e-04 3.076872150659e-01
1.567839195980e-04 1.991578970328e-01 1.567839195980e-04 3.021634915804e-01 1.567839195980e-04 1.925340012851e-01 1.567839195980e-04 3.075708690090e-01
1.587939698492e-04 1.994442406038e-01 1.587939698492e-04 3.009680377513e-01 1.587939698492e-04 1.935980393880e-01 1.587939698492e-04 3.074221283480e-01
1.608040201005e-04 1.997899422373e-01 1.608040201005e-04 2.996066274342e-01 1.608040201005e-04 1.947817092323e-01 1.608040201005e-04 3.072322274850e-01
1.628140703518e-04 2.002067643387e-01 1.628140703518e-04 2.980666618703e-01 1.628140703518e-04 1.960911818903e-01 1.628140703518e-04 3.069901898370e-01
1.648241206030e-04 2.007085420391e-01 1.648241206030e-04 2.963378791119e-01 1.648241206030e-04 1.975310539945e-01 1.648241206030e-04 3.066823714066e-01
1.668341708543e-04 2.013114331070e-01 1.668341708543e-04 2.944134146319e-01 1.668341708543e-04 1.991038975789e-01 1.668341708543e-04 3.062919747039e-01
1.688442211055e-04 2.020341470884e-01 1.688442211055e-04 2.922908797711e-01 1.688442211055e-04 2.008098478061e-01 1.688442211055e-04 3.057985774182e-01
1.708542713568e-04 2.028981269162e-01 1.708542713568e-04 2.899733315816e-01 1.708542713568e-04 2.026462850407e-01 1.708542713568e-04 3.051777552284e-01
1.728643216080e-04 2.039276475934e-01 1.728643216080e-04 2.874699768943e-01 1.728643216080e-04 2.046076776796e-01 1.728643216080e-04 3.044009269226e-01
1.748743718593e-04 2.051497881979e-01 1.748743718593e-04 2.847964435294e-01 1.748743718593e-04 2.066856564939e-01 1.748743718593e-04 3.034356108502e-01
1.768844221106e-04 2.065942271233e-01 1.768844221106e-04 2.819744740685e-01 1.768844221106e-04 2.088693875251e-01 1.768844221106e-04 3.022463446533e-01
1.788944723618e-04 2.082928085025e-01 1.788944723618e-04 2.790309585231e-01 1.788944723618e-04 2.111462974662e-01 1.788944723618e-04 3.007965601517e-01
1.809045226131e-04 2.102788324202e-01 1.809045226131e-04 2.759963171896e-01 1.809045226131e-04 2.135031831862e-01 1.809045226131e-04 2.990516752048e-01
1.829145728643e-04 2.125860337749e-01 1.829145728643e-04 2.729023571689e-01 1.829145728643e-04 2.159277076032e-01 1.829145728643e-04 2.969834943715e-01
1.849246231156e-04 2.152472322983e-01 1.849246231156e-04 2.697798292098e-01 1.849246231156e-04 2.184102501526e-01 1.849246231156e-04 2.945756225983e-01
1.869346733668e-04 2.182926523005e-01 1.869346733668e-04 2.666559782438e-01 1.869346733668e-04 2.209460430131e-01 1.869346733668e-04 2.918289473526e-01
1.889447236181e-04 2.217479139217e-01 1.889447236181e-04 2.635523927397e-01 1.889447236181e-04 2.235374811097e-01 1.889447236181e-04 2.887653849020e-01
1.909547738693e-04 2.256316781311e-01 1.909547738693e-04 2.604834128530e-01 1.909547738693e-04 2.261964344368e-01 1.909547738693e-04 2.854271887208e-01
1.929648241206e-04 2.299528896014e-01 1.929648241206e-04 2.574552703883e-01 1.929648241206e-04 2.289462964216e-01 1.929648241206e-04 2.818683877022e-01
1.949748743719e-04 2.347075403855e-01 1.949748743719e-04 2.544660303963e-01 1.949748743719e-04 2.318233472834e-01 1.949748743719e-04 2.781343599898e-01
1.969849246231e-04 2.398749486461e-01 1.969849246231e-04 2.515063103892e-01 1.969849246231e-04 2.348767797671e-01 1.969849246231e-04 2.742248402184e-01
1.989949748744e-04 2.454138036823e-01 1.989949748744e-04 2.485606851091e-01 1.989949748744e-04 2.381664479955e-01 1.989949748744e-04 2.700351855838e-01
2.010050251256e-04 2.512587079480e-01 2.010050251256e-04 2.456096457335e-01 2.010050251256e-04 2.417571729831e-01 2.010050251256e-04 2.652761308802e-01
2.030150753769e-04 2.573185211528e-01 2.030150753769e-04 2.426319639162e-01 2.030150753769e-04 2.457085400490e-01 2.030150753769e-04 2.594057071967e-01
2.050251256281e-04 2.634781331344e-01 2.050251256281e-04 2.396072988501e-01 2.050251256281e-04 2.500599793358e-01 2.050251256281e-04 2.517103724275e-01
2.070351758794e-04 2.696049176448e-01 2.070351758794e-04 2.365188666303e-01 2.070351758794e-04 2.548129064558e-01 2.070351758794e-04 2.417945265747e-01
2.090452261307e-04 2.755598488265e-01 2.090452261307e-04 2.333559604109e-01 2.090452261307e-04 2.599146070132e-01 2.090452261307e-04 2.304154491384e-01
2.110552763819e-04 2.812114773271e-01 2.110552763819e-04 2.301160738158e-01 2.110552763819e-04 2.652509518455e-01 2.110552763819e-04 2.195618186000e-01
2.130653266332e-04 2.864495740696e-01 2.130653266332e-04 2.268063573838e-01 2.130653266332e-04 2.706544581258e-01 2.130653266332e-04 2.110400840632e-01
2.150753768844e-04 2.911951171803e-01 2.150753768844e-04 2.234441540093e-01 2.150753768844e-04 2.759290335990e-01 2.150753768844e-04 2.052935618699e-01
2.170854271357e-04 2.954045584072e-01 2.170854271357e-04 2.200564363920e-01 2.170854271357e-04 2.808847785142e-01 2.170854271357e-04 2.017490360680e-01
2.190954773869e-04 2.990682511593e-01 2.190954773869e-04 2.166781127769e-01 2.190954773869e-04 2.853706992622e-01 2.190954773869e-04 1.996326175049e-01
2.211055276382e-04 3.022045528206e-01 2.211055276382e-04 2.133493557057e-01 2.211055276382e-04 2.892944126420e-01 2.211055276382e-04 1.983587961779e-01
2.231155778894e-04 3.048518182932e-01 2.231155778894e-04 2.101122955184e-01 2.231155778894e-04 2.926248960590e-01 2.231155778894e-04 1.975668692223e-01
2.251256281407e-04 3.070602988796e-01 2.251256281407e-04 2.070075487404e-01 2.251256281407e-04 2.953818242179e-01 2.251256281407e-04 1.970526451843e-01
2.271356783920e-04 3.088852624737e-01 2.271356783920e-04 2.040710773585e-01 2.271356783920e-04 2.976186444162e-01 2.271356783920e-04 1.967035559697e-01
2.291457286432e-04 3.103818953673e-01 2.291457286432e-04 2.013317882849e-01 2.291457286432e-04 2.994058233359e-01 2.291457286432e-04 1.964571345425e-01
2.311557788945e-04 3.116019875947e-01 2.311557788945e-04 1.988101119481e-01 2.311557788945e-04 3.008178726963e-01 2.311557788945e-04 1.962777339966e-01
2.331658291457e-04 3.125921024469e-01 2.331658291457e-04 1.965175993342e-01 2.331658291457e-04 3.019250692651e-01 2.331658291457e-04 1.961441379452e-01
2.351758793970e-04 3.133928339766e-01 2.351758793970e-04 1.944574039859e-01 2.351758793970e-04 3.027891998127e-01 2.351758793970e-04 1.960430757252e-01
2.371859296482e-04 3.140387806426e-01 2.371859296482e-04 1.926254064642e-01 2.371859296482e-04 3.034621212033e-01 2.371859296482e-04 1.959658164562e-01
2.391959798995e-04 3.145589393527e-01 2.391959798995e-04 1.910117031534e-01 2.391959798995e-04 3.039859957499e-01 2.391959798995e-04 1.959063478376e-01
2.412060301508e-04 3.149773091147e-01 2.412060301508e-04 1.896022058346e-01 2.412060301508e-04 3.043943587496e-01 2.412060301508e-04 1.958603722702e-01
2.432160804020e-04 3.153135668166e-01 2.432160804020e-04 1.883801586597e-01 2.432160804020e-04 3.047134829972e-01 2.432160804020e-04 1.958247300943e-01
2.452261306533e-04 3.155837330136e-01 2.452261306533e-04 1.873274505180e-01 2.452261306533e-04 3.049637422252e-01 2.452261306533e-04 1.957970513671e-01
2.472361809045e-04 3.158007838243e-01 2.472361809045e-04 1.864256656156e-01 2.472361809045e-04 3.051608315714e-01 2.472361809045e-04 1.957755341898e-01
2.492462311558e-04 3.159751895916e-01 2.492462311558e-04 1.856568642832e-01 2.492462311558e-04 3.053167949591e-01 2.492462311558e-04 1.957587962776e-01
2.512562814070e-04 3.161153756870e-01 2.512562814070e-04 1.850041175831e-01 2.512562814070e-04 3.054408576772e-01 2.512562814070e-04 1.957457711520e-01
2.532663316583e-04 3.162281089597e-01 2.532663316583e-04 1.844518354931e-01 2.532663316583e-04 3.055400845844e-01 2.532663316583e-04 1.957356330138e-01
2.552763819095e-04 3.163188172819e-01 2.552763819095e-04 1.839859333983e-01 2.552763819095e-04 3.056198919072e-01 2.552763819095e-04 1.957277409936e-01
2.572864321608e-04 3.163918510885e-01 2.572864321608e-04 1.835938794810e-01 2.572864321608e-04 3.056844407848e-01 2.572864321608e-04 1.957215970569e-01
2.592964824121e-04 3.164506958569e-01 2.592964824121e-04 1.832646597450e-01 2.592964824121e-04 3.057369376480e-01 2.592964824121e-04 1.957168138508e-01
2.613065326633e-04 3.164981437975e-01 2.613065326633e-04 1.829886902287e-01 2.613065326633e-04 3.057798624022e-01 2.613065326633e-04 1.957130899609e-01
2.633165829146e-04 3.165364320400e-01 2.633165829146e-04 1.827576988842e-01 2.633165829146e-04 3.058151412833e-01 2.633165829146e-04 1.957101907799e-01
2.653266331658e-04 3.165673535429e-01 2.653266331658e-04 1.825645933813e-01 2.653266331658e-04 3.058442776332e-01 2.653266331658e-04 1.957079336724e-01
2.673366834171e-04 3.165923459348e-01 2.673366834171e-04 1.824033260250e-01 2.673366834171e-04 3.058684508249e-01 2.673366834171e-04 1.957061764506e-01
2.693467336683e-04 3.166125625837e-01 2.693467336683e-04 1.822687630457e-01 2.693467336683e-04 3.058885911545e-01 2.693467336683e-04 1.957048084132e-01
2.713567839196e-04 3.166289294046e-01 2.713567839196e-04 1.821565626240e-01 2.713567839196e-04 3.059054366296e-01 2.713567839196e-04 1.957037433717e-01
2.733668341709e-04 3.166421902449e-01 2.733668341709e-04 1.820630639482e-01 2.733668341709e-04 3.059195761265e-01 2.733668341709e-04 1.957029142228e-01
2.753768844221e-04 3.166529431416e-01 2.753768844221e-04 1.819851881960e-01 2.753768844221e-04 3.059314822840e-01 2.753768844221e-04 1.957022687227e-01
2.773869346734e-04 3.166616692874e-01 2.773869346734e-04 1.819203514202e-01 2.773869346734e-04 3.059415366572e-01 2.773869346734e-04 1.957017661971e-01
2.793969849246e-04 3.166687561790e-01 2.793969849246e-04 1.818663887516e-01 2.793969849246e-04 3.059500490296e-01 2.793969849246e-04 1.957013749793e-01
2.814070351759e-04 3.166745161243e-01 2.814070351759e-04 1.818214890248e-01 2.814070351759e-04 3.059572723035e-01 2.814070351759e-04 1.957010704159e-01
2.834170854271e-04 3.166792010462e-01 2.834170854271e-04 1.817841387816e-01 2.834170854271e-04 3.059634140355e-01 2.834170854271e-04 1.957008333136e-01
2.854271356784e-04 3.166830143324e-01 2.854271356784e-04 1.817530745755e-01 2.854271356784e-04 3.059686454184e-01 2.854271356784e-04 1.957006487301e-01
2.874371859296e-04 3.166861203268e-01 2.874371859296e-04 1.817272425263e-01 2.874371859296e-04 3.059731083133e-01 2.874371859296e-04 1.957005050324e-01
2.894472361809e-04 3.166886519379e-01 2.894472361809e-04 1.817057641498e-01 2.894472361809e-04 3.059769207854e-01 2.894472361809e-04 1.957003931645e-01
2.914572864322e-04 3.166907167423e-01 2.914572864322e-04 1.816879075732e-01 2.914572864322e-04 3.059801814872e-01 2.914572864322e-04 1.957003060759e-01
2.934673366834e-04 3.166924018858e-01 2.934673366834e-04 1.816730633470e-01 2.934673366834e-04 3.059829731505e-01 2.934673366834e-04 1.957002382779e-01
2.954773869347e-04 3.166937780211e-01 2.954773869347e-04 1.816607241592e-01 2.954773869347e-04 3.059853653837e-01 2.954773869347e-04 1.957001854976e-01
2.974874371859e-04 3.166949024758e-01 2.974874371859e-04 1.816504678505e-01 2.974874371859e-04 3.059874169272e-01 2.974874371859e-04 1.957001444085e-01
2.994974874372e-04 3.166958218019e-01 2.994974874372e-04 1.816419432121e-01 2.994974874372e-04 3.059891774810e-01 2.994974874372e-04 1.957001124210e-01
3.015075376884e-04 3.166965738305e-01 3.015075376884e-04 1.816348581239e-01 3.015075376884e-04 3.059906891950e-01 3.015075376884e-04 1.957000875189e-01
3.035175879397e-04 3.166971893284e-01 3.035175879397e-04 1.816289696553e-01 3.035175879397e-04 3.059919878902e-01 3.035175879397e-04 1.957000681328e-01
3.055276381910e-04 3.166976933357e-01 3.055276381910e-04 1.816240758121e-01 3.055276381910e-04 3.059931040649e-01 3.055276381910e-04 1.957000530408e-01
3.075376884422e-04 3.166981062462e-01 3.075376884422e-04 1.816200086573e-01 3.075376884422e-04 3.059940637275e-01 3.075376884422e-04 1.957000412919e-01
3.095477386935e-04 3.166984446807e-01 3.095477386935e-04 1.816166285832e-01 3.095477386935e-04 3.059948890883e-01 3.095477386935e-04 1.957000321454e-01
3.115577889447e-04 3.166987221940e-01 3.115577889447e-04 1.816138195408e-01 3.115577889447e-04 3.059955991379e-01 3.115577889447e-04 1.957000250249e-01
3.135678391960e-04 3.166989498480e-01 3.135678391960e-04 1.816114850711e-01 3.135678391960e-04 3.059962101309e-01 3.135678391960e-04 1.957000194817e-01
3.155778894472e-04 3.166991366752e-01 3.155778894472e-04 1.816095450019e-01 3.155778894472e-04 3.059967359933e-01 3.155778894472e-04 1.957000151664e-01
3.175879396985e-04 3.166992900558e-01 3.175879396985e-04 1.816079327008e-01 3.175879396985e-04 3.059971886656e-01 3.175879396985e-04 1.957000118069e-01
3.195979899497e-04 3.166994160232e-01 3.195979899497e-04 1.816065927900e-01 3.195979899497e-04 3.059975783928e-01 3.195979899497e-04 1.957000091916e-01
3.216080402010e-04 3.166995195124e-01 3.216080402010e-04 1.816054792467e-01 3.216080402010e-04 3.059979139709e-01 3.216080402010e-04 1.957000071556e-01
3.236180904523e-04 3.166996045626e-01 3.236180904523e-04 1.816045538237e-01 3.236180904523e-04 3.059982029553e-01 3.236180904523e-04 1.957000055706e-01
3.256281407035e-04 3.166996744808e-01 3.256281407035e-04 1.816037847357e-01 3.256281407035e-04 3.059984518389e-01 3.256281407035e-04 1.957000043366e-01
3.276381909548e-04 3.166997319762e-01 3.276381909548e-04 1.816031455683e-01 3.276381909548e-04 3.059986662038e-01 3.276381909548e-04 1.957000033760e-01
3.296482412060e-04 3.166997792694e-01 3.296482412060e-04 1.816026143701e-01 3.296482412060e-04 3.059988508504e-01 3.296482412060e-04 1.957000026282e-01
3.316582914573e-04 3.166998181810e-01 3.316582914573e-04 1.816021728993e-01 3.316582914573e-04 3.059990099082e-01 3.316582914573e-04 1.957000020460e-01
3.336683417085e-04 3.166998502044e-01 3.336683417085e-04 1.816018059962e-01 3.336683417085e-04 3.059991469304e-01 3.336683417085e-04 1.957000015928e-01
3.356783919598e-04 3.166998765655e-01 3.356783919598e-04 1.816015010630e-01 3.356783919598e-04 3.059992649749e-01 3.356783919598e-04 1.957000012400e-01
3.376884422111e-04 3.166998982702e-01 3.376884422111e-04 1.816012476305e-01 3.376884422111e-04 3.059993666740e-01 3.376884422111e-04 1.957000009653e-01
3.396984924623e-04 3.166999161449e-01 3.396984924623e-04 1.816010369986e-01 3.396984924623e-04 3.059994542939e-01 3.396984924623e-04 1.957000007515e-01
3.417085427136e-04 3.166999308683e-01 3.417085427136e-04 1.816008619370e-01 3.417085427136e-04 3.059995297858e-01 3.417085427136e-04 1.957000005850e-01
3.437185929648e-04 3.166999429985e-01 3.437185929648e-04 1.816007164373e-01 3.437185929648e-04 3.059995948299e-01 3.437185929648e-04 1.957000004554e-01
3.457286432161e-04 3.166999529939e-01 3.457286432161e-04 1.816005955061e-01 3.457286432161e-04 3.059996508733e-01 3.457286432161e-04 1.957000003546e-01
3.477386934673e-04 3.166999612316e-01 3.477386934673e-04 1.816004949938e-01 3.477386934673e-04 3.059996991624e-01 3.477386934673e-04 1.957000002760e-01
3.497487437186e-04 3.166999680218e-01 3.497487437186e-04 1.816004114516e-01 3.497487437186e-04 3.059997407707e-01 3.497487437186e-04 1.957000002149e-01
3.517587939698e-04 3.166999736198e-01 3.517587939698e-04 1.816003420137e-01 3.517587939698e-04 3.059997766229e-01 3.517587939698e-04 1.957000001673e-01
3.537688442211e-04 3.166999782355e-01 3.537688442211e-04 1.816002842981e-01 3.537688442211e-04 3.059998075157e-01 3.537688442211e-04 1.957000001302e-01
3.557788944724e-04 3.166999820417e-01 3.557788944724e-04 1.816002363252e-01 3.557788944724e-04 3.059998341353e-01 3.557788944724e-04 1.957000001014e-01
3.577889447236e-04 3.166999851809e-01 3.577889447236e-04 1.816001964501e-01 3.577889447236e-04 3.059998570730e-01 3.577889447236e-04 1.957000000789e-01
3.597989949749e-04 3.166999877703e-01 3.597989949749e-04 1.816001633053e-01 3.597989949749e-04 3.059998768383e-01 3.597989949749e-04 1.957000000614e-01
3.618090452261e-04 3.166999899064e-01 3.618090452261e-04 1.816001357545e-01 3.618090452261e-04 3.059998938700e-01 3.618090452261e-04 1.957000000478e-01
3.638190954774e-04 3.166999916687e-01 3.638190954774e-04 1.816001128533e-01 3.638190954774e-04 3.059999085461e-01 3.638190954774e-04 1.957000000372e-01
3.658291457286e-04 3.166999931228e-01 3.658291457286e-04 1.816000938168e-01 3.658291457286e-04 3.059999211927e-01 3.658291457286e-04 1.957000000290e-01
3.678391959799e-04 3.166999943227e-01 3.678391959799e-04 1.816000779926e-01 3.678391959799e-04 3.059999320903e-01 3.678391959799e-04 1.957000000226e-01
3.698492462312e-04 3.166999953130e-01 3.698492462312e-04 1.816000648384e-01 3.698492462312e-04 3.059999414809e-01 3.698492462312e-04 1.957000000176e-01
3.718592964824e-04 3.166999961303e-01 3.718592964824e-04 1.816000539035e-01 3.718592964824e-04 3.059999495729e-01 3.718592964824e-04 1.957000000137e-01
3.738693467337e-04 3.166999968049e-01 3.738693467337e-04 1.816000448135e-01 3.738693467337e-04 3.059999565459e-01 3.738693467337e-04 1.957000000106e-01
3.758793969849e-04 3.166999973617e-01 3.758793969849e-04 1.816000372569e-01 3.758793969849e-04 3.059999625546e-01 3.758793969849e-04 1.957000000083e-01
3.778894472362e-04 3.166999978214e-01 3.778894472362e-04 1.816000309750e-01 3.778894472362e-04 3.059999677324e-01 3.778894472362e-04 1.957000000065e-01
3.798994974874e-04 3.166999982009e-01 3.798994974874e-04 1.816000257527e-01 3.798994974874e-04 3.059999721943e-01 3.798994974874e-04 1.957000000050e-01
3.819095477387e-04 3.166999985142e-01 3.819095477387e-04 1.816000214112e-01 3.819095477387e-04 3.059999760392e-01 3.819095477387e-04 1.957000000039e-01
3.839195979899e-04 3.166999987729e-01 3.839195979899e-04 1.816000178019e-01 3.839195979899e-04 3.059999793524e-01 3.839195979899e-04 1.957000000030e-01
3.859296482412e-04 3.166999989865e-01 3.859296482412e-04 1.816000148013e-01 3.859296482412e-04 3.059999822074e-01 3.859296482412e-04 1.957000000024e-01
3.879396984925e-04 3.166999991629e-01 3.879396984925e-04 1.816000123066e-01 3.879396984925e-04 3.059999846677e-01 3.879396984925e-04 1.957000000018e-01
3.899497487437e-04 3.166999993086e-01 3.899497487437e-04 1.816000102325e-01 3.899497487437e-04 3.059999867878e-01 3.899497487437e-04 1.957000000014e-01
3.919597989950e-04 3.166999994289e-01 3.919597989950e-04 1.816000085082e-01 3.919597989950e-04 3.059999886147e-01 3.919597989950e-04 1.957000000011e-01
3.939698492462e-04 3.166999995283e-01 3.939698492462e-04 1.816000070745e-01 3.939698492462e-04 3.059999901890e-01 3.939698492462e-04 1.957000000009e-01
3.959798994975e-04 3.166999996103e-01 3.959798994975e-04 1.816000058825e-01 3.959798994975e-04 3.059999915456e-01 3.959798994975e-04 1.957000000007e-01
3.979899497487e-04 3.166999996781e-01 3.979899497487e-04 1.816000048915e-01 3.979899497487e-04 3.059999927146e-01 3.979899497487e-04 1.957000000005e-01
4.000000000000e-04 3.166999997341e-01 4.000000000000e-04 1.816000040674e-01 4.000000000000e-04 3.059999937220e-01 4.000000000000e-04 1.957000000004e-01
