0.000000000000e+00 3.221752992263e-01 0.000000000000e+00 1.941870106579e-01 0.000000000000e+00 1.687486672572e-01 0.000000000000e+00 3.144529510136e-01
2.256281407035e-06 3.221553290491e-01 2.256281407035e-06 1.941844006467e-01 2.256281407035e-06 1.687841336518e-01 2.256281407035e-06 3.144207855493e-01
4.512562814070e-06 3.221341287351e-01 4.512562814070e-06 1.941813100411e-01 4.512562814070e-06 1.688223792645e-01 4.512562814070e-06 3.143867474017e-01
6.768844221106e-06 3.221116225926e-01 6.768844221106e-06 1.941776546204e-01 6.768844221106e-06 1.688636178802e-01 6.768844221106e-06 3.143507297798e-01
9.025125628141e-06 3.220877303092e-01 9.025125628141e-06 1.941733359922e-01 9.025125628141e-06 1.689080790726e-01 9.025125628141e-06 3.143126200715e-01
1.128140703518e-05 3.220623666769e-01 1.128140703518e-05 1.941682393353e-01 1.128140703518e-05 1.689560092628e-01 1.128140703518e-05 3.142722995585e-01
1.353768844221e-05 3.220354413007e-01 1.353768844221e-05 1.941622308210e-01 1.353768844221e-05 1.690076728303e-01 1.353768844221e-05 3.142296431211e-01
1.579396984925e-05 3.220068582924e-01 1.579396984925e-05 1.941551546819e-01 1.579396984925e-05 1.690633532765e-01 1.579396984925e-05 3.141845189337e-01
1.805025125628e-05 3.219765159467e-01 1.805025125628e-05 1.941468298991e-01 1.805025125628e-05 1.691233544397e-01 1.805025125628e-05 3.141367881502e-01
2.030653266332e-05 3.219443063997e-01 2.030653266332e-05 1.941370464835e-01 2.030653266332e-05 1.691880017582e-01 2.030653266332e-05 3.140863045801e-01
2.256281407035e-05 3.219101152694e-01 2.256281407035e-05 1.941255613384e-01 2.256281407035e-05 1.692576435800e-01 2.256281407035e-05 3.140329143565e-01
2.481909547739e-05 3.218738212770e-01 2.481909547739e-05 1.941120937057e-01 2.481909547739e-05 1.693326525129e-01 2.481909547739e-05 3.139764555949e-01
2.707537688442e-05 3.218352958480e-01 2.707537688442e-05 1.940963202225e-01 2.707537688442e-05 1.694134268106e-01 2.707537688442e-05 3.139167580455e-01
2.933165829146e-05 3.217944026933e-01 2.933165829146e-05 1.940778696519e-01 2.933165829146e-05 1.695003917865e-01 2.933165829146e-05 3.138536427384e-01
3.158793969849e-05 3.217509973680e-01 3.158793969849e-05 1.940563174037e-01 3.158793969849e-05 1.695940012457e-01 3.158793969849e-05 3.137869216235e-01
3.384422110553e-05 3.217049268091e-01 3.384422110553e-05 1.940311800296e-01 3.384422110553e-05 1.696947389235e-01 3.384422110553e-05 3.137163972058e-01
3.610050251256e-05 3.216560288499e-01 3.610050251256e-05 1.940019099776e-01 3.610050251256e-05 1.698031199163e-01 3.610050251256e-05 3.136418621786e-01
3.835678391960e-05 3.216041317107e-01 3.835678391960e-05 1.939678910154e-01 3.835678391960e-05 1.699196920878e-01 3.835678391960e-05 3.135630990551e-01
4.061306532663e-05 3.215490534660e-01 4.061306532663e-05 1.939284349022e-01 4.061306532663e-05 1.700450374295e-01 4.061306532663e-05 3.134798798009e-01
4.286934673367e-05 3.214906014868e-01 4.286934673367e-05 1.938827800953e-01 4.286934673367e-05 1.701797733524e-01 4.286934673367e-05 3.133919654701e-01
4.512562814070e-05 3.214285718578e-01 4.512562814070e-05 1.938300935379e-01 4.512562814070e-05 1.703245538803e-01 4.512562814070e-05 3.132991058469e-01
4.738190954774e-05 3.213627487691e-01 4.738190954774e-05 1.937694768790e-01 4.738190954774e-05 1.704800707139e-01 4.738190954774e-05 3.132010390954e-01
4.963819095477e-05 3.212929038825e-01 4.963819095477e-05 1.936999788194e-01 4.963819095477e-05 1.706470541273e-01 4.963819095477e-05 3.130974914219e-01
5.189447236181e-05 3.212187956712e-01 5.189447236181e-05 1.936206156351e-01 5.189447236181e-05 1.708262736547e-01 5.189447236181e-05 3.129881767522e-01
5.415075376884e-05 3.211401687345e-01 5.415075376884e-05 1.935304022615e-01 5.415075376884e-05 1.710185385184e-01 5.415075376884e-05 3.128727964286e-01
5.640703517588e-05 3.210567530859e-01 5.640703517588e-05 1.934283965507e-01 5.640703517588e-05 1.712246977462e-01 5.640703517588e-05 3.127510389299e-01
5.866331658291e-05 3.209682634165e-01 5.866331658291e-05 1.933137593348e-01 5.866331658291e-05 1.714456399162e-01 5.866331658291e-05 3.126225796215e-01
6.091959798995e-05 3.208743983329e-01 6.091959798995e-05 1.931858325843e-01 6.091959798995e-05 1.716822924645e-01 6.091959798995e-05 3.124870805379e-01
6.317587939698e-05 3.207748395720e-01 6.317587939698e-05 1.930442370477e-01 6.317587939698e-05 1.719356204844e-01 6.317587939698e-05 3.123441902058e-01
6.543216080402e-05 3.206692511921e-01 6.543216080402e-05 1.928889890681e-01 6.543216080402e-05 1.722066249386e-01 6.543216080402e-05 3.121935435123e-01
6.768844221106e-05 3.205572787434e-01 6.768844221106e-05 1.927206335966e-01 6.768844221106e-05 1.724963402043e-01 6.768844221106e-05 3.120347616259e-01
6.994472361809e-05 3.204385484182e-01 6.994472361809e-05 1.925403866273e-01 6.994472361809e-05 1.728058308637e-01 6.994472361809e-05 3.118674519763e-01
7.220100502513e-05 3.203126661841e-01 7.220100502513e-05 1.923502754458e-01 7.220100502513e-05 1.731361876528e-01 7.220100502513e-05 3.116912083010e-01
7.445728643216e-05 3.201792169025e-01 7.445728643216e-05 1.921532596372e-01 7.445728643216e-05 1.734885224788e-01 7.445728643216e-05 3.115056107664e-01
7.671356783920e-05 3.200377634354e-01 7.671356783920e-05 1.919533106167e-01 7.671356783920e-05 1.738639624185e-01 7.671356783920e-05 3.113102261707e-01
7.896984924623e-05 3.198878457439e-01 7.896984924623e-05 1.917554239611e-01 7.896984924623e-05 1.742636426157e-01 7.896984924623e-05 3.111046082373e-01
8.122613065327e-05 3.197289799835e-01 8.122613065327e-05 1.915655388618e-01 8.122613065327e-05 1.746886980014e-01 8.122613065327e-05 3.108882980068e-01
8.348241206030e-05 3.195606576000e-01 8.348241206030e-05 1.913903444697e-01 8.348241206030e-05 1.751402537753e-01 8.348241206030e-05 3.106608243353e-01
8.573869346734e-05 3.193823444323e-01 8.573869346734e-05 1.912369649988e-01 8.573869346734e-05 1.756194146025e-01 8.573869346734e-05 3.104217045071e-01
8.799497487437e-05 3.191934798278e-01 8.799497487437e-05 1.911125339667e-01 8.799497487437e-05 1.761272525018e-01 8.799497487437e-05 3.101704449696e-01
9.025125628141e-05 3.189934757778e-01 9.025125628141e-05 1.910236904454e-01 9.025125628141e-05 1.766647934304e-01 9.025125628141e-05 3.099065421965e-01
9.250753768844e-05 3.187817160799e-01 9.250753768844e-05 1.909760519715e-01 9.250753768844e-05 1.772330026049e-01 9.250753768844e-05 3.096294836852e-01
9.476381909548e-05 3.185575555373e-01 9.476381909548e-05 1.909737336877e-01 9.476381909548e-05 1.778327686367e-01 9.476381909548e-05 3.093387490934e-01
9.702010050251e-05 3.183203192031e-01 9.702010050251e-05 1.910189856664e-01 9.702010050251e-05 1.784648866096e-01 9.702010050251e-05 3.090338115172e-01
9.927638190955e-05 3.180693016810e-01 9.927638190955e-05 1.911120072614e-01 9.927638190955e-05 1.791300402764e-01 9.927638190955e-05 3.087141389121e-01
1.015326633166e-04 3.178037664928e-01 1.015326633166e-04 1.912509702413e-01 1.015326633166e-04 1.798287836107e-01 1.015326633166e-04 3.083791956547e-01
1.037889447236e-04 3.175229455261e-01 1.037889447236e-04 1.914322474155e-01 1.037889447236e-04 1.805615220073e-01 1.037889447236e-04 3.080284442408e-01
1.060452261307e-04 3.172260385741e-01 1.060452261307e-04 1.916508092660e-01 1.060452261307e-04 1.813284934858e-01 1.060452261307e-04 3.076613471124e-01
1.083015075377e-04 3.169122129825e-01 1.083015075377e-04 1.919007262376e-01 1.083015075377e-04 1.821297503112e-01 1.083015075377e-04 3.072773685996e-01
1.105577889447e-04 3.165806034186e-01 1.105577889447e-04 1.921757041018e-01 1.105577889447e-04 1.829651414979e-01 1.105577889447e-04 3.068759769626e-01
1.128140703518e-04 3.162303117775e-01 1.128140703518e-04 1.924695848195e-01 1.128140703518e-04 1.838342967088e-01 1.128140703518e-04 3.064566465095e-01
1.150703517588e-04 3.158604072442e-01 1.150703517588e-04 1.927767619732e-01 1.150703517588e-04 1.847366120954e-01 1.150703517588e-04 3.060188597638e-01
1.173266331658e-04 3.154699265276e-01 1.173266331658e-04 1.930924821856e-01 1.173266331658e-04 1.856712386394e-01 1.173266331658e-04 3.055621096438e-01
1.195829145729e-04 3.150578742851e-01 1.195829145729e-04 1.934130259957e-01 1.195829145729e-04 1.866370735548e-01 1.195829145729e-04 3.050859016151e-01
1.218391959799e-04 3.146232237592e-01 1.218391959799e-04 1.937357791072e-01 1.218391959799e-04 1.876327552825e-01 1.218391959799e-04 3.045897557632e-01
1.240954773869e-04 3.141649176429e-01 1.240954773869e-04 1.940592157644e-01 1.240954773869e-04 1.886566625582e-01 1.240954773869e-04 3.040732087299e-01
1.263517587940e-04 3.136818691982e-01 1.263517587940e-04 1.943828203450e-01 1.263517587940e-04 1.897069179553e-01 1.263517587940e-04 3.035358154462e-01
1.286080402010e-04 3.131729636464e-01 1.286080402010e-04 1.947069725030e-01 1.286080402010e-04 1.907813962041e-01 1.286080402010e-04 3.029771505850e-01
1.308643216080e-04 3.126370598546e-01 1.308643216080e-04 1.950328172656e-01 1.308643216080e-04 1.918777374549e-01 1.308643216080e-04 3.023968096502e-01
1.331206030151e-04 3.120729923402e-01 1.331206030151e-04 1.953621361582e-01 1.331206030151e-04 1.929933655137e-01 1.331206030151e-04 3.017944096078e-01
1.353768844221e-04 3.114795736180e-01 1.353768844221e-04 1.956972300363e-01 1.353768844221e-04 1.941255109092e-01 1.353768844221e-04 3.011695889572e-01
1.376331658291e-04 3.108555969154e-01 1.376331658291e-04 1.960408196282e-01 1.376331658291e-04 1.952712384907e-01 1.376331658291e-04 3.005220071339e-01
1.398894472362e-04 3.101998392804e-01 1.398894472362e-04 1.963959661892e-01 1.398894472362e-04 1.964274790830e-01 1.398894472362e-04 2.998513431279e-01
1.421457286432e-04 3.095110651120e-01 1.421457286432e-04 1.967660121600e-01 1.421457286432e-04 1.975910645750e-01 1.421457286432e-04 2.991572931972e-01
1.444020100503e-04 3.087880301411e-01 1.444020100503e-04 1.971545401697e-01 1.444020100503e-04 1.987587656816e-01 1.444020100503e-04 2.984395675538e-01
1.466582914573e-04 3.080294858941e-01 1.466582914573e-04 1.975653479056e-01 1.466582914573e-04 1.999273315091e-01 1.466582914573e-04 2.976978859013e-01
1.489145728643e-04 3.072341846734e-01 1.489145728643e-04 1.980024360642e-01 1.489145728643e-04 2.010935299870e-01 1.489145728643e-04 2.969319717034e-01
1.511708542714e-04 3.064008850916e-01 1.511708542714e-04 1.984700066211e-01 1.511708542714e-04 2.022541881889e-01 1.511708542714e-04 2.961415450759e-01
1.534271356784e-04 3.055283582003e-01 1.534271356784e-04 1.989724688472e-01 1.534271356784e-04 2.034062315804e-01 1.534271356784e-04 2.953263142045e-01
1.556834170854e-04 3.046153942571e-01 1.556834170854e-04 1.995144507694e-01 1.556834170854e-04 2.045467212740e-01 1.556834170854e-04 2.944859652117e-01
1.579396984925e-04 3.036608101786e-01 1.579396984925e-04 2.001008140445e-01 1.579396984925e-04 2.056728884634e-01 1.579396984925e-04 2.936201504248e-01
1.601959798995e-04 3.026634577317e-01 1.601959798995e-04 2.007366704476e-01 1.601959798995e-04 2.067821653238e-01 1.601959798995e-04 2.927284750311e-01
1.624522613065e-04 3.016222325162e-01 1.624522613065e-04 2.014273983577e-01 1.624522613065e-04 2.078722118121e-01 1.624522613065e-04 2.918104821551e-01
1.647085427136e-04 3.005360837974e-01 1.647085427136e-04 2.021786577315e-01 1.647085427136e-04 2.089409379590e-01 1.647085427136e-04 2.908656364497e-01
1.669648241206e-04 2.994040252434e-01 1.669648241206e-04 2.029964021054e-01 1.669648241206e-04 2.099865214136e-01 1.669648241206e-04 2.898933063672e-01
1.692211055276e-04 2.982251466245e-01 1.692211055276e-04 2.038868861442e-01 1.692211055276e-04 2.110074201657e-01 1.692211055276e-04 2.888927453641e-01
1.714773869347e-04 2.969986265228e-01 1.714773869347e-04 2.048566671882e-01 1.714773869347e-04 2.120023805296e-01 1.714773869347e-04 2.878630724009e-01
1.737336683417e-04 2.957237460918e-01 1.737336683417e-04 2.059125991274e-01 1.737336683417e-04 2.129704406105e-01 1.737336683417e-04 2.868032522227e-01
1.759899497487e-04 2.943999038902e-01 1.759899497487e-04 2.070618167812e-01 1.759899497487e-04 2.139109295934e-01 1.759899497487e-04 2.857120760586e-01
1.782462311558e-04 2.930266317896e-01 1.782462311558e-04 2.083117087817e-01 1.782462311558e-04 2.148234632885e-01 1.782462311558e-04 2.845881435415e-01
1.805025125628e-04 2.916036119261e-01 1.805025125628e-04 2.096698767742e-01 1.805025125628e-04 2.157079364314e-01 1.805025125628e-04 2.834298468494e-01
1.827587939698e-04 2.901306946251e-01 1.827587939698e-04 2.111440785736e-01 1.827587939698e-04 2.165645122774e-01 1.827587939698e-04 2.822353582732e-01
1.850150753769e-04 2.886079171773e-01 1.850150753769e-04 2.127421527723e-01 1.850150753769e-04 2.173936100430e-01 1.850150753769e-04 2.810026226480e-01
1.872713567839e-04 2.870355232832e-01 1.872713567839e-04 2.144719222158e-01 1.872713567839e-04 2.181958907411e-01 1.872713567839e-04 2.797293563113e-01
1.895276381910e-04 2.854139829146e-01 1.895276381910e-04 2.163410737802e-01 1.895276381910e-04 2.189722419253e-01 1.895276381910e-04 2.784130544767e-01
1.917839195980e-04 2.837440122600e-01 1.917839195980e-04 2.183570120404e-01 1.917839195980e-04 2.197237618217e-01 1.917839195980e-04 2.770510090986e-01
1.940402010050e-04 2.820265933368e-01 1.940402010050e-04 2.205266847621e-01 1.940402010050e-04 2.204517432646e-01 1.940402010050e-04 2.756403394435e-01
1.962964824121e-04 2.802629927668e-01 1.962964824121e-04 2.228563787355e-01 1.962964824121e-04 2.211576577975e-01 1.962964824121e-04 2.741780376102e-01
1.985527638191e-04 2.784547791226e-01 1.985527638191e-04 2.253514853531e-01 1.985527638191e-04 2.218431402242e-01 1.985527638191e-04 2.726610311427e-01
2.008090452261e-04 2.766038381780e-01 2.008090452261e-04 2.280162365778e-01 2.008090452261e-04 2.225099738344e-01 2.008090452261e-04 2.710862645724e-01
2.030653266332e-04 2.747123853311e-01 2.030653266332e-04 2.308534135962e-01 2.030653266332e-04 2.231600764501e-01 2.030653266332e-04 2.694508011704e-01
2.053216080402e-04 2.727829744283e-01 2.053216080402e-04 2.338640325480e-01 2.053216080402e-04 2.237954873773e-01 2.053216080402e-04 2.677519453276e-01
2.075778894472e-04 2.708185022081e-01 2.075778894472e-04 2.370470142680e-01 2.075778894472e-04 2.244183552819e-01 2.075778894472e-04 2.659873847707e-01
2.098341708543e-04 2.688222076088e-01 2.098341708543e-04 2.403988479462e-01 2.098341708543e-04 2.250309269485e-01 2.098341708543e-04 2.641553502438e-01
2.120904522613e-04 2.667976652528e-01 2.120904522613e-04 2.439132619134e-01 2.120904522613e-04 2.256355368247e-01 2.120904522613e-04 2.622547883814e-01
2.143467336683e-04 2.647487725384e-01 2.143467336683e-04 2.475809182316e-01 2.143467336683e-04 2.262345972082e-01 2.143467336683e-04 2.602855413392e-01
2.166030150754e-04 2.626797299264e-01 2.166030150754e-04 2.513891511717e-01 2.166030150754e-04 2.268305888831e-01 2.166030150754e-04 2.582485245078e-01
2.188592964824e-04 2.605950142205e-01 2.188592964824e-04 2.553217726533e-01 2.188592964824e-04 2.274260519760e-01 2.188592964824e-04 2.561458915403e-01
2.211155778894e-04 2.584993448789e-01 2.211155778894e-04 2.593589698689e-01 2.211155778894e-04 2.280235767693e-01 2.211155778894e-04 2.539811742870e-01
2.233718592965e-04 2.563976436660e-01 2.233718592965e-04 2.634773211316e-01 2.233718592965e-04 2.286257941758e-01 2.233718592965e-04 2.517593844008e-01
2.256281407035e-04 2.542949882327e-01 2.256281407035e-04 2.676499549184e-01 2.256281407035e-04 2.292353655621e-01 2.256281407035e-04 2.494870636813e-01
2.278844221106e-04 2.521965604950e-01 2.278844221106e-04 2.718468736337e-01 2.278844221106e-04 2.298549715887e-01 2.278844221106e-04 2.471722719485e-01
2.301407035176e-04 2.501075909307e-01 2.301407035176e-04 2.760354573838e-01 2.301407035176e-04 2.304872997291e-01 2.301407035176e-04 2.448245044690e-01
2.323969849246e-04 2.480333001334e-01 2.323969849246e-04 2.801811538242e-01 2.323969849246e-04 2.311350301327e-01 2.323969849246e-04 2.424545356130e-01
2.346532663317e-04 2.459788391226e-01 2.346532663317e-04 2.842483480430e-01 2.346532663317e-04 2.318008195090e-01 2.346532663317e-04 2.400741911387e-01
2.369095477387e-04 2.439492299985e-01 2.369095477387e-04 2.882013919497e-01 2.369095477387e-04 2.324872827400e-01 2.369095477387e-04 2.376960576816e-01
2.391658291457e-04 2.419493085472e-01 2.391658291457e-04 2.920057567161e-01 2.391658291457e-04 2.331969719668e-01 2.391658291457e-04 2.353331439236e-01
2.414221105528e-04 2.399836703437e-01 2.414221105528e-04 2.956292558351e-01 2.414221105528e-04 2.339323529649e-01 2.414221105528e-04 2.329985127027e-01
2.436783919598e-04 2.380566217585e-01 2.436783919598e-04 2.990432720681e-01 2.436783919598e-04 2.346957786966e-01 2.436783919598e-04 2.307049063121e-01
2.459346733668e-04 2.361721370793e-01 2.459346733668e-04 3.022239108847e-01 2.459346733668e-04 2.354894600405e-01 2.459346733668e-04 2.284643879636e-01
2.481909547739e-04 2.343338227025e-01 2.481909547739e-04 3.051529978471e-01 2.481909547739e-04 2.363154338208e-01 2.481909547739e-04 2.262880207369e-01
2.504472361809e-04 2.325448890658e-01 2.504472361809e-04 3.078188393180e-01 2.504472361809e-04 2.371755284110e-01 2.504472361809e-04 2.241856015748e-01
2.527035175879e-04 2.308081306898e-01 2.527035175879e-04 3.102166758358e-01 2.527035175879e-04 2.380713273582e-01 2.527035175879e-04 2.221654625649e-01
2.549597989950e-04 2.291259143939e-01 2.549597989950e-04 3.123487755810e-01 2.549597989950e-04 2.390041316587e-01 2.549597989950e-04 2.202343456542e-01
2.572160804020e-04 2.275001754721e-01 2.572160804020e-04 3.142241406517e-01 2.572160804020e-04 2.399749215157e-01 2.572160804020e-04 2.183973508597e-01
2.594723618090e-04 2.259324213650e-01 2.594723618090e-04 3.158578294262e-01 2.594723618090e-04 2.409843186041e-01 2.594723618090e-04 2.166579526945e-01
2.617286432161e-04 2.244237421562e-01 2.617286432161e-04 3.172699312939e-01 2.617286432161e-04 2.420325500551e-01 2.617286432161e-04 2.150180754086e-01
2.639849246231e-04 2.229748270662e-01 2.639849246231e-04 3.184842620109e-01 2.639849246231e-04 2.431194155300e-01 2.639849246231e-04 2.134782150108e-01
2.662412060302e-04 2.215859860102e-01 2.662412060302e-04 3.195268751712e-01 2.662412060302e-04 2.442442588719e-01 2.662412060302e-04 2.120375949052e-01
2.684974874372e-04 2.202571752320e-01 2.684974874372e-04 3.204245042779e-01 2.684974874372e-04 2.454059458787e-01 2.684974874372e-04 2.106943421462e-01
2.707537688442e-04 2.189880260175e-01 2.707537688442e-04 3.212030578332e-01 2.707537688442e-04 2.466028497243e-01 2.707537688442e-04 2.094456725082e-01
2.730100502513e-04 2.177778755208e-01 2.730100502513e-04 3.218862851114e-01 2.730100502513e-04 2.478328454488e-01 2.730100502513e-04 2.082880744085e-01
2.752663316583e-04 2.166257988016e-01 2.752663316583e-04 3.224947127430e-01 2.752663316583e-04 2.490933147377e-01 2.752663316583e-04 2.072174839009e-01
2.775226130653e-04 2.155306412578e-01 2.775226130653e-04 3.230449235880e-01 2.775226130653e-04 2.503811619059e-01 2.775226130653e-04 2.062294451713e-01
2.797788944724e-04 2.144910507429e-01 2.797788944724e-04 3.235492129775e-01 2.797788944724e-04 2.516928416154e-01 2.797788944724e-04 2.053192530275e-01
2.820351758794e-04 2.135055087674e-01 2.820351758794e-04 3.240156179338e-01 2.820351758794e-04 2.530243983839e-01 2.820351758794e-04 2.044820756393e-01
2.842914572864e-04 2.125723603006e-01 2.842914572864e-04 3.244482777351e-01 2.842914572864e-04 2.543715174225e-01 2.842914572864e-04 2.037130572013e-01
2.865477386935e-04 2.116898417974e-01 2.865477386935e-04 3.248480541738e-01 2.865477386935e-04 2.557295858021e-01 2.865477386935e-04 2.030074012455e-01
2.888040201005e-04 2.108561071808e-01 2.888040201005e-04 3.252133208360e-01 2.888040201005e-04 2.570937624217e-01 2.888040201005e-04 2.023604360521e-01
2.910603015075e-04 2.100692516045e-01 2.910603015075e-04 3.255408245376e-01 2.910603015075e-04 2.584590547895e-01 2.910603015075e-04 2.017676640420e-01
2.933165829146e-04 2.093273329012e-01 2.933165829146e-04 3.258265283068e-01 2.933165829146e-04 2.598204002483e-01 2.933165829146e-04 2.012247972470e-01
2.955728643216e-04 2.086283906936e-01 2.955728643216e-04 3.260663615976e-01 2.955728643216e-04 2.611727490300e-01 2.955728643216e-04 2.007277809850e-01
2.978291457286e-04 2.079704632007e-01 2.978291457286e-04 3.262568260250e-01 2.978291457286e-04 2.625111464159e-01 2.978291457286e-04 2.002728077895e-01
3.000854271357e-04 2.073516018199e-01 3.000854271357e-04 3.263954296050e-01 3.000854271357e-04 2.638308113282e-01 3.000854271357e-04 1.998563234756e-01
3.023417085427e-04 2.067698835964e-01 3.023417085427e-04 3.264809454758e-01 3.023417085427e-04 2.651272088769e-01 3.023417085427e-04 1.994750270264e-01
3.045979899497e-04 2.062234217183e-01 3.045979899497e-04 3.265135095837e-01 3.045979899497e-04 2.663961147143e-01 3.045979899497e-04 1.991258657551e-01
3.068542713568e-04 2.057103741913e-01 3.068542713568e-04 3.264945844035e-01 3.068542713568e-04 2.676336694897e-01 3.068542713568e-04 1.988060269804e-01
3.091105527638e-04 2.052289508546e-01 3.091105527638e-04 3.264268222289e-01 3.091105527638e-04 2.688364222004e-01 3.091105527638e-04 1.985129272405e-01
3.113668341709e-04 2.047774189034e-01 3.113668341709e-04 3.263138626949e-01 3.113668341709e-04 2.700013617762e-01 3.113668341709e-04 1.982441998800e-01
3.136231155779e-04 2.043541070813e-01 3.136231155779e-04 3.261600963190e-01 3.136231155779e-04 2.711259367655e-01 3.136231155779e-04 1.979976816749e-01
3.158793969849e-04 2.039574087001e-01 3.158793969849e-04 3.259704204780e-01 3.158793969849e-04 2.722080634853e-01 3.158793969849e-04 1.977713990158e-01
3.181356783920e-04 2.035857836379e-01 3.181356783920e-04 3.257500077550e-01 3.181356783920e-04 2.732461234202e-01 3.181356783920e-04 1.975635540465e-01
3.203919597990e-04 2.032377594548e-01 3.203919597990e-04 3.255041000846e-01 3.203919597990e-04 2.742389509944e-01 3.203919597990e-04 1.973725110538e-01
3.226482412060e-04 2.029119317557e-01 3.226482412060e-04 3.252378363171e-01 3.226482412060e-04 2.751858130819e-01 3.226482412060e-04 1.971967833212e-01
3.249045226131e-04 2.026069639190e-01 3.249045226131e-04 3.249561161078e-01 3.249045226131e-04 2.760863817639e-01 3.249045226131e-04 1.970350205925e-01
3.271608040201e-04 2.023215862965e-01 3.271608040201e-04 3.246634995375e-01 3.271608040201e-04 2.769407018950e-01 3.271608040201e-04 1.968859972400e-01
3.294170854271e-04 2.020545949806e-01 3.294170854271e-04 3.243641395164e-01 3.294170854271e-04 2.777491550120e-01 3.294170854271e-04 1.967486011910e-01
3.316733668342e-04 2.018048502222e-01 3.316733668342e-04 3.240617426599e-01 3.316733668342e-04 2.785124210253e-01 3.316733668342e-04 1.966218236336e-01
3.339296482412e-04 2.015712745737e-01 3.339296482412e-04 3.237595537245e-01 3.339296482412e-04 2.792314389922e-01 3.339296482412e-04 1.965047495033e-01
3.361859296482e-04 2.013528508215e-01 3.361859296482e-04 3.234603586497e-01 3.361859296482e-04 2.799073680977e-01 3.361859296482e-04 1.963965487317e-01
3.384422110553e-04 2.011486197632e-01 3.384422110553e-04 3.231665015792e-01 3.384422110553e-04 2.805415497783e-01 3.384422110553e-04 1.962964682287e-01
3.406984924623e-04 2.009576778773e-01 3.406984924623e-04 3.228799117678e-01 3.406984924623e-04 2.811354717308e-01 3.406984924623e-04 1.962038245613e-01
3.429547738693e-04 2.007791749255e-01 3.429547738693e-04 3.226021369144e-01 3.429547738693e-04 2.816907343599e-01 3.429547738693e-04 1.961179972879e-01
3.452110552764e-04 2.006123115220e-01 3.452110552764e-04 3.223343801113e-01 3.452110552764e-04 2.822090200485e-01 3.452110552764e-04 1.960384229024e-01
3.474673366834e-04 2.004563366976e-01 3.474673366834e-04 3.220775382079e-01 3.474673366834e-04 2.826920654791e-01 3.474673366834e-04 1.959645893449e-01
3.497236180905e-04 2.003105454814e-01 3.497236180905e-04 3.218322399356e-01 3.497236180905e-04 2.831416371057e-01 3.497236180905e-04 1.958960310328e-01
3.519798994975e-04 2.001742765205e-01 3.519798994975e-04 3.215988826048e-01 3.519798994975e-04 2.835595097687e-01 3.519798994975e-04 1.958323243706e-01
3.542361809045e-04 2.000469097510e-01 3.542361809045e-04 3.213776665673e-01 3.542361809045e-04 2.839474483598e-01 3.542361809045e-04 1.957730836950e-01
3.564924623116e-04 1.999278641329e-01 3.564924623116e-04 3.211686269465e-01 3.564924623116e-04 2.843071923816e-01 3.564924623116e-04 1.957179576183e-01
3.587487437186e-04 1.998165954581e-01 3.587487437186e-04 3.209716623726e-01 3.587487437186e-04 2.846404432000e-01 3.587487437186e-04 1.956666257318e-01
3.610050251256e-04 1.997125942380e-01 3.610050251256e-04 3.207865606372e-01 3.610050251256e-04 2.849488537619e-01 3.610050251256e-04 1.956187956368e-01
3.632613065327e-04 1.996153836745e-01 3.632613065327e-04 3.206130213117e-01 3.632613065327e-04 2.852340205325e-01 3.632613065327e-04 1.955742002699e-01
3.655175879397e-04 1.995245177195e-01 3.655175879397e-04 3.204506754613e-01 3.655175879397e-04 2.854974774044e-01 3.655175879397e-04 1.955325954962e-01
3.677738693467e-04 1.994395792213e-01 3.677738693467e-04 3.202991026426e-01 3.677738693467e-04 2.857406913340e-01 3.677738693467e-04 1.954937579415e-01
3.700301507538e-04 1.993601781616e-01 3.700301507538e-04 3.201578454090e-01 3.700301507538e-04 2.859650594701e-01 3.700301507538e-04 1.954574830424e-01
3.722864321608e-04 1.992859499802e-01 3.722864321608e-04 3.200264215606e-01 3.722864321608e-04 2.861719075555e-01 3.722864321608e-04 1.954235832897e-01
3.745427135678e-04 1.992165539871e-01 3.745427135678e-04 3.199043343796e-01 3.745427135678e-04 2.863624893986e-01 3.745427135678e-04 1.953918866477e-01
3.767989949749e-04 1.991516718604e-01 3.767989949749e-04 3.197910810869e-01 3.767989949749e-04 2.865379872313e-01 3.767989949749e-04 1.953622351301e-01
3.790552763819e-04 1.990910062267e-01 3.790552763819e-04 3.196861597409e-01 3.790552763819e-04 2.866995127882e-01 3.790552763819e-04 1.953344835177e-01
3.813115577889e-04 1.990342793225e-01 3.813115577889e-04 3.195890747858e-01 3.813115577889e-04 2.868481089629e-01 3.813115577889e-04 1.953084982021e-01
3.835678391960e-04 1.989812317326e-01 3.835678391960e-04 3.194993414375e-01 3.835678391960e-04 2.869847519127e-01 3.835678391960e-04 1.952841561436e-01
3.858241206030e-04 1.989316212031e-01 3.858241206030e-04 3.194164890781e-01 3.858241206030e-04 2.871103535030e-01 3.858241206030e-04 1.952613439310e-01
3.880804020101e-04 1.988852215253e-01 3.880804020101e-04 3.193400638104e-01 3.880804020101e-04 2.872257639973e-01 3.880804020101e-04 1.952399569327e-01
3.903366834171e-04 1.988418214878e-01 3.903366834171e-04 3.192696303056e-01 3.903366834171e-04 2.873317749137e-01 3.903366834171e-04 1.952198985308e-01
3.925929648241e-04 1.988012238930e-01 3.925929648241e-04 3.192047730634e-01 3.925929648241e-04 2.874291219812e-01 3.925929648241e-04 1.952010794279e-01
3.948492462312e-04 1.987632446344e-01 3.948492462312e-04 3.191450971852e-01 3.948492462312e-04 2.875184881414e-01 3.948492462312e-04 1.951834170211e-01
3.971055276382e-04 1.987277118326e-01 3.971055276382e-04 3.190902287498e-01 3.971055276382e-04 2.876005065513e-01 3.971055276382e-04 1.951668348347e-01
3.993618090452e-04 1.986944650258e-01 3.993618090452e-04 3.190398148658e-01 3.993618090452e-04 2.876757635505e-01 3.993618090452e-04 1.951512620066e-01
4.016180904523e-04 1.986633544124e-01 4.016180904523e-04 3.189935234678e-01 4.016180904523e-04 2.877448015653e-01 4.016180904523e-04 1.951366328232e-01
4.038743718593e-04 1.986342401417e-01 4.038743718593e-04 3.189510429089e-01 4.038743718593e-04 2.878081219285e-01 4.038743718593e-04 1.951228862964e-01
4.061306532663e-04 1.986069916517e-01 4.061306532663e-04 3.189120813972e-01 4.061306532663e-04 2.878661875962e-01 4.061306532663e-04 1.951099657809e-01
4.083869346734e-04 1.985814870491e-01 4.083869346734e-04 3.188763663142e-01 4.083869346734e-04 2.879194257541e-01 4.083869346734e-04 1.950978186246e-01
4.106432160804e-04 1.985576125306e-01 4.106432160804e-04 3.188436434486e-01 4.106432160804e-04 2.879682303003e-01 4.106432160804e-04 1.950863958523e-01
4.128994974874e-04 1.985352618422e-01 4.128994974874e-04 3.188136761708e-01 4.128994974874e-04 2.880129642048e-01 4.128994974874e-04 1.950756518768e-01
4.151557788945e-04 1.985143357737e-01 4.151557788945e-04 3.187862445713e-01 4.151557788945e-04 2.880539617397e-01 4.151557788945e-04 1.950655442354e-01
4.174120603015e-04 1.984947416877e-01 4.174120603015e-04 3.187611445794e-01 4.174120603015e-04 2.880915305822e-01 4.174120603015e-04 1.950560333501e-01
4.196683417085e-04 1.984763930793e-01 4.196683417085e-04 3.187381870786e-01 4.196683417085e-04 2.881259537908e-01 4.196683417085e-04 1.950470823083e-01
4.219246231156e-04 1.984592091651e-01 4.219246231156e-04 3.187171970283e-01 4.219246231156e-04 2.881574916584e-01 4.219246231156e-04 1.950386566624e-01
4.241809045226e-04 1.984431145002e-01 4.241809045226e-04 3.186980126015e-01 4.241809045226e-04 2.881863834443e-01 4.241809045226e-04 1.950307242465e-01
4.264371859296e-04 1.984280386206e-01 4.264371859296e-04 3.186804843464e-01 4.264371859296e-04 2.882128489918e-01 4.264371859296e-04 1.950232550084e-01
4.286934673367e-04 1.984139157094e-01 4.286934673367e-04 3.186644743746e-01 4.286934673367e-04 2.882370902342e-01 4.286934673367e-04 1.950162208556e-01
4.309497487437e-04 1.984006842858e-01 4.309497487437e-04 3.186498555829e-01 4.309497487437e-04 2.882592925962e-01 4.309497487437e-04 1.950095955140e-01
4.332060301508e-04 1.983882869149e-01 4.332060301508e-04 3.186365109086e-01 4.332060301508e-04 2.882796262943e-01 4.332060301508e-04 1.950033543985e-01
4.354623115578e-04 1.983766699372e-01 4.354623115578e-04 3.186243326214e-01 4.354623115578e-04 2.882982475436e-01 4.354623115578e-04 1.949974744929e-01
4.377185929648e-04 1.983657832160e-01 4.377185929648e-04 3.186132216525e-01 4.377185929648e-04 2.883152996754e-01 4.377185929648e-04 1.949919342410e-01
4.399748743719e-04 1.983555799018e-01 4.399748743719e-04 3.186030869606e-01 4.399748743719e-04 2.883309141705e-01 4.399748743719e-04 1.949867134446e-01
4.422311557789e-04 1.983460162137e-01 4.422311557789e-04 3.185938449358e-01 4.422311557789e-04 2.883452116155e-01 4.422311557789e-04 1.949817931707e-01
4.444874371859e-04 1.983370512337e-01 4.444874371859e-04 3.185854188387e-01 4.444874371859e-04 2.883583025853e-01 4.444874371859e-04 1.949771556655e-01
4.467437185930e-04 1.983286467166e-01 4.467437185930e-04 3.185777382762e-01 4.467437185930e-04 2.883702884568e-01 4.467437185930e-04 1.949727842741e-01
4.490000000000e-04 1.983207669119e-01 4.490000000000e-04 3.185707387110e-01 4.490000000000e-04 2.883812621608e-01 4.490000000000e-04 1.949686633679e-01
