0.000000000000e+00 2.002057836532e-01 0.000000000000e+00 1.947420751300e-01 0.000000000000e+00 2.938183486159e-01 0.000000000000e+00 3.110999365487e-01
2.371859296482e-06 2.002063613646e-01 2.371859296482e-06 1.947511365482e-01 2.371859296482e-06 2.938028343974e-01 2.371859296482e-06 3.110999260939e-01
4.743718592965e-06 2.002069969581e-01 4.743718592965e-06 1.947607750590e-01 4.743718592965e-06 2.937864643481e-01 4.743718592965e-06 3.110999139164e-01
7.115577889447e-06 2.002076962567e-01 7.115577889447e-06 1.947710273102e-01 7.115577889447e-06 2.937691911794e-01 7.115577889447e-06 3.110998997324e-01
9.487437185930e-06 2.002084656721e-01 9.487437185930e-06 1.947819322632e-01 9.487437185930e-06 2.937509649873e-01 9.487437185930e-06 3.110998832113e-01
1.185929648241e-05 2.002093122648e-01 1.185929648241e-05 1.947935313380e-01 1.185929648241e-05 2.937317331075e-01 1.185929648241e-05 3.110998639679e-01
1.423115577889e-05 2.002102438103e-01 1.423115577889e-05 1.948058685664e-01 1.423115577889e-05 2.937114399640e-01 1.423115577889e-05 3.110998415537e-01
1.660301507538e-05 2.002112688721e-01 1.660301507538e-05 1.948189907546e-01 1.660301507538e-05 2.936900269077e-01 1.660301507538e-05 3.110998154461e-01
1.897487437186e-05 2.002123968816e-01 1.897487437186e-05 1.948329476556e-01 1.897487437186e-05 2.936674320474e-01 1.897487437186e-05 3.110997850366e-01
2.134673366834e-05 2.002136382272e-01 2.134673366834e-05 1.948477921522e-01 2.134673366834e-05 2.936435900712e-01 2.134673366834e-05 3.110997496162e-01
2.371859296482e-05 2.002150043522e-01 2.371859296482e-05 1.948635804511e-01 2.371859296482e-05 2.936184320582e-01 2.371859296482e-05 3.110997083593e-01
2.609045226131e-05 2.002165078621e-01 2.609045226131e-05 1.948803722882e-01 2.609045226131e-05 2.935918852800e-01 2.609045226131e-05 3.110996603041e-01
2.846231155779e-05 2.002181626442e-01 2.846231155779e-05 1.948982311470e-01 2.846231155779e-05 2.935638729915e-01 2.846231155779e-05 3.110996043301e-01
3.083417085427e-05 2.002199839987e-01 3.083417085427e-05 1.949172244894e-01 3.083417085427e-05 2.935343142102e-01 3.083417085427e-05 3.110995391327e-01
3.320603015075e-05 2.002219887834e-01 3.320603015075e-05 1.949374240006e-01 3.320603015075e-05 2.935031234839e-01 3.320603015075e-05 3.110994631917e-01
3.557788944724e-05 2.002241955736e-01 3.557788944724e-05 1.949589058482e-01 3.557788944724e-05 2.934702106459e-01 3.557788944724e-05 3.110993747367e-01
3.794974874372e-05 2.002266248388e-01 3.794974874372e-05 1.949817509572e-01 3.794974874372e-05 2.934354805565e-01 3.794974874372e-05 3.110992717055e-01
4.032160804020e-05 2.002292991369e-01 4.032160804020e-05 1.950060453001e-01 4.032160804020e-05 2.933988328315e-01 4.032160804020e-05 3.110991516959e-01
4.269346733668e-05 2.002322433294e-01 4.269346733668e-05 1.950318802058e-01 4.269346733668e-05 2.933601615556e-01 4.269346733668e-05 3.110990119099e-01
4.506532663317e-05 2.002354848182e-01 4.506532663317e-05 1.950593526845e-01 4.506532663317e-05 2.933193549807e-01 4.506532663317e-05 3.110988490883e-01
4.743718592965e-05 2.002390538075e-01 4.743718592965e-05 1.950885657729e-01 4.743718592965e-05 2.932762952082e-01 4.743718592965e-05 3.110986594349e-01
4.980904522613e-05 2.002429835929e-01 4.980904522613e-05 1.951196288987e-01 4.980904522613e-05 2.932308578545e-01 4.980904522613e-05 3.110984385277e-01
5.218090452261e-05 2.002473108797e-01 5.218090452261e-05 1.951526582667e-01 5.218090452261e-05 2.931829116985e-01 5.218090452261e-05 3.110981812159e-01
5.455276381910e-05 2.002520761355e-01 5.455276381910e-05 1.951877772660e-01 5.455276381910e-05 2.931323183113e-01 5.455276381910e-05 3.110978814996e-01
5.692462311558e-05 2.002573239789e-01 5.692462311558e-05 1.952251169016e-01 5.692462311558e-05 2.930789316653e-01 5.692462311558e-05 3.110975323905e-01
5.929648241206e-05 2.002631036080e-01 5.929648241206e-05 1.952648162495e-01 5.929648241206e-05 2.930225977242e-01 5.929648241206e-05 3.110971257481e-01
6.166834170854e-05 2.002694692745e-01 6.166834170854e-05 1.953070229383e-01 6.166834170854e-05 2.929631540100e-01 6.166834170854e-05 3.110966520904e-01
6.404020100503e-05 2.002764808067e-01 6.404020100503e-05 1.953518936573e-01 6.404020100503e-05 2.929004291490e-01 6.404020100503e-05 3.110961003727e-01
6.641206030151e-05 2.002842041866e-01 6.641206030151e-05 1.953995946931e-01 6.641206030151e-05 2.928342423930e-01 6.641206030151e-05 3.110954577299e-01
6.878391959799e-05 2.002927121875e-01 6.878391959799e-05 1.954503024966e-01 6.878391959799e-05 2.927644031167e-01 6.878391959799e-05 3.110947091768e-01
7.115577889447e-05 2.003020850773e-01 7.115577889447e-05 1.955042042806e-01 7.115577889447e-05 2.926907102881e-01 7.115577889447e-05 3.110938372586e-01
7.352763819095e-05 2.003124113956e-01 7.352763819095e-05 1.955614986510e-01 7.352763819095e-05 2.926129519128e-01 7.352763819095e-05 3.110928216443e-01
7.589949748744e-05 2.003237888105e-01 7.589949748744e-05 1.956223962727e-01 7.589949748744e-05 2.925309044487e-01 7.589949748744e-05 3.110916386525e-01
7.827135678392e-05 2.003363250650e-01 7.827135678392e-05 1.956871205719e-01 7.827135678392e-05 2.924443321916e-01 7.827135678392e-05 3.110902607000e-01
8.064321608040e-05 2.003501390212e-01 8.064321608040e-05 1.957559084768e-01 8.064321608040e-05 2.923529866287e-01 8.064321608040e-05 3.110886556591e-01
8.301507537688e-05 2.003653618122e-01 8.301507537688e-05 1.958290111993e-01 8.301507537688e-05 2.922566057596e-01 8.301507537688e-05 3.110867861098e-01
8.538693467337e-05 2.003821381128e-01 8.538693467337e-05 1.959066950587e-01 8.538693467337e-05 2.921549133826e-01 8.538693467337e-05 3.110846084683e-01
8.775879396985e-05 2.004006275417e-01 8.775879396985e-05 1.959892423515e-01 8.775879396985e-05 2.920476183448e-01 8.775879396985e-05 3.110820719737e-01
9.013065326633e-05 2.004210062068e-01 9.013065326633e-05 1.960769522683e-01 9.013065326633e-05 2.919344137544e-01 9.013065326633e-05 3.110791175072e-01
9.250251256281e-05 2.004434684091e-01 9.250251256281e-05 1.961701418620e-01 9.250251256281e-05 2.918149761526e-01 9.250251256281e-05 3.110756762187e-01
9.487437185930e-05 2.004682285205e-01 9.487437185930e-05 1.962691470690e-01 9.487437185930e-05 2.916889646445e-01 9.487437185930e-05 3.110716679287e-01
9.724623115578e-05 2.004955230520e-01 9.724623115578e-05 1.963743237893e-01 9.724623115578e-05 2.915560199853e-01 9.724623115578e-05 3.110669992681e-01
9.961809045226e-05 2.005256129315e-01 9.961809045226e-05 1.964860490263e-01 9.961809045226e-05 2.914157636212e-01 9.961809045226e-05 3.110615615159e-01
1.019899497487e-04 2.005587860102e-01 1.019899497487e-04 1.966047220942e-01 1.019899497487e-04 2.912677966817e-01 1.019899497487e-04 3.110552280835e-01
1.043618090452e-04 2.005953598197e-01 1.043618090452e-04 1.967307658949e-01 1.043618090452e-04 2.911116989213e-01 1.043618090452e-04 3.110478515920e-01
1.067336683417e-04 2.006356846029e-01 1.067336683417e-04 1.968646282730e-01 1.067336683417e-04 2.909470276084e-01 1.067336683417e-04 3.110392604740e-01
1.091055276382e-04 2.006801466434e-01 1.091055276382e-04 1.970067834538e-01 1.091055276382e-04 2.907733163584e-01 1.091055276382e-04 3.110292550293e-01
1.114773869347e-04 2.007291719191e-01 1.114773869347e-04 1.971577335722e-01 1.114773869347e-04 2.905900739089e-01 1.114773869347e-04 3.110176028437e-01
1.138492462312e-04 2.007832301099e-01 1.138492462312e-04 1.973180103023e-01 1.138492462312e-04 2.903967828339e-01 1.138492462312e-04 3.110040334766e-01
1.162211055276e-04 2.008428389873e-01 1.162211055276e-04 1.974881765972e-01 1.162211055276e-04 2.901928981952e-01 1.162211055276e-04 3.109882323018e-01
1.185929648241e-04 2.009085692175e-01 1.185929648241e-04 1.976688285512e-01 1.185929648241e-04 2.899778461273e-01 1.185929648241e-04 3.109698333732e-01
1.209648241206e-04 2.009810496102e-01 1.209648241206e-04 1.978605973978e-01 1.209648241206e-04 2.897510223541e-01 1.209648241206e-04 3.109484111718e-01
1.233366834171e-04 2.010609728470e-01 1.233366834171e-04 1.980641516609e-01 1.233366834171e-04 2.895117906352e-01 1.233366834171e-04 3.109234710673e-01
1.257085427136e-04 2.011491017208e-01 1.257085427136e-04 1.982801994761e-01 1.257085427136e-04 2.892594811396e-01 1.257085427136e-04 3.108944383112e-01
1.280804020101e-04 2.012462759216e-01 1.280804020101e-04 1.985094911048e-01 1.280804020101e-04 2.889933887459e-01 1.280804020101e-04 3.108606453567e-01
1.304522613065e-04 2.013534193989e-01 1.304522613065e-04 1.987528216654e-01 1.304522613065e-04 2.887127712670e-01 1.304522613065e-04 3.108213172803e-01
1.328241206030e-04 2.014715483339e-01 1.328241206030e-04 1.990110341110e-01 1.328241206030e-04 2.884168476018e-01 1.328241206030e-04 3.107755550589e-01
1.351959798995e-04 2.016017797449e-01 1.351959798995e-04 1.992850224840e-01 1.351959798995e-04 2.881047958137e-01 1.351959798995e-04 3.107223164427e-01
1.375678391960e-04 2.017453407520e-01 1.375678391960e-04 1.995757354874e-01 1.375678391960e-04 2.877757511392e-01 1.375678391960e-04 3.106603941491e-01
1.399396984925e-04 2.019035785144e-01 1.399396984925e-04 1.998841804122e-01 1.399396984925e-04 2.874288039339e-01 1.399396984925e-04 3.105883911014e-01
1.423115577889e-04 2.020779708477e-01 1.423115577889e-04 2.002114274678e-01 1.423115577889e-04 2.870629975622e-01 1.423115577889e-04 3.105046924471e-01
1.446834170854e-04 2.022701375161e-01 1.446834170854e-04 2.005586145674e-01 1.446834170854e-04 2.866773262437e-01 1.446834170854e-04 3.104074341149e-01
1.470552763819e-04 2.024818521779e-01 1.470552763819e-04 2.009269526235e-01 1.470552763819e-04 2.862707328728e-01 1.470552763819e-04 3.102944677329e-01
1.494271356784e-04 2.027150549444e-01 1.494271356784e-04 2.013177314125e-01 1.494271356784e-04 2.858421068331e-01 1.494271356784e-04 3.101633218160e-01
1.517989949749e-04 2.029718654865e-01 1.517989949749e-04 2.017323260722e-01 1.517989949749e-04 2.853902818363e-01 1.517989949749e-04 3.100111592837e-01
1.541708542714e-04 2.032545965928e-01 1.541708542714e-04 2.021722042918e-01 1.541708542714e-04 2.849140338215e-01 1.541708542714e-04 3.098347315758e-01
1.565427135678e-04 2.035657680456e-01 1.565427135678e-04 2.026389342591e-01 1.565427135678e-04 2.844120789644e-01 1.565427135678e-04 3.096303299381e-01
1.589145728643e-04 2.039081206352e-01 1.589145728643e-04 2.031341934140e-01 1.589145728643e-04 2.838830718535e-01 1.589145728643e-04 3.093937348593e-01
1.612864321608e-04 2.042846300789e-01 1.612864321608e-04 2.036597780536e-01 1.612864321608e-04 2.833256039086e-01 1.612864321608e-04 3.091201651862e-01
1.636582914573e-04 2.046985205417e-01 1.636582914573e-04 2.042176138085e-01 1.636582914573e-04 2.827382021314e-01 1.636582914573e-04 3.088042291510e-01
1.660301507538e-04 2.051532773836e-01 1.660301507538e-04 2.048097669811e-01 1.660301507538e-04 2.821193282977e-01 1.660301507538e-04 3.084398804306e-01
1.684020100503e-04 2.056526586597e-01 1.684020100503e-04 2.054384566934e-01 1.684020100503e-04 2.814673787224e-01 1.684020100503e-04 3.080203834299e-01
1.707738693467e-04 2.062007047986e-01 1.707738693467e-04 2.061060677301e-01 1.707738693467e-04 2.807806847543e-01 1.707738693467e-04 3.075382932325e-01
1.731457286432e-04 2.068017457572e-01 1.731457286432e-04 2.068151638795e-01 1.731457286432e-04 2.800575141836e-01 1.731457286432e-04 3.069854570380e-01
1.755175879397e-04 2.074604048114e-01 1.755175879397e-04 2.075685014686e-01 1.755175879397e-04 2.792960737755e-01 1.755175879397e-04 3.063530453037e-01
1.778894472362e-04 2.081815979832e-01 1.778894472362e-04 2.083690426460e-01 1.778894472362e-04 2.784945131732e-01 1.778894472362e-04 3.056316220495e-01
1.802613065327e-04 2.089705279293e-01 1.802613065327e-04 2.092199677926e-01 1.802613065327e-04 2.776509304479e-01 1.802613065327e-04 3.048112645864e-01
1.826331658291e-04 2.098326709246e-01 1.826331658291e-04 2.101246862213e-01 1.826331658291e-04 2.767633796014e-01 1.826331658291e-04 3.038817428910e-01
1.850050251256e-04 2.107737553726e-01 1.850050251256e-04 2.110868440664e-01 1.850050251256e-04 2.758298803572e-01 1.850050251256e-04 3.028327674622e-01
1.873768844221e-04 2.117997300686e-01 1.873768844221e-04 2.121103279554e-01 1.873768844221e-04 2.748484306003e-01 1.873768844221e-04 3.016543111583e-01
1.897487437186e-04 2.129167202441e-01 1.897487437186e-04 2.131992627081e-01 1.897487437186e-04 2.738170218365e-01 1.897487437186e-04 3.003370046342e-01
1.921206030151e-04 2.141309692496e-01 1.921206030151e-04 2.143580009269e-01 1.921206030151e-04 2.727336580505e-01 1.921206030151e-04 2.988725961447e-01
1.944924623116e-04 2.154487636137e-01 1.944924623116e-04 2.155911019471e-01 1.944924623116e-04 2.715963783220e-01 1.944924623116e-04 2.972544545966e-01
1.968643216080e-04 2.168763391876e-01 1.968643216080e-04 2.169032972400e-01 1.968643216080e-04 2.704032835267e-01 1.968643216080e-04 2.954780804513e-01
1.992361809045e-04 2.184197661914e-01 1.992361809045e-04 2.182994390478e-01 1.992361809045e-04 2.691525673820e-01 1.992361809045e-04 2.935415739450e-01
2.016080402010e-04 2.200848112810e-01 2.016080402010e-04 2.197844288451e-01 2.016080402010e-04 2.678425520019e-01 2.016080402010e-04 2.914459967386e-01
2.039798994975e-04 2.218767753359e-01 2.039798994975e-04 2.213631222481e-01 2.039798994975e-04 2.664717279881e-01 2.039798994975e-04 2.891955550878e-01
2.063517587940e-04 2.238003065888e-01 2.063517587940e-04 2.230402073351e-01 2.063517587940e-04 2.650387989076e-01 2.063517587940e-04 2.867975338959e-01
2.087236180905e-04 2.258591900790e-01 2.087236180905e-04 2.248200541121e-01 2.087236180905e-04 2.635427297820e-01 2.087236180905e-04 2.842619249524e-01
2.110954773869e-04 2.280561162621e-01 2.110954773869e-04 2.267065341712e-01 2.110954773869e-04 2.619827989521e-01 2.110954773869e-04 2.816007209197e-01
2.134673366834e-04 2.303924339716e-01 2.134673366834e-04 2.287028115447e-01 2.134673366834e-04 2.603586523729e-01 2.134673366834e-04 2.788268880322e-01
2.158391959799e-04 2.328678957779e-01 2.158391959799e-04 2.308111083975e-01 2.158391959799e-04 2.586703590647e-01 2.158391959799e-04 2.759530806739e-01
2.182110552764e-04 2.354804069609e-01 2.182110552764e-04 2.330324524849e-01 2.182110552764e-04 2.569184661033e-01 2.182110552764e-04 2.729902131087e-01
2.205829145729e-04 2.382257925672e-01 2.205829145729e-04 2.353664170804e-01 2.205829145729e-04 2.551040511961e-01 2.205829145729e-04 2.699460497878e-01
2.229547738693e-04 2.410975999264e-01 2.229547738693e-04 2.378108680157e-01 2.229547738693e-04 2.532287705983e-01 2.229547738693e-04 2.668240090016e-01
2.253266331658e-04 2.440869560491e-01 2.253266331658e-04 2.403617361030e-01 2.253266331658e-04 2.512948998990e-01 2.253266331658e-04 2.636223905931e-01
2.276984924623e-04 2.471824998930e-01 2.276984924623e-04 2.430128358809e-01 2.276984924623e-04 2.493053650894e-01 2.276984924623e-04 2.603342344397e-01
2.300703517588e-04 2.503704080001e-01 2.300703517588e-04 2.457557526488e-01 2.300703517588e-04 2.472637613463e-01 2.300703517588e-04 2.569479897840e-01
2.324422110553e-04 2.536345280482e-01 2.324422110553e-04 2.485798184459e-01 2.324422110553e-04 2.451743571558e-01 2.324422110553e-04 2.534491206170e-01
2.348140703518e-04 2.569566283155e-01 2.348140703518e-04 2.514721935506e-01 2.348140703518e-04 2.430420817757e-01 2.348140703518e-04 2.498226789901e-01
2.371859296482e-04 2.603167622700e-01 2.371859296482e-04 2.544180631370e-01 2.371859296482e-04 2.408724946053e-01 2.371859296482e-04 2.460567344689e-01
2.395577889447e-04 2.636937372783e-01 2.395577889447e-04 2.574009493506e-01 2.395577889447e-04 2.386717357670e-01 2.395577889447e-04 2.421463499308e-01
2.419296482412e-04 2.670656660452e-01 2.419296482412e-04 2.604031282444e-01 2.419296482412e-04 2.364464580890e-01 2.419296482412e-04 2.380975612135e-01
2.443015075377e-04 2.704105703429e-01 2.443015075377e-04 2.634061301553e-01 2.443015075377e-04 2.342037416419e-01 2.443015075377e-04 2.339306089353e-01
2.466733668342e-04 2.737070003241e-01 2.466733668342e-04 2.663912928488e-01 2.466733668342e-04 2.319509929615e-01 2.466733668342e-04 2.296815817229e-01
2.490452261307e-04 2.769346303253e-01 2.490452261307e-04 2.693403306297e-01 2.490452261307e-04 2.296958320046e-01 2.490452261307e-04 2.254017653629e-01
2.514170854271e-04 2.800747940328e-01 2.514170854271e-04 2.722358806732e-01 2.514170854271e-04 2.274459706515e-01 2.514170854271e-04 2.211544021899e-01
2.537889447236e-04 2.831109279194e-01 2.537889447236e-04 2.750619904126e-01 2.537889447236e-04 2.252090871193e-01 2.537889447236e-04 2.170091817434e-01
2.561608040201e-04 2.860289010147e-01 2.561608040201e-04 2.778045164855e-01 2.561608040201e-04 2.229927009261e-01 2.561608040201e-04 2.130354103402e-01
2.585326633166e-04 2.888172199140e-01 2.585326633166e-04 2.804514153398e-01 2.585326633166e-04 2.208040530271e-01 2.585326633166e-04 2.092951930361e-01
2.609045226131e-04 2.914671088843e-01 2.609045226131e-04 2.829929165815e-01 2.609045226131e-04 2.186499954231e-01 2.609045226131e-04 2.058379366757e-01
2.632763819095e-04 2.939724745848e-01 2.632763819095e-04 2.854215808818e-01 2.632763819095e-04 2.165368939586e-01 2.632763819095e-04 2.026970609300e-01
2.656482412060e-04 2.963297722623e-01 2.656482412060e-04 2.877322533724e-01 2.656482412060e-04 2.144705472275e-01 2.656482412060e-04 1.998891741995e-01
2.680201005025e-04 2.985377948323e-01 2.680201005025e-04 2.899219300460e-01 2.680201005025e-04 2.124561235747e-01 2.680201005025e-04 1.974153842098e-01
2.703919597990e-04 3.005974079986e-01 2.703919597990e-04 2.919895583792e-01 2.703919597990e-04 2.104981171878e-01 2.703919597990e-04 1.952640512772e-01
2.727638190955e-04 3.025112539109e-01 2.727638190955e-04 2.939357943586e-01 2.727638190955e-04 2.086003233092e-01 2.727638190955e-04 1.934142040537e-01
2.751356783920e-04 3.042834434089e-01 2.751356783920e-04 2.957627367980e-01 2.751356783920e-04 2.067658317230e-01 2.751356783920e-04 1.918389592815e-01
2.775075376884e-04 3.059192533678e-01 2.775075376884e-04 2.974736569802e-01 2.775075376884e-04 2.049970369451e-01 2.775075376884e-04 1.905085089752e-01
2.798793969849e-04 3.074248416596e-01 2.798793969849e-04 2.990727379327e-01 2.798793969849e-04 2.032956629948e-01 2.798793969849e-04 1.893924643930e-01
2.822512562814e-04 3.088069883071e-01 2.822512562814e-04 3.005648336803e-01 2.822512562814e-04 2.016628002683e-01 2.822512562814e-04 1.884615208745e-01
2.846231155779e-04 3.100728678715e-01 2.846231155779e-04 3.019552550655e-01 2.846231155779e-04 2.000989518682e-01 2.846231155779e-04 1.876885152111e-01
2.869949748744e-04 3.112298551801e-01 2.869949748744e-04 3.032495854914e-01 2.869949748744e-04 1.986040867357e-01 2.869949748744e-04 1.870489963321e-01
2.893668341709e-04 3.122853642430e-01 2.893668341709e-04 3.044535273655e-01 2.893668341709e-04 1.971776970703e-01 2.893668341709e-04 1.865214388582e-01
2.917386934673e-04 3.132467185961e-01 2.917386934673e-04 3.055727781270e-01 2.917386934673e-04 1.958188577614e-01 2.917386934673e-04 1.860872152955e-01
2.941105527638e-04 3.141210502767e-01 2.941105527638e-04 3.066129334799e-01 2.941105527638e-04 1.945262858597e-01 2.941105527638e-04 1.857304195807e-01
2.964824120603e-04 3.149152240687e-01 2.964824120603e-04 3.075794147228e-01 2.964824120603e-04 1.932983984646e-01 2.964824120603e-04 1.854376104954e-01
2.988542713568e-04 3.156357834529e-01 2.988542713568e-04 3.084774167494e-01 2.988542713568e-04 1.921333677515e-01 2.988542713568e-04 1.851975222547e-01
3.012261306533e-04 3.162889147460e-01 3.012261306533e-04 3.093118732848e-01 3.012261306533e-04 1.910291722033e-01 3.012261306533e-04 1.850007727878e-01
3.035979899497e-04 3.168804261321e-01 3.035979899497e-04 3.100874361136e-01 3.035979899497e-04 1.899836434188e-01 3.035979899497e-04 1.848395878755e-01
3.059698492462e-04 3.174157386118e-01 3.059698492462e-04 3.108084653693e-01 3.059698492462e-04 1.889945081381e-01 3.059698492462e-04 1.847075507311e-01
3.083417085427e-04 3.178998862579e-01 3.083417085427e-04 3.114790283271e-01 3.083417085427e-04 1.880594253547e-01 3.083417085427e-04 1.845993809641e-01
3.107135678392e-04 3.183375235466e-01 3.107135678392e-04 3.121029045350e-01 3.107135678392e-04 1.871760185596e-01 3.107135678392e-04 1.845107433580e-01
3.130854271357e-04 3.187329378932e-01 3.130854271357e-04 3.126835954889e-01 3.130854271357e-04 1.863419033038e-01 3.130854271357e-04 1.844380848728e-01
3.154572864322e-04 3.190900658550e-01 3.154572864322e-04 3.132243374053e-01 3.154572864322e-04 1.855547103636e-01 3.154572864322e-04 1.843784972379e-01
3.178291457286e-04 3.194125117620e-01 3.178291457286e-04 3.137281159463e-01 3.178291457286e-04 1.848121048579e-01 3.178291457286e-04 1.843296020940e-01
3.202010050251e-04 3.197035677910e-01 3.202010050251e-04 3.141976820125e-01 3.202010050251e-04 1.841118017036e-01 3.202010050251e-04 1.842894556008e-01
3.225728643216e-04 3.199662347183e-01 3.225728643216e-04 3.146355679351e-01 3.225728643216e-04 1.834515778121e-01 3.225728643216e-04 1.842564696051e-01
3.249447236181e-04 3.202032427664e-01 3.249447236181e-04 3.150441035767e-01 3.249447236181e-04 1.828292814257e-01 3.249447236181e-04 1.842293467423e-01
3.273165829146e-04 3.204170721116e-01 3.273165829146e-04 3.154254319926e-01 3.273165829146e-04 1.822428389783e-01 3.273165829146e-04 1.842070271657e-01
3.296884422111e-04 3.206099727374e-01 3.296884422111e-04 3.157815244139e-01 3.296884422111e-04 1.816902598410e-01 3.296884422111e-04 1.841886449176e-01
3.320603015075e-04 3.207839834174e-01 3.320603015075e-04 3.161141944042e-01 3.320603015075e-04 1.811696392850e-01 3.320603015075e-04 1.841734922571e-01
3.344321608040e-04 3.209409496844e-01 3.344321608040e-04 3.164251111026e-01 3.344321608040e-04 1.806791599614e-01 3.344321608040e-04 1.841609905302e-01
3.368040201005e-04 3.210825407035e-01 3.368040201005e-04 3.167158115174e-01 3.368040201005e-04 1.802170921641e-01 3.368040201005e-04 1.841506664023e-01
3.391758793970e-04 3.212102650114e-01 3.391758793970e-04 3.169877118704e-01 3.391758793970e-04 1.797817931104e-01 3.391758793970e-04 1.841421324792e-01
3.415477386935e-04 3.213254851149e-01 3.415477386935e-04 3.172421180124e-01 3.415477386935e-04 1.793717054426e-01 3.415477386935e-04 1.841350715106e-01
3.439195979899e-04 3.214294309703e-01 3.439195979899e-04 3.174802349522e-01 3.439195979899e-04 1.789853551244e-01 3.439195979899e-04 1.841292235179e-01
3.462914572864e-04 3.215232123806e-01 3.462914572864e-04 3.177031755492e-01 3.462914572864e-04 1.786213488806e-01 3.462914572864e-04 1.841243753034e-01
3.486633165829e-04 3.216078303584e-01 3.486633165829e-04 3.179119684242e-01 3.486633165829e-04 1.782783713038e-01 3.486633165829e-04 1.841203519006e-01
3.510351758794e-04 3.216841875122e-01 3.510351758794e-04 3.181075651489e-01 3.510351758794e-04 1.779551817311e-01 3.510351758794e-04 1.841170096048e-01
3.534070351759e-04 3.217530975173e-01 3.534070351759e-04 3.182908467726e-01 3.534070351759e-04 1.776506109764e-01 3.534070351759e-04 1.841142302895e-01
3.557788944724e-04 3.218152937330e-01 3.557788944724e-04 3.184626297428e-01 3.557788944724e-04 1.773635579864e-01 3.557788944724e-04 1.841119167707e-01
3.581507537688e-04 3.218714370299e-01 3.581507537688e-04 3.186236712744e-01 3.581507537688e-04 1.770929864760e-01 3.581507537688e-04 1.841099890229e-01
3.605226130653e-04 3.219221228886e-01 3.605226130653e-04 3.187746742209e-01 3.605226130653e-04 1.768379215871e-01 3.605226130653e-04 1.841083810895e-01
3.628944723618e-04 3.219678878291e-01 3.628944723618e-04 3.189162914919e-01 3.628944723618e-04 1.765974466036e-01 3.628944723618e-04 1.841070385591e-01
3.652663316583e-04 3.220092152274e-01 3.652663316583e-04 3.190491300642e-01 3.652663316583e-04 1.763706997508e-01 3.652663316583e-04 1.841059165014e-01
3.676381909548e-04 3.220465405727e-01 3.676381909548e-04 3.191737546255e-01 3.676381909548e-04 1.761568710951e-01 3.676381909548e-04 1.841049777792e-01
3.700100502513e-04 3.220802562147e-01 3.700100502513e-04 3.192906908856e-01 3.700100502513e-04 1.759551995612e-01 3.700100502513e-04 1.841041916669e-01
3.723819095477e-04 3.221107156485e-01 3.723819095477e-04 3.194004285917e-01 3.723819095477e-04 1.757649700730e-01 3.723819095477e-04 1.841035327175e-01
3.747537688442e-04 3.221382373776e-01 3.747537688442e-04 3.195034242740e-01 3.747537688442e-04 1.755855108252e-01 3.747537688442e-04 1.841029798351e-01
3.771256281407e-04 3.221631083978e-01 3.771256281407e-04 3.196001037507e-01 3.771256281407e-04 1.754161906884e-01 3.771256281407e-04 1.841025155129e-01
3.794974874372e-04 3.221855873347e-01 3.794974874372e-04 3.196908644152e-01 3.794974874372e-04 1.752564167472e-01 3.794974874372e-04 1.841021252078e-01
3.818693467337e-04 3.222059072710e-01 3.818693467337e-04 3.197760773279e-01 3.818693467337e-04 1.751056319705e-01 3.818693467337e-04 1.841017968266e-01
3.842412060302e-04 3.222242782915e-01 3.842412060302e-04 3.198560891310e-01 3.842412060302e-04 1.749633130114e-01 3.842412060302e-04 1.841015203025e-01
3.866130653266e-04 3.222408897745e-01 3.866130653266e-04 3.199312238038e-01 3.866130653266e-04 1.748289681326e-01 3.866130653266e-04 1.841012872473e-01
3.889849246231e-04 3.222559124542e-01 3.889849246231e-04 3.200017842745e-01 3.889849246231e-04 1.747021352527e-01 3.889849246231e-04 1.841010906645e-01
3.913567839196e-04 3.222695002770e-01 3.913567839196e-04 3.200680539007e-01 3.913567839196e-04 1.745823801101e-01 3.913567839196e-04 1.841009247122e-01
3.937286432161e-04 3.222817920713e-01 3.937286432161e-04 3.201302978327e-01 3.937286432161e-04 1.744692945363e-01 3.937286432161e-04 1.841007845078e-01
3.961005025126e-04 3.222929130507e-01 3.961005025126e-04 3.201887642689e-01 3.961005025126e-04 1.743624948362e-01 3.961005025126e-04 1.841006659665e-01
3.984723618090e-04 3.223029761660e-01 3.984723618090e-04 3.202436856144e-01 3.984723618090e-04 1.742616202684e-01 3.984723618090e-04 1.841005656675e-01
4.008442211055e-04 3.223120833217e-01 4.008442211055e-04 3.202952795507e-01 4.008442211055e-04 1.741663316200e-01 4.008442211055e-04 1.841004807432e-01
4.032160804020e-04 3.223203264712e-01 4.032160804020e-04 3.203437500248e-01 4.032160804020e-04 1.740763098711e-01 4.032160804020e-04 1.841004087877e-01
4.055879396985e-04 3.223277886015e-01 4.055879396985e-04 3.203892881645e-01 4.055879396985e-04 1.739912549442e-01 4.055879396985e-04 1.841003477803e-01
4.079597989950e-04 3.223345446196e-01 4.079597989950e-04 3.204320731270e-01 4.079597989950e-04 1.739108845316e-01 4.079597989950e-04 1.841002960224e-01
4.103316582915e-04 3.223406621504e-01 4.103316582915e-04 3.204722728848e-01 4.103316582915e-04 1.738349329986e-01 4.103316582915e-04 1.841002520851e-01
4.127035175879e-04 3.223462022546e-01 4.127035175879e-04 3.205100449563e-01 4.127035175879e-04 1.737631503560e-01 4.127035175879e-04 1.841002147648e-01
4.150753768844e-04 3.223512200749e-01 4.150753768844e-04 3.205455370836e-01 4.150753768844e-04 1.736953012979e-01 4.150753768844e-04 1.841001830472e-01
4.174472361809e-04 3.223557654175e-01 4.174472361809e-04 3.205788878639e-01 4.174472361809e-04 1.736311643012e-01 4.174472361809e-04 1.841001560768e-01
4.198190954774e-04 3.223598832767e-01 4.198190954774e-04 3.206102273354e-01 4.198190954774e-04 1.735705307824e-01 4.198190954774e-04 1.841001331314e-01
4.221909547739e-04 3.223636143056e-01 4.221909547739e-04 3.206396775244e-01 4.221909547739e-04 1.735132043083e-01 4.221909547739e-04 1.841001136006e-01
4.245628140704e-04 3.223669952415e-01 4.245628140704e-04 3.206673529544e-01 4.245628140704e-04 1.734589998566e-01 4.245628140704e-04 1.841000969687e-01
4.269346733668e-04 3.223700592880e-01 4.269346733668e-04 3.206933611205e-01 4.269346733668e-04 1.734077431237e-01 4.269346733668e-04 1.841000827990e-01
4.293065326633e-04 3.223728364603e-01 4.293065326633e-04 3.207178029328e-01 4.293065326633e-04 1.733592698762e-01 4.293065326633e-04 1.841000707219e-01
4.316783919598e-04 3.223753538951e-01 4.316783919598e-04 3.207407731295e-01 4.316783919598e-04 1.733134253442e-01 4.316783919598e-04 1.841000604242e-01
4.340502512563e-04 3.223776361309e-01 4.340502512563e-04 3.207623606633e-01 4.340502512563e-04 1.732700636517e-01 4.340502512563e-04 1.841000516404e-01
4.364221105528e-04 3.223797053599e-01 4.364221105528e-04 3.207826490622e-01 4.364221105528e-04 1.732290472838e-01 4.364221105528e-04 1.841000441451e-01
4.387939698492e-04 3.223815816559e-01 4.387939698492e-04 3.208017167668e-01 4.387939698492e-04 1.731902465871e-01 4.387939698492e-04 1.841000377472e-01
4.411658291457e-04 3.223832831786e-01 4.411658291457e-04 3.208196374459e-01 4.411658291457e-04 1.731535393016e-01 4.411658291457e-04 1.841000322842e-01
4.435376884422e-04 3.223848263591e-01 4.435376884422e-04 3.208364802913e-01 4.435376884422e-04 1.731188101210e-01 4.435376884422e-04 1.841000276180e-01
4.459095477387e-04 3.223862260665e-01 4.459095477387e-04 3.208523102946e-01 4.459095477387e-04 1.730859502818e-01 4.459095477387e-04 1.841000236312e-01
4.482814070352e-04 3.223874957583e-01 4.482814070352e-04 3.208671885055e-01 4.482814070352e-04 1.730548571767e-01 4.482814070352e-04 1.841000202240e-01
4.506532663317e-04 3.223886476159e-01 4.506532663317e-04 3.208811722738e-01 4.506532663317e-04 1.730254339922e-01 4.506532663317e-04 1.841000173113e-01
4.530251256281e-04 3.223896926674e-01 4.530251256281e-04 3.208943154770e-01 4.530251256281e-04 1.729975893691e-01 4.530251256281e-04 1.841000148207e-01
4.553969849246e-04 3.223906408984e-01 4.553969849246e-04 3.209066687322e-01 4.553969849246e-04 1.729712370831e-01 4.553969849246e-04 1.841000126906e-01
4.577688442211e-04 3.223915013511e-01 4.577688442211e-04 3.209182795959e-01 4.577688442211e-04 1.729462957457e-01 4.577688442211e-04 1.841000108683e-01
4.601407035176e-04 3.223922822151e-01 4.601407035176e-04 3.209291927506e-01 4.601407035176e-04 1.729226885225e-01 4.601407035176e-04 1.841000093091e-01
4.625125628141e-04 3.223929909084e-01 4.625125628141e-04 3.209394501801e-01 4.625125628141e-04 1.729003428696e-01 4.625125628141e-04 1.841000079747e-01
4.648844221106e-04 3.223936341512e-01 4.648844221106e-04 3.209490913335e-01 4.648844221106e-04 1.728791902852e-01 4.648844221106e-04 1.841000068325e-01
4.672562814070e-04 3.223942180319e-01 4.672562814070e-04 3.209581532798e-01 4.672562814070e-04 1.728591660768e-01 4.672562814070e-04 1.841000058546e-01
4.696281407035e-04 3.223947480677e-01 4.696281407035e-04 3.209666708522e-01 4.696281407035e-04 1.728402091420e-01 4.696281407035e-04 1.841000050173e-01
4.720000000000e-04 3.223952292584e-01 4.720000000000e-04 3.209746767840e-01 4.720000000000e-04 1.728222617626e-01 4.720000000000e-04 1.841000043002e-01
