0.000000000000e+00 1.914526440137e-01 0.000000000000e+00 2.000077832213e-01 0.000000000000e+00 3.230283377988e-01 0.000000000000e+00 2.848999944885e-01
2.356783919598e-06 1.914564267625e-01 2.356783919598e-06 2.000148732519e-01 2.356783919598e-06 3.229919366491e-01 2.356783919598e-06 2.848999935090e-01
4.713567839196e-06 1.914604810877e-01 4.713567839196e-06 2.000224299408e-01 4.713567839196e-06 3.229538363538e-01 4.713567839196e-06 2.848999923540e-01
7.070351758794e-06 1.914648264531e-01 7.070351758794e-06 2.000304840401e-01 7.070351758794e-06 3.229139592510e-01 7.070351758794e-06 2.848999909916e-01
9.427135678392e-06 1.914694837126e-01 9.427135678392e-06 2.000390683332e-01 9.427135678392e-06 3.228722242776e-01 9.427135678392e-06 2.848999893841e-01
1.178391959799e-05 1.914744752092e-01 1.178391959799e-05 2.000482177703e-01 1.178391959799e-05 3.228285468334e-01 1.178391959799e-05 2.848999874871e-01
1.414070351759e-05 1.914798248803e-01 1.414070351759e-05 2.000579696120e-01 1.414070351759e-05 3.227828386409e-01 1.414070351759e-05 2.848999852479e-01
1.649748743719e-05 1.914855583705e-01 1.649748743719e-05 2.000683635829e-01 1.649748743719e-05 3.227350076004e-01 1.649748743719e-05 2.848999826040e-01
1.885427135678e-05 1.914917031526e-01 1.885427135678e-05 2.000794420356e-01 1.885427135678e-05 3.226849576407e-01 1.885427135678e-05 2.848999794816e-01
2.121105527638e-05 1.914982886568e-01 2.121105527638e-05 2.000912501261e-01 2.121105527638e-05 3.226325885658e-01 2.121105527638e-05 2.848999757932e-01
2.356783919598e-05 1.915053464089e-01 2.356783919598e-05 2.001038360002e-01 2.356783919598e-05 3.225777958964e-01 2.356783919598e-05 2.848999714349e-01
2.592462311558e-05 1.915129101780e-01 2.592462311558e-05 2.001172509934e-01 2.592462311558e-05 3.225204707069e-01 2.592462311558e-05 2.848999662839e-01
2.828140703518e-05 1.915210161350e-01 2.828140703518e-05 2.001315498436e-01 2.828140703518e-05 3.224604994584e-01 2.828140703518e-05 2.848999601944e-01
3.063819095477e-05 1.915297030209e-01 3.063819095477e-05 2.001467909189e-01 3.063819095477e-05 3.223977638261e-01 3.063819095477e-05 2.848999529932e-01
3.299497487437e-05 1.915390123281e-01 3.299497487437e-05 2.001630364607e-01 3.299497487437e-05 3.223321405231e-01 3.299497487437e-05 2.848999444754e-01
3.535175879397e-05 1.915489884932e-01 3.535175879397e-05 2.001803528430e-01 3.535175879397e-05 3.222635011186e-01 3.535175879397e-05 2.848999343974e-01
3.770854271357e-05 1.915596791034e-01 3.770854271357e-05 2.001988108501e-01 3.770854271357e-05 3.221917118517e-01 3.770854271357e-05 2.848999224700e-01
4.006532663317e-05 1.915711351170e-01 4.006532663317e-05 2.002184859731e-01 4.006532663317e-05 3.221166334407e-01 4.006532663317e-05 2.848999083499e-01
4.242211055276e-05 1.915834110990e-01 4.242211055276e-05 2.002394587263e-01 4.242211055276e-05 3.220381208871e-01 4.242211055276e-05 2.848998916295e-01
4.477889447236e-05 1.915965654729e-01 4.477889447236e-05 2.002618149868e-01 4.477889447236e-05 3.219560232755e-01 4.477889447236e-05 2.848998718241e-01
4.713567839196e-05 1.916106607892e-01 4.713567839196e-05 2.002856463560e-01 4.713567839196e-05 3.218701835676e-01 4.713567839196e-05 2.848998483577e-01
4.949246231156e-05 1.916257640130e-01 4.949246231156e-05 2.003110505476e-01 4.949246231156e-05 3.217804383921e-01 4.949246231156e-05 2.848998205455e-01
5.184924623116e-05 1.916419468297e-01 5.184924623116e-05 2.003381318021e-01 5.184924623116e-05 3.216866178292e-01 5.184924623116e-05 2.848997875732e-01
5.420603015075e-05 1.916592859729e-01 5.420603015075e-05 2.003670013302e-01 5.420603015075e-05 3.215885451895e-01 5.420603015075e-05 2.848997484719e-01
5.656281407035e-05 1.916778635733e-01 5.656281407035e-05 2.003977777883e-01 5.656281407035e-05 3.214860367884e-01 5.656281407035e-05 2.848997020883e-01
5.891959798995e-05 1.916977675316e-01 5.891959798995e-05 2.004305877869e-01 5.891959798995e-05 3.213789017136e-01 5.891959798995e-05 2.848996470500e-01
6.127638190955e-05 1.917190919164e-01 6.127638190955e-05 2.004655664356e-01 6.127638190955e-05 3.212669415877e-01 6.127638190955e-05 2.848995817222e-01
6.363316582915e-05 1.917419373885e-01 6.363316582915e-05 2.005028579269e-01 6.363316582915e-05 3.211499503236e-01 6.363316582915e-05 2.848995041582e-01
6.598994974874e-05 1.917664116538e-01 6.598994974874e-05 2.005426161627e-01 6.598994974874e-05 3.210277138739e-01 6.598994974874e-05 2.848994120380e-01
6.834673366834e-05 1.917926299466e-01 6.834673366834e-05 2.005850054256e-01 6.834673366834e-05 3.209000099718e-01 6.834673366834e-05 2.848993025968e-01
7.070351758794e-05 1.918207155453e-01 7.070351758794e-05 2.006302010999e-01 7.070351758794e-05 3.207666078645e-01 7.070351758794e-05 2.848991725378e-01
7.306030150754e-05 1.918508003221e-01 7.306030150754e-05 2.006783904448e-01 7.306030150754e-05 3.206272680369e-01 7.306030150754e-05 2.848990179300e-01
7.541708542714e-05 1.918830253301e-01 7.541708542714e-05 2.007297734261e-01 7.541708542714e-05 3.204817419254e-01 7.541708542714e-05 2.848988340831e-01
7.777386934673e-05 1.919175414292e-01 7.777386934673e-05 2.007845636095e-01 7.777386934673e-05 3.203297716193e-01 7.777386934673e-05 2.848986154008e-01
8.013065326633e-05 1.919545099548e-01 8.013065326633e-05 2.008429891213e-01 8.013065326633e-05 3.201710895497e-01 8.013065326633e-05 2.848983552026e-01
8.248743718593e-05 1.919941034311e-01 8.248743718593e-05 2.009052936828e-01 8.248743718593e-05 3.200054181619e-01 8.248743718593e-05 2.848980455120e-01
8.484422110553e-05 1.920365063327e-01 8.484422110553e-05 2.009717377240e-01 8.484422110553e-05 3.198324695708e-01 8.484422110553e-05 2.848976768024e-01
8.720100502513e-05 1.920819158993e-01 8.720100502513e-05 2.010425995836e-01 8.720100502513e-05 3.196519451956e-01 8.720100502513e-05 2.848972376920e-01
8.955778894472e-05 1.921305430055e-01 8.955778894472e-05 2.011181768044e-01 8.955778894472e-05 3.194635353700e-01 8.955778894472e-05 2.848967145795e-01
9.191457286432e-05 1.921826130918e-01 9.191457286432e-05 2.011987875308e-01 9.191457286432e-05 3.192669189257e-01 9.191457286432e-05 2.848960912057e-01
9.427135678392e-05 1.922383671618e-01 9.427135678392e-05 2.012847720186e-01 9.427135678392e-05 3.190617627427e-01 9.427135678392e-05 2.848953481298e-01
9.662814070352e-05 1.922980628503e-01 9.662814070352e-05 2.013764942690e-01 9.662814070352e-05 3.188477212622e-01 9.662814070352e-05 2.848944620995e-01
9.898492462312e-05 1.923619755708e-01 9.898492462312e-05 2.014743437958e-01 9.898492462312e-05 3.186244359564e-01 9.898492462312e-05 2.848934052971e-01
1.013417085427e-04 1.924303997476e-01 1.013417085427e-04 2.015787375411e-01 1.013417085427e-04 3.183915347474e-01 1.013417085427e-04 2.848921444335e-01
1.036984924623e-04 1.925036501441e-01 1.036984924623e-04 2.016901219534e-01 1.036984924623e-04 3.181486313673e-01 1.036984924623e-04 2.848906396625e-01
1.060552763819e-04 1.925820632946e-01 1.060552763819e-04 2.018089752424e-01 1.060552763819e-04 3.178953246511e-01 1.060552763819e-04 2.848888432767e-01
1.084120603015e-04 1.926659990542e-01 1.084120603015e-04 2.019358098315e-01 1.084120603015e-04 3.176311977514e-01 1.084120603015e-04 2.848866981431e-01
1.107688442211e-04 1.927558422788e-01 1.107688442211e-04 2.020711750243e-01 1.107688442211e-04 3.173558172628e-01 1.107688442211e-04 2.848841358239e-01
1.131256281407e-04 1.928520046528e-01 1.131256281407e-04 2.022156599098e-01 1.131256281407e-04 3.170687322439e-01 1.131256281407e-04 2.848810743216e-01
1.154824120603e-04 1.929549266839e-01 1.154824120603e-04 2.023698965288e-01 1.154824120603e-04 3.167694731215e-01 1.154824120603e-04 2.848774153705e-01
1.178391959799e-04 1.930650798882e-01 1.178391959799e-04 2.025345633293e-01 1.178391959799e-04 3.164575504601e-01 1.178391959799e-04 2.848730411849e-01
1.201959798995e-04 1.931829691926e-01 1.201959798995e-04 2.027103889404e-01 1.201959798995e-04 3.161324535792e-01 1.201959798995e-04 2.848678105541e-01
1.225527638191e-04 1.933091355898e-01 1.225527638191e-04 2.028981562961e-01 1.225527638191e-04 3.157936489986e-01 1.225527638191e-04 2.848615541532e-01
1.249095477387e-04 1.934441590819e-01 1.249095477387e-04 2.030987071466e-01 1.249095477387e-04 3.154405786887e-01 1.249095477387e-04 2.848540689133e-01
1.272663316583e-04 1.935886619636e-01 1.272663316583e-04 2.033129469940e-01 1.272663316583e-04 3.150726581032e-01 1.272663316583e-04 2.848451112618e-01
1.296231155779e-04 1.937433124984e-01 1.296231155779e-04 2.035418504939e-01 1.296231155779e-04 3.146892739688e-01 1.296231155779e-04 2.848343890102e-01
1.319798994975e-04 1.939088290585e-01 1.319798994975e-04 2.037864673686e-01 1.319798994975e-04 3.142897818047e-01 1.319798994975e-04 2.848215516187e-01
1.343366834171e-04 1.940859848063e-01 1.343366834171e-04 2.040479288770e-01 1.343366834171e-04 3.138735031439e-01 1.343366834171e-04 2.848061785207e-01
1.366934673367e-04 1.942756130174e-01 1.366934673367e-04 2.043274548899e-01 1.366934673367e-04 3.134397224279e-01 1.366934673367e-04 2.847877651252e-01
1.390502512563e-04 1.944786131574e-01 1.390502512563e-04 2.046263616188e-01 1.390502512563e-04 3.129876835462e-01 1.390502512563e-04 2.847657060496e-01
1.414070351759e-04 1.946959578525e-01 1.414070351759e-04 2.049460700455e-01 1.414070351759e-04 3.125165859912e-01 1.414070351759e-04 2.847392750510e-01
1.437638190955e-04 1.949287009140e-01 1.437638190955e-04 2.052881150943e-01 1.437638190955e-04 3.120255806043e-01 1.437638190955e-04 2.847076010349e-01
1.461206030151e-04 1.951779866106e-01 1.461206030151e-04 2.056541555839e-01 1.461206030151e-04 3.115137648888e-01 1.461206030151e-04 2.846696394127e-01
1.484773869347e-04 1.954450604134e-01 1.484773869347e-04 2.060459849813e-01 1.484773869347e-04 3.109801778730e-01 1.484773869347e-04 2.846241379708e-01
1.508341708543e-04 1.957312814767e-01 1.508341708543e-04 2.064655429632e-01 1.508341708543e-04 3.104237945132e-01 1.508341708543e-04 2.845695962872e-01
1.531909547739e-04 1.960381371609e-01 1.531909547739e-04 2.069149277654e-01 1.531909547739e-04 3.098435196379e-01 1.531909547739e-04 2.845042176106e-01
1.555477386935e-04 1.963672599480e-01 1.555477386935e-04 2.073964092611e-01 1.555477386935e-04 3.092381814481e-01 1.555477386935e-04 2.844258519995e-01
1.579045226131e-04 1.967204471481e-01 1.579045226131e-04 2.079124426636e-01 1.579045226131e-04 3.086065246074e-01 1.579045226131e-04 2.843319294230e-01
1.602613065327e-04 1.970996838416e-01 1.602613065327e-04 2.084656826784e-01 1.602613065327e-04 3.079472029803e-01 1.602613065327e-04 2.842193814777e-01
1.626180904523e-04 1.975071695461e-01 1.626180904523e-04 2.090589978493e-01 1.626180904523e-04 3.072587721061e-01 1.626180904523e-04 2.840845504069e-01
1.649748743719e-04 1.979453491261e-01 1.649748743719e-04 2.096954847278e-01 1.649748743719e-04 3.065396815333e-01 1.649748743719e-04 2.839230842743e-01
1.673316582915e-04 1.984169484804e-01 1.673316582915e-04 2.103784813611e-01 1.673316582915e-04 3.057882671876e-01 1.673316582915e-04 2.837298175231e-01
1.696884422111e-04 1.989250155173e-01 1.696884422111e-04 2.111115794198e-01 1.696884422111e-04 3.050027439967e-01 1.696884422111e-04 2.834986368342e-01
1.720452261307e-04 1.994729668612e-01 1.720452261307e-04 2.118986340816e-01 1.720452261307e-04 3.041811990652e-01 1.720452261307e-04 2.832223333385e-01
1.744020100503e-04 2.000646405811e-01 1.744020100503e-04 2.127437705396e-01 1.744020100503e-04 3.033215857651e-01 1.744020100503e-04 2.828924439998e-01
1.767587939698e-04 2.007043549785e-01 1.767587939698e-04 2.136513857192e-01 1.767587939698e-04 3.024217191950e-01 1.767587939698e-04 2.824990875912e-01
1.791155778894e-04 2.013969730489e-01 1.791155778894e-04 2.146261434712e-01 1.791155778894e-04 3.014792735584e-01 1.791155778894e-04 2.820308043774e-01
1.814723618090e-04 2.021479716098e-01 1.814723618090e-04 2.156729611609e-01 1.814723618090e-04 3.004917821169e-01 1.814723618090e-04 2.814744136109e-01
1.838291457286e-04 2.029635131680e-01 1.838291457286e-04 2.167969852262e-01 1.838291457286e-04 2.994566404834e-01 1.838291457286e-04 2.808149094085e-01
1.861859296482e-04 2.038505173268e-01 1.861859296482e-04 2.180035529493e-01 1.861859296482e-04 2.983711141383e-01 1.861859296482e-04 2.800354234239e-01
1.885427135678e-04 2.048167268065e-01 1.885427135678e-04 2.192981374231e-01 1.885427135678e-04 2.972323511510e-01 1.885427135678e-04 2.791172915215e-01
1.908994974874e-04 2.058707608992e-01 1.908994974874e-04 2.206862725556e-01 1.908994974874e-04 2.960374011901e-01 1.908994974874e-04 2.780402702357e-01
1.932562814070e-04 2.070221463619e-01 1.932562814070e-04 2.221734550145e-01 1.932562814070e-04 2.947832419612e-01 1.932562814070e-04 2.767829550550e-01
1.956130653266e-04 2.082813123938e-01 1.956130653266e-04 2.237650203655e-01 1.956130653266e-04 2.934668142382e-01 1.956130653266e-04 2.753234531189e-01
1.979698492462e-04 2.096595326000e-01 1.979698492462e-04 2.254659913973e-01 1.979698492462e-04 2.920850666088e-01 1.979698492462e-04 2.736403531359e-01
2.003266331658e-04 2.111687930965e-01 2.003266331658e-04 2.272808978611e-01 2.003266331658e-04 2.906350109271e-01 2.003266331658e-04 2.717140099214e-01
2.026834170854e-04 2.128215628043e-01 2.026834170854e-04 2.292135686602e-01 2.026834170854e-04 2.891137892330e-01 2.026834170854e-04 2.695281155000e-01
2.050402010050e-04 2.146304405926e-01 2.050402010050e-04 2.312668999501e-01 2.050402010050e-04 2.875187525285e-01 2.050402010050e-04 2.670714624191e-01
2.073969849246e-04 2.166076557285e-01 2.073969849246e-04 2.334426056149e-01 2.073969849246e-04 2.858475512858e-01 2.073969849246e-04 2.643397242151e-01
2.097537688442e-04 2.187644049328e-01 2.097537688442e-04 2.357409600339e-01 2.097537688442e-04 2.840982368785e-01 2.097537688442e-04 2.613369995635e-01
2.121105527638e-04 2.211100231288e-01 2.121105527638e-04 2.381605466666e-01 2.121105527638e-04 2.822693722882e-01 2.121105527638e-04 2.580768175428e-01
2.144673366834e-04 2.236510071669e-01 2.144673366834e-04 2.406980293398e-01 2.144673366834e-04 2.803601494513e-01 2.144673366834e-04 2.545823129891e-01
2.168241206030e-04 2.263899424214e-01 2.168241206030e-04 2.433479656694e-01 2.168241206030e-04 2.783705095288e-01 2.168241206030e-04 2.508853761273e-01
2.191809045226e-04 2.293244187827e-01 2.191809045226e-04 2.461026831618e-01 2.191809045226e-04 2.763012612707e-01 2.191809045226e-04 2.470247583134e-01
2.215376884422e-04 2.324460593206e-01 2.215376884422e-04 2.489522376165e-01 2.215376884422e-04 2.741541916059e-01 2.215376884422e-04 2.430433401243e-01
2.238944723618e-04 2.357398123863e-01 2.238944723618e-04 2.518844700570e-01 2.238944723618e-04 2.719321617467e-01 2.238944723618e-04 2.389849740449e-01
2.262512562814e-04 2.391836645556e-01 2.262512562814e-04 2.548851724314e-01 2.262512562814e-04 2.696391815990e-01 2.262512562814e-04 2.348914302549e-01
2.286080402010e-04 2.427489071690e-01 2.286080402010e-04 2.579383640480e-01 2.286080402010e-04 2.672804552431e-01 2.286080402010e-04 2.307999548562e-01
2.309648241206e-04 2.464010286616e-01 2.309648241206e-04 2.610266709393e-01 2.309648241206e-04 2.648623908403e-01 2.309648241206e-04 2.267417981406e-01
2.333216080402e-04 2.501012139823e-01 2.333216080402e-04 2.641317902804e-01 2.333216080402e-04 2.623925695760e-01 2.333216080402e-04 2.227418368366e-01
2.356783919598e-04 2.538083283560e-01 2.356783919598e-04 2.672350130633e-01 2.356783919598e-04 2.598796701962e-01 2.356783919598e-04 2.188191734850e-01
2.380351758794e-04 2.574811708713e-01 2.380351758794e-04 2.703177718426e-01 2.380351758794e-04 2.573333482301e-01 2.380351758794e-04 2.149884152309e-01
2.403919597990e-04 2.610807294375e-01 2.403919597990e-04 2.733621775821e-01 2.403919597990e-04 2.547640719468e-01 2.403919597990e-04 2.112612500072e-01
2.427487437186e-04 2.645721685926e-01 2.427487437186e-04 2.763515109128e-01 2.427487437186e-04 2.521829201994e-01 2.427487437186e-04 2.076479516546e-01
2.451055276382e-04 2.679263354888e-01 2.451055276382e-04 2.792706382481e-01 2.451055276382e-04 2.496013502450e-01 2.451055276382e-04 2.041585325544e-01
2.474623115578e-04 2.711206610564e-01 2.474623115578e-04 2.821063313138e-01 2.474623115578e-04 2.470309460644e-01 2.474623115578e-04 2.008033874693e-01
2.498190954774e-04 2.741394373249e-01 2.498190954774e-04 2.848474784509e-01 2.498190954774e-04 2.444831593422e-01 2.498190954774e-04 1.975934013911e-01
2.521758793970e-04 2.769735427285e-01 2.521758793970e-04 2.874851860625e-01 2.521758793970e-04 2.419690559067e-01 2.521758793970e-04 1.945396013561e-01
2.545326633166e-04 2.796197477552e-01 2.545326633166e-04 2.900127775034e-01 2.545326633166e-04 2.394990799801e-01 2.545326633166e-04 1.916525020181e-01
2.568894472362e-04 2.820797579416e-01 2.568894472362e-04 2.924257035872e-01 2.568894472362e-04 2.370828471194e-01 2.568894472362e-04 1.889413222961e-01
2.592462311558e-04 2.843591445797e-01 2.592462311558e-04 2.947213832333e-01 2.592462311558e-04 2.347289744104e-01 2.592462311558e-04 1.864132395962e-01
2.616030150754e-04 2.864662860332e-01 2.616030150754e-04 2.968989945698e-01 2.616030150754e-04 2.324449536076e-01 2.616030150754e-04 1.840728093875e-01
2.639597989950e-04 2.884114058315e-01 2.639597989950e-04 2.989592363840e-01 2.639597989950e-04 2.302370698038e-01 2.639597989950e-04 1.819216249796e-01
2.663165829146e-04 2.902057571236e-01 2.663165829146e-04 3.009040777303e-01 2.663165829146e-04 2.281103652084e-01 2.663165829146e-04 1.799582386238e-01
2.686733668342e-04 2.918609725013e-01 2.686733668342e-04 3.027365103882e-01 2.686733668342e-04 2.260686449762e-01 2.686733668342e-04 1.781783208379e-01
2.710301507538e-04 2.933885760624e-01 2.710301507538e-04 3.044603153069e-01 2.710301507538e-04 2.241145199661e-01 2.710301507538e-04 1.765750057438e-01
2.733869346734e-04 2.947996408432e-01 2.733869346734e-04 3.060798506437e-01 2.733869346734e-04 2.222494799173e-01 2.733869346734e-04 1.751393571539e-01
2.757437185930e-04 2.961045679700e-01 2.757437185930e-04 3.075998658317e-01 2.757437185930e-04 2.204739898254e-01 2.757437185930e-04 1.738608906058e-01
2.781005025126e-04 2.973129621273e-01 2.781005025126e-04 3.090253434905e-01 2.781005025126e-04 2.187876022175e-01 2.781005025126e-04 1.727280961941e-01
2.804572864322e-04 2.984335793863e-01 2.804572864322e-04 3.103613689734e-01 2.804572864322e-04 2.171890784490e-01 2.804572864322e-04 1.717289213036e-01
2.828140703518e-04 2.994743265760e-01 2.828140703518e-04 3.116130259347e-01 2.828140703518e-04 2.156765129348e-01 2.828140703518e-04 1.708511874417e-01
2.851708542714e-04 3.004422951759e-01 2.851708542714e-04 3.127853153987e-01 2.851708542714e-04 2.142474552447e-01 2.851708542714e-04 1.700829287763e-01
2.875276381910e-04 3.013438164724e-01 2.875276381910e-04 3.138830953487e-01 2.875276381910e-04 2.128990260975e-01 2.875276381910e-04 1.694126504353e-01
2.898844221106e-04 3.021845281050e-01 2.898844221106e-04 3.149110377095e-01 2.898844221106e-04 2.116280243919e-01 2.898844221106e-04 1.688295118030e-01
2.922412060302e-04 3.029694449597e-01 2.922412060302e-04 3.158735996810e-01 2.922412060302e-04 2.104310234159e-01 2.922412060302e-04 1.683234442730e-01
2.945979899497e-04 3.037030296287e-01 2.945979899497e-04 3.167750066100e-01 2.945979899497e-04 2.093044552559e-01 2.945979899497e-04 1.678852147949e-01
2.969547738693e-04 3.043892593784e-01 2.969547738693e-04 3.176192439044e-01 2.969547738693e-04 2.082446831384e-01 2.969547738693e-04 1.675064467567e-01
2.993115577889e-04 3.050316878476e-01 2.993115577889e-04 3.184100558376e-01 2.993115577889e-04 2.072480619894e-01 2.993115577889e-04 1.671796089073e-01
3.016683417085e-04 3.056335005993e-01 3.016683417085e-04 3.191509494419e-01 3.016683417085e-04 2.063109878947e-01 3.016683417085e-04 1.668979816168e-01
3.040251256281e-04 3.061975642718e-01 3.040251256281e-04 3.198452020176e-01 3.040251256281e-04 2.054299374050e-01 3.040251256281e-04 1.666556081569e-01
3.063819095477e-04 3.067264694777e-01 3.063819095477e-04 3.204958710780e-01 3.063819095477e-04 2.046014977820e-01 3.063819095477e-04 1.664472370873e-01
3.087386934673e-04 3.072225678454e-01 3.087386934673e-04 3.211058058099e-01 3.087386934673e-04 2.038223893380e-01 3.087386934673e-04 1.662682603798e-01
3.110954773869e-04 3.076880037327e-01 3.110954773869e-04 3.216776593436e-01 3.110954773869e-04 2.030894810184e-01 3.110954773869e-04 1.661146506728e-01
3.134522613065e-04 3.081247411994e-01 3.134522613065e-04 3.222139013075e-01 3.134522613065e-04 2.023998003210e-01 3.134522613065e-04 1.659829000277e-01
3.158090452261e-04 3.085345868325e-01 3.158090452261e-04 3.227168302860e-01 3.158090452261e-04 2.017505385606e-01 3.158090452261e-04 1.658699617593e-01
3.181658291457e-04 3.089192089931e-01 3.181658291457e-04 3.231885859167e-01 3.181658291457e-04 2.011390523858e-01 3.181658291457e-04 1.657731962970e-01
3.205226130653e-04 3.092801540095e-01 3.205226130653e-04 3.236311604493e-01 3.205226130653e-04 2.005628623470e-01 3.205226130653e-04 1.656903215774e-01
3.228793969849e-04 3.096188597909e-01 3.228793969849e-04 3.240464096583e-01 3.228793969849e-04 2.000196491999e-01 3.228793969849e-04 1.656193681469e-01
3.252361809045e-04 3.099366672759e-01 3.252361809045e-04 3.244360630532e-01 3.252361809045e-04 1.995072485291e-01 3.252361809045e-04 1.655586389230e-01
3.275929648241e-04 3.102348300795e-01 3.275929648241e-04 3.248017333662e-01 3.275929648241e-04 1.990236441764e-01 3.275929648241e-04 1.655066734190e-01
3.299497487437e-04 3.105145226473e-01 3.299497487437e-04 3.251449253220e-01 3.299497487437e-04 1.985669608698e-01 3.299497487437e-04 1.654622161426e-01
3.323065326633e-04 3.107768471801e-01 3.323065326633e-04 3.254670437161e-01 3.323065326633e-04 1.981354563757e-01 3.323065326633e-04 1.654241888331e-01
3.346633165829e-04 3.110228395478e-01 3.346633165829e-04 3.257694008347e-01 3.346633165829e-04 1.977275134277e-01 3.346633165829e-04 1.653916661780e-01
3.370201005025e-04 3.112534743789e-01 3.370201005025e-04 3.260532232597e-01 3.370201005025e-04 1.973416316286e-01 3.370201005025e-04 1.653638546524e-01
3.393768844221e-04 3.114696694732e-01 3.393768844221e-04 3.263196581042e-01 3.393768844221e-04 1.969764194773e-01 3.393768844221e-04 1.653400741381e-01
3.417336683417e-04 3.116722896660e-01 3.417336683417e-04 3.265697787233e-01 3.417336683417e-04 1.966305866300e-01 3.417336683417e-04 1.653197419967e-01
3.440904522613e-04 3.118621502424e-01 3.440904522613e-04 3.268045899468e-01 3.440904522613e-04 1.963029364755e-01 3.440904522613e-04 1.653023593017e-01
3.464472361809e-04 3.120400199848e-01 3.464472361809e-04 3.270250328763e-01 3.464472361809e-04 1.959923590775e-01 3.464472361809e-04 1.652874989575e-01
3.488040201005e-04 3.122066239202e-01 3.488040201005e-04 3.272319892873e-01 3.488040201005e-04 1.956978245159e-01 3.488040201005e-04 1.652747954631e-01
3.511608040201e-04 3.123626458196e-01 3.511608040201e-04 3.274262856736e-01 3.511608040201e-04 1.954183766456e-01 3.511608040201e-04 1.652639361047e-01
3.535175879397e-04 3.125087304922e-01 3.535175879397e-04 3.276086969679e-01 3.535175879397e-04 1.951531272752e-01 3.535175879397e-04 1.652546533858e-01
3.558743718593e-04 3.126454859079e-01 3.558743718593e-04 3.277799499707e-01 3.558743718593e-04 1.949012507628e-01 3.558743718593e-04 1.652467185271e-01
3.582311557789e-04 3.127734851742e-01 3.582311557789e-04 3.279407265137e-01 3.582311557789e-04 1.946619790159e-01 3.582311557789e-04 1.652399358899e-01
3.605879396985e-04 3.128932683895e-01 3.605879396985e-04 3.280916663849e-01 3.605879396985e-04 1.944345968803e-01 3.605879396985e-04 1.652341381945e-01
3.629447236181e-04 3.130053443873e-01 3.629447236181e-04 3.282333700355e-01 3.629447236181e-04 1.942184378983e-01 3.629447236181e-04 1.652291824222e-01
3.653015075377e-04 3.131101923856e-01 3.653015075377e-04 3.283664010905e-01 3.653015075377e-04 1.940128804140e-01 3.653015075377e-04 1.652249463065e-01
3.676582914573e-04 3.132082635513e-01 3.676582914573e-04 3.284912886797e-01 3.676582914573e-04 1.938173440048e-01 3.676582914573e-04 1.652213253275e-01
3.700150753769e-04 3.132999824865e-01 3.700150753769e-04 3.286085296056e-01 3.700150753769e-04 1.936312862149e-01 3.700150753769e-04 1.652182301409e-01
3.723718592965e-04 3.133857486441e-01 3.723718592965e-04 3.287185903614e-01 3.723718592965e-04 1.934541995686e-01 3.723718592965e-04 1.652155843768e-01
3.747286432161e-04 3.134659376764e-01 3.747286432161e-04 3.288219090127e-01 3.747286432161e-04 1.932856088430e-01 3.747286432161e-04 1.652133227576e-01
3.770854271357e-04 3.135409027217e-01 3.770854271357e-04 3.289188969537e-01 3.770854271357e-04 1.931250685767e-01 3.770854271357e-04 1.652113894880e-01
3.794422110553e-04 3.136109756315e-01 3.794422110553e-04 3.290099405479e-01 3.794422110553e-04 1.929721607967e-01 3.794422110553e-04 1.652097368783e-01
3.817989949749e-04 3.136764681409e-01 3.817989949749e-04 3.290954026618e-01 3.817989949749e-04 1.928264929430e-01 3.817989949749e-04 1.652083241669e-01
3.841557788945e-04 3.137376729849e-01 3.841557788945e-04 3.291756241006e-01 3.841557788945e-04 1.926876959756e-01 3.841557788945e-04 1.652071165141e-01
3.865125628141e-04 3.137948649626e-01 3.865125628141e-04 3.292509249530e-01 3.865125628141e-04 1.925554226455e-01 3.865125628141e-04 1.652060841416e-01
3.888693467337e-04 3.138483019504e-01 3.888693467337e-04 3.293216058512e-01 3.888693467337e-04 1.924293459155e-01 3.888693467337e-04 1.652052015974e-01
3.912261306533e-04 3.138982258676e-01 3.912261306533e-04 3.293879491517e-01 3.912261306533e-04 1.923091575186e-01 3.912261306533e-04 1.652044471269e-01
3.935829145729e-04 3.139448635936e-01 3.935829145729e-04 3.294502200439e-01 3.935829145729e-04 1.921945666381e-01 3.935829145729e-04 1.652038021353e-01
3.959396984925e-04 3.139884278410e-01 3.959396984925e-04 3.295086675901e-01 3.959396984925e-04 1.920852987016e-01 3.959396984925e-04 1.652032507293e-01
3.982964824121e-04 3.140291179838e-01 3.982964824121e-04 3.295635257015e-01 3.982964824121e-04 1.919810942751e-01 3.982964824121e-04 1.652027793236e-01
4.006532663317e-04 3.140671208441e-01 4.006532663317e-04 3.296150140551e-01 4.006532663317e-04 1.918817080504e-01 4.006532663317e-04 1.652023763062e-01
4.030100502513e-04 3.141026114374e-01 4.030100502513e-04 3.296633389550e-01 4.030100502513e-04 1.917869079152e-01 4.030100502513e-04 1.652020317513e-01
4.053668341709e-04 3.141357536790e-01 4.053668341709e-04 3.297086941409e-01 4.053668341709e-04 1.916964740993e-01 4.053668341709e-04 1.652017371744e-01
4.077236180905e-04 3.141667010527e-01 4.077236180905e-04 3.297512615482e-01 4.077236180905e-04 1.916101983887e-01 4.077236180905e-04 1.652014853230e-01
4.100804020101e-04 3.141955972433e-01 4.100804020101e-04 3.297912120228e-01 4.100804020101e-04 1.915278834028e-01 4.100804020101e-04 1.652012699976e-01
4.124371859296e-04 3.142225767338e-01 4.124371859296e-04 3.298287059913e-01 4.124371859296e-04 1.914493419271e-01 4.124371859296e-04 1.652010858986e-01
4.147939698492e-04 3.142477653708e-01 4.147939698492e-04 3.298638940929e-01 4.147939698492e-04 1.913743962978e-01 4.147939698492e-04 1.652009284956e-01
4.171507537688e-04 3.142712808969e-01 4.171507537688e-04 3.298969177714e-01 4.171507537688e-04 1.913028778321e-01 4.171507537688e-04 1.652007939161e-01
4.195075376884e-04 3.142932334529e-01 4.195075376884e-04 3.299279098332e-01 4.195075376884e-04 1.912346263018e-01 4.195075376884e-04 1.652006788492e-01
4.218643216080e-04 3.143137260523e-01 4.218643216080e-04 3.299569949705e-01 4.218643216080e-04 1.911694894444e-01 4.218643216080e-04 1.652005804649e-01
4.242211055276e-04 3.143328550268e-01 4.242211055276e-04 3.299842902540e-01 4.242211055276e-04 1.911073225097e-01 4.242211055276e-04 1.652004963435e-01
4.265778894472e-04 3.143507104470e-01 4.265778894472e-04 3.300099055953e-01 4.265778894472e-04 1.910479878384e-01 4.265778894472e-04 1.652004244165e-01
4.289346733668e-04 3.143673765172e-01 4.289346733668e-04 3.300339441823e-01 4.289346733668e-04 1.909913544696e-01 4.289346733668e-04 1.652003629158e-01
4.312914572864e-04 3.143829319474e-01 4.312914572864e-04 3.300565028873e-01 4.312914572864e-04 1.909372977752e-01 4.312914572864e-04 1.652003103293e-01
4.336482412060e-04 3.143974503029e-01 4.336482412060e-04 3.300776726515e-01 4.336482412060e-04 1.908856991185e-01 4.336482412060e-04 1.652002653647e-01
4.360050251256e-04 3.144110003323e-01 4.360050251256e-04 3.300975388462e-01 4.360050251256e-04 1.908364455352e-01 4.360050251256e-04 1.652002269168e-01
4.383618090452e-04 3.144236462762e-01 4.383618090452e-04 3.301161816115e-01 4.383618090452e-04 1.907894294352e-01 4.383618090452e-04 1.652001940408e-01
4.407185929648e-04 3.144354481564e-01 4.407185929648e-04 3.301336761751e-01 4.407185929648e-04 1.907445483227e-01 4.407185929648e-04 1.652001659292e-01
4.430753768844e-04 3.144464620479e-01 4.430753768844e-04 3.301500931525e-01 4.430753768844e-04 1.907017045339e-01 4.430753768844e-04 1.652001418911e-01
4.454321608040e-04 3.144567403332e-01 4.454321608040e-04 3.301654988276e-01 4.454321608040e-04 1.906608049913e-01 4.454321608040e-04 1.652001213362e-01
4.477889447236e-04 3.144663319419e-01 4.477889447236e-04 3.301799554174e-01 4.477889447236e-04 1.906217609714e-01 4.477889447236e-04 1.652001037596e-01
4.501457286432e-04 3.144752825741e-01 4.501457286432e-04 3.301935213205e-01 4.501457286432e-04 1.905844878875e-01 4.501457286432e-04 1.652000887297e-01
4.525025125628e-04 3.144836349109e-01 4.525025125628e-04 3.302062513502e-01 4.525025125628e-04 1.905489050841e-01 4.525025125628e-04 1.652000758774e-01
4.548592964824e-04 3.144914288106e-01 4.548592964824e-04 3.302181969539e-01 4.548592964824e-04 1.905149356437e-01 4.548592964824e-04 1.652000648870e-01
4.572160804020e-04 3.144987014932e-01 4.572160804020e-04 3.302294064190e-01 4.572160804020e-04 1.904825062039e-01 4.572160804020e-04 1.652000554889e-01
4.595728643216e-04 3.145054877128e-01 4.595728643216e-04 3.302399250658e-01 4.595728643216e-04 1.904515467850e-01 4.595728643216e-04 1.652000474522e-01
4.619296482412e-04 3.145118199192e-01 4.619296482412e-04 3.302497954298e-01 4.619296482412e-04 1.904219906269e-01 4.619296482412e-04 1.652000405797e-01
4.642864321608e-04 3.145177284088e-01 4.642864321608e-04 3.302590574319e-01 4.642864321608e-04 1.903937740350e-01 4.642864321608e-04 1.652000347027e-01
4.666432160804e-04 3.145232414664e-01 4.666432160804e-04 3.302677485386e-01 4.666432160804e-04 1.903668362337e-01 4.666432160804e-04 1.652000296770e-01
4.690000000000e-04 3.145283854973e-01 4.690000000000e-04 3.302759039125e-01 4.690000000000e-04 1.903411192284e-01 4.690000000000e-04 1.652000253792e-01
