0.000000000000e+00 1.286016662160e-01 0.000000000000e+00 1.060001168160e-01 0.000000000000e+00 2.842999999481e-01 0.000000000000e+00 2.812283617474e-01 0.000000000000e+00 1.999857358637e-01
2.869346733668e-06 1.286018521931e-01 2.869346733668e-06 1.060001351145e-01 2.869346733668e-06 2.842999999343e-01 2.869346733668e-06 2.812146592481e-01 2.869346733668e-06 2.000105632090e-01
5.738693467337e-06 1.286020590228e-01 5.738693467337e-06 1.060001562794e-01 5.738693467337e-06 2.842999999169e-01 5.738693467337e-06 2.811998643872e-01 5.738693467337e-06 2.000369766417e-01
8.608040201005e-06 1.286022890592e-01 8.608040201005e-06 1.060001807601e-01 8.608040201005e-06 2.842999998949e-01 8.608040201005e-06 2.811838903766e-01 8.608040201005e-06 2.000650758640e-01
1.147738693467e-05 1.286025449243e-01 1.147738693467e-05 1.060002090758e-01 1.147738693467e-05 2.842999998671e-01 1.147738693467e-05 2.811666435856e-01 1.147738693467e-05 2.000949666263e-01
1.434673366834e-05 1.286028295395e-01 1.434673366834e-05 1.060002418275e-01 1.434673366834e-05 2.842999998319e-01 1.434673366834e-05 2.811480230110e-01 1.434673366834e-05 2.001267610637e-01
1.721608040201e-05 1.286031461600e-01 1.721608040201e-05 1.060002797102e-01 1.721608040201e-05 2.842999997874e-01 1.721608040201e-05 2.811279197071e-01 1.721608040201e-05 2.001605780490e-01
2.008542713568e-05 1.286034984140e-01 2.008542713568e-05 1.060003235277e-01 2.008542713568e-05 2.842999997311e-01 2.008542713568e-05 2.811062161737e-01 2.008542713568e-05 2.001965435590e-01
2.295477386935e-05 1.286038903454e-01 2.295477386935e-05 1.060003742101e-01 2.295477386935e-05 2.842999996599e-01 2.295477386935e-05 2.810827856996e-01 2.295477386935e-05 2.002347910571e-01
2.582412060302e-05 1.286043264627e-01 2.582412060302e-05 1.060004328328e-01 2.582412060302e-05 2.842999995699e-01 2.582412060302e-05 2.810574916573e-01 2.582412060302e-05 2.002754618894e-01
2.869346733668e-05 1.286048117932e-01 2.869346733668e-05 1.060005006401e-01 2.869346733668e-05 2.842999994561e-01 2.869346733668e-05 2.810301867475e-01 2.869346733668e-05 2.003187056962e-01
3.156281407035e-05 1.286053519435e-01 3.156281407035e-05 1.060005790711e-01 3.156281407035e-05 2.842999993120e-01 3.156281407035e-05 2.810007121887e-01 3.156281407035e-05 2.003646808373e-01
3.443216080402e-05 1.286059531678e-01 3.443216080402e-05 1.060006697904e-01 3.443216080402e-05 2.842999991299e-01 3.443216080402e-05 2.809688968502e-01 3.443216080402e-05 2.004135548305e-01
3.730150753769e-05 1.286066224439e-01 3.730150753769e-05 1.060007747236e-01 3.730150753769e-05 2.842999988996e-01 3.730150753769e-05 2.809345563230e-01 3.730150753769e-05 2.004655048030e-01
4.017085427136e-05 1.286073675586e-01 4.017085427136e-05 1.060008960980e-01 4.017085427136e-05 2.842999986082e-01 4.017085427136e-05 2.808974919280e-01 4.017085427136e-05 2.005207179545e-01
4.304020100503e-05 1.286081972034e-01 4.304020100503e-05 1.060010364900e-01 4.304020100503e-05 2.842999982397e-01 4.304020100503e-05 2.808574896547e-01 4.304020100503e-05 2.005793920306e-01
4.590954773869e-05 1.286091210819e-01 4.590954773869e-05 1.060011988796e-01 4.590954773869e-05 2.842999977737e-01 4.590954773869e-05 2.808143190294e-01 4.590954773869e-05 2.006417358047e-01
4.877889447236e-05 1.286101500300e-01 4.877889447236e-05 1.060013867141e-01 4.877889447236e-05 2.842999971843e-01 4.877889447236e-05 2.807677319085e-01 4.877889447236e-05 2.007079695669e-01
5.164824120603e-05 1.286112961511e-01 5.164824120603e-05 1.060016039810e-01 5.164824120603e-05 2.842999964388e-01 5.164824120603e-05 2.807174611929e-01 5.164824120603e-05 2.007783256170e-01
5.451758793970e-05 1.286125729679e-01 5.451758793970e-05 1.060018552926e-01 5.451758793970e-05 2.842999954960e-01 5.451758793970e-05 2.806632194606e-01 5.451758793970e-05 2.008530487602e-01
5.738693467337e-05 1.286139955927e-01 5.738693467337e-05 1.060021459843e-01 5.738693467337e-05 2.842999943035e-01 5.738693467337e-05 2.806046975154e-01 5.738693467337e-05 2.009323968001e-01
6.025628140704e-05 1.286155809188e-01 6.025628140704e-05 1.060024822276e-01 6.025628140704e-05 2.842999927952e-01 6.025628140704e-05 2.805415628457e-01 6.025628140704e-05 2.010166410271e-01
6.312562814070e-05 1.286173478359e-01 6.312562814070e-05 1.060028711611e-01 6.312562814070e-05 2.842999908876e-01 6.312562814070e-05 2.804734579951e-01 6.312562814070e-05 2.011060666979e-01
6.599497487437e-05 1.286193174719e-01 6.599497487437e-05 1.060033210426e-01 6.599497487437e-05 2.842999884749e-01 6.599497487437e-05 2.803999988387e-01 6.599497487437e-05 2.012009734997e-01
6.886432160804e-05 1.286215134657e-01 6.886432160804e-05 1.060038414235e-01 6.886432160804e-05 2.842999854234e-01 6.886432160804e-05 2.803207727666e-01 6.886432160804e-05 2.013016759955e-01
7.173366834171e-05 1.286239622734e-01 7.173366834171e-05 1.060044433528e-01 7.173366834171e-05 2.842999815639e-01 7.173366834171e-05 2.802353367716e-01 7.173366834171e-05 2.014085040430e-01
7.460301507538e-05 1.286266935137e-01 7.460301507538e-05 1.060051396104e-01 7.460301507538e-05 2.842999766825e-01 7.460301507538e-05 2.801432154435e-01 7.460301507538e-05 2.015218031806e-01
7.747236180905e-05 1.286297403573e-01 7.747236180905e-05 1.060059449792e-01 7.747236180905e-05 2.842999705084e-01 7.747236180905e-05 2.800438988689e-01 7.747236180905e-05 2.016419349727e-01
8.034170854271e-05 1.286331399650e-01 8.034170854271e-05 1.060068765585e-01 8.034170854271e-05 2.842999626995e-01 8.034170854271e-05 2.799368404420e-01 8.034170854271e-05 2.017692773062e-01
8.321105527638e-05 1.286369339828e-01 8.321105527638e-05 1.060079541268e-01 8.321105527638e-05 2.842999528228e-01 8.321105527638e-05 2.798214545881e-01 8.321105527638e-05 2.019042246275e-01
8.608040201005e-05 1.286411691000e-01 8.608040201005e-05 1.060092005611e-01 8.608040201005e-05 2.842999403307e-01 8.608040201005e-05 2.796971144080e-01 8.608040201005e-05 2.020471881115e-01
8.894974874372e-05 1.286458976790e-01 8.894974874372e-05 1.060106423222e-01 8.894974874372e-05 2.842999245306e-01 8.894974874372e-05 2.795631492508e-01 8.894974874372e-05 2.021985957501e-01
9.181909547739e-05 1.286511784677e-01 9.181909547739e-05 1.060123100154e-01 9.181909547739e-05 2.842999045465e-01 9.181909547739e-05 2.794188422273e-01 9.181909547739e-05 2.023588923483e-01
9.468844221106e-05 1.286570774034e-01 9.468844221106e-05 1.060142390388e-01 9.468844221106e-05 2.842998792702e-01 9.468844221106e-05 2.792634276774e-01 9.468844221106e-05 2.025285394164e-01
9.755778894472e-05 1.286636685223e-01 9.755778894472e-05 1.060164703322e-01 9.755778894472e-05 2.842998473004e-01 9.755778894472e-05 2.790960886105e-01 9.755778894472e-05 2.027080149432e-01
1.004271356784e-04 1.286710349885e-01 1.004271356784e-04 1.060190512439e-01 1.004271356784e-04 2.842998068641e-01 1.004271356784e-04 2.789159541391e-01 1.004271356784e-04 2.028978130362e-01
1.032964824121e-04 1.286792702579e-01 1.032964824121e-04 1.060220365308e-01 1.032964824121e-04 2.842997557191e-01 1.032964824121e-04 2.787220969346e-01 1.032964824121e-04 2.030984434153e-01
1.061658291457e-04 1.286884793967e-01 1.061658291457e-04 1.060254895148e-01 1.061658291457e-04 2.842996910293e-01 1.061658291457e-04 2.785135307350e-01 1.061658291457e-04 2.033104307438e-01
1.090351758794e-04 1.286987805749e-01 1.090351758794e-04 1.060294834185e-01 1.090351758794e-04 2.842996092071e-01 1.090351758794e-04 2.782892079428e-01 1.090351758794e-04 2.035343137810e-01
1.119045226131e-04 1.287103067586e-01 1.119045226131e-04 1.060341029067e-01 1.119045226131e-04 2.842995057149e-01 1.119045226131e-04 2.780480173565e-01 1.119045226131e-04 2.037706443433e-01
1.147738693467e-04 1.287232076294e-01 1.147738693467e-04 1.060394458670e-01 1.147738693467e-04 2.842993748131e-01 1.147738693467e-04 2.777887820875e-01 1.147738693467e-04 2.040199860568e-01
1.176432160804e-04 1.287376517616e-01 1.176432160804e-04 1.060456254640e-01 1.176432160804e-04 2.842992092417e-01 1.176432160804e-04 2.775102577189e-01 1.176432160804e-04 2.042829128897e-01
1.205125628141e-04 1.287538290929e-01 1.205125628141e-04 1.060527725085e-01 1.205125628141e-04 2.842989998175e-01 1.205125628141e-04 2.772111307749e-01 1.205125628141e-04 2.045600074506e-01
1.233819095477e-04 1.287719537295e-01 1.233819095477e-04 1.060610381900e-01 1.233819095477e-04 2.842987349249e-01 1.233819095477e-04 2.768900175732e-01 1.233819095477e-04 2.048518590436e-01
1.262512562814e-04 1.287922671324e-01 1.262512562814e-04 1.060705972236e-01 1.262512562814e-04 2.842983998713e-01 1.262512562814e-04 2.765454635460e-01 1.262512562814e-04 2.051590614707e-01
1.291206030151e-04 1.288150417371e-01 1.291206030151e-04 1.060816514754e-01 1.291206030151e-04 2.842979760719e-01 1.291206030151e-04 2.761759431215e-01 1.291206030151e-04 2.054822105778e-01
1.319899497487e-04 1.288405850679e-01 1.319899497487e-04 1.060944341323e-01 1.319899497487e-04 2.842974400191e-01 1.319899497487e-04 2.757798602668e-01 1.319899497487e-04 2.058219015435e-01
1.348592964824e-04 1.288692444151e-01 1.348592964824e-04 1.061092144960e-01 1.348592964824e-04 2.842967619782e-01 1.348592964824e-04 2.753555498031e-01 1.348592964824e-04 2.061787259131e-01
1.377286432161e-04 1.289014121532e-01 1.377286432161e-04 1.061263034880e-01 1.377286432161e-04 2.842959043380e-01 1.377286432161e-04 2.749012796089e-01 1.377286432161e-04 2.065532683888e-01
1.405979899497e-04 1.289375317902e-01 1.405979899497e-04 1.061460599628e-01 1.405979899497e-04 2.842948195251e-01 1.405979899497e-04 2.744152538369e-01 1.405979899497e-04 2.069461033912e-01
1.434673366834e-04 1.289781048470e-01 1.434673366834e-04 1.061688979381e-01 1.434673366834e-04 2.842934473657e-01 1.434673366834e-04 2.738956172703e-01 1.434673366834e-04 2.073577914148e-01
1.463366834171e-04 1.290236986835e-01 1.463366834171e-04 1.061952948602e-01 1.463366834171e-04 2.842917117496e-01 1.463366834171e-04 2.733404609489e-01 1.463366834171e-04 2.077888752091e-01
1.492060301508e-04 1.290749553997e-01 1.492060301508e-04 1.062258010358e-01 1.492060301508e-04 2.842895164115e-01 1.492060301508e-04 2.727478291934e-01 1.492060301508e-04 2.082398758259e-01
1.520753768844e-04 1.291326019588e-01 1.520753768844e-04 1.062610503665e-01 1.520753768844e-04 2.842867395981e-01 1.520753768844e-04 2.721157281489e-01 1.520753768844e-04 2.087112885809e-01
1.549447236181e-04 1.291974616956e-01 1.549447236181e-04 1.063017725354e-01 1.549447236181e-04 2.842832273253e-01 1.549447236181e-04 2.714421359588e-01 1.549447236181e-04 2.092035789910e-01
1.578140703518e-04 1.292704673960e-01 1.578140703518e-04 1.063488067946e-01 1.578140703518e-04 2.842787848575e-01 1.578140703518e-04 2.707250146625e-01 1.578140703518e-04 2.097171787557e-01
1.606834170854e-04 1.293526761522e-01 1.606834170854e-04 1.064031175044e-01 1.606834170854e-04 2.842731659397e-01 1.606834170854e-04 2.699623238859e-01 1.606834170854e-04 2.102524818642e-01
1.635527638191e-04 1.294452862221e-01 1.635527638191e-04 1.064658115664e-01 1.635527638191e-04 2.842660591969e-01 1.635527638191e-04 2.691520363602e-01 1.635527638191e-04 2.108098409167e-01
1.664221105528e-04 1.295496561446e-01 1.664221105528e-04 1.065381578721e-01 1.664221105528e-04 2.842570709603e-01 1.664221105528e-04 2.682921552636e-01 1.664221105528e-04 2.113895637609e-01
1.692914572864e-04 1.296673263834e-01 1.692914572864e-04 1.066216088551e-01 1.692914572864e-04 2.842457035944e-01 1.692914572864e-04 2.673807333286e-01 1.692914572864e-04 2.119919105502e-01
1.721608040201e-04 1.298000437959e-01 1.721608040201e-04 1.067178241823e-01 1.721608040201e-04 2.842313281637e-01 1.721608040201e-04 2.664158935956e-01 1.721608040201e-04 2.126170913374e-01
1.750301507538e-04 1.299497892400e-01 1.750301507538e-04 1.068286965337e-01 1.750301507538e-04 2.842131499888e-01 1.750301507538e-04 2.653958516229e-01 1.750301507538e-04 2.132652643217e-01
1.778994974874e-04 1.301188086436e-01 1.778994974874e-04 1.069563793084e-01 1.778994974874e-04 2.841901652900e-01 1.778994974874e-04 2.643189388811e-01 1.778994974874e-04 2.139365348687e-01
1.807688442211e-04 1.303096478655e-01 1.807688442211e-04 1.071033159272e-01 1.807688442211e-04 2.841611066856e-01 1.807688442211e-04 2.631836269737e-01 1.807688442211e-04 2.146309554203e-01
1.836381909548e-04 1.305251916617e-01 1.836381909548e-04 1.072722701873e-01 1.836381909548e-04 2.841243747982e-01 1.836381909548e-04 2.619885522288e-01 1.836381909548e-04 2.153485264054e-01
1.865075376884e-04 1.307687070398e-01 1.865075376884e-04 1.074663568356e-01 1.865075376884e-04 2.840779526194e-01 1.865075376884e-04 2.607325401118e-01 1.865075376884e-04 2.160891982535e-01
1.893768844221e-04 1.310438912164e-01 1.893768844221e-04 1.076890711612e-01 1.893768844221e-04 2.840192985892e-01 1.893768844221e-04 2.594146288127e-01 1.893768844221e-04 2.168528745960e-01
1.922462311558e-04 1.313549242896e-01 1.922462311558e-04 1.079443159445e-01 1.922462311558e-04 2.839452135853e-01 1.922462311558e-04 2.580340912719e-01 1.922462311558e-04 2.176394167225e-01
1.951155778894e-04 1.317065265681e-01 1.951155778894e-04 1.082364235506e-01 1.951155778894e-04 2.838516762308e-01 1.951155778894e-04 2.565904548341e-01 1.951155778894e-04 2.184486493311e-01
1.979849246231e-04 1.321040202591e-01 1.979849246231e-04 1.085701702974e-01 1.979849246231e-04 2.837336402093e-01 1.979849246231e-04 2.550835176571e-01 1.979849246231e-04 2.192803675825e-01
2.008542713568e-04 1.325533948709e-01 2.008542713568e-04 1.089507795056e-01 2.008542713568e-04 2.835847867926e-01 2.008542713568e-04 2.535133609739e-01 2.008542713568e-04 2.201343454308e-01
2.037236180905e-04 1.330613752083e-01 2.037236180905e-04 1.093839088689e-01 2.037236180905e-04 2.833972258199e-01 2.037236180905e-04 2.518803563034e-01 2.037236180905e-04 2.210103451625e-01
2.065929648241e-04 1.336354901991e-01 2.065929648241e-04 1.098756170498e-01 2.065929648241e-04 2.831611393822e-01 2.065929648241e-04 2.501851667435e-01 2.065929648241e-04 2.219081280288e-01
2.094623115578e-04 1.342841399445e-01 2.094623115578e-04 1.104323038229e-01 2.094623115578e-04 2.828643651786e-01 2.094623115578e-04 2.484287415642e-01 2.094623115578e-04 2.228274658059e-01
2.123316582915e-04 1.350166573042e-01 2.123316582915e-04 1.110606178043e-01 2.123316582915e-04 2.824919219855e-01 2.123316582915e-04 2.466123034462e-01 2.123316582915e-04 2.237681530648e-01
2.152010050251e-04 1.358433589696e-01 2.152010050251e-04 1.117673260643e-01 2.152010050251e-04 2.820254894286e-01 2.152010050251e-04 2.447373278919e-01 2.152010050251e-04 2.247300198765e-01
2.180703517588e-04 1.367755793395e-01 2.180703517588e-04 1.125591409662e-01 2.180703517588e-04 2.814428702369e-01 2.180703517588e-04 2.428055145629e-01 2.180703517588e-04 2.257129446192e-01
2.209396984925e-04 1.378256785902e-01 2.209396984925e-04 1.134425017122e-01 2.209396984925e-04 2.807174877141e-01 2.209396984925e-04 2.408187505725e-01 2.209396984925e-04 2.267168664990e-01
2.238090452261e-04 1.390070142041e-01 2.238090452261e-04 1.144233115797e-01 2.238090452261e-04 2.798180064812e-01 2.238090452261e-04 2.387790660697e-01 2.238090452261e-04 2.277417973392e-01
2.266783919598e-04 1.403338630205e-01 2.266783919598e-04 1.155066368575e-01 2.266783919598e-04 2.787082115266e-01 2.266783919598e-04 2.366885827953e-01 2.266783919598e-04 2.287878321399e-01
2.295477386935e-04 1.418212788521e-01 2.295477386935e-04 1.166963800094e-01 2.295477386935e-04 2.773473367324e-01 2.295477386935e-04 2.345494566431e-01 2.295477386935e-04 2.298551578637e-01
2.324170854271e-04 1.434848692765e-01 2.324170854271e-04 1.179949472156e-01 2.324170854271e-04 2.756910898188e-01 2.324170854271e-04 2.323638156199e-01 2.324170854271e-04 2.309440598632e-01
2.352864321608e-04 1.453404749247e-01 2.352864321608e-04 1.194029383644e-01 2.352864321608e-04 2.736936550542e-01 2.352864321608e-04 2.301336949474e-01 2.352864321608e-04 2.320549253374e-01
2.381557788945e-04 1.474037362092e-01 2.381557788945e-04 1.209188944770e-01 2.381557788945e-04 2.713109318224e-01 2.381557788945e-04 2.278609713666e-01 2.381557788945e-04 2.331882431897e-01
2.410251256281e-04 1.496895368215e-01 2.410251256281e-04 1.225391417552e-01 2.410251256281e-04 2.685051361007e-01 2.410251256281e-04 2.255472989887e-01 2.410251256281e-04 2.343445996647e-01
2.438944723618e-04 1.522113213815e-01 2.438944723618e-04 1.242577711172e-01 2.438944723618e-04 2.652506033292e-01 2.438944723618e-04 2.231940492629e-01 2.438944723618e-04 2.355246691642e-01
2.467638190955e-04 1.549802969951e-01 2.467638190955e-04 1.260667856937e-01 2.467638190955e-04 2.615401694868e-01 2.467638190955e-04 2.208022577919e-01 2.467638190955e-04 2.367291997023e-01
2.496331658291e-04 1.580045452768e-01 2.496331658291e-04 1.279564356032e-01 2.496331658291e-04 2.573909419429e-01 2.496331658291e-04 2.183725808166e-01 2.496331658291e-04 2.379589925425e-01
2.525025125628e-04 1.612880917768e-01 2.525025125628e-04 1.299157400422e-01 2.525025125628e-04 2.528477983707e-01 2.525025125628e-04 2.159052641932e-01 2.525025125628e-04 2.392148756909e-01
2.553718592965e-04 1.648300014963e-01 2.553718592965e-04 1.319331734223e-01 2.553718592965e-04 2.479828700131e-01 2.553718592965e-04 2.134001276007e-01 2.553718592965e-04 2.404976710901e-01
2.582412060302e-04 1.686235885621e-01 2.582412060302e-04 1.339974684032e-01 2.582412060302e-04 2.428898438936e-01 2.582412060302e-04 2.108565665299e-01 2.582412060302e-04 2.418081555792e-01
2.611105527638e-04 1.726558401784e-01 2.611105527638e-04 1.360984681370e-01 2.611105527638e-04 2.376731788154e-01 2.611105527638e-04 2.082735743063e-01 2.611105527638e-04 2.431470159571e-01
2.639798994975e-04 1.769071542927e-01 2.639798994975e-04 1.382279463854e-01 2.639798994975e-04 2.324338973087e-01 2.639798994975e-04 2.056497859817e-01 2.639798994975e-04 2.445147988043e-01
2.668492462312e-04 1.813514727933e-01 2.668492462312e-04 1.403803094762e-01 2.668492462312e-04 2.272548253170e-01 2.668492462312e-04 2.029835453718e-01 2.668492462312e-04 2.459118560819e-01
2.697185929648e-04 1.859568561836e-01 2.697185929648e-04 1.425530984997e-01 2.697185929648e-04 2.221884280714e-01 2.697185929648e-04 2.002729958083e-01 2.697185929648e-04 2.473382879162e-01
2.725879396985e-04 1.906864947346e-01 2.725879396985e-04 1.447472221785e-01 2.725879396985e-04 2.172496396716e-01 2.725879396985e-04 1.975161943065e-01 2.725879396985e-04 2.487938843814e-01
2.754572864322e-04 1.955000930552e-01 2.754572864322e-04 1.469668680869e-01 2.754572864322e-04 2.124147576773e-01 2.754572864322e-04 1.947112478033e-01 2.754572864322e-04 2.502780684735e-01
2.783266331658e-04 2.003555112782e-01 2.783266331658e-04 1.492190603634e-01 2.783266331658e-04 2.076262444390e-01 2.783266331658e-04 1.918564689164e-01 2.783266331658e-04 2.517898428105e-01
2.811959798995e-04 2.052105085724e-01 2.811959798995e-04 1.515128552412e-01 2.811959798995e-04 2.028025882829e-01 2.811959798995e-04 1.889505473259e-01 2.811959798995e-04 2.533277428334e-01
2.840653266332e-04 2.100244222706e-01 2.840653266332e-04 1.538581929643e-01 2.840653266332e-04 1.978522102955e-01 2.840653266332e-04 1.859927314340e-01 2.840653266332e-04 2.548897994044e-01
2.869346733668e-04 2.147596312824e-01 2.869346733668e-04 1.562644585804e-01 2.869346733668e-04 1.926903520949e-01 2.869346733668e-04 1.829830135007e-01 2.869346733668e-04 2.564735136442e-01
2.898040201005e-04 2.193826914243e-01 2.898040201005e-04 1.587388466980e-01 2.898040201005e-04 1.872574464402e-01 2.898040201005e-04 1.799223100901e-01 2.898040201005e-04 2.580758466000e-01
2.926733668342e-04 2.238650831316e-01 2.926733668342e-04 1.612846753087e-01 2.926733668342e-04 1.815364204092e-01 2.926733668342e-04 1.768126285335e-01 2.926733668342e-04 2.596932258663e-01
2.955427135678e-04 2.281835667663e-01 2.955427135678e-04 1.638998439102e-01 2.955427135678e-04 1.755650604855e-01 2.955427135678e-04 1.736572093979e-01 2.955427135678e-04 2.613215706005e-01
2.984120603015e-04 2.323201867806e-01 2.984120603015e-04 1.665756669488e-01 2.984120603015e-04 1.694389947547e-01 2.984120603015e-04 1.704606347970e-01 2.984120603015e-04 2.629563354991e-01
3.012814070352e-04 2.362619966474e-01 3.012814070352e-04 1.692963155472e-01 3.012814070352e-04 1.633022248330e-01 3.012814070352e-04 1.672288929642e-01 3.012814070352e-04 2.645925732917e-01
3.041507537688e-04 2.400005898166e-01 3.041507537688e-04 1.720390507948e-01 3.041507537688e-04 1.573258113435e-01 3.041507537688e-04 1.639693909221e-01 3.041507537688e-04 2.662250142281e-01
3.070201005025e-04 2.435315201742e-01 3.070201005025e-04 1.747753243521e-01 3.070201005025e-04 1.516798898494e-01 3.070201005025e-04 1.606909093576e-01 3.070201005025e-04 2.678481599770e-01
3.098894472362e-04 2.468536831406e-01 3.098894472362e-04 1.774726709087e-01 3.098894472362e-04 1.465070434841e-01 3.098894472362e-04 1.574034968883e-01 3.098894472362e-04 2.694563884127e-01
3.127587939698e-04 2.499687108460e-01 3.127587939698e-04 1.800971579194e-01 3.127587939698e-04 1.419042863955e-01 3.127587939698e-04 1.541183045784e-01 3.127587939698e-04 2.710440650337e-01
3.156281407035e-04 2.528804162455e-01 3.156281407035e-04 1.826160383097e-01 3.156281407035e-04 1.379170099964e-01 3.156281407035e-04 1.508473655598e-01 3.156281407035e-04 2.726056563042e-01
3.184974874372e-04 2.555943046626e-01 3.184974874372e-04 1.850002113121e-01 3.184974874372e-04 1.345436611660e-01 3.184974874372e-04 1.476033285428e-01 3.184974874372e-04 2.741358400873e-01
3.213668341709e-04 2.581171586356e-01 3.213668341709e-04 1.872261492787e-01 3.213668341709e-04 1.317470259459e-01 3.213668341709e-04 1.443991574602e-01 3.213668341709e-04 2.756296085551e-01
3.242361809045e-04 2.604566934516e-01 3.242361809045e-04 1.892770755724e-01 3.242361809045e-04 1.294675371425e-01 3.242361809045e-04 1.412478120842e-01 3.242361809045e-04 2.770823594930e-01
3.271055276382e-04 2.626212759187e-01 3.271055276382e-04 1.911433380131e-01 3.271055276382e-04 1.276352572800e-01 3.271055276382e-04 1.381619258852e-01 3.271055276382e-04 2.784899727125e-01
3.299748743719e-04 2.646196969161e-01 3.299748743719e-04 1.928220667391e-01 3.299748743719e-04 1.261789044432e-01 3.299748743719e-04 1.351534974935e-01 3.299748743719e-04 2.798488692587e-01
3.328442211055e-04 2.664609881564e-01 3.328442211055e-04 1.943163012629e-01 3.328442211055e-04 1.250316602621e-01 3.328442211055e-04 1.322336108730e-01 3.328442211055e-04 2.811560521608e-01
3.357135678392e-04 2.681542745770e-01 3.357135678392e-04 1.956338077958e-01 3.357135678392e-04 1.241342645546e-01 3.357135678392e-04 1.294121968805e-01 3.357135678392e-04 2.824091285268e-01
3.385829145729e-04 2.697086552392e-01 3.385829145729e-04 1.967857932976e-01 3.385829145729e-04 1.234361586827e-01 3.385829145729e-04 1.266978455607e-01 3.385829145729e-04 2.836063137451e-01
3.414522613065e-04 2.711331071439e-01 3.414522613065e-04 1.977856765270e-01 3.414522613065e-04 1.228953986502e-01 3.414522613065e-04 1.240976747010e-01 3.414522613065e-04 2.847464193605e-01
3.443216080402e-04 2.724364077272e-01 3.443216080402e-04 1.986480190437e-01 3.443216080402e-04 1.224778964039e-01 3.443216080402e-04 1.216172562564e-01 3.443216080402e-04 2.858288267991e-01
3.471909547739e-04 2.736270728941e-01 3.471909547739e-04 1.993876658765e-01 3.471909547739e-04 1.221563694276e-01 3.471909547739e-04 1.192605986259e-01 3.471909547739e-04 2.868534495059e-01
3.500603015075e-04 2.747133082498e-01 3.500603015075e-04 2.000191045808e-01 3.500603015075e-04 1.219092310067e-01 3.500603015075e-04 1.170301797275e-01 3.500603015075e-04 2.878206862414e-01
3.529296482412e-04 2.757029717418e-01 3.529296482412e-04 2.005560248004e-01 3.529296482412e-04 1.217195477870e-01 3.529296482412e-04 1.149270235620e-01 3.529296482412e-04 2.887313682771e-01
3.557989949749e-04 2.766035462832e-01 3.557989949749e-04 2.010110465431e-01 3.557989949749e-04 1.215741227847e-01 3.557989949749e-04 1.129508115589e-01 3.557989949749e-04 2.895867030676e-01
3.586683417085e-04 2.774221211395e-01 3.586683417085e-04 2.013955809150e-01 3.586683417085e-04 1.214627213520e-01 3.586683417085e-04 1.111000194299e-01 3.586683417085e-04 2.903882167080e-01
3.615376884422e-04 2.781653809911e-01 3.615376884422e-04 2.017197885766e-01 3.615376884422e-04 1.213774356299e-01 3.615376884422e-04 1.093720704134e-01 3.615376884422e-04 2.911376971390e-01
3.644070351759e-04 2.788396016563e-01 3.644070351759e-04 2.019926058602e-01 3.644070351759e-04 1.213121726791e-01 3.644070351759e-04 1.077634965179e-01 3.644070351759e-04 2.918371396827e-01
3.672763819095e-04 2.794506515150e-01 3.672763819095e-04 2.022218143370e-01 3.672763819095e-04 1.212622478676e-01 3.672763819095e-04 1.062701004869e-01 3.672763819095e-04 2.924886961131e-01
3.701457286432e-04 2.800039977197e-01 3.701457286432e-04 2.024141354070e-01 3.701457286432e-04 1.212240650969e-01 3.701457286432e-04 1.048871125465e-01 3.701457286432e-04 2.930946280993e-01
3.730150753769e-04 2.805047163359e-01 3.730150753769e-04 2.025753365839e-01 3.730150753769e-04 1.211948671710e-01 3.730150753769e-04 1.036093373961e-01 3.730150753769e-04 2.936572655401e-01
3.758844221106e-04 2.809575056140e-01 3.758844221106e-04 2.027103403077e-01 3.758844221106e-04 1.211725419883e-01 3.758844221106e-04 1.024312882630e-01 3.758844221106e-04 2.941789700290e-01
3.787537688442e-04 2.813667016641e-01 3.787537688442e-04 2.028233293396e-01 3.787537688442e-04 1.211554726858e-01 3.787537688442e-04 1.013473060618e-01 3.787537688442e-04 2.946621034639e-01
3.816231155779e-04 2.817362958835e-01 3.816231155779e-04 2.029178451684e-01 3.816231155779e-04 1.211424221228e-01 3.816231155779e-04 1.003516627465e-01 3.816231155779e-04 2.951090016406e-01
3.844924623116e-04 2.820699535625e-01 3.844924623116e-04 2.029968775449e-01 3.844924623116e-04 1.211324440387e-01 3.844924623116e-04 9.943864878106e-02 3.844924623116e-04 2.955219525427e-01
3.873618090452e-04 2.823710331790e-01 3.873618090452e-04 2.030629444100e-01 3.873618090452e-04 1.211248148430e-01 3.873618090452e-04 9.860264529707e-02 3.873618090452e-04 2.959031789509e-01
3.902311557789e-04 2.826426059648e-01 3.902311557789e-04 2.031181622298e-01 3.902311557789e-04 1.211189813136e-01 3.902311557789e-04 9.783818195742e-02 3.902311557789e-04 2.962548249475e-01
3.931005025126e-04 2.828874754025e-01 3.931005025126e-04 2.031643072050e-01 3.931005025126e-04 1.211145205318e-01 3.931005025126e-04 9.713998183811e-02 3.931005025126e-04 2.965789458663e-01
3.959698492462e-04 2.831081963791e-01 3.959698492462e-04 2.032028680791e-01 3.959698492462e-04 1.211111092123e-01 3.959698492462e-04 9.650299479654e-02 3.959698492462e-04 2.968775012379e-01
3.988391959799e-04 2.833070937811e-01 3.988391959799e-04 2.032350913860e-01 3.988391959799e-04 1.211085002390e-01 3.988391959799e-04 9.592242084736e-02 3.988391959799e-04 2.971523502969e-01
4.017085427136e-04 2.834862803693e-01 4.017085427136e-04 2.032620200088e-01 4.017085427136e-04 1.211065047186e-01 4.017085427136e-04 9.539372504078e-02 4.017085427136e-04 2.974052496429e-01
4.045778894472e-04 2.836476738175e-01 4.045778894472e-04 2.032845258936e-01 4.045778894472e-04 1.211049782605e-01 4.045778894472e-04 9.491264525809e-02 4.045778894472e-04 2.976378526811e-01
4.074472361809e-04 2.837930128369e-01 4.074472361809e-04 2.033033377072e-01 4.074472361809e-04 1.211038104874e-01 4.074472361809e-04 9.447519422321e-02 4.074472361809e-04 2.978517105070e-01
4.103165829146e-04 2.839238723405e-01 4.103165829146e-04 2.033190641533e-01 4.103165829146e-04 1.211029170188e-01 4.103165829146e-04 9.407765689446e-02 4.103165829146e-04 2.980482739377e-01
4.131859296482e-04 2.840416776271e-01 4.131859296482e-04 2.033322135834e-01 4.131859296482e-04 1.211022333442e-01 4.131859296482e-04 9.371658425780e-02 4.131859296482e-04 2.982288964302e-01
4.160552763819e-04 2.841477175858e-01 4.160552763819e-04 2.033432104604e-01 4.160552763819e-04 1.211017101401e-01 4.160552763819e-04 9.338878440122e-02 4.160552763819e-04 2.983948376662e-01
4.189246231156e-04 2.842431569378e-01 4.189246231156e-04 2.033524091609e-01 4.189246231156e-04 1.211013096921e-01 4.189246231156e-04 9.309131161514e-02 4.189246231156e-04 2.985472676138e-01
4.217939698492e-04 2.843290475436e-01 4.217939698492e-04 2.033601055296e-01 4.217939698492e-04 1.211010031597e-01 4.217939698492e-04 9.282145413915e-02 4.217939698492e-04 2.986872709103e-01
4.246633165829e-04 2.844063388141e-01 4.246633165829e-04 2.033665465453e-01 4.246633165829e-04 1.211007684862e-01 4.246633165829e-04 9.257672106358e-02 4.246633165829e-04 2.988158514353e-01
4.275326633166e-04 2.844758872693e-01 4.275326633166e-04 2.033719383992e-01 4.275326633166e-04 1.211005888019e-01 4.275326633166e-04 9.235482879584e-02 4.275326633166e-04 2.989339369705e-01
4.304020100503e-04 2.845384652912e-01 4.304020100503e-04 2.033764532435e-01 4.304020100503e-04 1.211004512021e-01 4.304020100503e-04 9.215368741595e-02 4.304020100503e-04 2.990423838608e-01
4.332713567839e-04 2.845947691233e-01 4.332713567839e-04 2.033802348254e-01 4.332713567839e-04 1.211003458151e-01 4.332713567839e-04 9.197138717311e-02 4.332713567839e-04 2.991419816120e-01
4.361407035176e-04 2.846454261649e-01 4.361407035176e-04 2.033834031894e-01 4.361407035176e-04 1.211002650876e-01 4.361407035176e-04 9.180618531391e-02 4.361407035176e-04 2.992334573731e-01
4.390100502513e-04 2.846910016118e-01 4.390100502513e-04 2.033860586016e-01 4.390100502513e-04 1.211002032401e-01 4.390100502513e-04 9.165649338190e-02 4.390100502513e-04 2.993174802671e-01
4.418793969849e-04 2.847320044929e-01 4.418793969849e-04 2.033882848224e-01 4.418793969849e-04 1.211001558497e-01 4.418793969849e-04 9.152086508709e-02 4.418793969849e-04 2.993946655410e-01
4.447487437186e-04 2.847688931493e-01 4.447487437186e-04 2.033901518379e-01 4.447487437186e-04 1.211001195311e-01 4.447487437186e-04 9.139798480994e-02 4.447487437186e-04 2.994655785191e-01
4.476180904523e-04 2.848020802019e-01 4.476180904523e-04 2.033917181369e-01 4.476180904523e-04 1.211000916930e-01 4.476180904523e-04 9.128665677815e-02 4.476180904523e-04 2.995307383464e-01
4.504874371859e-04 2.848319370504e-01 4.504874371859e-04 2.033930326108e-01 4.504874371859e-04 1.211000703516e-01 4.504874371859e-04 9.118579493299e-02 4.504874371859e-04 2.995906215167e-01
4.533567839196e-04 2.848587979439e-01 4.533567839196e-04 2.033941361383e-01 4.533567839196e-04 1.211000539879e-01 4.533567839196e-04 9.109441348642e-02 4.533567839196e-04 2.996456651856e-01
4.562261306533e-04 2.848829636608e-01 4.562261306533e-04 2.033950629072e-01 4.562261306533e-04 1.211000414386e-01 4.562261306533e-04 9.101161815725e-02 4.562261306533e-04 2.996962702686e-01
4.590954773869e-04 2.849047048332e-01 4.590954773869e-04 2.033958415169e-01 4.590954773869e-04 1.211000318128e-01 4.590954773869e-04 9.093659806623e-02 4.590954773869e-04 2.997428043309e-01
4.619648241206e-04 2.849242649474e-01 4.619648241206e-04 2.033964958985e-01 4.619648241206e-04 1.211000244280e-01 4.619648241206e-04 9.086861826318e-02 4.619648241206e-04 2.997856042754e-01
4.648341708543e-04 2.849418630523e-01 4.648341708543e-04 2.033970460826e-01 4.648341708543e-04 1.211000187615e-01 4.648341708543e-04 9.080701285495e-02 4.648341708543e-04 2.998249788361e-01
4.677035175879e-04 2.849576962008e-01 4.677035175879e-04 2.033975088399e-01 4.677035175879e-04 1.211000144126e-01 4.677035175879e-04 9.075117870062e-02 4.677035175879e-04 2.998612108882e-01
4.705728643216e-04 2.849719416505e-01 4.705728643216e-04 2.033978982160e-01 4.705728643216e-04 1.211000110742e-01 4.705728643216e-04 9.070056963861e-02 4.705728643216e-04 2.998945595821e-01
4.734422110553e-04 2.849847588477e-01 4.734422110553e-04 2.033982259776e-01 4.734422110553e-04 1.211000085110e-01 4.734422110553e-04 9.065469121022e-02 4.734422110553e-04 2.999252623145e-01
4.763115577889e-04 2.849962912130e-01 4.763115577889e-04 2.033985019861e-01 4.763115577889e-04 1.211000065426e-01 4.763115577889e-04 9.061309584424e-02 4.763115577889e-04 2.999535365433e-01
4.791809045226e-04 2.850066677503e-01 4.791809045226e-04 2.033987345079e-01 4.791809045226e-04 1.211000050306e-01 4.791809045226e-04 9.057537846845e-02 4.791809045226e-04 2.999795814592e-01
4.820502512563e-04 2.850160044948e-01 4.820502512563e-04 2.033989304756e-01 4.820502512563e-04 1.211000038690e-01 4.820502512563e-04 9.054117251477e-02 4.820502512563e-04 3.000035795229e-01
4.849195979899e-04 2.850244058165e-01 4.849195979899e-04 2.033990957043e-01 4.849195979899e-04 1.211000029763e-01 4.849195979899e-04 9.051014628663e-02 4.849195979899e-04 3.000256978763e-01
4.877889447236e-04 2.850319655931e-01 4.877889447236e-04 2.033992350744e-01 4.877889447236e-04 1.211000022902e-01 4.877889447236e-04 9.048199965876e-02 4.877889447236e-04 3.000460896384e-01
4.906582914573e-04 2.850387682655e-01 4.906582914573e-04 2.033993526825e-01 4.906582914573e-04 1.211000017627e-01 4.906582914573e-04 9.045646108126e-02 4.906582914573e-04 3.000648950942e-01
4.935276381910e-04 2.850448897868e-01 4.935276381910e-04 2.033994519691e-01 4.935276381910e-04 1.211000013570e-01 4.935276381910e-04 9.043328486196e-02 4.935276381910e-04 3.000822427837e-01
4.963969849246e-04 2.850503984771e-01 4.963969849246e-04 2.033995358242e-01 4.963969849246e-04 1.211000010450e-01 4.963969849246e-04 9.041224870263e-02 4.963969849246e-04 3.000982504999e-01
4.992663316583e-04 2.850553557911e-01 4.992663316583e-04 2.033996066768e-01 4.992663316583e-04 1.211000008049e-01 4.992663316583e-04 9.039315146662e-02 4.992663316583e-04 3.001130262033e-01
5.021356783920e-04 2.850598170092e-01 5.021356783920e-04 2.033996665691e-01 5.021356783920e-04 1.211000006202e-01 5.021356783920e-04 9.037581115698e-02 5.021356783920e-04 3.001266688576e-01
5.050050251256e-04 2.850638318591e-01 5.050050251256e-04 2.033997172185e-01 5.050050251256e-04 1.211000004780e-01 5.050050251256e-04 9.036006308609e-02 5.050050251256e-04 3.001392691956e-01
5.078743718593e-04 2.850674450740e-01 5.078743718593e-04 2.033997600701e-01 5.078743718593e-04 1.211000003685e-01 5.078743718593e-04 9.034575821927e-02 5.078743718593e-04 3.001509104193e-01
5.107437185930e-04 2.850706968960e-01 5.107437185930e-04 2.033997963403e-01 5.107437185930e-04 1.211000002841e-01 5.107437185930e-04 9.033276167604e-02 5.107437185930e-04 3.001616688401e-01
5.136130653266e-04 2.850736235270e-01 5.136130653266e-04 2.033998270532e-01 5.136130653266e-04 1.211000002192e-01 5.136130653266e-04 9.032095137466e-02 5.136130653266e-04 3.001716144643e-01
5.164824120603e-04 2.850762575361e-01 5.164824120603e-04 2.033998530717e-01 5.164824120603e-04 1.211000001691e-01 5.164824120603e-04 9.031021680633e-02 5.164824120603e-04 3.001808115282e-01
5.193517587940e-04 2.850786282239e-01 5.193517587940e-04 2.033998751230e-01 5.193517587940e-04 1.211000001305e-01 5.193517587940e-04 9.030045792690e-02 5.193517587940e-04 3.001893189873e-01
5.222211055276e-04 2.850807619522e-01 5.222211055276e-04 2.033998938201e-01 5.222211055276e-04 1.211000001008e-01 5.222211055276e-04 9.029158415494e-02 5.222211055276e-04 3.001971909639e-01
5.250904522613e-04 2.850826824385e-01 5.250904522613e-04 2.033999096801e-01 5.250904522613e-04 1.211000000778e-01 5.250904522613e-04 9.028351346615e-02 5.250904522613e-04 3.002044771550e-01
5.279597989950e-04 2.850844110224e-01 5.279597989950e-04 2.033999231393e-01 5.279597989950e-04 1.211000000601e-01 5.279597989950e-04 9.027617157477e-02 5.279597989950e-04 3.002112232065e-01
5.308291457286e-04 2.850859669045e-01 5.308291457286e-04 2.033999345661e-01 5.308291457286e-04 1.211000000465e-01 5.308291457286e-04 9.026949119382e-02 5.308291457286e-04 3.002174710542e-01
5.336984924623e-04 2.850873673607e-01 5.336984924623e-04 2.033999442715e-01 5.336984924623e-04 1.211000000359e-01 5.336984924623e-04 9.026341136656e-02 5.336984924623e-04 3.002232592359e-01
5.365678391960e-04 2.850886279361e-01 5.365678391960e-04 2.033999525183e-01 5.365678391960e-04 1.211000000278e-01 5.365678391960e-04 9.025787686230e-02 5.365678391960e-04 3.002286231764e-01
5.394371859296e-04 2.850897626188e-01 5.394371859296e-04 2.033999595288e-01 5.394371859296e-04 1.211000000215e-01 5.394371859296e-04 9.025283763037e-02 5.394371859296e-04 3.002335954484e-01
5.423065326633e-04 2.850907839954e-01 5.423065326633e-04 2.033999654907e-01 5.423065326633e-04 1.211000000166e-01 5.423065326633e-04 9.024824830669e-02 5.423065326633e-04 3.002382060105e-01
5.451758793970e-04 2.850917033928e-01 5.451758793970e-04 2.033999705631e-01 5.451758793970e-04 1.211000000129e-01 5.451758793970e-04 9.024406776785e-02 5.451758793970e-04 3.002424824252e-01
5.480452261307e-04 2.850925310036e-01 5.480452261307e-04 2.033999748803e-01 5.480452261307e-04 1.211000000100e-01 5.480452261307e-04 9.024025872804e-02 5.480452261307e-04 3.002464500580e-01
5.509145728643e-04 2.850932760003e-01 5.509145728643e-04 2.033999785564e-01 5.509145728643e-04 1.211000000077e-01 5.509145728643e-04 9.023678737477e-02 5.509145728643e-04 3.002501322594e-01
5.537839195980e-04 2.850939466375e-01 5.537839195980e-04 2.033999816878e-01 5.537839195980e-04 1.211000000060e-01 5.537839195980e-04 9.023362303966e-02 5.537839195980e-04 3.002535505318e-01
5.566532663317e-04 2.850945503441e-01 5.566532663317e-04 2.033999843563e-01 5.566532663317e-04 1.211000000046e-01 5.566532663317e-04 9.023073790073e-02 5.566532663317e-04 3.002567246816e-01
5.595226130653e-04 2.850950938058e-01 5.595226130653e-04 2.033999866312e-01 5.595226130653e-04 1.211000000036e-01 5.595226130653e-04 9.022810671337e-02 5.595226130653e-04 3.002596729584e-01
5.623919597990e-04 2.850955830396e-01 5.623919597990e-04 2.033999885713e-01 5.623919597990e-04 1.211000000028e-01 5.623919597990e-04 9.022570656705e-02 5.623919597990e-04 3.002624121832e-01
5.652613065327e-04 2.850960234609e-01 5.652613065327e-04 2.033999902265e-01 5.652613065327e-04 1.211000000022e-01 5.652613065327e-04 9.022351666532e-02 5.652613065327e-04 3.002649578645e-01
5.681306532663e-04 2.850964199437e-01 5.681306532663e-04 2.033999916392e-01 5.681306532663e-04 1.211000000017e-01 5.681306532663e-04 9.022151812693e-02 5.681306532663e-04 3.002673243054e-01
5.710000000000e-04 2.850967768748e-01 5.710000000000e-04 2.033999928453e-01 5.710000000000e-04 1.211000000013e-01 5.710000000000e-04 9.021969380588e-02 5.710000000000e-04 3.002695247016e-01
