0.000000000000e+00 3.215000143951e-01 0.000000000000e+00 3.179999999985e-01 0.000000000000e+00 1.747000069838e-01 0.000000000000e+00 1.797097395046e-01
2.160804020101e-06 3.215000180240e-01 2.160804020101e-06 3.179999999981e-01 2.160804020101e-06 1.747000075812e-01 2.160804020101e-06 1.797106262220e-01
4.321608040201e-06 3.215000224254e-01 4.321608040201e-06 3.179999999975e-01 4.321608040201e-06 1.747000081902e-01 4.321608040201e-06 1.797115936554e-01
6.482412060302e-06 3.215000277507e-01 6.482412060302e-06 3.179999999969e-01 6.482412060302e-06 1.747000087985e-01 6.482412060302e-06 1.797126491494e-01
8.643216080402e-06 3.215000341794e-01 8.643216080402e-06 3.179999999960e-01 8.643216080402e-06 1.747000093897e-01 8.643216080402e-06 1.797138007168e-01
1.080402010050e-05 3.215000419242e-01 1.080402010050e-05 3.179999999949e-01 1.080402010050e-05 1.747000099418e-01 1.080402010050e-05 1.797150570986e-01
1.296482412060e-05 3.215000512372e-01 1.296482412060e-05 3.179999999935e-01 1.296482412060e-05 1.747000104262e-01 1.296482412060e-05 1.797164278305e-01
1.512562814070e-05 3.215000624167e-01 1.512562814070e-05 3.179999999918e-01 1.512562814070e-05 1.747000108055e-01 1.512562814070e-05 1.797179233148e-01
1.728643216080e-05 3.215000758155e-01 1.728643216080e-05 3.179999999895e-01 1.728643216080e-05 1.747000110319e-01 1.728643216080e-05 1.797195548991e-01
1.944723618090e-05 3.215000918508e-01 1.944723618090e-05 3.179999999866e-01 1.944723618090e-05 1.747000110447e-01 1.944723618090e-05 1.797213349621e-01
2.160804020101e-05 3.215001110152e-01 2.160804020101e-05 3.179999999829e-01 2.160804020101e-05 1.747000107670e-01 2.160804020101e-05 1.797232770069e-01
2.376884422111e-05 3.215001338906e-01 2.376884422111e-05 3.179999999783e-01 2.376884422111e-05 1.747000101019e-01 2.376884422111e-05 1.797253957629e-01
2.592964824121e-05 3.215001611631e-01 2.592964824121e-05 3.179999999723e-01 2.592964824121e-05 1.747000089286e-01 2.592964824121e-05 1.797277072967e-01
2.809045226131e-05 3.215001936424e-01 2.809045226131e-05 3.179999999646e-01 2.809045226131e-05 1.747000070961e-01 2.809045226131e-05 1.797302291337e-01
3.025125628141e-05 3.215002322826e-01 3.025125628141e-05 3.179999999549e-01 3.025125628141e-05 1.747000044173e-01 3.025125628141e-05 1.797329803892e-01
3.241206030151e-05 3.215002782078e-01 3.241206030151e-05 3.179999999424e-01 3.241206030151e-05 1.747000006603e-01 3.241206030151e-05 1.797359819130e-01
3.457286432161e-05 3.215003327418e-01 3.457286432161e-05 3.179999999264e-01 3.457286432161e-05 1.746999955393e-01 3.457286432161e-05 1.797392564453e-01
3.673366834171e-05 3.215003974426e-01 3.673366834171e-05 3.179999999060e-01 3.673366834171e-05 1.746999887021e-01 3.673366834171e-05 1.797428287881e-01
3.889447236181e-05 3.215004741435e-01 3.889447236181e-05 3.179999998798e-01 3.889447236181e-05 1.746999797165e-01 3.889447236181e-05 1.797467259907e-01
4.105527638191e-05 3.215005650005e-01 4.105527638191e-05 3.179999998464e-01 4.105527638191e-05 1.746999680526e-01 4.105527638191e-05 1.797509775523e-01
4.321608040201e-05 3.215006725480e-01 4.321608040201e-05 3.179999998035e-01 4.321608040201e-05 1.746999530624e-01 4.321608040201e-05 1.797556156429e-01
4.537688442211e-05 3.215007997643e-01 4.537688442211e-05 3.179999997486e-01 4.537688442211e-05 1.746999339542e-01 4.537688442211e-05 1.797606753433e-01
4.753768844221e-05 3.215009501482e-01 4.753768844221e-05 3.179999996782e-01 4.753768844221e-05 1.746999097629e-01 4.753768844221e-05 1.797661949065e-01
4.969849246231e-05 3.215011278079e-01 4.969849246231e-05 3.179999995879e-01 4.969849246231e-05 1.746998793134e-01 4.969849246231e-05 1.797722160430e-01
5.185929648241e-05 3.215013375662e-01 5.185929648241e-05 3.179999994721e-01 5.185929648241e-05 1.746998411765e-01 5.185929648241e-05 1.797787842297e-01
5.402010050251e-05 3.215015850821e-01 5.402010050251e-05 3.179999993234e-01 5.402010050251e-05 1.746997936164e-01 5.402010050251e-05 1.797859490481e-01
5.618090452261e-05 3.215018769942e-01 5.618090452261e-05 3.179999991325e-01 5.618090452261e-05 1.746997345271e-01 5.618090452261e-05 1.797937645499e-01
5.834170854271e-05 3.215022210877e-01 5.834170854271e-05 3.179999988873e-01 5.834170854271e-05 1.746996613560e-01 5.834170854271e-05 1.798022896566e-01
6.050251256281e-05 3.215026264892e-01 6.050251256281e-05 3.179999985720e-01 6.050251256281e-05 1.746995710118e-01 6.050251256281e-05 1.798115885926e-01
6.266331658291e-05 3.215031038952e-01 6.266331658291e-05 3.179999981666e-01 6.266331658291e-05 1.746994597549e-01 6.266331658291e-05 1.798217313562e-01
6.482412060302e-05 3.215036658377e-01 6.482412060302e-05 3.179999976450e-01 6.482412060302e-05 1.746993230641e-01 6.482412060302e-05 1.798327942315e-01
6.698492462312e-05 3.215043269956e-01 6.698492462312e-05 3.179999969735e-01 6.698492462312e-05 1.746991554778e-01 6.698492462312e-05 1.798448603443e-01
6.914572864322e-05 3.215051045570e-01 6.914572864322e-05 3.179999961087e-01 6.914572864322e-05 1.746989504032e-01 6.914572864322e-05 1.798580202646e-01
7.130653266332e-05 3.215060186427e-01 7.130653266332e-05 3.179999949943e-01 7.130653266332e-05 1.746986998870e-01 7.130653266332e-05 1.798723726616e-01
7.346733668342e-05 3.215070927996e-01 7.346733668342e-05 3.179999935576e-01 7.346733668342e-05 1.746983943408e-01 7.346733668342e-05 1.798880250130e-01
7.562814070352e-05 3.215083545771e-01 7.562814070352e-05 3.179999917043e-01 7.562814070352e-05 1.746980222111e-01 7.562814070352e-05 1.799050943737e-01
7.778894472362e-05 3.215098361972e-01 7.778894472362e-05 3.179999893125e-01 7.778894472362e-05 1.746975695850e-01 7.778894472362e-05 1.799237082085e-01
7.994974874372e-05 3.215115753377e-01 7.994974874372e-05 3.179999862239e-01 7.994974874372e-05 1.746970197165e-01 7.994974874372e-05 1.799440052931e-01
8.211055276382e-05 3.215136160422e-01 8.211055276382e-05 3.179999822337e-01 8.211055276382e-05 1.746963524599e-01 8.211055276382e-05 1.799661366887e-01
8.427135678392e-05 3.215160097814e-01 8.427135678392e-05 3.179999770757e-01 8.427135678392e-05 1.746955435909e-01 8.427135678392e-05 1.799902667940e-01
8.643216080402e-05 3.215188166874e-01 8.643216080402e-05 3.179999704047e-01 8.643216080402e-05 1.746945639942e-01 8.643216080402e-05 1.800165744820e-01
8.859296482412e-05 3.215221069893e-01 8.859296482412e-05 3.179999617723e-01 8.859296482412e-05 1.746933786915e-01 8.859296482412e-05 1.800452543247e-01
9.075376884422e-05 3.215259626831e-01 9.075376884422e-05 3.179999505959e-01 9.075376884422e-05 1.746919456785e-01 9.075376884422e-05 1.800765179124e-01
9.291457286432e-05 3.215304794705e-01 9.291457286432e-05 3.179999361180e-01 9.291457286432e-05 1.746902145352e-01 9.291457286432e-05 1.801105952728e-01
9.507537688442e-05 3.215357690109e-01 9.507537688442e-05 3.179999173533e-01 9.507537688442e-05 1.746881247648e-01 9.507537688442e-05 1.801477363951e-01
9.723618090452e-05 3.215419615335e-01 9.723618090452e-05 3.179998930198e-01 9.723618090452e-05 1.746856038103e-01 9.723618090452e-05 1.801882128641e-01
9.939698492462e-05 3.215492088642e-01 9.939698492462e-05 3.179998614482e-01 9.939698492462e-05 1.746825646869e-01 9.939698492462e-05 1.802323196098e-01
1.015577889447e-04 3.215576879307e-01 1.015577889447e-04 3.179998204637e-01 1.015577889447e-04 1.746789031581e-01 1.015577889447e-04 1.802803767766e-01
1.037185929648e-04 3.215676048158e-01 1.037185929648e-04 3.179997672324e-01 1.037185929648e-04 1.746744943713e-01 1.037185929648e-04 1.803327317149e-01
1.058793969849e-04 3.215791994375e-01 1.058793969849e-04 3.179996980587e-01 1.058793969849e-04 1.746691888509e-01 1.058793969849e-04 1.803897611006e-01
1.080402010050e-04 3.215927509463e-01 1.080402010050e-04 3.179996081218e-01 1.080402010050e-04 1.746628077335e-01 1.080402010050e-04 1.804518731809e-01
1.102010050251e-04 3.216085839355e-01 1.102010050251e-04 3.179994911298e-01 1.102010050251e-04 1.746551371083e-01 1.102010050251e-04 1.805195101501e-01
1.123618090452e-04 3.216270755743e-01 1.123618090452e-04 3.179993388669e-01 1.123618090452e-04 1.746459213044e-01 1.123618090452e-04 1.805931506509e-01
1.145226130653e-04 3.216486637787e-01 1.145226130653e-04 3.179991406010e-01 1.145226130653e-04 1.746348549449e-01 1.145226130653e-04 1.806733123998e-01
1.166834170854e-04 3.216738565444e-01 1.166834170854e-04 3.179988823057e-01 1.166834170854e-04 1.746215735591e-01 1.166834170854e-04 1.807605549291e-01
1.188442211055e-04 3.217032425705e-01 1.188442211055e-04 3.179985456424e-01 1.188442211055e-04 1.746056425226e-01 1.188442211055e-04 1.808554824360e-01
1.210050251256e-04 3.217375033018e-01 1.210050251256e-04 3.179981066236e-01 1.210050251256e-04 1.745865440652e-01 1.210050251256e-04 1.809587467250e-01
1.231658291457e-04 3.217774265135e-01 1.231658291457e-04 3.179975338604e-01 1.231658291457e-04 1.745636620699e-01 1.231658291457e-04 1.810710502270e-01
1.253266331658e-04 3.218239215431e-01 1.253266331658e-04 3.179967862621e-01 1.253266331658e-04 1.745362643668e-01 1.253266331658e-04 1.811931490699e-01
1.274874371859e-04 3.218780362489e-01 1.274874371859e-04 3.179958100171e-01 1.274874371859e-04 1.745034822291e-01 1.274874371859e-04 1.813258561746e-01
1.296482412060e-04 3.219409757199e-01 1.296482412060e-04 3.179945346284e-01 1.296482412060e-04 1.744642867959e-01 1.296482412060e-04 1.814700443401e-01
1.318090452261e-04 3.220141226901e-01 1.318090452261e-04 3.179928677064e-01 1.318090452261e-04 1.744174622027e-01 1.318090452261e-04 1.816266492765e-01
1.339698492462e-04 3.220990594966e-01 1.339698492462e-04 3.179906881296e-01 1.339698492462e-04 1.743615753070e-01 1.339698492462e-04 1.817966725414e-01
1.361306532663e-04 3.221975912582e-01 1.361306532663e-04 3.179878370575e-01 1.361306532663e-04 1.742949420814e-01 1.361306532663e-04 1.819811843233e-01
1.382914572864e-04 3.223117697297e-01 1.382914572864e-04 3.179841061225e-01 1.382914572864e-04 1.742155910331e-01 1.382914572864e-04 1.821813260210e-01
1.404522613065e-04 3.224439169799e-01 1.404522613065e-04 3.179792219124e-01 1.404522613065e-04 1.741212244620e-01 1.404522613065e-04 1.823983125599e-01
1.426130653266e-04 3.225966476267e-01 1.426130653266e-04 3.179728255797e-01 1.426130653266e-04 1.740091790143e-01 1.426130653266e-04 1.826334343999e-01
1.447738693467e-04 3.227728878252e-01 1.447738693467e-04 3.179644460505e-01 1.447738693467e-04 1.738763879272e-01 1.447738693467e-04 1.828880592020e-01
1.469346733668e-04 3.229758884995e-01 1.469346733668e-04 3.179534648340e-01 1.469346733668e-04 1.737193486449e-01 1.469346733668e-04 1.831636331559e-01
1.490954773869e-04 3.232092294176e-01 1.490954773869e-04 3.179390698197e-01 1.490954773869e-04 1.735341012263e-01 1.490954773869e-04 1.834616820295e-01
1.512562814070e-04 3.234768096046e-01 1.512562814070e-04 3.179201946581e-01 1.512562814070e-04 1.733162252215e-01 1.512562814070e-04 1.837838120972e-01
1.534170854271e-04 3.237828182487e-01 1.534170854271e-04 3.178954393071e-01 1.534170854271e-04 1.730608655251e-01 1.534170854271e-04 1.841317112618e-01
1.555778894472e-04 3.241316786879e-01 1.555778894472e-04 3.178629660414e-01 1.555778894472e-04 1.727628010742e-01 1.555778894472e-04 1.845071509253e-01
1.577386934673e-04 3.245279563086e-01 1.577386934673e-04 3.178203636177e-01 1.577386934673e-04 1.724165739685e-01 1.577386934673e-04 1.849119895448e-01
1.598994974874e-04 3.249762193433e-01 1.598994974874e-04 3.177644703328e-01 1.598994974874e-04 1.720167001945e-01 1.598994974874e-04 1.853481793803e-01
1.620603015075e-04 3.254808398041e-01 1.620603015075e-04 3.176911444024e-01 1.620603015075e-04 1.715579858119e-01 1.620603015075e-04 1.858177788154e-01
1.642211055276e-04 3.260457204587e-01 1.642211055276e-04 3.175949675120e-01 1.642211055276e-04 1.710359728186e-01 1.642211055276e-04 1.863229739390e-01
1.663819095477e-04 3.266739333272e-01 1.663819095477e-04 3.174688647961e-01 1.663819095477e-04 1.704475349270e-01 1.663819095477e-04 1.868661150438e-01
1.685427135678e-04 3.273672563588e-01 1.685427135678e-04 3.173036224216e-01 1.685427135678e-04 1.697916324898e-01 1.685427135678e-04 1.874497766253e-01
1.707035175879e-04 3.281255986920e-01 1.707035175879e-04 3.170872834555e-01 1.707035175879e-04 1.690702148225e-01 1.707035175879e-04 1.880768538230e-01
1.728643216080e-04 3.289463123815e-01 1.728643216080e-04 3.168044056994e-01 1.728643216080e-04 1.682892246872e-01 1.728643216080e-04 1.887507146790e-01
1.750251256281e-04 3.298234010243e-01 1.750251256281e-04 3.164351749398e-01 1.750251256281e-04 1.674596132530e-01 1.750251256281e-04 1.894754370356e-01
1.771859296482e-04 3.307466545839e-01 1.771859296482e-04 3.159543887842e-01 1.771859296482e-04 1.665982181208e-01 1.771859296482e-04 1.902561725960e-01
1.793467336683e-04 3.317007656874e-01 1.793467336683e-04 3.153303675687e-01 1.793467336683e-04 1.657283022606e-01 1.793467336683e-04 1.910997002354e-01
1.815075376884e-04 3.326645154617e-01 1.815075376884e-04 3.145239196503e-01 1.815075376884e-04 1.648795161137e-01 1.815075376884e-04 1.920152578212e-01
1.836683417085e-04 3.336101543757e-01 1.836683417085e-04 3.134875988785e-01 1.836683417085e-04 1.640870530405e-01 1.836683417085e-04 1.930157778337e-01
1.858291457286e-04 3.345031405428e-01 1.858291457286e-04 3.121656462199e-01 1.858291457286e-04 1.633898437203e-01 1.858291457286e-04 1.941196958976e-01
1.879899497487e-04 3.353024259115e-01 1.879899497487e-04 3.104951895922e-01 1.879899497487e-04 1.628277895548e-01 1.879899497487e-04 1.953535451433e-01
1.901507537688e-04 3.359614875397e-01 1.901507537688e-04 3.084094272176e-01 1.901507537688e-04 1.624382537111e-01 1.901507537688e-04 1.967555690313e-01
1.923115577889e-04 3.364302721761e-01 1.923115577889e-04 3.058435118973e-01 1.923115577889e-04 1.622522617618e-01 1.923115577889e-04 1.983805215195e-01
1.944723618090e-04 3.366581440702e-01 1.944723618090e-04 3.027434836800e-01 1.944723618090e-04 1.622910352065e-01 1.944723618090e-04 2.003055489810e-01
1.966331658291e-04 3.365977909738e-01 1.966331658291e-04 2.990776593836e-01 1.966331658291e-04 1.625635130036e-01 1.966331658291e-04 2.026363265450e-01
1.987939698492e-04 3.362098574107e-01 1.987939698492e-04 2.948483698769e-01 1.987939698492e-04 1.630653680624e-01 1.987939698492e-04 2.055111004128e-01
2.009547738693e-04 3.354678620917e-01 2.009547738693e-04 2.901003220483e-01 2.009547738693e-04 1.637797223981e-01 2.009547738693e-04 2.090976788379e-01
2.031155778894e-04 3.343627629503e-01 2.031155778894e-04 2.849212405519e-01 2.031155778894e-04 1.646793957257e-01 2.031155778894e-04 2.135751848822e-01
2.052763819095e-04 3.329064180170e-01 2.052763819095e-04 2.794320123436e-01 2.052763819095e-04 1.657302059090e-01 2.052763819095e-04 2.190912382437e-01
2.074371859296e-04 3.311332111205e-01 2.074371859296e-04 2.737674651376e-01 2.074371859296e-04 1.668946710941e-01 2.074371859296e-04 2.256923469091e-01
2.095979899497e-04 3.290993024012e-01 2.095979899497e-04 2.680534049488e-01 2.095979899497e-04 1.681354759056e-01 2.095979899497e-04 2.332467294869e-01
2.117587939698e-04 3.268793144891e-01 2.117587939698e-04 2.623877637156e-01 2.117587939698e-04 1.694182239347e-01 2.117587939698e-04 2.414069740603e-01
2.139195979899e-04 3.245607123233e-01 2.139195979899e-04 2.568320078306e-01 2.139195979899e-04 1.707132308220e-01 2.139195979899e-04 2.496624550649e-01
2.160804020101e-04 3.222365726021e-01 2.160804020101e-04 2.514143925851e-01 2.160804020101e-04 1.719963380571e-01 2.160804020101e-04 2.574794435960e-01
2.182412060302e-04 3.199977520136e-01 2.182412060302e-04 2.461420140903e-01 2.182412060302e-04 1.732488937843e-01 2.182412060302e-04 2.644546201656e-01
2.204020100503e-04 3.179255656105e-01 2.204020100503e-04 2.410161324266e-01 2.204020100503e-04 1.744571346012e-01 2.204020100503e-04 2.703955273744e-01
2.225628140704e-04 3.160859529636e-01 2.225628140704e-04 2.360453407655e-01 2.225628140704e-04 1.756112204160e-01 2.225628140704e-04 2.753044265396e-01
2.247236180905e-04 3.145257843896e-01 2.247236180905e-04 2.312529728825e-01 2.247236180905e-04 1.767041457095e-01 2.247236180905e-04 2.793065560420e-01
2.268844221106e-04 3.132715377994e-01 2.268844221106e-04 2.266775792628e-01 2.268844221106e-04 1.777306991982e-01 2.268844221106e-04 2.825752844488e-01
2.290452261307e-04 3.123301689400e-01 2.290452261307e-04 2.223675455934e-01 2.290452261307e-04 1.786865882425e-01 2.290452261307e-04 2.852814929480e-01
2.312060301508e-04 3.116916931631e-01 2.312060301508e-04 2.183724383483e-01 2.312060301508e-04 1.795677947488e-01 2.312060301508e-04 2.875694119255e-01
2.333668341709e-04 3.113328406330e-01 2.333668341709e-04 2.147341284683e-01 2.333668341709e-04 1.803701894535e-01 2.333668341709e-04 2.895503925831e-01
2.355276381910e-04 3.112211373701e-01 2.355276381910e-04 2.114801743903e-01 2.355276381910e-04 1.810894009463e-01 2.355276381910e-04 2.913056956262e-01
2.376884422111e-04 3.113188656454e-01 2.376884422111e-04 2.086207196197e-01 2.376884422111e-04 1.817209125209e-01 2.376884422111e-04 2.928924413177e-01
2.398492462312e-04 3.115865181573e-01 2.398492462312e-04 2.061488584460e-01 2.398492462312e-04 1.822603420366e-01 2.398492462312e-04 2.943497563905e-01
2.420100502513e-04 3.119855331351e-01 2.420100502513e-04 2.040435253569e-01 2.420100502513e-04 1.827038465955e-01 2.420100502513e-04 2.957039622082e-01
2.441708542714e-04 3.124802476200e-01 2.441708542714e-04 2.022736450860e-01 2.441708542714e-04 1.830485853244e-01 2.441708542714e-04 2.969725547630e-01
2.463316582915e-04 3.130391159850e-01 2.463316582915e-04 2.008024306569e-01 2.463316582915e-04 1.832931710193e-01 2.463316582915e-04 2.981670973511e-01
2.484924623116e-04 3.136353068260e-01 2.484924623116e-04 1.995910976528e-01 2.484924623116e-04 1.834380459953e-01 2.484924623116e-04 2.992952529708e-01
2.506532663317e-04 3.142468196077e-01 2.506532663317e-04 1.986016611894e-01 2.506532663317e-04 1.834857295012e-01 2.506532663317e-04 3.003621792975e-01
2.528140703518e-04 3.148562630518e-01 2.528140703518e-04 1.977987802044e-01 2.528140703518e-04 1.834409025303e-01 2.528140703518e-04 3.013714688379e-01
2.549748743719e-04 3.154504208784e-01 2.549748743719e-04 1.971507836407e-01 2.549748743719e-04 1.833103183268e-01 2.549748743719e-04 3.023257720571e-01
2.571356783920e-04 3.160197060966e-01 2.571356783920e-04 1.966300780702e-01 2.571356783920e-04 1.831025499075e-01 2.571356783920e-04 3.032272029350e-01
2.592964824121e-04 3.165575789814e-01 2.592964824121e-04 1.962131350847e-01 2.592964824121e-04 1.828276057986e-01 2.592964824121e-04 3.040775969210e-01
2.614572864322e-04 3.170599800530e-01 2.614572864322e-04 1.958802235892e-01 2.614572864322e-04 1.824964589099e-01 2.614572864322e-04 3.048786697496e-01
2.636180904523e-04 3.175248096998e-01 2.636180904523e-04 1.956150097745e-01 2.636180904523e-04 1.821205393883e-01 2.636180904523e-04 3.056321103688e-01
2.657788944724e-04 3.179514710575e-01 2.657788944724e-04 1.954041082475e-01 2.657788944724e-04 1.817112404193e-01 2.657788944724e-04 3.063396306514e-01
2.679396984925e-04 3.183404820838e-01 2.679396984925e-04 1.952366363990e-01 2.679396984925e-04 1.812794777362e-01 2.679396984925e-04 3.070029872760e-01
2.701005025126e-04 3.186931557323e-01 2.701005025126e-04 1.951038013056e-01 2.701005025126e-04 1.808353314404e-01 2.701005025126e-04 3.076239861746e-01
2.722613065327e-04 3.190113429296e-01 2.722613065327e-04 1.949985331100e-01 2.722613065327e-04 1.803877852595e-01 2.722613065327e-04 3.082044765338e-01
2.744221105528e-04 3.192972309032e-01 2.744221105528e-04 1.949151691720e-01 2.744221105528e-04 1.799445658445e-01 2.744221105528e-04 3.087463390069e-01
2.765829145729e-04 3.195531886561e-01 2.765829145729e-04 1.948491876531e-01 2.765829145729e-04 1.795120747097e-01 2.765829145729e-04 3.092514712054e-01
2.787437185930e-04 3.197816515103e-01 2.787437185930e-04 1.947969862536e-01 2.787437185930e-04 1.790953986669e-01 2.787437185930e-04 3.097217724511e-01
2.809045226131e-04 3.199850372883e-01 2.809045226131e-04 1.947557005669e-01 2.809045226131e-04 1.786983811356e-01 2.809045226131e-04 3.101591290305e-01
2.830653266332e-04 3.201656875915e-01 2.830653266332e-04 1.947230562595e-01 2.830653266332e-04 1.783237360095e-01 2.830653266332e-04 3.105654006871e-01
2.852261306533e-04 3.203258286093e-01 2.852261306533e-04 1.946972495824e-01 2.852261306533e-04 1.779731871078e-01 2.852261306533e-04 3.109424087516e-01
2.873869346734e-04 3.204675468422e-01 2.873869346734e-04 1.946768512830e-01 2.873869346734e-04 1.776476188213e-01 2.873869346734e-04 3.112919260764e-01
2.895477386935e-04 3.205927759885e-01 2.895477386935e-04 1.946607296415e-01 2.895477386935e-04 1.773472267148e-01 2.895477386935e-04 3.116156687990e-01
2.917085427136e-04 3.207032920083e-01 2.917085427136e-04 1.946479890186e-01 2.917085427136e-04 1.770716600200e-01 2.917085427136e-04 3.119152898590e-01
2.938693467337e-04 3.208007140169e-01 2.938693467337e-04 1.946379209051e-01 2.938693467337e-04 1.768201508220e-01 2.938693467337e-04 3.121923741390e-01
2.960301507538e-04 3.208865091995e-01 2.960301507538e-04 1.946299650050e-01 2.960301507538e-04 1.765916271216e-01 2.960301507538e-04 3.124484350691e-01
2.981909547739e-04 3.209620003674e-01 2.981909547739e-04 1.946236783401e-01 2.981909547739e-04 1.763848087831e-01 2.981909547739e-04 3.126849125205e-01
3.003517587940e-04 3.210283751253e-01 3.003517587940e-04 1.946187107500e-01 3.003517587940e-04 1.761982866903e-01 3.003517587940e-04 3.129031718127e-01
3.025125628141e-04 3.210866958894e-01 3.025125628141e-04 1.946147854833e-01 3.025125628141e-04 1.760305862826e-01 3.025125628141e-04 3.131045036652e-01
3.046733668342e-04 3.211379102097e-01 3.046733668342e-04 1.946116838295e-01 3.046733668342e-04 1.758802171384e-01 3.046733668342e-04 3.132901249368e-01
3.068341708543e-04 3.211828610125e-01 3.068341708543e-04 1.946092329597e-01 3.068341708543e-04 1.757457104918e-01 3.068341708543e-04 3.134611800055e-01
3.089949748744e-04 3.212222964990e-01 3.089949748744e-04 1.946072963083e-01 3.089949748744e-04 1.756256465941e-01 3.089949748744e-04 3.136187426632e-01
3.111557788945e-04 3.212568795346e-01 3.111557788945e-04 1.946057659678e-01 3.111557788945e-04 1.755186737348e-01 3.111557788945e-04 3.137638184078e-01
3.133165829146e-04 3.212871964249e-01 3.133165829146e-04 1.946045566766e-01 3.133165829146e-04 1.754235205682e-01 3.133165829146e-04 3.138973470360e-01
3.154773869347e-04 3.213137650287e-01 3.154773869347e-04 1.946036010670e-01 3.154773869347e-04 1.753390031836e-01 3.154773869347e-04 3.140202054492e-01
3.176381909548e-04 3.213370421918e-01 3.176381909548e-04 1.946028459101e-01 3.176381909548e-04 1.752640281446e-01 3.176381909548e-04 3.141332106027e-01
3.197989949749e-04 3.213574305086e-01 3.197989949749e-04 1.946022491482e-01 3.197989949749e-04 1.751975925169e-01 3.197989949749e-04 3.142371225346e-01
3.219597989950e-04 3.213752844386e-01 3.219597989950e-04 1.946017775496e-01 3.219597989950e-04 1.751387817136e-01 3.219597989950e-04 3.143326474267e-01
3.241206030151e-04 3.213909158103e-01 3.241206030151e-04 1.946014048566e-01 3.241206030151e-04 1.750867658223e-01 3.241206030151e-04 3.144204406550e-01
3.262814070352e-04 3.214045987559e-01 3.262814070352e-04 1.946011103214e-01 3.262814070352e-04 1.750407949344e-01 3.262814070352e-04 3.145011097972e-01
3.284422110553e-04 3.214165741200e-01 3.284422110553e-04 1.946008775495e-01 3.284422110553e-04 1.750001938781e-01 3.284422110553e-04 3.145752175707e-01
3.306030150754e-04 3.214270533866e-01 3.306030150754e-04 1.946006935865e-01 3.306030150754e-04 1.749643566588e-01 3.306030150754e-04 3.146432846831e-01
3.327638190955e-04 3.214362221701e-01 3.327638190955e-04 1.946005481954e-01 3.327638190955e-04 1.749327408298e-01 3.327638190955e-04 3.147057925770e-01
3.349246231156e-04 3.214442433107e-01 3.349246231156e-04 1.946004332871e-01 3.349246231156e-04 1.749048619562e-01 3.349246231156e-04 3.147631860612e-01
3.370854271357e-04 3.214512596151e-01 3.370854271357e-04 1.946003424692e-01 3.370854271357e-04 1.748802882825e-01 3.370854271357e-04 3.148158758201e-01
3.392462311558e-04 3.214573962798e-01 3.392462311558e-04 1.946002706902e-01 3.392462311558e-04 1.748586356779e-01 3.392462311558e-04 3.148642407966e-01
3.414070351759e-04 3.214627630299e-01 3.414070351759e-04 1.946002139579e-01 3.414070351759e-04 1.748395629036e-01 3.414070351759e-04 3.149086304477e-01
3.435678391960e-04 3.214674560051e-01 3.435678391960e-04 1.946001691177e-01 3.435678391960e-04 1.748227672272e-01 3.435678391960e-04 3.149493668714e-01
3.457286432161e-04 3.214715594221e-01 3.457286432161e-04 1.946001336763e-01 3.457286432161e-04 1.748079803885e-01 3.457286432161e-04 3.149867468085e-01
3.478894472362e-04 3.214751470372e-01 3.478894472362e-04 1.946001056632e-01 3.478894472362e-04 1.747949649153e-01 3.478894472362e-04 3.150210435201e-01
3.500502512563e-04 3.214782834326e-01 3.500502512563e-04 1.946000835214e-01 3.500502512563e-04 1.747835107761e-01 3.500502512563e-04 3.150525085455e-01
3.522110552764e-04 3.214810251481e-01 3.522110552764e-04 1.946000660200e-01 3.522110552764e-04 1.747734323540e-01 3.522110552764e-04 3.150813733452e-01
3.543718592965e-04 3.214834216741e-01 3.543718592965e-04 1.946000521864e-01 3.543718592965e-04 1.747645657193e-01 3.543718592965e-04 3.151078508323e-01
3.565326633166e-04 3.214855163243e-01 3.565326633166e-04 1.946000412517e-01 3.565326633166e-04 1.747567661825e-01 3.565326633166e-04 3.151321367997e-01
3.586934673367e-04 3.214873470013e-01 3.586934673367e-04 1.946000326085e-01 3.586934673367e-04 1.747499061027e-01 3.586934673367e-04 3.151544112464e-01
3.608542713568e-04 3.214889468686e-01 3.608542713568e-04 1.946000257765e-01 3.608542713568e-04 1.747438729304e-01 3.608542713568e-04 3.151748396090e-01
3.630150753769e-04 3.214903449397e-01 3.630150753769e-04 1.946000203760e-01 3.630150753769e-04 1.747385674630e-01 3.630150753769e-04 3.151935739049e-01
3.651758793970e-04 3.214915665945e-01 3.651758793970e-04 1.946000161071e-01 3.651758793970e-04 1.747339022934e-01 3.651758793970e-04 3.152107537903e-01
3.673366834171e-04 3.214926340322e-01 3.673366834171e-04 1.946000127326e-01 3.673366834171e-04 1.747298004309e-01 3.673366834171e-04 3.152265075409e-01
3.694974874372e-04 3.214935666681e-01 3.694974874372e-04 1.946000100652e-01 3.694974874372e-04 1.747261940786e-01 3.694974874372e-04 3.152409529573e-01
3.716582914573e-04 3.214943814812e-01 3.716582914573e-04 1.946000079566e-01 3.716582914573e-04 1.747230235502e-01 3.716582914573e-04 3.152541982034e-01
3.738190954774e-04 3.214950933185e-01 3.738190954774e-04 1.946000062898e-01 3.738190954774e-04 1.747202363103e-01 3.738190954774e-04 3.152663425794e-01
3.759798994975e-04 3.214957151619e-01 3.759798994975e-04 1.946000049722e-01 3.759798994975e-04 1.747177861266e-01 3.759798994975e-04 3.152774772355e-01
3.781407035176e-04 3.214962583612e-01 3.781407035176e-04 1.946000039306e-01 3.781407035176e-04 1.747156323203e-01 3.781407035176e-04 3.152876858306e-01
3.803015075377e-04 3.214967328390e-01 3.803015075377e-04 1.946000031073e-01 3.803015075377e-04 1.747137391041e-01 3.803015075377e-04 3.152970451387e-01
3.824623115578e-04 3.214971472695e-01 3.824623115578e-04 1.946000024564e-01 3.824623115578e-04 1.747120749980e-01 3.824623115578e-04 3.153056256082e-01
3.846231155779e-04 3.214975092347e-01 3.846231155779e-04 1.946000019419e-01 3.846231155779e-04 1.747106123143e-01 3.846231155779e-04 3.153134918769e-01
3.867839195980e-04 3.214978253618e-01 3.867839195980e-04 1.946000015351e-01 3.867839195980e-04 1.747093267026e-01 3.867839195980e-04 3.153207032459e-01
3.889447236181e-04 3.214981014431e-01 3.889447236181e-04 1.946000012136e-01 3.889447236181e-04 1.747081967499e-01 3.889447236181e-04 3.153273141156e-01
3.911055276382e-04 3.214983425405e-01 3.911055276382e-04 1.946000009594e-01 3.911055276382e-04 1.747072036275e-01 3.911055276382e-04 3.153333743874e-01
3.932663316583e-04 3.214985530779e-01 3.932663316583e-04 1.946000007584e-01 3.932663316583e-04 1.747063307804e-01 3.932663316583e-04 3.153389298321e-01
3.954271356784e-04 3.214987369208e-01 3.954271356784e-04 1.946000005996e-01 3.954271356784e-04 1.747055636532e-01 3.954271356784e-04 3.153440224295e-01
3.975879396985e-04 3.214988974472e-01 3.975879396985e-04 1.946000004740e-01 3.975879396985e-04 1.747048894499e-01 3.975879396985e-04 3.153486906804e-01
3.997487437186e-04 3.214990376083e-01 3.997487437186e-04 1.946000003747e-01 3.997487437186e-04 1.747042969211e-01 3.997487437186e-04 3.153529698925e-01
4.019095477387e-04 3.214991599827e-01 4.019095477387e-04 1.946000002962e-01 4.019095477387e-04 1.747037761780e-01 4.019095477387e-04 3.153568924439e-01
4.040703517588e-04 3.214992668233e-01 4.040703517588e-04 1.946000002342e-01 4.040703517588e-04 1.747033185278e-01 4.040703517588e-04 3.153604880252e-01
4.062311557789e-04 3.214993600982e-01 4.062311557789e-04 1.946000001851e-01 4.062311557789e-04 1.747029163295e-01 4.062311557789e-04 3.153637838608e-01
4.083919597990e-04 3.214994415265e-01 4.083919597990e-04 1.946000001464e-01 4.083919597990e-04 1.747025628669e-01 4.083919597990e-04 3.153668049136e-01
4.105527638191e-04 3.214995126102e-01 4.105527638191e-04 1.946000001157e-01 4.105527638191e-04 1.747022522364e-01 4.105527638191e-04 3.153695740713e-01
4.127135678392e-04 3.214995746610e-01 4.127135678392e-04 1.946000000915e-01 4.127135678392e-04 1.747019792494e-01 4.127135678392e-04 3.153721123190e-01
4.148743718593e-04 3.214996288247e-01 4.148743718593e-04 1.946000000723e-01 4.148743718593e-04 1.747017393454e-01 4.148743718593e-04 3.153744388961e-01
4.170351758794e-04 3.214996761021e-01 4.170351758794e-04 1.946000000572e-01 4.170351758794e-04 1.747015285161e-01 4.170351758794e-04 3.153765714416e-01
4.191959798995e-04 3.214997173671e-01 4.191959798995e-04 1.946000000452e-01 4.191959798995e-04 1.747013432386e-01 4.191959798995e-04 3.153785261266e-01
4.213567839196e-04 3.214997533831e-01 4.213567839196e-04 1.946000000357e-01 4.213567839196e-04 1.747011804168e-01 4.213567839196e-04 3.153803177762e-01
4.235175879397e-04 3.214997848167e-01 4.235175879397e-04 1.946000000283e-01 4.235175879397e-04 1.747010373295e-01 4.235175879397e-04 3.153819599812e-01
4.256783919598e-04 3.214998122498e-01 4.256783919598e-04 1.946000000223e-01 4.256783919598e-04 1.747009115853e-01 4.256783919598e-04 3.153834652006e-01
4.278391959799e-04 3.214998361908e-01 4.278391959799e-04 1.946000000177e-01 4.278391959799e-04 1.747008010824e-01 4.278391959799e-04 3.153848448559e-01
4.300000000000e-04 3.214998570834e-01 4.300000000000e-04 1.946000000140e-01 4.300000000000e-04 1.747007039736e-01 4.300000000000e-04 3.153861094171e-01
