0.000000000000e+00 1.994039549500e-01 0.000000000000e+00 3.191999999996e-01 0.000000000000e+00 2.906775334527e-01 0.000000000000e+00 1.912130193368e-01
2.396984924623e-06 1.994043546868e-01 2.396984924623e-06 3.191999999995e-01 2.396984924623e-06 2.906750264949e-01 2.396984924623e-06 1.912368640398e-01
4.793969849246e-06 1.994047954041e-01 4.793969849246e-06 3.191999999994e-01 4.793969849246e-06 2.906722392161e-01 4.793969849246e-06 1.912618079633e-01
7.190954773869e-06 1.994052813818e-01 7.190954773869e-06 3.191999999992e-01 7.190954773869e-06 2.906691402356e-01 7.190954773869e-06 1.912879009763e-01
9.587939698492e-06 1.994058173578e-01 9.587939698492e-06 3.191999999990e-01 9.587939698492e-06 2.906656946602e-01 9.587939698492e-06 1.913151951431e-01
1.198492462312e-05 1.994064085779e-01 1.198492462312e-05 3.191999999987e-01 1.198492462312e-05 2.906618636927e-01 1.198492462312e-05 1.913437448147e-01
1.438190954774e-05 1.994070608517e-01 1.438190954774e-05 3.191999999984e-01 1.438190954774e-05 2.906576041960e-01 1.438190954774e-05 1.913736067245e-01
1.677889447236e-05 1.994077806156e-01 1.677889447236e-05 3.191999999979e-01 1.677889447236e-05 2.906528682099e-01 1.677889447236e-05 1.914048400868e-01
1.917587939698e-05 1.994085750016e-01 1.917587939698e-05 3.191999999974e-01 1.917587939698e-05 2.906476024136e-01 1.917587939698e-05 1.914375067001e-01
2.157286432161e-05 1.994094519157e-01 2.157286432161e-05 3.191999999966e-01 2.157286432161e-05 2.906417475300e-01 2.157286432161e-05 1.914716710540e-01
2.396984924623e-05 1.994104201234e-01 2.396984924623e-05 3.191999999956e-01 2.396984924623e-05 2.906352376639e-01 2.396984924623e-05 1.915074004405e-01
2.636683417085e-05 1.994114893472e-01 2.636683417085e-05 3.191999999944e-01 2.636683417085e-05 2.906279995680e-01 2.636683417085e-05 1.915447650702e-01
2.876381909548e-05 1.994126703735e-01 2.876381909548e-05 3.191999999928e-01 2.876381909548e-05 2.906199518285e-01 2.876381909548e-05 1.915838381929e-01
3.116080402010e-05 1.994139751729e-01 3.116080402010e-05 3.191999999907e-01 3.116080402010e-05 2.906110039626e-01 3.116080402010e-05 1.916246962231e-01
3.355778894472e-05 1.994154170348e-01 3.355778894472e-05 3.191999999881e-01 3.355778894472e-05 2.906010554177e-01 3.355778894472e-05 1.916674188719e-01
3.595477386935e-05 1.994170107170e-01 3.595477386935e-05 3.191999999847e-01 3.595477386935e-05 2.905899944632e-01 3.595477386935e-05 1.917120892838e-01
3.835175879397e-05 1.994187726131e-01 3.835175879397e-05 3.191999999803e-01 3.835175879397e-05 2.905776969627e-01 3.835175879397e-05 1.917587941802e-01
4.074874371859e-05 1.994207209404e-01 4.074874371859e-05 3.191999999747e-01 4.074874371859e-05 2.905640250159e-01 4.074874371859e-05 1.918076240097e-01
4.314572864322e-05 1.994228759487e-01 4.314572864322e-05 3.191999999675e-01 4.314572864322e-05 2.905488254564e-01 4.314572864322e-05 1.918586731056e-01
4.554271356784e-05 1.994252601554e-01 4.554271356784e-05 3.191999999581e-01 4.554271356784e-05 2.905319281911e-01 4.554271356784e-05 1.919120398517e-01
4.793969849246e-05 1.994278986073e-01 4.793969849246e-05 3.191999999461e-01 4.793969849246e-05 2.905131443668e-01 4.793969849246e-05 1.919678268568e-01
5.033668341709e-05 1.994308191744e-01 5.033668341709e-05 3.191999999305e-01 5.033668341709e-05 2.904922643470e-01 5.033668341709e-05 1.920261411391e-01
5.273366834171e-05 1.994340528791e-01 5.273366834171e-05 3.191999999104e-01 5.273366834171e-05 2.904690554824e-01 5.273366834171e-05 1.920870943216e-01
5.513065326633e-05 1.994376342642e-01 5.513065326633e-05 3.191999998845e-01 5.513065326633e-05 2.904432596553e-01 5.513065326633e-05 1.921508028393e-01
5.752763819095e-05 1.994416018064e-01 5.752763819095e-05 3.191999998510e-01 5.752763819095e-05 2.904145905802e-01 5.752763819095e-05 1.922173881603e-01
5.992462311558e-05 1.994459983787e-01 5.992462311558e-05 3.191999998076e-01 5.992462311558e-05 2.903827308396e-01 5.992462311558e-05 1.922869770220e-01
6.232160804020e-05 1.994508717702e-01 6.232160804020e-05 3.191999997514e-01 6.232160804020e-05 2.903473286342e-01 6.232160804020e-05 1.923597016854e-01
6.471859296482e-05 1.994562752676e-01 6.471859296482e-05 3.191999996787e-01 6.471859296482e-05 2.903079942270e-01 6.471859296482e-05 1.924357002080e-01
6.711557788945e-05 1.994622683097e-01 6.711557788945e-05 3.191999995843e-01 6.711557788945e-05 2.902642960605e-01 6.711557788945e-05 1.925151167398e-01
6.951256281407e-05 1.994689172198e-01 6.951256281407e-05 3.191999994619e-01 6.951256281407e-05 2.902157565268e-01 6.951256281407e-05 1.925981018453e-01
7.190954773869e-05 1.994762960297e-01 7.190954773869e-05 3.191999993027e-01 7.190954773869e-05 2.901618473718e-01 7.190954773869e-05 1.926848128543e-01
7.430653266332e-05 1.994844874042e-01 7.430653266332e-05 3.191999990958e-01 7.430653266332e-05 2.901019847180e-01 7.430653266332e-05 1.927754142472e-01
7.670351758794e-05 1.994935836795e-01 7.670351758794e-05 3.191999988264e-01 7.670351758794e-05 2.900355236928e-01 7.670351758794e-05 1.928700780786e-01
7.910050251256e-05 1.995036880297e-01 7.910050251256e-05 3.191999984752e-01 7.910050251256e-05 2.899617526554e-01 7.910050251256e-05 1.929689844470e-01
8.149748743719e-05 1.995149157782e-01 8.149748743719e-05 3.191999980169e-01 8.149748743719e-05 2.898798870211e-01 8.149748743719e-05 1.930723220155e-01
8.389447236181e-05 1.995273958704e-01 8.389447236181e-05 3.191999974180e-01 8.389447236181e-05 2.897890626930e-01 8.389447236181e-05 1.931802885932e-01
8.629145728643e-05 1.995412725295e-01 8.629145728643e-05 3.191999966345e-01 8.629145728643e-05 2.896883291216e-01 8.629145728643e-05 1.932930917865e-01
8.868844221106e-05 1.995567071177e-01 8.868844221106e-05 3.191999956080e-01 8.868844221106e-05 2.895766420280e-01 8.868844221106e-05 1.934109497307e-01
9.108542713568e-05 1.995738802280e-01 9.108542713568e-05 3.191999942613e-01 9.108542713568e-05 2.894528558481e-01 9.108542713568e-05 1.935340919156e-01
9.348241206030e-05 1.995929940355e-01 9.348241206030e-05 3.191999924918e-01 9.348241206030e-05 2.893157159772e-01 9.348241206030e-05 1.936627601198e-01
9.587939698492e-05 1.996142749404e-01 9.587939698492e-05 3.191999901634e-01 9.587939698492e-05 2.891638509230e-01 9.587939698492e-05 1.937972094709e-01
9.827638190955e-05 1.996379765382e-01 9.827638190955e-05 3.191999870946e-01 9.827638190955e-05 2.889957645157e-01 9.827638190955e-05 1.939377096514e-01
1.006733668342e-04 1.996643829572e-01 1.006733668342e-04 3.191999830437e-01 1.006733668342e-04 2.888098283589e-01 1.006733668342e-04 1.940845462743e-01
1.030703517588e-04 1.996938126074e-01 1.030703517588e-04 3.191999776876e-01 1.030703517588e-04 2.886042747632e-01 1.030703517588e-04 1.942380224553e-01
1.054673366834e-04 1.997266223911e-01 1.054673366834e-04 3.191999705937e-01 1.054673366834e-04 2.883771904551e-01 1.054673366834e-04 1.943984606115e-01
1.078643216080e-04 1.997632124282e-01 1.078643216080e-04 3.191999611823e-01 1.078643216080e-04 2.881265114260e-01 1.078643216080e-04 1.945662045236e-01
1.102613065327e-04 1.998040313573e-01 1.102613065327e-04 3.191999486748e-01 1.102613065327e-04 2.878500193565e-01 1.102613065327e-04 1.947416217021e-01
1.126582914573e-04 1.998495822790e-01 1.126582914573e-04 3.191999320236e-01 1.126582914573e-04 2.875453401332e-01 1.126582914573e-04 1.949251061054e-01
1.150552763819e-04 1.999004294121e-01 1.150552763819e-04 3.191999098172e-01 1.150552763819e-04 2.872099450607e-01 1.150552763819e-04 1.951170812619e-01
1.174522613065e-04 1.999572055412e-01 1.174522613065e-04 3.191998801501e-01 1.174522613065e-04 2.868411554584e-01 1.174522613065e-04 1.953180038608e-01
1.198492462312e-04 2.000206203403e-01 1.198492462312e-04 3.191998404458e-01 1.198492462312e-04 2.864361514164e-01 1.198492462312e-04 1.955283678785e-01
1.222462311558e-04 2.000914696599e-01 1.222462311558e-04 3.191997872156e-01 1.222462311558e-04 2.859919855582e-01 1.222462311558e-04 1.957487093224e-01
1.246432160804e-04 2.001706458722e-01 1.246432160804e-04 3.191997157275e-01 1.246432160804e-04 2.855056027131e-01 1.246432160804e-04 1.959796116810e-01
1.270402010050e-04 2.002591493701e-01 1.270402010050e-04 3.191996195542e-01 1.270402010050e-04 2.849738664289e-01 1.270402010050e-04 1.962217121798e-01
1.294371859296e-04 2.003581013168e-01 1.294371859296e-04 3.191994899523e-01 1.294371859296e-04 2.843935932328e-01 1.294371859296e-04 1.964757089582e-01
1.318341708543e-04 2.004687577400e-01 1.318341708543e-04 3.191993150119e-01 1.318341708543e-04 2.837615954757e-01 1.318341708543e-04 1.967423692884e-01
1.342311557789e-04 2.005925250572e-01 1.342311557789e-04 3.191990784876e-01 1.342311557789e-04 2.830747334347e-01 1.342311557789e-04 1.970225389747e-01
1.366281407035e-04 2.007309771061e-01 1.366281407035e-04 3.191987581916e-01 1.366281407035e-04 2.823299771023e-01 1.366281407035e-04 1.973171530808e-01
1.390251256281e-04 2.008858737290e-01 1.390251256281e-04 3.191983237835e-01 1.390251256281e-04 2.815244777272e-01 1.390251256281e-04 1.976272481425e-01
1.414221105528e-04 2.010591809330e-01 1.414221105528e-04 3.191977337257e-01 1.414221105528e-04 2.806556486898e-01 1.414221105528e-04 1.979539760304e-01
1.438190954774e-04 2.012530925925e-01 1.438190954774e-04 3.191969310882e-01 1.438190954774e-04 2.797212546850e-01 1.438190954774e-04 1.982986196331e-01
1.462160804020e-04 2.014700536040e-01 1.462160804020e-04 3.191958377633e-01 1.462160804020e-04 2.787195074592e-01 1.462160804020e-04 1.986626105231e-01
1.486130653266e-04 2.017127843082e-01 1.486130653266e-04 3.191943464818e-01 1.486130653266e-04 2.776491655271e-01 1.486130653266e-04 1.990475487593e-01
1.510100502513e-04 2.019843058814e-01 1.510100502513e-04 3.191923097904e-01 1.510100502513e-04 2.765096344245e-01 1.510100502513e-04 1.994552249518e-01
1.534070351759e-04 2.022879662474e-01 1.534070351759e-04 3.191895248252e-01 1.534070351759e-04 2.753010632022e-01 1.534070351759e-04 1.998876446680e-01
1.558040201005e-04 2.026274658699e-01 1.558040201005e-04 3.191857122708e-01 1.558040201005e-04 2.740244321110e-01 1.558040201005e-04 2.003470551926e-01
1.582010050251e-04 2.030068825476e-01 1.582010050251e-04 3.191804872771e-01 1.582010050251e-04 2.726816258843e-01 1.582010050251e-04 2.008359745485e-01
1.605979899497e-04 2.034306940427e-01 1.605979899497e-04 3.191733192552e-01 1.605979899497e-04 2.712754867894e-01 1.605979899497e-04 2.013572225400e-01
1.629949748744e-04 2.039037970295e-01 1.629949748744e-04 3.191634763034e-01 1.629949748744e-04 2.698098418015e-01 1.629949748744e-04 2.019139533783e-01
1.653919597990e-04 2.044315204424e-01 1.653919597990e-04 3.191499484132e-01 1.653919597990e-04 2.682894989297e-01 1.653919597990e-04 2.025096891821e-01
1.677889447236e-04 2.050196308517e-01 1.677889447236e-04 3.191313414212e-01 1.677889447236e-04 2.667202089321e-01 1.677889447236e-04 2.031483532915e-01
1.701859296482e-04 2.056743270022e-01 1.701859296482e-04 3.191057307239e-01 1.701859296482e-04 2.651085903699e-01 1.701859296482e-04 2.038343018841e-01
1.725829145729e-04 2.064022201508e-01 1.725829145729e-04 3.190704598368e-01 1.725829145729e-04 2.634620180758e-01 1.725829145729e-04 2.045723518225e-01
1.749798994975e-04 2.072102963700e-01 1.749798994975e-04 3.190218637177e-01 1.749798994975e-04 2.617884774977e-01 1.749798994975e-04 2.053678019802e-01
1.773768844221e-04 2.081058566174e-01 1.773768844221e-04 3.189548902008e-01 1.773768844221e-04 2.600963897911e-01 1.773768844221e-04 2.062264444950e-01
1.797738693467e-04 2.090964301905e-01 1.797738693467e-04 3.188625848758e-01 1.797738693467e-04 2.583944147393e-01 1.797738693467e-04 2.071545615010e-01
1.821708542714e-04 2.101896573047e-01 1.821708542714e-04 3.187353957614e-01 1.821708542714e-04 2.566912403238e-01 1.821708542714e-04 2.081589019306e-01
1.845678391960e-04 2.113931370926e-01 1.845678391960e-04 3.185602456233e-01 1.845678391960e-04 2.549953688461e-01 1.845678391960e-04 2.092466320405e-01
1.869648241206e-04 2.127142384699e-01 1.869648241206e-04 3.183193153428e-01 1.869648241206e-04 2.533149097848e-01 1.869648241206e-04 2.104252525233e-01
1.893618090452e-04 2.141598731844e-01 1.893618090452e-04 3.179884887865e-01 1.893618090452e-04 2.516573890232e-01 1.893618090452e-04 2.117024746007e-01
1.917587939698e-04 2.157362330744e-01 1.917587939698e-04 3.175354424022e-01 1.917587939698e-04 2.500295827748e-01 1.917587939698e-04 2.130860476090e-01
1.941557788945e-04 2.174484971170e-01 1.941557788945e-04 3.169174461574e-01 1.941557788945e-04 2.484373826209e-01 1.941557788945e-04 2.145835315906e-01
1.965527638191e-04 2.193005181505e-01 1.965527638191e-04 3.160791153892e-01 1.965527638191e-04 2.468856957832e-01 1.965527638191e-04 2.162020106353e-01
1.989497487437e-04 2.212945039013e-01 1.989497487437e-04 3.149506663030e-01 1.989497487437e-04 2.453783823360e-01 1.989497487437e-04 2.179477465207e-01
2.013467336683e-04 2.234307116456e-01 2.013467336683e-04 3.134477224035e-01 2.013467336683e-04 2.439182287591e-01 2.013467336683e-04 2.198257777945e-01
2.037437185930e-04 2.257071797565e-01 2.037437185930e-04 3.114743625621e-01 2.037437185930e-04 2.425069552418e-01 2.037437185930e-04 2.218394768654e-01
2.061407035176e-04 2.281195216831e-01 2.061407035176e-04 3.089316552128e-01 2.061407035176e-04 2.411452526165e-01 2.061407035176e-04 2.239900865594e-01
2.085376884422e-04 2.306608076897e-01 2.085376884422e-04 3.057337682613e-01 2.085376884422e-04 2.398328437876e-01 2.085376884422e-04 2.262762671333e-01
2.109346733668e-04 2.333215562505e-01 2.109346733668e-04 3.018318627830e-01 2.109346733668e-04 2.385685640347e-01 2.109346733668e-04 2.286936935367e-01
2.133316582915e-04 2.360898500711e-01 2.133316582915e-04 2.972415502455e-01 2.133316582915e-04 2.373504545525e-01 2.133316582915e-04 2.312347488743e-01
2.157286432161e-04 2.389515815848e-01 2.157286432161e-04 2.920636552875e-01 2.157286432161e-04 2.361758639614e-01 2.157286432161e-04 2.338883614549e-01
2.181256281407e-04 2.418908204887e-01 2.181256281407e-04 2.864845857198e-01 2.181256281407e-04 2.350415531610e-01 2.181256281407e-04 2.366400276221e-01
2.205226130653e-04 2.448902830685e-01 2.205226130653e-04 2.807475793400e-01 2.205226130653e-04 2.339437997144e-01 2.205226130653e-04 2.394720497201e-01
2.229195979899e-04 2.479318717239e-01 2.229195979899e-04 2.751003837633e-01 2.229195979899e-04 2.328784988273e-01 2.229195979899e-04 2.423639984716e-01
2.253165829146e-04 2.509972452053e-01 2.253165829146e-04 2.697395344587e-01 2.253165829146e-04 2.318412588518e-01 2.253165829146e-04 2.452933839300e-01
2.277135678392e-04 2.540683770283e-01 2.277135678392e-04 2.647738806323e-01 2.277135678392e-04 2.308274900431e-01 2.277135678392e-04 2.482364928686e-01
2.301105527638e-04 2.571280619286e-01 2.301105527638e-04 2.602181130506e-01 2.301105527638e-04 2.298324859747e-01 2.301105527638e-04 2.511693277841e-01
2.325075376884e-04 2.601603375695e-01 2.325075376884e-04 2.560113895692e-01 2.325075376884e-04 2.288514975751e-01 2.325075376884e-04 2.540685681893e-01
2.349045226131e-04 2.631507996600e-01 2.349045226131e-04 2.520480294210e-01 2.349045226131e-04 2.278798001589e-01 2.349045226131e-04 2.569124716491e-01
2.373015075377e-04 2.660868012386e-01 2.373015075377e-04 2.482085457614e-01 2.373015075377e-04 2.269127541083e-01 2.373015075377e-04 2.596816407776e-01
2.396984924623e-04 2.689575390902e-01 2.396984924623e-04 2.443847931879e-01 2.396984924623e-04 2.259458600182e-01 2.396984924623e-04 2.623596012589e-01
2.420954773869e-04 2.717540403750e-01 2.420954773869e-04 2.404976047264e-01 2.420954773869e-04 2.249748091696e-01 2.420954773869e-04 2.649331609495e-01
2.444924623116e-04 2.744690694740e-01 2.444924623116e-04 2.365072528853e-01 2.444924623116e-04 2.239955301583e-01 2.444924623116e-04 2.673925464143e-01
2.468894472362e-04 2.770969784144e-01 2.468894472362e-04 2.324171640723e-01 2.468894472362e-04 2.230042323908e-01 2.468894472362e-04 2.697313363866e-01
2.492864321608e-04 2.796335243086e-01 2.492864321608e-04 2.282709995403e-01 2.492864321608e-04 2.219974469914e-01 2.492864321608e-04 2.719462284729e-01
2.516834170854e-04 2.820756747302e-01 2.516834170854e-04 2.241435151143e-01 2.516834170854e-04 2.209720654484e-01 2.516834170854e-04 2.740366846192e-01
2.540804020101e-04 2.844214177910e-01 2.540804020101e-04 2.201267130943e-01 2.540804020101e-04 2.199253760917e-01 2.540804020101e-04 2.760045027342e-01
2.564773869347e-04 2.866695887963e-01 2.564773869347e-04 2.163141095005e-01 2.564773869347e-04 2.188550982363e-01 2.564773869347e-04 2.778533579481e-01
2.588743718593e-04 2.888197205215e-01 2.588743718593e-04 2.127865600092e-01 2.588743718593e-04 2.177594135797e-01 2.588743718593e-04 2.795883493215e-01
2.612713567839e-04 2.908719199195e-01 2.612713567839e-04 2.096024924403e-01 2.612713567839e-04 2.166369942049e-01 2.612713567839e-04 2.812155784714e-01
2.636683417085e-04 2.928267707547e-01 2.636683417085e-04 2.067938215747e-01 2.636683417085e-04 2.154870263406e-01 2.636683417085e-04 2.827417772035e-01
2.660653266332e-04 2.946852593673e-01 2.660653266332e-04 2.043670661545e-01 2.660653266332e-04 2.143092288767e-01 2.660653266332e-04 2.841739929752e-01
2.684623115578e-04 2.964487194520e-01 2.684623115578e-04 2.023080066504e-01 2.684623115578e-04 2.131038655431e-01 2.684623115578e-04 2.855193344275e-01
2.708592964824e-04 2.981187912416e-01 2.708592964824e-04 2.005879042805e-01 2.708592964824e-04 2.118717496415e-01 2.708592964824e-04 2.867847744974e-01
2.732562814070e-04 2.996973906148e-01 2.732562814070e-04 1.991696593510e-01 2.732562814070e-04 2.106142402934e-01 2.732562814070e-04 2.879770055901e-01
2.756532663317e-04 3.011866841999e-01 2.756532663317e-04 1.980129319772e-01 2.756532663317e-04 2.093332293211e-01 2.756532663317e-04 2.891023396895e-01
2.780502512563e-04 3.025890673320e-01 2.780502512563e-04 1.970778561929e-01 2.780502512563e-04 2.080311181291e-01 2.780502512563e-04 2.901666457407e-01
2.804472361809e-04 3.039071425837e-01 2.804472361809e-04 1.963273937146e-01 2.804472361809e-04 2.067107842800e-01 2.804472361809e-04 2.911753168363e-01
2.828442211055e-04 3.051436974241e-01 2.828442211055e-04 1.957285819480e-01 2.828442211055e-04 2.053755378521e-01 2.828442211055e-04 2.921332603873e-01
2.852412060302e-04 3.063016802865e-01 2.852412060302e-04 1.952529872421e-01 2.852412060302e-04 2.040290681033e-01 2.852412060302e-04 2.930449053446e-01
2.876381909548e-04 3.073841749032e-01 2.876381909548e-04 1.948766457938e-01 2.876381909548e-04 2.026753814156e-01 2.876381909548e-04 2.939142214985e-01
2.900351758794e-04 3.083943731906e-01 2.900351758794e-04 1.945797122844e-01 2.900351758794e-04 2.013187319317e-01 2.900351758794e-04 2.947447468278e-01
2.924321608040e-04 3.093355472335e-01 2.924321608040e-04 1.943459705947e-01 2.924321608040e-04 1.999635466775e-01 2.924321608040e-04 2.955396197272e-01
2.948291457286e-04 3.102110210592e-01 2.948291457286e-04 1.941623056077e-01 2.948291457286e-04 1.986143472713e-01 2.948291457286e-04 2.963016136902e-01
2.972261306533e-04 3.110241429239e-01 2.972261306533e-04 1.940181939420e-01 2.972261306533e-04 1.972756705190e-01 2.972261306533e-04 2.970331726523e-01
2.996231155779e-04 3.117782587886e-01 2.996231155779e-04 1.939052433916e-01 2.996231155779e-04 1.959519902727e-01 2.996231155779e-04 2.977364457082e-01
3.020201005025e-04 3.124766875655e-01 3.020201005025e-04 1.938167930466e-01 3.020201005025e-04 1.946476428783e-01 3.020201005025e-04 2.984133203248e-01
3.044170854271e-04 3.131226985928e-01 3.044170854271e-04 1.937475755889e-01 3.044170854271e-04 1.933667583598e-01 3.044170854271e-04 2.990654534823e-01
3.068140703518e-04 3.137194916581e-01 3.068140703518e-04 1.936934376398e-01 3.068140703518e-04 1.921131992020e-01 3.068140703518e-04 2.996943004166e-01
3.092110552764e-04 3.142701797600e-01 3.092110552764e-04 1.936511114664e-01 3.092110552764e-04 1.908905082138e-01 3.092110552764e-04 3.003011408101e-01
3.116080402010e-04 3.147777746781e-01 3.116080402010e-04 1.936180305772e-01 3.116080402010e-04 1.897018665210e-01 3.116080402010e-04 3.008871024035e-01
3.140050251256e-04 3.152451753174e-01 3.140050251256e-04 1.935921819495e-01 3.140050251256e-04 1.885500622731e-01 3.140050251256e-04 3.014531820915e-01
3.164020100503e-04 3.156751587143e-01 3.164020100503e-04 1.935719883239e-01 3.164020100503e-04 1.874374701896e-01 3.164020100503e-04 3.020002646217e-01
3.187989949749e-04 3.160703735272e-01 3.187989949749e-04 1.935562148780e-01 3.187989949749e-04 1.863660416453e-01 3.187989949749e-04 3.025291390517e-01
3.211959798995e-04 3.164333357934e-01 3.211959798995e-04 1.935438954902e-01 3.211959798995e-04 1.853373046220e-01 3.211959798995e-04 3.030405131421e-01
3.235929648241e-04 3.167664267083e-01 3.235929648241e-04 1.935342746405e-01 3.235929648241e-04 1.843523725579e-01 3.235929648241e-04 3.035350258679e-01
3.259899497487e-04 3.170718921726e-01 3.259899497487e-04 1.935267617259e-01 3.259899497487e-04 1.834119609050e-01 3.259899497487e-04 3.040132582336e-01
3.283869346734e-04 3.173518438504e-01 3.283869346734e-04 1.935208951983e-01 3.283869346734e-04 1.825164100729e-01 3.283869346734e-04 3.044757425693e-01
3.307839195980e-04 3.176082614925e-01 3.307839195980e-04 1.935163144459e-01 3.307839195980e-04 1.816657133784e-01 3.307839195980e-04 3.049229704786e-01
3.331809045226e-04 3.178429962928e-01 3.331809045226e-04 1.935127377690e-01 3.331809045226e-04 1.808595486354e-01 3.331809045226e-04 3.053553995945e-01
3.355778894472e-04 3.180577750645e-01 3.355778894472e-04 1.935099451414e-01 3.355778894472e-04 1.800973120887e-01 3.355778894472e-04 3.057734592893e-01
3.379748743719e-04 3.182542050440e-01 3.379748743719e-04 1.935077647260e-01 3.379748743719e-04 1.793781535109e-01 3.379748743719e-04 3.061775554710e-01
3.403718592965e-04 3.184337791542e-01 3.403718592965e-04 1.935060623313e-01 3.403718592965e-04 1.787010114280e-01 3.403718592965e-04 3.065680745855e-01
3.427688442211e-04 3.185978815781e-01 3.427688442211e-04 1.935047331705e-01 3.427688442211e-04 1.780646475959e-01 3.427688442211e-04 3.069453869320e-01
3.451658291457e-04 3.187477935188e-01 3.451658291457e-04 1.935036954219e-01 3.451658291457e-04 1.774676800258e-01 3.451658291457e-04 3.073098493864e-01
3.475628140704e-04 3.188846990385e-01 3.475628140704e-04 1.935028851980e-01 3.475628140704e-04 1.769086140123e-01 3.475628140704e-04 3.076618076192e-01
3.499597989950e-04 3.190096908898e-01 3.499597989950e-04 1.935022526161e-01 3.499597989950e-04 1.763858707785e-01 3.499597989950e-04 3.080015978808e-01
3.523567839196e-04 3.191237762687e-01 3.523567839196e-04 1.935017587288e-01 3.523567839196e-04 1.758978134851e-01 3.523567839196e-04 3.083295484216e-01
3.547537688442e-04 3.192278824330e-01 3.547537688442e-04 1.935013731273e-01 3.547537688442e-04 1.754427704752e-01 3.547537688442e-04 3.086459806028e-01
3.571507537688e-04 3.193228621414e-01 3.571507537688e-04 1.935010720699e-01 3.571507537688e-04 1.750190557223e-01 3.571507537688e-04 3.089512097497e-01
3.595477386935e-04 3.194094988836e-01 3.595477386935e-04 1.935008370199e-01 3.595477386935e-04 1.746249865332e-01 3.595477386935e-04 3.092455457899e-01
3.619447236181e-04 3.194885118754e-01 3.619447236181e-04 1.935006535049e-01 3.619447236181e-04 1.742588986168e-01 3.619447236181e-04 3.095292937144e-01
3.643417085427e-04 3.195605608059e-01 3.643417085427e-04 1.935005102258e-01 3.643417085427e-04 1.739191586792e-01 3.643417085427e-04 3.098027538942e-01
3.667386934673e-04 3.196262503260e-01 3.667386934673e-04 1.935003983606e-01 3.667386934673e-04 1.736041747313e-01 3.667386934673e-04 3.100662222796e-01
3.691356783920e-04 3.196861342773e-01 3.691356783920e-04 1.935003110218e-01 3.691356783920e-04 1.733124043179e-01 3.691356783920e-04 3.103199905074e-01
3.715326633166e-04 3.197407196587e-01 3.715326633166e-04 1.935002428319e-01 3.715326633166e-04 1.730423608838e-01 3.715326633166e-04 3.105643459340e-01
3.739296482412e-04 3.197904703390e-01 3.739296482412e-04 1.935001895924e-01 3.739296482412e-04 1.727926184911e-01 3.739296482412e-04 3.107995716138e-01
3.763266331658e-04 3.198358105180e-01 3.763266331658e-04 1.935001480255e-01 3.763266331658e-04 1.725618150994e-01 3.763266331658e-04 3.110259462352e-01
3.787236180905e-04 3.198771279477e-01 3.787236180905e-04 1.935001155720e-01 3.787236180905e-04 1.723486546064e-01 3.787236180905e-04 3.112437440279e-01
3.811206030151e-04 3.199147769229e-01 3.811206030151e-04 1.935000902337e-01 3.811206030151e-04 1.721519078359e-01 3.811206030151e-04 3.114532346506e-01
3.835175879397e-04 3.199490810508e-01 3.835175879397e-04 1.935000704508e-01 3.835175879397e-04 1.719704126417e-01 3.835175879397e-04 3.116546830664e-01
3.859145728643e-04 3.199803358134e-01 3.859145728643e-04 1.935000550051e-01 3.859145728643e-04 1.718030732837e-01 3.859145728643e-04 3.118483494152e-01
3.883115577889e-04 3.200088109327e-01 3.883115577889e-04 1.935000429457e-01 3.883115577889e-04 1.716488592115e-01 3.883115577889e-04 3.120344888848e-01
3.907085427136e-04 3.200347525515e-01 3.907085427136e-04 1.935000335303e-01 3.907085427136e-04 1.715068033786e-01 3.907085427136e-04 3.122133515883e-01
3.931055276382e-04 3.200583852417e-01 3.931055276382e-04 1.935000261791e-01 3.931055276382e-04 1.713760001905e-01 3.931055276382e-04 3.123851824492e-01
3.955025125628e-04 3.200799138508e-01 3.955025125628e-04 1.935000204396e-01 3.955025125628e-04 1.712556031812e-01 3.955025125628e-04 3.125502210961e-01
3.978994974874e-04 3.200995251991e-01 3.978994974874e-04 1.935000159585e-01 3.978994974874e-04 1.711448224936e-01 3.978994974874e-04 3.127087017716e-01
4.002964824121e-04 3.201173896366e-01 4.002964824121e-04 1.935000124598e-01 4.002964824121e-04 1.710429222306e-01 4.002964824121e-04 3.128608532527e-01
4.026934673367e-04 3.201336624720e-01 4.026934673367e-04 1.935000097281e-01 4.026934673367e-04 1.709492177319e-01 4.026934673367e-04 3.130068987871e-01
4.050904522613e-04 3.201484852808e-01 4.050904522613e-04 1.935000075953e-01 4.050904522613e-04 1.708630728230e-01 4.050904522613e-04 3.131470560433e-01
4.074874371859e-04 3.201619871047e-01 4.074874371859e-04 1.935000059302e-01 4.074874371859e-04 1.707838970714e-01 4.074874371859e-04 3.132815370756e-01
4.098844221106e-04 3.201742855484e-01 4.098844221106e-04 1.935000046300e-01 4.098844221106e-04 1.707111430819e-01 4.098844221106e-04 3.134105483037e-01
4.122814070352e-04 3.201854877829e-01 4.122814070352e-04 1.935000036150e-01 4.122814070352e-04 1.706443038529e-01 4.122814070352e-04 3.135342905062e-01
4.146783919598e-04 3.201956914633e-01 4.146783919598e-04 1.935000028224e-01 4.146783919598e-04 1.705829102130e-01 4.146783919598e-04 3.136529588278e-01
4.170753768844e-04 3.202049855668e-01 4.170753768844e-04 1.935000022037e-01 4.170753768844e-04 1.705265283505e-01 4.170753768844e-04 3.137667427995e-01
4.194723618090e-04 3.202134511590e-01 4.194723618090e-04 1.935000017205e-01 4.194723618090e-04 1.704747574459e-01 4.194723618090e-04 3.138758263701e-01
4.218693467337e-04 3.202211620930e-01 4.218693467337e-04 1.935000013433e-01 4.218693467337e-04 1.704272274138e-01 4.218693467337e-04 3.139803879503e-01
4.242663316583e-04 3.202281856476e-01 4.242663316583e-04 1.935000010488e-01 4.242663316583e-04 1.703835967579e-01 4.242663316583e-04 3.140806004661e-01
4.266633165829e-04 3.202345831104e-01 4.266633165829e-04 1.935000008189e-01 4.266633165829e-04 1.703435505412e-01 4.266633165829e-04 3.141766314219e-01
4.290603015075e-04 3.202404103088e-01 4.290603015075e-04 1.935000006394e-01 4.290603015075e-04 1.703067984709e-01 4.290603015075e-04 3.142686429728e-01
4.314572864322e-04 3.202457180954e-01 4.314572864322e-04 1.935000004992e-01 4.314572864322e-04 1.702730730969e-01 4.314572864322e-04 3.143567920044e-01
4.338542713568e-04 3.202505527896e-01 4.338542713568e-04 1.935000003897e-01 4.338542713568e-04 1.702421281209e-01 4.338542713568e-04 3.144412302192e-01
4.362512562814e-04 3.202549565812e-01 4.362512562814e-04 1.935000003043e-01 4.362512562814e-04 1.702137368141e-01 4.362512562814e-04 3.145221042298e-01
4.386482412060e-04 3.202589678974e-01 4.386482412060e-04 1.935000002376e-01 4.386482412060e-04 1.701876905379e-01 4.386482412060e-04 3.145995556569e-01
4.410452261307e-04 3.202626217385e-01 4.410452261307e-04 1.935000001855e-01 4.410452261307e-04 1.701637973644e-01 4.410452261307e-04 3.146737212322e-01
4.434422110553e-04 3.202659499826e-01 4.434422110553e-04 1.935000001448e-01 4.434422110553e-04 1.701418807917e-01 4.434422110553e-04 3.147447329049e-01
4.458391959799e-04 3.202689816641e-01 4.458391959799e-04 1.935000001131e-01 4.458391959799e-04 1.701217785493e-01 4.458391959799e-04 3.148127179518e-01
4.482361809045e-04 3.202717432273e-01 4.482361809045e-04 1.935000000883e-01 4.482361809045e-04 1.701033414888e-01 4.482361809045e-04 3.148777990898e-01
4.506331658291e-04 3.202742587572e-01 4.506331658291e-04 1.935000000689e-01 4.506331658291e-04 1.700864325544e-01 4.506331658291e-04 3.149400945904e-01
4.530301507538e-04 3.202765501899e-01 4.530301507538e-04 1.935000000538e-01 4.530301507538e-04 1.700709258300e-01 4.530301507538e-04 3.149997183955e-01
4.554271356784e-04 3.202786375045e-01 4.554271356784e-04 1.935000000420e-01 4.554271356784e-04 1.700567056560e-01 4.554271356784e-04 3.150567802348e-01
4.578241206030e-04 3.202805388978e-01 4.578241206030e-04 1.935000000328e-01 4.578241206030e-04 1.700436658129e-01 4.578241206030e-04 3.151113857428e-01
4.602211055276e-04 3.202822709430e-01 4.602211055276e-04 1.935000000256e-01 4.602211055276e-04 1.700317087673e-01 4.602211055276e-04 3.151636365771e-01
4.626180904523e-04 3.202838487348e-01 4.626180904523e-04 1.935000000200e-01 4.626180904523e-04 1.700207449742e-01 4.626180904523e-04 3.152136305351e-01
4.650150753769e-04 3.202852860215e-01 4.650150753769e-04 1.935000000156e-01 4.650150753769e-04 1.700106922350e-01 4.650150753769e-04 3.152614616714e-01
4.674120603015e-04 3.202865953249e-01 4.674120603015e-04 1.935000000122e-01 4.674120603015e-04 1.700014751036e-01 4.674120603015e-04 3.153072204135e-01
4.698090452261e-04 3.202877880501e-01 4.698090452261e-04 1.935000000095e-01 4.698090452261e-04 1.699930243400e-01 4.698090452261e-04 3.153509936762e-01
4.722060301508e-04 3.202888745847e-01 4.722060301508e-04 1.935000000074e-01 4.722060301508e-04 1.699852764065e-01 4.722060301508e-04 3.153928649757e-01
4.746030150754e-04 3.202898643902e-01 4.746030150754e-04 1.935000000058e-01 4.746030150754e-04 1.699781730036e-01 4.746030150754e-04 3.154329145408e-01
4.770000000000e-04 3.202907660842e-01 4.770000000000e-04 1.935000000045e-01 4.770000000000e-04 1.699716606430e-01 4.770000000000e-04 3.154712194229e-01
