0.000000000000e+00 3.209999997319e-01 0.000000000000e+00 1.921000014829e-01 0.000000000000e+00 1.758500773283e-01 0.000000000000e+00 3.121998476884e-01
2.130653266332e-06 3.209999996726e-01 2.130653266332e-06 1.921000017892e-01 2.130653266332e-06 1.758500891897e-01 2.130653266332e-06 3.121998258069e-01
4.261306532663e-06 3.209999996003e-01 4.261306532663e-06 1.921000021587e-01 4.261306532663e-06 1.758501028705e-01 4.261306532663e-06 3.121998007818e-01
6.391959798995e-06 3.209999995119e-01 6.391959798995e-06 1.921000026045e-01 6.391959798995e-06 1.758501186497e-01 6.391959798995e-06 3.121997721616e-01
8.522613065327e-06 3.209999994040e-01 8.522613065327e-06 1.921000031424e-01 8.522613065327e-06 1.758501368493e-01 8.522613065327e-06 3.121997394297e-01
1.065326633166e-05 3.209999992722e-01 1.065326633166e-05 1.921000037914e-01 1.065326633166e-05 1.758501578403e-01 1.065326633166e-05 3.121997019955e-01
1.278391959799e-05 3.209999991113e-01 1.278391959799e-05 1.921000045744e-01 1.278391959799e-05 1.758501820509e-01 1.278391959799e-05 3.121996591835e-01
1.491457286432e-05 3.209999989149e-01 1.491457286432e-05 1.921000055191e-01 1.491457286432e-05 1.758502099750e-01 1.491457286432e-05 3.121996102210e-01
1.704522613065e-05 3.209999986750e-01 1.704522613065e-05 1.921000066589e-01 1.704522613065e-05 1.758502421821e-01 1.704522613065e-05 3.121995542245e-01
1.917587939698e-05 3.209999983821e-01 1.917587939698e-05 1.921000080342e-01 1.917587939698e-05 1.758502793290e-01 1.917587939698e-05 3.121994901835e-01
2.130653266332e-05 3.209999980245e-01 2.130653266332e-05 1.921000096935e-01 2.130653266332e-05 1.758503221732e-01 2.130653266332e-05 3.121994169423e-01
2.343718592965e-05 3.209999975878e-01 2.343718592965e-05 1.921000116954e-01 2.343718592965e-05 1.758503715887e-01 2.343718592965e-05 3.121993331793e-01
2.556783919598e-05 3.209999970546e-01 2.556783919598e-05 1.921000141108e-01 2.556783919598e-05 1.758504285830e-01 2.556783919598e-05 3.121992373828e-01
2.769849246231e-05 3.209999964035e-01 2.769849246231e-05 1.921000170251e-01 2.769849246231e-05 1.758504943183e-01 2.769849246231e-05 3.121991278243e-01
2.982914572864e-05 3.209999956085e-01 2.982914572864e-05 1.921000205412e-01 2.982914572864e-05 1.758505701352e-01 2.982914572864e-05 3.121990025267e-01
3.195979899497e-05 3.209999946378e-01 3.195979899497e-05 1.921000247835e-01 3.195979899497e-05 1.758506575794e-01 3.195979899497e-05 3.121988592291e-01
3.409045226131e-05 3.209999934526e-01 3.409045226131e-05 1.921000299019e-01 3.409045226131e-05 1.758507584338e-01 3.409045226131e-05 3.121986953457e-01
3.622110552764e-05 3.209999920055e-01 3.622110552764e-05 1.921000360775e-01 3.622110552764e-05 1.758508747545e-01 3.622110552764e-05 3.121985079193e-01
3.835175879397e-05 3.209999902384e-01 3.835175879397e-05 1.921000435284e-01 3.835175879397e-05 1.758510089127e-01 3.835175879397e-05 3.121982935680e-01
4.048241206030e-05 3.209999880809e-01 4.048241206030e-05 1.921000525181e-01 4.048241206030e-05 1.758511636432e-01 4.048241206030e-05 3.121980484241e-01
4.261306532663e-05 3.209999854466e-01 4.261306532663e-05 1.921000633645e-01 4.261306532663e-05 1.758513420994e-01 4.261306532663e-05 3.121977680643e-01
4.474371859296e-05 3.209999822300e-01 4.474371859296e-05 1.921000764509e-01 4.474371859296e-05 1.758515479182e-01 4.474371859296e-05 3.121974474301e-01
4.687437185930e-05 3.209999783026e-01 4.687437185930e-05 1.921000922399e-01 4.687437185930e-05 1.758517852936e-01 4.687437185930e-05 3.121970807367e-01
4.900502512563e-05 3.209999735073e-01 4.900502512563e-05 1.921001112899e-01 4.900502512563e-05 1.758520590616e-01 4.900502512563e-05 3.121966613680e-01
5.113567839196e-05 3.209999676522e-01 5.113567839196e-05 1.921001342741e-01 5.113567839196e-05 1.758523747990e-01 5.113567839196e-05 3.121961817582e-01
5.326633165829e-05 3.209999605032e-01 5.326633165829e-05 1.921001620051e-01 5.326633165829e-05 1.758527389363e-01 5.326633165829e-05 3.121956332551e-01
5.539698492462e-05 3.209999517745e-01 5.539698492462e-05 1.921001954633e-01 5.539698492462e-05 1.758531588882e-01 5.539698492462e-05 3.121950059638e-01
5.752763819095e-05 3.209999411168e-01 5.752763819095e-05 1.921002358314e-01 5.752763819095e-05 1.758536432036e-01 5.752763819095e-05 3.121942885690e-01
5.965829145729e-05 3.209999281040e-01 5.965829145729e-05 1.921002845365e-01 5.965829145729e-05 1.758542017393e-01 5.965829145729e-05 3.121934681308e-01
6.178894472362e-05 3.209999122158e-01 6.178894472362e-05 1.921003433004e-01 6.178894472362e-05 1.758548458590e-01 6.178894472362e-05 3.121925298518e-01
6.391959798995e-05 3.209998928167e-01 6.391959798995e-05 1.921004142004e-01 6.391959798995e-05 1.758555886628e-01 6.391959798995e-05 3.121914568104e-01
6.605025125628e-05 3.209998691311e-01 6.605025125628e-05 1.921004997429e-01 6.605025125628e-05 1.758564452522e-01 6.605025125628e-05 3.121902296569e-01
6.818090452261e-05 3.209998402118e-01 6.818090452261e-05 1.921006029518e-01 6.818090452261e-05 1.758574330336e-01 6.818090452261e-05 3.121888262646e-01
7.031155778894e-05 3.209998049026e-01 7.031155778894e-05 1.921007274757e-01 7.031155778894e-05 1.758585720689e-01 7.031155778894e-05 3.121872213322e-01
7.244221105528e-05 3.209997617916e-01 7.244221105528e-05 1.921008777163e-01 7.244221105528e-05 1.758598854784e-01 7.244221105528e-05 3.121853859293e-01
7.457286432161e-05 3.209997091551e-01 7.457286432161e-05 1.921010589845e-01 7.457286432161e-05 1.758613999034e-01 7.457286432161e-05 3.121832869763e-01
7.670351758794e-05 3.209996448888e-01 7.670351758794e-05 1.921012776880e-01 7.670351758794e-05 1.758631460386e-01 7.670351758794e-05 3.121808866506e-01
7.883417085427e-05 3.209995664233e-01 7.883417085427e-05 1.921015415573e-01 7.883417085427e-05 1.758651592438e-01 7.883417085427e-05 3.121781417083e-01
8.096482412060e-05 3.209994706217e-01 8.096482412060e-05 1.921018599197e-01 8.096482412060e-05 1.758674802449e-01 8.096482412060e-05 3.121750027089e-01
8.309547738693e-05 3.209993536543e-01 8.309547738693e-05 1.921022440278e-01 8.309547738693e-05 1.758701559398e-01 8.309547738693e-05 3.121714131302e-01
8.522613065327e-05 3.209992108455e-01 8.522613065327e-05 1.921027074581e-01 8.522613065327e-05 1.758732403204e-01 8.522613065327e-05 3.121673083573e-01
8.735678391960e-05 3.209990364869e-01 8.735678391960e-05 1.921032665896e-01 8.735678391960e-05 1.758767955299e-01 8.735678391960e-05 3.121626145284e-01
8.948743718593e-05 3.209988236096e-01 8.948743718593e-05 1.921039411832e-01 8.948743718593e-05 1.758808930710e-01 8.948743718593e-05 3.121572472173e-01
9.161809045226e-05 3.209985637055e-01 9.161809045226e-05 1.921047550785e-01 9.161809045226e-05 1.758856151867e-01 9.161809045226e-05 3.121511099306e-01
9.374874371859e-05 3.209982463880e-01 9.374874371859e-05 1.921057370364e-01 9.374874371859e-05 1.758910564358e-01 9.374874371859e-05 3.121440923923e-01
9.587939698492e-05 3.209978589769e-01 9.587939698492e-05 1.921069217532e-01 9.587939698492e-05 1.758973254855e-01 9.587939698492e-05 3.121360685886e-01
9.801005025126e-05 3.209973859928e-01 9.801005025126e-05 1.921083510853e-01 9.801005025126e-05 1.759045471504e-01 9.801005025126e-05 3.121268945394e-01
1.001407035176e-04 3.209968085392e-01 1.001407035176e-04 1.921100755252e-01 1.001407035176e-04 1.759128647018e-01 1.001407035176e-04 3.121164057591e-01
1.022713567839e-04 3.209961035489e-01 1.022713567839e-04 1.921121559806e-01 1.022713567839e-04 1.759224424802e-01 1.022713567839e-04 3.121044143654e-01
1.044020100503e-04 3.209952428649e-01 1.044020100503e-04 1.921146659207e-01 1.044020100503e-04 1.759334688368e-01 1.044020100503e-04 3.120907057902e-01
1.065326633166e-04 3.209941921179e-01 1.065326633166e-04 1.921176939615e-01 1.065326633166e-04 1.759461594358e-01 1.065326633166e-04 3.120750350392e-01
1.086633165829e-04 3.209929093588e-01 1.086633165829e-04 1.921213469828e-01 1.086633165829e-04 1.759607609408e-01 1.086633165829e-04 3.120571224432e-01
1.107939698492e-04 3.209913433891e-01 1.107939698492e-04 1.921257538821e-01 1.107939698492e-04 1.759775551089e-01 1.107939698492e-04 3.120366488359e-01
1.129246231156e-04 3.209894317271e-01 1.129246231156e-04 1.921310700973e-01 1.129246231156e-04 1.759968633037e-01 1.129246231156e-04 3.120132500877e-01
1.150552763819e-04 3.209870981274e-01 1.150552763819e-04 1.921374830509e-01 1.150552763819e-04 1.760190514287e-01 1.150552763819e-04 3.119865109176e-01
1.171859296482e-04 3.209842495592e-01 1.171859296482e-04 1.921452187025e-01 1.171859296482e-04 1.760445352605e-01 1.171859296482e-04 3.119559578981e-01
1.193165829146e-04 3.209807725261e-01 1.193165829146e-04 1.921545494303e-01 1.193165829146e-04 1.760737861360e-01 1.193165829146e-04 3.119210515620e-01
1.214472361809e-04 3.209765285858e-01 1.214472361809e-04 1.921658035050e-01 1.214472361809e-04 1.761073369091e-01 1.214472361809e-04 3.118811775146e-01
1.235778894472e-04 3.209713489002e-01 1.235778894472e-04 1.921793764693e-01 1.235778894472e-04 1.761457880390e-01 1.235778894472e-04 3.118356364495e-01
1.257085427136e-04 3.209650276102e-01 1.257085427136e-04 1.921957447937e-01 1.257085427136e-04 1.761898136045e-01 1.257085427136e-04 3.117836329638e-01
1.278391959799e-04 3.209573137907e-01 1.278391959799e-04 1.922154822444e-01 1.278391959799e-04 1.762401669458e-01 1.278391959799e-04 3.117242630691e-01
1.299698492462e-04 3.209479016926e-01 1.299698492462e-04 1.922392794765e-01 1.299698492462e-04 1.762976855174e-01 1.299698492462e-04 3.116565003009e-01
1.321005025126e-04 3.209364189235e-01 1.321005025126e-04 1.922679674462e-01 1.321005025126e-04 1.763632943863e-01 1.321005025126e-04 3.115791803369e-01
1.342311557789e-04 3.209224121599e-01 1.342311557789e-04 1.923025453324e-01 1.342311557789e-04 1.764380076238e-01 1.342311557789e-04 3.114909840581e-01
1.363618090452e-04 3.209053299104e-01 1.363618090452e-04 1.923442137503e-01 1.363618090452e-04 1.765229266116e-01 1.363618090452e-04 3.113904190125e-01
1.384924623116e-04 3.208845017830e-01 1.384924623116e-04 1.923944141404e-01 1.384924623116e-04 1.766192340194e-01 1.384924623116e-04 3.112757992904e-01
1.406231155779e-04 3.208591136287e-01 1.406231155779e-04 1.924548753065e-01 1.406231155779e-04 1.767281819053e-01 1.406231155779e-04 3.111452238795e-01
1.427537688442e-04 3.208281778746e-01 1.427537688442e-04 1.925276681438e-01 1.427537688442e-04 1.768510720627e-01 1.427537688442e-04 3.109965536584e-01
1.448844221106e-04 3.207904983049e-01 1.448844221106e-04 1.926152696313e-01 1.448844221106e-04 1.769892264073e-01 1.448844221106e-04 3.108273873019e-01
1.470150753769e-04 3.207446285425e-01 1.470150753769e-04 1.927206371174e-01 1.470150753769e-04 1.771439449030e-01 1.470150753769e-04 3.106350365227e-01
1.491457286432e-04 3.206888235394e-01 1.491457286432e-04 1.928472937775e-01 1.491457286432e-04 1.773164483309e-01 1.491457286432e-04 3.104165012699e-01
1.512763819095e-04 3.206209835607e-01 1.512763819095e-04 1.929994257918e-01 1.512763819095e-04 1.775078031978e-01 1.512763819095e-04 3.101684457467e-01
1.534070351759e-04 3.205385904988e-01 1.534070351759e-04 1.931819912045e-01 1.534070351759e-04 1.777188263747e-01 1.534070351759e-04 3.098871764051e-01
1.555376884422e-04 3.204386370054e-01 1.555376884422e-04 1.934008394713e-01 1.555376884422e-04 1.779499678064e-01 1.555376884422e-04 3.095686234286e-01
1.576683417085e-04 3.203175499979e-01 1.576683417085e-04 1.936628392343e-01 1.576683417085e-04 1.782011709909e-01 1.576683417085e-04 3.092083276146e-01
1.597989949749e-04 3.201711118145e-01 1.597989949749e-04 1.939760097175e-01 1.597989949749e-04 1.784717130595e-01 1.597989949749e-04 3.088014350106e-01
1.619296482412e-04 3.199943849239e-01 1.619296482412e-04 1.943496481193e-01 1.619296482412e-04 1.787600292909e-01 1.619296482412e-04 3.083427021062e-01
1.640603015075e-04 3.197816500142e-01 1.640603015075e-04 1.947944413182e-01 1.640603015075e-04 1.790635307551e-01 1.640603015075e-04 3.078265147907e-01
1.661909547739e-04 3.195263729602e-01 1.661909547739e-04 1.953225449904e-01 1.661909547739e-04 1.793784282848e-01 1.661909547739e-04 3.072469245638e-01
1.683216080402e-04 3.192212241264e-01 1.683216080402e-04 1.959476069340e-01 1.683216080402e-04 1.796995806161e-01 1.683216080402e-04 3.065977055051e-01
1.704522613065e-04 3.188581842555e-01 1.704522613065e-04 1.966847043744e-01 1.704522613065e-04 1.800203884568e-01 1.704522613065e-04 3.058724350612e-01
1.725829145729e-04 3.184287851838e-01 1.725829145729e-04 1.975501582568e-01 1.725829145729e-04 1.803327582506e-01 1.725829145729e-04 3.050646005050e-01
1.747135678392e-04 3.179245507103e-01 1.747135678392e-04 1.985611827540e-01 1.747135678392e-04 1.806271581003e-01 1.747135678392e-04 3.041677305303e-01
1.768442211055e-04 3.173377219147e-01 1.768442211055e-04 1.997353283266e-01 1.768442211055e-04 1.808927824139e-01 1.768442211055e-04 3.031755472492e-01
1.789748743719e-04 3.166623688580e-01 1.789748743719e-04 2.010896857332e-01 1.789748743719e-04 1.811178306411e-01 1.789748743719e-04 3.020821269667e-01
1.811055276382e-04 3.158960002625e-01 1.811055276382e-04 2.026398414646e-01 1.811055276382e-04 1.812898894042e-01 1.811055276382e-04 3.008820472164e-01
1.832361809045e-04 3.150417727345e-01 1.832361809045e-04 2.043986172328e-01 1.832361809045e-04 1.813963883894e-01 1.832361809045e-04 2.995704807098e-01
1.853668341709e-04 3.141113529376e-01 1.853668341709e-04 2.063746906104e-01 1.853668341709e-04 1.814250822294e-01 1.853668341709e-04 2.981431711413e-01
1.874974874372e-04 3.131283746552e-01 1.874974874372e-04 2.085712792879e-01 1.874974874372e-04 1.813644980964e-01 1.874974874372e-04 2.965961867387e-01
1.896281407035e-04 3.121322295549e-01 1.896281407035e-04 2.109851687886e-01 1.896281407035e-04 1.812042868016e-01 1.896281407035e-04 2.949252883648e-01
1.917587939698e-04 3.111816154340e-01 1.917587939698e-04 2.136064549650e-01 1.917587939698e-04 1.809354274607e-01 1.917587939698e-04 2.931246603882e-01
1.938894472362e-04 3.103568492688e-01 1.938894472362e-04 2.164194332997e-01 1.938894472362e-04 1.805502632287e-01 1.938894472362e-04 2.911846230004e-01
1.960201005025e-04 3.097595101937e-01 1.960201005025e-04 2.194050713040e-01 1.960201005025e-04 1.800423859492e-01 1.960201005025e-04 2.890877663744e-01
1.981507537688e-04 3.095076870108e-01 1.981507537688e-04 2.225454291904e-01 1.981507537688e-04 1.794064355693e-01 1.981507537688e-04 2.868027363115e-01
2.002814070352e-04 3.097252547281e-01 2.002814070352e-04 2.258302349178e-01 2.002814070352e-04 1.786379287355e-01 2.002814070352e-04 2.842747565800e-01
2.024120603015e-04 3.105245294356e-01 2.024120603015e-04 2.292655438731e-01 2.024120603015e-04 1.777332721385e-01 2.024120603015e-04 2.814122208761e-01
2.045427135678e-04 3.119835457908e-01 2.045427135678e-04 2.328839184656e-01 2.045427135678e-04 1.766901413432e-01 2.045427135678e-04 2.780701742377e-01
2.066733668342e-04 3.141218383685e-01 2.066733668342e-04 2.367545886382e-01 2.066733668342e-04 1.755084046499e-01 2.066733668342e-04 2.740359835410e-01
2.088040201005e-04 3.168811085977e-01 2.088040201005e-04 2.409901492087e-01 2.088040201005e-04 1.741917298106e-01 2.088040201005e-04 2.690323370156e-01
2.109346733668e-04 3.201181055070e-01 2.109346733668e-04 2.457431368488e-01 2.109346733668e-04 1.727499102344e-01 2.109346733668e-04 2.627671218490e-01
2.130653266332e-04 3.236151448995e-01 2.130653266332e-04 2.511820852877e-01 2.130653266332e-04 1.712017666047e-01 2.130653266332e-04 2.550633298844e-01
2.151959798995e-04 3.271087775724e-01 2.151959798995e-04 2.574365384436e-01 2.151959798995e-04 1.695782110137e-01 2.151959798995e-04 2.460554395765e-01
2.173266331658e-04 3.303308138872e-01 2.173266331658e-04 2.645127838562e-01 2.173266331658e-04 1.679247303357e-01 2.173266331658e-04 2.363234085924e-01
2.194572864322e-04 3.330511122460e-01 2.194572864322e-04 2.722126672266e-01 2.194572864322e-04 1.663022443027e-01 2.194572864322e-04 2.267744394156e-01
2.215879396985e-04 3.351107518116e-01 2.215879396985e-04 2.801186515149e-01 2.215879396985e-04 1.647851898238e-01 2.215879396985e-04 2.182721059427e-01
2.237185929648e-04 3.364378854428e-01 2.237185929648e-04 2.876912726945e-01 2.237185929648e-04 1.634559847679e-01 2.237185929648e-04 2.112994948934e-01
2.258492462312e-04 3.370447756689e-01 2.258492462312e-04 2.944426040152e-01 2.258492462312e-04 1.623958644331e-01 2.258492462312e-04 2.059013881845e-01
2.279798994975e-04 3.370102518923e-01 2.279798994975e-04 3.000789720864e-01 2.279798994975e-04 1.616733536933e-01 2.279798994975e-04 2.018471286803e-01
2.301105527638e-04 3.364548640360e-01 2.301105527638e-04 3.045359125801e-01 2.301105527638e-04 1.613328897863e-01 2.301105527638e-04 1.988206986285e-01
2.322412060302e-04 3.355158968275e-01 2.322412060302e-04 3.079195453286e-01 2.322412060302e-04 1.613866841527e-01 2.322412060302e-04 1.965342568405e-01
2.343718592965e-04 3.343271820028e-01 2.343718592965e-04 3.104183546131e-01 2.343718592965e-04 1.618123127731e-01 2.343718592965e-04 1.947668249611e-01
2.365025125628e-04 3.330058175303e-01 2.365025125628e-04 3.122338236571e-01 2.365025125628e-04 1.625568325186e-01 2.365025125628e-04 1.933629552880e-01
2.386331658291e-04 3.316456127730e-01 2.386331658291e-04 3.135432152049e-01 2.386331658291e-04 1.635461579206e-01 2.386331658291e-04 1.922180452567e-01
2.407638190955e-04 3.303157824399e-01 2.407638190955e-04 3.144871831962e-01 2.407638190955e-04 1.646969528212e-01 2.407638190955e-04 1.912629451309e-01
2.428944723618e-04 3.290630258587e-01 2.428944723618e-04 3.151708340339e-01 2.428944723618e-04 1.659279854607e-01 2.428944723618e-04 1.904518879532e-01
2.450251256281e-04 3.279153248507e-01 2.450251256281e-04 3.156699822655e-01 2.450251256281e-04 1.671686837678e-01 2.450251256281e-04 1.897540899891e-01
2.471557788945e-04 3.268862409295e-01 2.471557788945e-04 3.160382320426e-01 2.471557788945e-04 1.683639352983e-01 2.471557788945e-04 1.891482514824e-01
2.492864321608e-04 3.259789619761e-01 2.492864321608e-04 3.163131123346e-01 2.492864321608e-04 1.694753672602e-01 2.492864321608e-04 1.886190761805e-01
2.514170854271e-04 3.251897267589e-01 2.514170854271e-04 3.165208220351e-01 2.514170854271e-04 1.704800490304e-01 2.514170854271e-04 1.881551102034e-01
2.535477386935e-04 3.245105124135e-01 2.535477386935e-04 3.166796888639e-01 2.535477386935e-04 1.713677463987e-01 2.535477386935e-04 1.877474132560e-01
2.556783919598e-04 3.239310190264e-01 2.556783919598e-04 3.168026082554e-01 2.556783919598e-04 1.721376898463e-01 2.556783919598e-04 1.873887438830e-01
2.578090452261e-04 3.234400560299e-01 2.578090452261e-04 3.168987310306e-01 2.578090452261e-04 1.727955059053e-01 2.578090452261e-04 1.870730578961e-01
2.599396984925e-04 3.230264561510e-01 2.599396984925e-04 3.169746196828e-01 2.599396984925e-04 1.733506522703e-01 2.599396984925e-04 1.867951958881e-01
2.620703517588e-04 3.226796366152e-01 2.620703517588e-04 3.170350373136e-01 2.620703517588e-04 1.738144663007e-01 2.620703517588e-04 1.865506842665e-01
2.642010050251e-04 3.223899091612e-01 2.642010050251e-04 3.170834858882e-01 2.642010050251e-04 1.741987961163e-01 2.642010050251e-04 1.863356042641e-01
2.663316582915e-04 3.221486190078e-01 2.663316582915e-04 3.171225745599e-01 2.663316582915e-04 1.745151167596e-01 2.663316582915e-04 1.861465017244e-01
2.684623115578e-04 3.219481728111e-01 2.684623115578e-04 3.171542730851e-01 2.684623115578e-04 1.747740157217e-01 2.684623115578e-04 1.859803215360e-01
2.705929648241e-04 3.217819987395e-01 2.705929648241e-04 3.171800874907e-01 2.705929648241e-04 1.749849404344e-01 2.705929648241e-04 1.858343572335e-01
2.727236180905e-04 3.216444685249e-01 2.727236180905e-04 3.172011829774e-01 2.727236180905e-04 1.751561197800e-01 2.727236180905e-04 1.857062102234e-01
2.748542713568e-04 3.215308014200e-01 2.748542713568e-04 3.172184708419e-01 2.748542713568e-04 1.752945932463e-01 2.748542713568e-04 1.855937554158e-01
2.769849246231e-04 3.214369628286e-01 2.769849246231e-04 3.172326706929e-01 2.769849246231e-04 1.754063006647e-01 2.769849246231e-04 1.854951113936e-01
2.791155778894e-04 3.213595653823e-01 2.791155778894e-04 3.172443555634e-01 2.791155778894e-04 1.754962009175e-01 2.791155778894e-04 1.854086140272e-01
2.812462311558e-04 3.212957768456e-01 2.812462311558e-04 3.172539850661e-01 2.812462311558e-04 1.755683995029e-01 2.812462311558e-04 1.853327928829e-01
2.833768844221e-04 3.212432370033e-01 2.833768844221e-04 3.172619300945e-01 2.833768844221e-04 1.756262729593e-01 2.833768844221e-04 1.852663500168e-01
2.855075376884e-04 3.211999842718e-01 2.855075376884e-04 3.172684914737e-01 2.855075376884e-04 1.756725836150e-01 2.855075376884e-04 1.852081408803e-01
2.876381909548e-04 3.211643919168e-01 2.876381909548e-04 3.172739142248e-01 2.876381909548e-04 1.757095816607e-01 2.876381909548e-04 1.851571571313e-01
2.897688442211e-04 3.211351132767e-01 2.897688442211e-04 3.172783986042e-01 2.897688442211e-04 1.757390937114e-01 2.897688442211e-04 1.851125111867e-01
2.918994974874e-04 3.211110351456e-01 2.918994974874e-04 3.172821087411e-01 2.918994974874e-04 1.757625982798e-01 2.918994974874e-04 1.850734223683e-01
2.940301507538e-04 3.210912383800e-01 2.940301507538e-04 3.172851794592e-01 2.940301507538e-04 1.757812892466e-01 2.940301507538e-04 1.850392045072e-01
2.961608040201e-04 3.210749647947e-01 2.961608040201e-04 3.172877217114e-01 2.961608040201e-04 1.757961287005e-01 2.961608040201e-04 1.850092548791e-01
2.982914572864e-04 3.210615894647e-01 2.982914572864e-04 3.172898269394e-01 2.982914572864e-04 1.758078905894e-01 2.982914572864e-04 1.849830443510e-01
3.004221105528e-04 3.210505976322e-01 3.004221105528e-04 3.172915705931e-01 3.004221105528e-04 1.758171965608e-01 3.004221105528e-04 1.849601086243e-01
3.025527638191e-04 3.210415655077e-01 3.025527638191e-04 3.172930149849e-01 3.025527638191e-04 1.758245452499e-01 3.025527638191e-04 1.849400404671e-01
3.046834170854e-04 3.210341443427e-01 3.046834170854e-04 3.172942116155e-01 3.046834170854e-04 1.758303361205e-01 3.046834170854e-04 1.849224828374e-01
3.068140703518e-04 3.210280472436e-01 3.068140703518e-04 3.172952030750e-01 3.068140703518e-04 1.758348888139e-01 3.068140703518e-04 1.849071228018e-01
3.089447236181e-04 3.210230382681e-01 3.089447236181e-04 3.172960246008e-01 3.089447236181e-04 1.758384588102e-01 3.089447236181e-04 1.848936861683e-01
3.110753768844e-04 3.210189234230e-01 3.110753768844e-04 3.172967053581e-01 3.110753768844e-04 1.758412500813e-01 3.110753768844e-04 1.848819327514e-01
3.132060301508e-04 3.210155432361e-01 3.132060301508e-04 3.172972694928e-01 3.132060301508e-04 1.758434252940e-01 3.132060301508e-04 1.848716522027e-01
3.153366834171e-04 3.210127666344e-01 3.153366834171e-04 3.172977370007e-01 3.153366834171e-04 1.758451140260e-01 3.153366834171e-04 1.848626603413e-01
3.174673366834e-04 3.210104859008e-01 3.174673366834e-04 3.172981244430e-01 3.174673366834e-04 1.758464193739e-01 3.174673366834e-04 1.848547959260e-01
3.195979899497e-04 3.210086125216e-01 3.195979899497e-04 3.172984455390e-01 3.195979899497e-04 1.758474232617e-01 3.195979899497e-04 1.848479178201e-01
3.217286432161e-04 3.210070737696e-01 3.217286432161e-04 3.172987116545e-01 3.217286432161e-04 1.758481907009e-01 3.217286432161e-04 1.848419025012e-01
3.238592964824e-04 3.210058098928e-01 3.238592964824e-04 3.172989322068e-01 3.238592964824e-04 1.758487732065e-01 3.238592964824e-04 1.848366418752e-01
3.259899497487e-04 3.210047718024e-01 3.259899497487e-04 3.172991149990e-01 3.259899497487e-04 1.758492115339e-01 3.259899497487e-04 1.848320413592e-01
3.281206030151e-04 3.210039191720e-01 3.281206030151e-04 3.172992664971e-01 3.281206030151e-04 1.758495378695e-01 3.281206030151e-04 1.848280182000e-01
3.302512562814e-04 3.210032188747e-01 3.302512562814e-04 3.172993920596e-01 3.302512562814e-04 1.758497775828e-01 3.302512562814e-04 1.848245000001e-01
3.323819095477e-04 3.210026436988e-01 3.323819095477e-04 3.172994961270e-01 3.323819095477e-04 1.758499506271e-01 3.323819095477e-04 1.848214234263e-01
3.345125628141e-04 3.210021712922e-01 3.345125628141e-04 3.172995823794e-01 3.345125628141e-04 1.758500726571e-01 3.345125628141e-04 1.848187330778e-01
3.366432160804e-04 3.210017832948e-01 3.366432160804e-04 3.172996538669e-01 3.366432160804e-04 1.758501559216e-01 3.366432160804e-04 1.848163804957e-01
3.387738693467e-04 3.210014646260e-01 3.387738693467e-04 3.172997131169e-01 3.387738693467e-04 1.758502099743e-01 3.387738693467e-04 1.848143232948e-01
3.409045226131e-04 3.210012028991e-01 3.409045226131e-04 3.172997622245e-01 3.409045226131e-04 1.758502422401e-01 3.409045226131e-04 1.848125244037e-01
3.430351758794e-04 3.210009879401e-01 3.430351758794e-04 3.172998029260e-01 3.430351758794e-04 1.758502584659e-01 3.430351758794e-04 1.848109514001e-01
3.451658291457e-04 3.210008113927e-01 3.451658291457e-04 3.172998366602e-01 3.451658291457e-04 1.758502630780e-01 3.451658291457e-04 1.848095759283e-01
3.472964824121e-04 3.210006663934e-01 3.472964824121e-04 3.172998646200e-01 3.472964824121e-04 1.758502594666e-01 3.472964824121e-04 1.848083731900e-01
3.494271356784e-04 3.210005473050e-01 3.494271356784e-04 3.172998877936e-01 3.494271356784e-04 1.758502502108e-01 3.494271356784e-04 1.848073214985e-01
3.515577889447e-04 3.210004494977e-01 3.515577889447e-04 3.172999070005e-01 3.515577889447e-04 1.758502372568e-01 3.515577889447e-04 1.848064018885e-01
3.536884422111e-04 3.210003691686e-01 3.536884422111e-04 3.172999229197e-01 3.536884422111e-04 1.758502220586e-01 3.536884422111e-04 1.848055977752e-01
3.558190954774e-04 3.210003031945e-01 3.558190954774e-04 3.172999361139e-01 3.558190954774e-04 1.758502056890e-01 3.558190954774e-04 1.848048946552e-01
3.579497487437e-04 3.210002490102e-01 3.579497487437e-04 3.172999470496e-01 3.579497487437e-04 1.758501889271e-01 3.579497487437e-04 1.848042798462e-01
3.600804020101e-04 3.210002045090e-01 3.600804020101e-04 3.172999561133e-01 3.600804020101e-04 1.758501723265e-01 3.600804020101e-04 1.848037422577e-01
3.622110552764e-04 3.210001679604e-01 3.622110552764e-04 3.172999636256e-01 3.622110552764e-04 1.758501562694e-01 3.622110552764e-04 1.848032721918e-01
3.643417085427e-04 3.210001379434e-01 3.643417085427e-04 3.172999698520e-01 3.643417085427e-04 1.758501410085e-01 3.643417085427e-04 1.848028611684e-01
3.664723618090e-04 3.210001132907e-01 3.664723618090e-04 3.172999750125e-01 3.664723618090e-04 1.758501266993e-01 3.664723618090e-04 1.848025017720e-01
3.686030150754e-04 3.210000930437e-01 3.686030150754e-04 3.172999792897e-01 3.686030150754e-04 1.758501134256e-01 3.686030150754e-04 1.848021875185e-01
3.707336683417e-04 3.210000764151e-01 3.707336683417e-04 3.172999828348e-01 3.707336683417e-04 1.758501012190e-01 3.707336683417e-04 1.848019127379e-01
3.728643216080e-04 3.210000627583e-01 3.728643216080e-04 3.172999857730e-01 3.728643216080e-04 1.758500900740e-01 3.728643216080e-04 1.848016724724e-01
3.749949748744e-04 3.210000515421e-01 3.749949748744e-04 3.172999882083e-01 3.749949748744e-04 1.758500799590e-01 3.749949748744e-04 1.848014623868e-01
3.771256281407e-04 3.210000423304e-01 3.771256281407e-04 3.172999902268e-01 3.771256281407e-04 1.758500708253e-01 3.771256281407e-04 1.848012786903e-01
3.792562814070e-04 3.210000347650e-01 3.792562814070e-04 3.172999918997e-01 3.792562814070e-04 1.758500626135e-01 3.792562814070e-04 1.848011180683e-01
3.813869346734e-04 3.210000285517e-01 3.813869346734e-04 3.172999932862e-01 3.813869346734e-04 1.758500552581e-01 3.813869346734e-04 1.848009776224e-01
3.835175879397e-04 3.210000234488e-01 3.835175879397e-04 3.172999944355e-01 3.835175879397e-04 1.758500486912e-01 3.835175879397e-04 1.848008548184e-01
3.856482412060e-04 3.210000192579e-01 3.856482412060e-04 3.172999953880e-01 3.856482412060e-04 1.758500428449e-01 3.856482412060e-04 1.848007474402e-01
3.877788944724e-04 3.210000158160e-01 3.877788944724e-04 3.172999961774e-01 3.877788944724e-04 1.758500376534e-01 3.877788944724e-04 1.848006535502e-01
3.899095477387e-04 3.210000129892e-01 3.899095477387e-04 3.172999968318e-01 3.899095477387e-04 1.758500330534e-01 3.899095477387e-04 1.848005714541e-01
3.920402010050e-04 3.210000106677e-01 3.920402010050e-04 3.172999973741e-01 3.920402010050e-04 1.758500289856e-01 3.920402010050e-04 1.848004996705e-01
3.941708542714e-04 3.210000087611e-01 3.941708542714e-04 3.172999978236e-01 3.941708542714e-04 1.758500253947e-01 3.941708542714e-04 1.848004369040e-01
3.963015075377e-04 3.210000071952e-01 3.963015075377e-04 3.172999981961e-01 3.963015075377e-04 1.758500222298e-01 3.963015075377e-04 1.848003820219e-01
3.984321608040e-04 3.210000059092e-01 3.984321608040e-04 3.172999985049e-01 3.984321608040e-04 1.758500194444e-01 3.984321608040e-04 1.848003340338e-01
4.005628140704e-04 3.210000048530e-01 4.005628140704e-04 3.172999987608e-01 4.005628140704e-04 1.758500169961e-01 4.005628140704e-04 1.848002920738e-01
4.026934673367e-04 3.210000039856e-01 4.026934673367e-04 3.172999989729e-01 4.026934673367e-04 1.758500148465e-01 4.026934673367e-04 1.848002553846e-01
4.048241206030e-04 3.210000032732e-01 4.048241206030e-04 3.172999991487e-01 4.048241206030e-04 1.758500129611e-01 4.048241206030e-04 1.848002233041e-01
4.069547738693e-04 3.210000026882e-01 4.069547738693e-04 3.172999992945e-01 4.069547738693e-04 1.758500113091e-01 4.069547738693e-04 1.848001952535e-01
4.090854271357e-04 3.210000022077e-01 4.090854271357e-04 3.172999994152e-01 4.090854271357e-04 1.758500098628e-01 4.090854271357e-04 1.848001707265e-01
4.112160804020e-04 3.210000018131e-01 4.112160804020e-04 3.172999995153e-01 4.112160804020e-04 1.758500085976e-01 4.112160804020e-04 1.848001492804e-01
4.133467336683e-04 3.210000014890e-01 4.133467336683e-04 3.172999995983e-01 4.133467336683e-04 1.758500074915e-01 4.133467336683e-04 1.848001305283e-01
4.154773869347e-04 3.210000012229e-01 4.154773869347e-04 3.172999996671e-01 4.154773869347e-04 1.758500065253e-01 4.154773869347e-04 1.848001141318e-01
4.176080402010e-04 3.210000010043e-01 4.176080402010e-04 3.172999997240e-01 4.176080402010e-04 1.758500056817e-01 4.176080402010e-04 1.848000997950e-01
4.197386934673e-04 3.210000008248e-01 4.197386934673e-04 3.172999997713e-01 4.197386934673e-04 1.758500049455e-01 4.197386934673e-04 1.848000872591e-01
4.218693467337e-04 3.210000006774e-01 4.218693467337e-04 3.172999998104e-01 4.218693467337e-04 1.758500043035e-01 4.218693467337e-04 1.848000762979e-01
4.240000000000e-04 3.210000005563e-01 4.240000000000e-04 3.172999998429e-01 4.240000000000e-04 1.758500037438e-01 4.240000000000e-04 1.848000667136e-01
