0.000000000000e+00 2.455000008008e-01 0.000000000000e+00 2.381999758267e-01 0.000000000000e+00 1.790014941482e-01 0.000000000000e+00 3.371866101350e-01
2.356783919598e-06 2.455000009656e-01 2.356783919598e-06 2.381999713514e-01 2.356783919598e-06 1.790016982697e-01 2.356783919598e-06 3.371792901723e-01
4.713567839196e-06 2.455000011644e-01 4.713567839196e-06 2.381999660476e-01 4.713567839196e-06 1.790019302816e-01 4.713567839196e-06 3.371714988018e-01
7.070351758794e-06 2.455000014041e-01 7.070351758794e-06 2.381999597619e-01 7.070351758794e-06 1.790021939951e-01 7.070351758794e-06 3.371632058161e-01
9.427135678392e-06 2.455000016933e-01 9.427135678392e-06 2.381999523124e-01 9.427135678392e-06 1.790024937425e-01 9.427135678392e-06 3.371543790924e-01
1.178391959799e-05 2.455000020420e-01 1.178391959799e-05 2.381999434838e-01 1.178391959799e-05 1.790028344476e-01 1.178391959799e-05 3.371449844737e-01
1.414070351759e-05 2.455000024627e-01 1.414070351759e-05 2.381999330206e-01 1.414070351759e-05 1.790032217074e-01 1.414070351759e-05 3.371349856431e-01
1.649748743719e-05 2.455000029702e-01 1.649748743719e-05 2.381999206203e-01 1.649748743719e-05 1.790036618836e-01 1.649748743719e-05 3.371243439904e-01
1.885427135678e-05 2.455000035824e-01 1.885427135678e-05 2.381999059242e-01 1.885427135678e-05 1.790041622070e-01 1.885427135678e-05 3.371130184713e-01
2.121105527638e-05 2.455000043209e-01 2.121105527638e-05 2.381998885072e-01 2.121105527638e-05 1.790047308964e-01 2.121105527638e-05 3.371009654587e-01
2.356783919598e-05 2.455000052118e-01 2.356783919598e-05 2.381998678656e-01 2.356783919598e-05 1.790053772935e-01 2.356783919598e-05 3.370881385846e-01
2.592462311558e-05 2.455000062868e-01 2.592462311558e-05 2.381998434023e-01 2.592462311558e-05 1.790061120161e-01 2.592462311558e-05 3.370744885740e-01
2.828140703518e-05 2.455000075838e-01 2.828140703518e-05 2.381998144099e-01 2.828140703518e-05 1.790069471322e-01 2.828140703518e-05 3.370599630689e-01
3.063819095477e-05 2.455000091487e-01 3.063819095477e-05 2.381997800497e-01 3.063819095477e-05 1.790078963583e-01 3.063819095477e-05 3.370445064428e-01
3.299497487437e-05 2.455000110372e-01 3.299497487437e-05 2.381997393280e-01 3.299497487437e-05 1.790089752839e-01 3.299497487437e-05 3.370280596047e-01
3.535175879397e-05 2.455000133162e-01 3.535175879397e-05 2.381996910668e-01 3.535175879397e-05 1.790102016273e-01 3.535175879397e-05 3.370105597927e-01
3.770854271357e-05 2.455000160666e-01 3.770854271357e-05 2.381996338703e-01 3.770854271357e-05 1.790115955257e-01 3.770854271357e-05 3.369919403566e-01
4.006532663317e-05 2.455000193861e-01 4.006532663317e-05 2.381995660842e-01 4.006532663317e-05 1.790131798652e-01 4.006532663317e-05 3.369721305287e-01
4.242211055276e-05 2.455000233928e-01 4.242211055276e-05 2.381994857479e-01 4.242211055276e-05 1.790149806547e-01 4.242211055276e-05 3.369510551832e-01
4.477889447236e-05 2.455000282294e-01 4.477889447236e-05 2.381993905377e-01 4.477889447236e-05 1.790170274521e-01 4.477889447236e-05 3.369286345828e-01
4.713567839196e-05 2.455000340680e-01 4.713567839196e-05 2.381992776997e-01 4.713567839196e-05 1.790193538466e-01 4.713567839196e-05 3.369047841129e-01
4.949246231156e-05 2.455000411169e-01 4.949246231156e-05 2.381991439705e-01 4.949246231156e-05 1.790219980076e-01 4.949246231156e-05 3.368794140030e-01
5.184924623116e-05 2.455000496276e-01 5.184924623116e-05 2.381989854821e-01 5.184924623116e-05 1.790250033070e-01 5.184924623116e-05 3.368524290343e-01
5.420603015075e-05 2.455000599042e-01 5.420603015075e-05 2.381987976505e-01 5.420603015075e-05 1.790284190257e-01 5.420603015075e-05 3.368237282341e-01
5.656281407035e-05 2.455000723142e-01 5.656281407035e-05 2.381985750432e-01 5.656281407035e-05 1.790323011559e-01 5.656281407035e-05 3.367932045563e-01
5.891959798995e-05 2.455000873017e-01 5.891959798995e-05 2.381983112221e-01 5.891959798995e-05 1.790367133101e-01 5.891959798995e-05 3.367607445478e-01
6.127638190955e-05 2.455001054040e-01 6.127638190955e-05 2.381979985571e-01 6.127638190955e-05 1.790417277533e-01 6.127638190955e-05 3.367262280012e-01
6.363316582915e-05 2.455001272704e-01 6.363316582915e-05 2.381976280058e-01 6.363316582915e-05 1.790474265726e-01 6.363316582915e-05 3.366895275932e-01
6.598994974874e-05 2.455001536865e-01 6.598994974874e-05 2.381971888521e-01 6.598994974874e-05 1.790539030027e-01 6.598994974874e-05 3.366505085089e-01
6.834673366834e-05 2.455001856022e-01 6.834673366834e-05 2.381966683965e-01 6.834673366834e-05 1.790612629282e-01 6.834673366834e-05 3.366090280537e-01
7.070351758794e-05 2.455002241669e-01 7.070351758794e-05 2.381960515892e-01 7.070351758794e-05 1.790696265841e-01 7.070351758794e-05 3.365649352503e-01
7.306030150754e-05 2.455002707711e-01 7.306030150754e-05 2.381953205954e-01 7.306030150754e-05 1.790791304809e-01 7.306030150754e-05 3.365180704246e-01
7.541708542714e-05 2.455003270976e-01 7.541708542714e-05 2.381944542800e-01 7.541708542714e-05 1.790899295815e-01 7.541708542714e-05 3.364682647786e-01
7.777386934673e-05 2.455003951833e-01 7.777386934673e-05 2.381934275980e-01 7.777386934673e-05 1.791021997621e-01 7.777386934673e-05 3.364153399537e-01
8.013065326633e-05 2.455004774936e-01 8.013065326633e-05 2.381922108712e-01 8.013065326633e-05 1.791161405914e-01 8.013065326633e-05 3.363591075833e-01
8.248743718593e-05 2.455005770140e-01 8.248743718593e-05 2.381907689324e-01 8.248743718593e-05 1.791319784659e-01 8.248743718593e-05 3.362993688383e-01
8.484422110553e-05 2.455006973598e-01 8.484422110553e-05 2.381890601117e-01 8.484422110553e-05 1.791499701438e-01 8.484422110553e-05 3.362359139659e-01
8.720100502513e-05 2.455008429101e-01 8.720100502513e-05 2.381870350358e-01 8.720100502513e-05 1.791704067240e-01 8.720100502513e-05 3.361685218250e-01
8.955778894472e-05 2.455010189700e-01 8.955778894472e-05 2.381846352067e-01 8.955778894472e-05 1.791936181177e-01 8.955778894472e-05 3.360969594203e-01
9.191457286432e-05 2.455012319683e-01 9.191457286432e-05 2.381817913193e-01 9.191457286432e-05 1.792199780682e-01 9.191457286432e-05 3.360209814381e-01
9.427135678392e-05 2.455014896966e-01 9.427135678392e-05 2.381784212703e-01 9.427135678392e-05 1.792499097731e-01 9.427135678392e-05 3.359403297879e-01
9.662814070352e-05 2.455018016010e-01 9.662814070352e-05 2.381744278022e-01 9.662814070352e-05 1.792838921696e-01 9.662814070352e-05 3.358547331532e-01
9.898492462312e-05 2.455021791351e-01 9.898492462312e-05 2.381696957175e-01 9.898492462312e-05 1.793224669429e-01 9.898492462312e-05 3.357639065574e-01
1.013417085427e-04 2.455026361908e-01 1.013417085427e-04 2.381640885838e-01 1.013417085427e-04 1.793662463169e-01 1.013417085427e-04 3.356675509486e-01
1.036984924623e-04 2.455031896213e-01 1.036984924623e-04 2.381574448414e-01 1.036984924623e-04 1.794159216877e-01 1.036984924623e-04 3.355653528107e-01
1.060552763819e-04 2.455038598771e-01 1.060552763819e-04 2.381495732049e-01 1.060552763819e-04 1.794722731513e-01 1.060552763819e-04 3.354569838059e-01
1.084120603015e-04 2.455046717804e-01 1.084120603015e-04 2.381402472357e-01 1.084120603015e-04 1.795361799690e-01 1.084120603015e-04 3.353421004584e-01
1.107688442211e-04 2.455056554678e-01 1.107688442211e-04 2.381291989404e-01 1.107688442211e-04 1.796086320012e-01 1.107688442211e-04 3.352203438841e-01
1.131256281407e-04 2.455068475375e-01 1.131256281407e-04 2.381161112276e-01 1.131256281407e-04 1.796907421142e-01 1.131256281407e-04 3.350913395783e-01
1.154824120603e-04 2.455082924473e-01 1.154824120603e-04 2.381006090281e-01 1.154824120603e-04 1.797837595386e-01 1.154824120603e-04 3.349546972681e-01
1.178391959799e-04 2.455100442170e-01 1.178391959799e-04 2.380822488564e-01 1.178391959799e-04 1.798890841111e-01 1.178391959799e-04 3.348100108413e-01
1.201959798995e-04 2.455121685034e-01 1.201959798995e-04 2.380605065581e-01 1.201959798995e-04 1.800082812787e-01 1.201959798995e-04 3.346568583598e-01
1.225527638191e-04 2.455147451307e-01 1.225527638191e-04 2.380347629555e-01 1.225527638191e-04 1.801430976678e-01 1.225527638191e-04 3.344948021699e-01
1.249095477387e-04 2.455178711742e-01 1.249095477387e-04 2.380042870672e-01 1.249095477387e-04 1.802954769271e-01 1.249095477387e-04 3.343233891171e-01
1.272663316583e-04 2.455216647228e-01 1.272663316583e-04 2.379682165453e-01 1.272663316583e-04 1.804675754340e-01 1.272663316583e-04 3.341421508751e-01
1.296231155779e-04 2.455262694687e-01 1.296231155779e-04 2.379255349419e-01 1.296231155779e-04 1.806617773048e-01 1.296231155779e-04 3.339506043946e-01
1.319798994975e-04 2.455318603081e-01 1.319798994975e-04 2.378750453956e-01 1.319798994975e-04 1.808807079747e-01 1.319798994975e-04 3.337482524773e-01
1.343366834171e-04 2.455386501759e-01 1.343366834171e-04 2.378153403171e-01 1.343366834171e-04 1.811272453974e-01 1.343366834171e-04 3.335345844711e-01
1.366934673367e-04 2.455468983887e-01 1.366934673367e-04 2.377447666723e-01 1.366934673367e-04 1.814045276759e-01 1.366934673367e-04 3.333090770807e-01
1.390502512563e-04 2.455569208290e-01 1.390502512563e-04 2.376613865062e-01 1.390502512563e-04 1.817159556603e-01 1.390502512563e-04 3.330711952733e-01
1.414070351759e-04 2.455691023766e-01 1.414070351759e-04 2.375629324585e-01 1.414070351759e-04 1.820651887637e-01 1.414070351759e-04 3.328203932472e-01
1.437638190955e-04 2.455839120831e-01 1.437638190955e-04 2.374467581965e-01 1.437638190955e-04 1.824561319498e-01 1.437638190955e-04 3.325561154090e-01
1.461206030151e-04 2.456019216905e-01 1.461206030151e-04 2.373097839809e-01 1.461206030151e-04 1.828929115833e-01 1.461206030151e-04 3.322777972776e-01
1.484773869347e-04 2.456238282242e-01 1.484773869347e-04 2.371484380030e-01 1.484773869347e-04 1.833798376250e-01 1.484773869347e-04 3.319848661923e-01
1.508341708543e-04 2.456504815450e-01 1.508341708543e-04 2.369585947563e-01 1.508341708543e-04 1.839213495647e-01 1.508341708543e-04 3.316767416487e-01
1.531909547739e-04 2.456829179258e-01 1.531909547739e-04 2.367355125674e-01 1.531909547739e-04 1.845219435730e-01 1.531909547739e-04 3.313528350078e-01
1.555477386935e-04 2.457224009349e-01 1.555477386935e-04 2.364737735715e-01 1.555477386935e-04 1.851860786971e-01 1.555477386935e-04 3.310125482214e-01
1.579045226131e-04 2.457704711577e-01 1.579045226131e-04 2.361672309394e-01 1.579045226131e-04 1.859180606209e-01 1.579045226131e-04 3.306552710704e-01
1.602613065327e-04 2.458290065747e-01 1.602613065327e-04 2.358089700582e-01 1.602613065327e-04 1.867219026186e-01 1.602613065327e-04 3.302803762152e-01
1.626180904523e-04 2.459002957352e-01 1.626180904523e-04 2.353912926399e-01 1.626180904523e-04 1.876011649358e-01 1.626180904523e-04 3.298872110840e-01
1.649748743719e-04 2.459871262138e-01 1.649748743719e-04 2.349057352815e-01 1.649748743719e-04 1.885587759389e-01 1.649748743719e-04 3.294750852518e-01
1.673316582915e-04 2.460928911951e-01 1.673316582915e-04 2.343431365990e-01 1.673316582915e-04 1.895968409339e-01 1.673316582915e-04 3.290432514469e-01
1.696884422111e-04 2.462217173720e-01 1.696884422111e-04 2.336937692950e-01 1.696884422111e-04 1.907164474281e-01 1.696884422111e-04 3.285908776255e-01
1.720452261307e-04 2.463786176110e-01 1.720452261307e-04 2.329475547331e-01 1.720452261307e-04 1.919174785169e-01 1.720452261307e-04 3.281170065917e-01
1.744020100503e-04 2.465696719463e-01 1.744020100503e-04 2.320943768205e-01 1.744020100503e-04 1.931984486451e-01 1.744020100503e-04 3.276204983486e-01
1.767587939698e-04 2.468022402859e-01 1.767587939698e-04 2.311245080560e-01 1.767587939698e-04 1.945563777245e-01 1.767587939698e-04 3.270999486103e-01
1.791155778894e-04 2.470852095382e-01 1.791155778894e-04 2.300291521665e-01 1.791155778894e-04 1.959867199723e-01 1.791155778894e-04 3.265535745657e-01
1.814723618090e-04 2.474292763941e-01 1.814723618090e-04 2.288010937637e-01 1.814723618090e-04 1.974833623997e-01 1.814723618090e-04 3.259790559000e-01
1.838291457286e-04 2.478472643002e-01 1.838291457286e-04 2.274354256080e-01 1.838291457286e-04 1.990387043490e-01 1.838291457286e-04 3.253733150961e-01
1.861859296482e-04 2.483544686342e-01 1.861859296482e-04 2.259302995610e-01 1.861859296482e-04 2.006438238706e-01 1.861859296482e-04 3.247322160623e-01
1.885427135678e-04 2.489690169418e-01 1.885427135678e-04 2.242876214933e-01 1.885427135678e-04 2.022887294566e-01 1.885427135678e-04 3.240501542373e-01
1.908994974874e-04 2.497122203501e-01 1.908994974874e-04 2.225135890593e-01 1.908994974874e-04 2.039626874960e-01 1.908994974874e-04 3.233195050142e-01
1.932562814070e-04 2.506088768180e-01 1.932562814070e-04 2.206189619500e-01 1.932562814070e-04 2.056546078883e-01 1.932562814070e-04 3.225298919542e-01
1.956130653266e-04 2.516874657330e-01 1.956130653266e-04 2.186189645457e-01 1.956130653266e-04 2.073534637467e-01 1.956130653266e-04 3.216672349111e-01
1.979698492462e-04 2.529801460989e-01 1.979698492462e-04 2.165327554499e-01 1.979698492462e-04 2.090487170898e-01 1.979698492462e-04 3.207125469989e-01
2.003266331658e-04 2.545224382454e-01 2.003266331658e-04 2.143824558015e-01 2.003266331658e-04 2.107307215545e-01 2.003266331658e-04 3.196404796485e-01
2.026834170854e-04 2.563524356047e-01 2.026834170854e-04 2.121917993926e-01 2.026834170854e-04 2.123910755802e-01 2.026834170854e-04 3.184176859849e-01
2.050402010050e-04 2.585093675803e-01 2.050402010050e-04 2.099845367359e-01 2.050402010050e-04 2.140229047815e-01 2.050402010050e-04 3.170012132757e-01
2.073969849246e-04 2.610313328825e-01 2.073969849246e-04 2.077827744481e-01 2.073969849246e-04 2.156210594307e-01 2.073969849246e-04 3.153373807350e-01
2.097537688442e-04 2.639520690060e-01 2.097537688442e-04 2.056054469366e-01 2.097537688442e-04 2.171822209422e-01 2.097537688442e-04 3.133619740127e-01
2.121105527638e-04 2.672967469827e-01 2.121105527638e-04 2.034670952074e-01 2.121105527638e-04 2.187049188313e-01 2.121105527638e-04 3.110030571391e-01
2.144673366834e-04 2.710770048974e-01 2.144673366834e-04 2.013770746745e-01 2.144673366834e-04 2.201894658611e-01 2.144673366834e-04 3.081880774835e-01
2.168241206030e-04 2.752857560268e-01 2.168241206030e-04 1.993392454674e-01 2.168241206030e-04 2.216378234306e-01 2.168241206030e-04 3.048567614476e-01
2.191809045226e-04 2.798926703763e-01 2.191809045226e-04 1.973521325536e-01 2.191809045226e-04 2.230534115162e-01 2.191809045226e-04 3.009798490510e-01
2.215376884422e-04 2.848415013706e-01 2.215376884422e-04 1.954094928813e-01 2.215376884422e-04 2.244408778529e-01 2.215376884422e-04 2.965804518058e-01
2.238944723618e-04 2.900504297408e-01 2.238944723618e-04 1.935011991327e-01 2.238944723618e-04 2.258058399573e-01 2.238944723618e-04 2.917504465644e-01
2.262512562814e-04 2.954161721022e-01 2.262512562814e-04 1.916143432357e-01 2.262512562814e-04 2.271546116059e-01 2.262512562814e-04 2.866517914847e-01
2.286080402010e-04 3.008217555354e-01 2.286080402010e-04 1.897344707949e-01 2.286080402010e-04 2.284939230408e-01 2.286080402010e-04 2.814960332235e-01
2.309648241206e-04 3.061468318148e-01 2.309648241206e-04 1.878468713259e-01 2.309648241206e-04 2.298306419621e-01 2.309648241206e-04 2.765053761521e-01
2.333216080402e-04 3.112786093618e-01 2.333216080402e-04 1.859378608522e-01 2.333216080402e-04 2.311715006292e-01 2.333216080402e-04 2.718695130021e-01
2.356783919598e-04 3.161212866621e-01 2.356783919598e-04 1.839959982829e-01 2.356783919598e-04 2.325228333385e-01 2.356783919598e-04 2.677151168385e-01
2.380351758794e-04 3.206023698540e-01 2.380351758794e-04 1.820131741200e-01 2.380351758794e-04 2.338903282350e-01 2.380351758794e-04 2.640970470903e-01
2.403919597990e-04 3.246752044552e-01 2.403919597990e-04 1.799855023529e-01 2.403919597990e-04 2.352787977799e-01 2.403919597990e-04 2.610087481906e-01
2.427487437186e-04 3.283180275321e-01 2.427487437186e-04 1.779139397919e-01 2.427487437186e-04 2.366919730537e-01 2.427487437186e-04 2.584024208108e-01
2.451055276382e-04 3.315305064987e-01 2.451055276382e-04 1.758045589246e-01 2.451055276382e-04 2.381323281612e-01 2.451055276382e-04 2.562096761716e-01
2.474623115578e-04 3.343289509599e-01 2.474623115578e-04 1.736684171209e-01 2.474623115578e-04 2.396009419781e-01 2.474623115578e-04 2.543573759591e-01
2.498190954774e-04 3.367412469947e-01 2.498190954774e-04 1.715209996621e-01 2.498190954774e-04 2.410974050026e-01 2.498190954774e-04 2.527773703813e-01
2.521758793970e-04 3.388022436779e-01 2.521758793970e-04 1.693812639492e-01 2.521758793970e-04 2.426197788021e-01 2.521758793970e-04 2.514111434459e-01
2.545326633166e-04 3.405499784969e-01 2.545326633166e-04 1.672703685223e-01 2.545326633166e-04 2.441646142489e-01 2.545326633166e-04 2.502110650975e-01
2.568894472362e-04 3.420228548451e-01 2.568894472362e-04 1.652102200505e-01 2.568894472362e-04 2.457270322939e-01 2.568894472362e-04 2.491397632500e-01
2.592462311558e-04 3.432577099184e-01 2.592462311558e-04 1.632220008987e-01 2.592462311558e-04 2.473008675321e-01 2.592462311558e-04 2.481686668990e-01
2.616030150754e-04 3.442886243556e-01 2.616030150754e-04 1.613248405277e-01 2.616030150754e-04 2.488788705376e-01 2.616030150754e-04 2.472763401198e-01
2.639597989950e-04 3.451462998135e-01 2.639597989950e-04 1.595347651302e-01 2.639597989950e-04 2.504529603754e-01 2.639597989950e-04 2.464469201846e-01
2.663165829146e-04 3.458578414414e-01 2.663165829146e-04 1.578640091793e-01 2.663165829146e-04 2.520145144168e-01 2.663165829146e-04 2.456687866162e-01
2.686733668342e-04 3.464468093538e-01 2.686733668342e-04 1.563207129778e-01 2.686733668342e-04 2.535546792246e-01 2.686733668342e-04 2.449334878690e-01
2.710301507538e-04 3.469334344730e-01 2.710301507538e-04 1.549089756079e-01 2.710301507538e-04 2.550646843473e-01 2.710301507538e-04 2.442349054860e-01
2.733869346734e-04 3.473349230087e-01 2.733869346734e-04 1.536291931106e-01 2.733869346734e-04 2.565361406936e-01 2.733869346734e-04 2.435686182863e-01
2.757437185930e-04 3.476657977091e-01 2.757437185930e-04 1.524785917200e-01 2.757437185930e-04 2.579613068010e-01 2.757437185930e-04 2.429314266342e-01
2.781005025126e-04 3.479382423328e-01 2.781005025126e-04 1.514518644030e-01 2.781005025126e-04 2.593333095264e-01 2.781005025126e-04 2.423210008060e-01
2.804572864322e-04 3.481624291060e-01 2.804572864322e-04 1.505418309816e-01 2.804572864322e-04 2.606463100191e-01 2.804572864322e-04 2.417356235678e-01
2.828140703518e-04 3.483468181794e-01 2.828140703518e-04 1.497400615583e-01 2.828140703518e-04 2.618956106792e-01 2.828140703518e-04 2.411740032658e-01
2.851708542714e-04 3.484984242433e-01 2.851708542714e-04 1.490374242707e-01 2.851708542714e-04 2.630777035465e-01 2.851708542714e-04 2.406351391651e-01
2.875276381910e-04 3.486230493558e-01 2.875276381910e-04 1.484245376217e-01 2.875276381910e-04 2.641902646726e-01 2.875276381910e-04 2.401182252218e-01
2.898844221106e-04 3.487254833609e-01 2.898844221106e-04 1.478921226978e-01 2.898844221106e-04 2.652321021425e-01 2.898844221106e-04 2.396225819672e-01
2.922412060302e-04 3.488096745294e-01 2.922412060302e-04 1.474312609274e-01 2.922412060302e-04 2.662030673504e-01 2.922412060302e-04 2.391476088566e-01
2.945979899497e-04 3.488788736281e-01 2.945979899497e-04 1.470335690768e-01 2.945979899497e-04 2.671039399178e-01 2.945979899497e-04 2.386927514507e-01
2.969547738693e-04 3.489357547587e-01 2.969547738693e-04 1.466913058440e-01 2.969547738693e-04 2.679362964237e-01 2.969547738693e-04 2.382574792961e-01
2.993115577889e-04 3.489825161907e-01 2.993115577889e-04 1.463974247134e-01 2.993115577889e-04 2.687023721297e-01 2.993115577889e-04 2.378412714817e-01
3.016683417085e-04 3.490209641615e-01 3.016683417085e-04 1.461455865822e-01 3.016683417085e-04 2.694049234131e-01 3.016683417085e-04 2.374436076620e-01
3.040251256281e-04 3.490525822986e-01 3.040251256281e-04 1.459301437837e-01 3.040251256281e-04 2.700470969133e-01 3.040251256281e-04 2.370639629410e-01
3.063819095477e-04 3.490785889853e-01 3.063819095477e-04 1.457461049942e-01 3.063819095477e-04 2.706323096692e-01 3.063819095477e-04 2.367018054423e-01
3.087386934673e-04 3.490999846731e-01 3.087386934673e-04 1.455890884369e-01 3.087386934673e-04 2.711641429367e-01 3.087386934673e-04 2.363565957194e-01
3.110954773869e-04 3.491175908394e-01 3.110954773869e-04 1.454552689509e-01 3.110954773869e-04 2.716462510118e-01 3.110954773869e-04 2.360277873883e-01
3.134522613065e-04 3.491320820310e-01 3.134522613065e-04 1.453413229443e-01 3.134522613065e-04 2.720822853014e-01 3.134522613065e-04 2.357148285399e-01
3.158090452261e-04 3.491440121941e-01 3.158090452261e-04 1.452443740065e-01 3.158090452261e-04 2.724758330734e-01 3.158090452261e-04 2.354171636150e-01
3.181658291457e-04 3.491538362977e-01 3.181658291457e-04 1.451619409981e-01 3.181658291457e-04 2.728303697711e-01 3.181658291457e-04 2.351342355138e-01
3.205226130653e-04 3.491619280808e-01 3.205226130653e-04 1.450918897149e-01 3.205226130653e-04 2.731492234419e-01 3.205226130653e-04 2.348654877845e-01
3.228793969849e-04 3.491685946146e-01 3.228793969849e-04 1.450323887040e-01 3.228793969849e-04 2.734355496746e-01 3.228793969849e-04 2.346103667787e-01
3.252361809045e-04 3.491740882495e-01 3.252361809045e-04 1.449818694441e-01 3.252361809045e-04 2.736923154138e-01 3.252361809045e-04 2.343683237021e-01
3.275929648241e-04 3.491786164143e-01 3.275929648241e-04 1.449389908557e-01 3.275929648241e-04 2.739222900854e-01 3.275929648241e-04 2.341388165130e-01
3.299497487437e-04 3.491823496538e-01 3.299497487437e-04 1.449026079502e-01 3.299497487437e-04 2.741280425928e-01 3.299497487437e-04 2.339213116411e-01
3.323065326633e-04 3.491854282232e-01 3.323065326633e-04 1.448717443313e-01 3.323065326633e-04 2.743119429009e-01 3.323065326633e-04 2.337152855114e-01
3.346633165829e-04 3.491879674967e-01 3.346633165829e-04 1.448455682170e-01 3.346633165829e-04 2.744761670970e-01 3.346633165829e-04 2.335202258703e-01
3.370201005025e-04 3.491900624064e-01 3.370201005025e-04 1.448233716291e-01 3.370201005025e-04 2.746227049867e-01 3.370201005025e-04 2.333356329156e-01
3.393768844221e-04 3.491917910845e-01 3.393768844221e-04 1.448045524047e-01 3.393768844221e-04 2.747533694482e-01 3.393768844221e-04 2.331610202380e-01
3.417336683417e-04 3.491932178531e-01 3.417336683417e-04 1.447885986954e-01 3.417336683417e-04 2.748698069114e-01 3.417336683417e-04 2.329959155846e-01
3.440904522613e-04 3.491943956789e-01 3.440904522613e-04 1.447750756489e-01 3.440904522613e-04 2.749735084601e-01 3.440904522613e-04 2.328398614575e-01
3.464472361809e-04 3.491953681893e-01 3.464472361809e-04 1.447636139890e-01 3.464472361809e-04 2.750658211666e-01 3.464472361809e-04 2.326924155593e-01
3.488040201005e-04 3.491961713280e-01 3.488040201005e-04 1.447539002441e-01 3.488040201005e-04 2.751479593626e-01 3.488040201005e-04 2.325531511021e-01
3.511608040201e-04 3.491968347157e-01 3.511608040201e-04 1.447456683979e-01 3.511608040201e-04 2.752210156265e-01 3.511608040201e-04 2.324216569915e-01
3.535175879397e-04 3.491973827683e-01 3.535175879397e-04 1.447386927658e-01 3.535175879397e-04 2.752859713322e-01 3.535175879397e-04 2.322975379011e-01
3.558743718593e-04 3.491978356164e-01 3.558743718593e-04 1.447327819238e-01 3.558743718593e-04 2.753437066539e-01 3.558743718593e-04 2.321804142496e-01
3.582311557789e-04 3.491982098615e-01 3.582311557789e-04 1.447277735379e-01 3.582311557789e-04 2.753950099631e-01 3.582311557789e-04 2.320699220927e-01
3.605879396985e-04 3.491985191971e-01 3.605879396985e-04 1.447235299666e-01 3.605879396985e-04 2.754405865815e-01 3.605879396985e-04 2.319657129424e-01
3.629447236181e-04 3.491987749215e-01 3.629447236181e-04 1.447199345203e-01 3.629447236181e-04 2.754810668803e-01 3.629447236181e-04 2.318674535232e-01
3.653015075377e-04 3.491989863580e-01 3.653015075377e-04 1.447168882840e-01 3.653015075377e-04 2.755170137320e-01 3.653015075377e-04 2.317748254758e-01
3.676582914573e-04 3.491991612022e-01 3.676582914573e-04 1.447143074178e-01 3.676582914573e-04 2.755489293330e-01 3.676582914573e-04 2.316875250168e-01
3.700150753769e-04 3.491993058074e-01 3.700150753769e-04 1.447121208655e-01 3.700150753769e-04 2.755772614248e-01 3.700150753769e-04 2.316052625622e-01
3.723718592965e-04 3.491994254196e-01 3.723718592965e-04 1.447102684093e-01 3.723718592965e-04 2.756024089467e-01 3.723718592965e-04 2.315277623231e-01
3.747286432161e-04 3.491995243714e-01 3.747286432161e-04 1.447086990202e-01 3.747286432161e-04 2.756247271566e-01 3.747286432161e-04 2.314547618780e-01
3.770854271357e-04 3.491996062418e-01 3.770854271357e-04 1.447073694574e-01 3.770854271357e-04 2.756445322571e-01 3.770854271357e-04 2.313860117296e-01
3.794422110553e-04 3.491996739876e-01 3.794422110553e-04 1.447062430817e-01 3.794422110553e-04 2.756621055656e-01 3.794422110553e-04 2.313212748501e-01
3.817989949749e-04 3.491997300523e-01 3.817989949749e-04 1.447052888487e-01 3.817989949749e-04 2.756776972662e-01 3.817989949749e-04 2.312603262186e-01
3.841557788945e-04 3.491997764551e-01 3.841557788945e-04 1.447044804549e-01 3.841557788945e-04 2.756915297781e-01 3.841557788945e-04 2.312029523560e-01
3.865125628141e-04 3.491998148653e-01 3.865125628141e-04 1.447037956147e-01 3.865125628141e-04 2.757038007772e-01 3.865125628141e-04 2.311489508603e-01
3.888693467337e-04 3.491998466628e-01 3.888693467337e-04 1.447032154469e-01 3.888693467337e-04 2.757146859010e-01 3.888693467337e-04 2.310981299436e-01
3.912261306533e-04 3.491998729888e-01 3.912261306533e-04 1.447027239549e-01 3.912261306533e-04 2.757243411684e-01 3.912261306533e-04 2.310503079759e-01
3.935829145729e-04 3.491998947868e-01 3.935829145729e-04 1.447023075863e-01 3.935829145729e-04 2.757329051415e-01 3.935829145729e-04 2.310053130350e-01
3.959396984925e-04 3.491999128373e-01 3.959396984925e-04 1.447019548596e-01 3.959396984925e-04 2.757405008561e-01 3.959396984925e-04 2.309629824661e-01
3.982964824121e-04 3.491999277859e-01 3.982964824121e-04 1.447016560478e-01 3.982964824121e-04 2.757472375428e-01 3.982964824121e-04 2.309231624517e-01
4.006532663317e-04 3.491999401666e-01 4.006532663317e-04 1.447014029102e-01 4.006532663317e-04 2.757532121624e-01 4.006532663317e-04 2.308857075929e-01
4.030100502513e-04 3.491999504215e-01 4.030100502513e-04 1.447011884658e-01 4.030100502513e-04 2.757585107722e-01 4.030100502513e-04 2.308504805028e-01
4.053668341709e-04 3.491999589163e-01 4.053668341709e-04 1.447010068003e-01 4.053668341709e-04 2.757632097438e-01 4.053668341709e-04 2.308173514134e-01
4.077236180905e-04 3.491999659534e-01 4.077236180905e-04 1.447008529035e-01 4.077236180905e-04 2.757673768459e-01 4.077236180905e-04 2.307861977959e-01
4.100804020101e-04 3.491999717836e-01 4.100804020101e-04 1.447007225308e-01 4.100804020101e-04 2.757710722085e-01 4.100804020101e-04 2.307569039940e-01
4.124371859296e-04 3.491999766141e-01 4.124371859296e-04 1.447006120865e-01 4.124371859296e-04 2.757743491789e-01 4.124371859296e-04 2.307293608723e-01
4.147939698492e-04 3.491999806166e-01 4.147939698492e-04 1.447005185245e-01 4.147939698492e-04 2.757772550840e-01 4.147939698492e-04 2.307034654779e-01
4.171507537688e-04 3.491999839333e-01 4.171507537688e-04 1.447004392641e-01 4.171507537688e-04 2.757798319068e-01 4.171507537688e-04 2.306791207164e-01
4.195075376884e-04 3.491999866818e-01 4.195075376884e-04 1.447003721193e-01 4.195075376884e-04 2.757821168877e-01 4.195075376884e-04 2.306562350416e-01
4.218643216080e-04 3.491999889596e-01 4.218643216080e-04 1.447003152381e-01 4.218643216080e-04 2.757841430588e-01 4.218643216080e-04 2.306347221587e-01
4.242211055276e-04 3.491999908474e-01 4.242211055276e-04 1.447002670516e-01 4.242211055276e-04 2.757859397180e-01 4.242211055276e-04 2.306145007414e-01
4.265778894472e-04 3.491999924121e-01 4.265778894472e-04 1.447002262309e-01 4.265778894472e-04 2.757875328504e-01 4.265778894472e-04 2.305954941616e-01
4.289346733668e-04 3.491999937090e-01 4.289346733668e-04 1.447001916499e-01 4.289346733668e-04 2.757889455017e-01 4.289346733668e-04 2.305776302319e-01
4.312914572864e-04 3.491999947841e-01 4.312914572864e-04 1.447001623549e-01 4.312914572864e-04 2.757901981104e-01 4.312914572864e-04 2.305608409613e-01
4.336482412060e-04 3.491999956752e-01 4.336482412060e-04 1.447001375379e-01 4.336482412060e-04 2.757913088022e-01 4.336482412060e-04 2.305450623216e-01
4.360050251256e-04 3.491999964140e-01 4.360050251256e-04 1.447001165143e-01 4.360050251256e-04 2.757922936513e-01 4.360050251256e-04 2.305302340265e-01
4.383618090452e-04 3.491999970265e-01 4.383618090452e-04 1.447000987044e-01 4.383618090452e-04 2.757931669122e-01 4.383618090452e-04 2.305162993216e-01
4.407185929648e-04 3.491999975343e-01 4.407185929648e-04 1.447000836168e-01 4.407185929648e-04 2.757939412258e-01 4.407185929648e-04 2.305032047849e-01
4.430753768844e-04 3.491999979553e-01 4.430753768844e-04 1.447000708355e-01 4.430753768844e-04 2.757946278014e-01 4.430753768844e-04 2.304909001376e-01
4.454321608040e-04 3.491999983044e-01 4.454321608040e-04 1.447000600079e-01 4.454321608040e-04 2.757952365790e-01 4.454321608040e-04 2.304793380659e-01
4.477889447236e-04 3.491999985938e-01 4.477889447236e-04 1.447000508354e-01 4.477889447236e-04 2.757957763731e-01 4.477889447236e-04 2.304684740503e-01
4.501457286432e-04 3.491999988338e-01 4.501457286432e-04 1.447000430649e-01 4.501457286432e-04 2.757962549995e-01 4.501457286432e-04 2.304582662062e-01
4.525025125628e-04 3.491999990328e-01 4.525025125628e-04 1.447000364822e-01 4.525025125628e-04 2.757966793889e-01 4.525025125628e-04 2.304486751311e-01
4.548592964824e-04 3.491999991978e-01 4.548592964824e-04 1.447000309058e-01 4.548592964824e-04 2.757970556867e-01 4.548592964824e-04 2.304396637621e-01
4.572160804020e-04 3.491999993347e-01 4.572160804020e-04 1.447000261817e-01 4.572160804020e-04 2.757973893423e-01 4.572160804020e-04 2.304311972393e-01
4.595728643216e-04 3.491999994482e-01 4.595728643216e-04 1.447000221797e-01 4.595728643216e-04 2.757976851877e-01 4.595728643216e-04 2.304232427781e-01
4.619296482412e-04 3.491999995423e-01 4.619296482412e-04 1.447000187894e-01 4.619296482412e-04 2.757979475074e-01 4.619296482412e-04 2.304157695480e-01
4.642864321608e-04 3.491999996204e-01 4.642864321608e-04 1.447000159174e-01 4.642864321608e-04 2.757981801003e-01 4.642864321608e-04 2.304087485585e-01
4.666432160804e-04 3.491999996851e-01 4.666432160804e-04 1.447000134844e-01 4.666432160804e-04 2.757983863352e-01 4.666432160804e-04 2.304021525509e-01
4.690000000000e-04 3.491999997388e-01 4.690000000000e-04 1.447000114232e-01 4.690000000000e-04 2.757985691989e-01 4.690000000000e-04 2.303959558969e-01
