0.000000000000e+00 1.254000000569e-01 0.000000000000e+00 1.060000002699e-01 0.000000000000e+00 2.869999999979e-01 0.000000000000e+00 2.828972684374e-01 0.000000000000e+00 1.994771530745e-01
2.336683417085e-06 1.254000000703e-01 2.336683417085e-06 1.060000003318e-01 2.336683417085e-06 2.869999999973e-01 2.336683417085e-06 2.828969528766e-01 2.336683417085e-06 1.994953262623e-01
4.673366834171e-06 1.254000000869e-01 4.673366834171e-06 1.060000004080e-01 4.673366834171e-06 2.869999999966e-01 4.673366834171e-06 2.828966008611e-01 4.673366834171e-06 1.995139628635e-01
7.010050251256e-06 1.254000001073e-01 7.010050251256e-06 1.060000005017e-01 7.010050251256e-06 2.869999999957e-01 7.010050251256e-06 2.828962081795e-01 7.010050251256e-06 1.995330733768e-01
9.346733668342e-06 1.254000001326e-01 9.346733668342e-06 1.060000006169e-01 9.346733668342e-06 2.869999999946e-01 9.346733668342e-06 2.828957701341e-01 9.346733668342e-06 1.995526684676e-01
1.168341708543e-05 1.254000001638e-01 1.168341708543e-05 1.060000007585e-01 1.168341708543e-05 2.869999999931e-01 1.168341708543e-05 2.828952814845e-01 1.168341708543e-05 1.995727589662e-01
1.402010050251e-05 1.254000002024e-01 1.402010050251e-05 1.060000009327e-01 1.402010050251e-05 2.869999999913e-01 1.402010050251e-05 2.828947363849e-01 1.402010050251e-05 1.995933558660e-01
1.635678391960e-05 1.254000002501e-01 1.635678391960e-05 1.060000011468e-01 1.635678391960e-05 2.869999999891e-01 1.635678391960e-05 2.828941283146e-01 1.635678391960e-05 1.996144703221e-01
1.869346733668e-05 1.254000003090e-01 1.869346733668e-05 1.060000014101e-01 1.869346733668e-05 2.869999999862e-01 1.869346733668e-05 2.828934499993e-01 1.869346733668e-05 1.996361136480e-01
2.103015075377e-05 1.254000003818e-01 2.103015075377e-05 1.060000017338e-01 2.103015075377e-05 2.869999999826e-01 2.103015075377e-05 2.828926933249e-01 2.103015075377e-05 1.996582973140e-01
2.336683417085e-05 1.254000004717e-01 2.336683417085e-05 1.060000021319e-01 2.336683417085e-05 2.869999999781e-01 2.336683417085e-05 2.828918492401e-01 2.336683417085e-05 1.996810329434e-01
2.570351758794e-05 1.254000005827e-01 2.570351758794e-05 1.060000026213e-01 2.570351758794e-05 2.869999999723e-01 2.570351758794e-05 2.828909076484e-01 2.570351758794e-05 1.997043323094e-01
2.804020100503e-05 1.254000007199e-01 2.804020100503e-05 1.060000032232e-01 2.804020100503e-05 2.869999999651e-01 2.804020100503e-05 2.828898572873e-01 2.804020100503e-05 1.997282073313e-01
3.037688442211e-05 1.254000008895e-01 3.037688442211e-05 1.060000039632e-01 3.037688442211e-05 2.869999999560e-01 3.037688442211e-05 2.828886855938e-01 3.037688442211e-05 1.997526700702e-01
3.271356783920e-05 1.254000010989e-01 3.271356783920e-05 1.060000048731e-01 3.271356783920e-05 2.869999999444e-01 3.271356783920e-05 2.828873785546e-01 3.271356783920e-05 1.997777327245e-01
3.505025125628e-05 1.254000013577e-01 3.505025125628e-05 1.060000059919e-01 3.505025125628e-05 2.869999999299e-01 3.505025125628e-05 2.828859205383e-01 3.505025125628e-05 1.998034076250e-01
3.738693467337e-05 1.254000016774e-01 3.738693467337e-05 1.060000073676e-01 3.738693467337e-05 2.869999999115e-01 3.738693467337e-05 2.828842941093e-01 3.738693467337e-05 1.998297072289e-01
3.972361809045e-05 1.254000020725e-01 3.972361809045e-05 1.060000090591e-01 3.972361809045e-05 2.869999998883e-01 3.972361809045e-05 2.828824798196e-01 3.972361809045e-05 1.998566441142e-01
4.206030150754e-05 1.254000025605e-01 4.206030150754e-05 1.060000111390e-01 4.206030150754e-05 2.869999998591e-01 4.206030150754e-05 2.828804559766e-01 4.206030150754e-05 1.998842309731e-01
4.439698492462e-05 1.254000031635e-01 4.439698492462e-05 1.060000136965e-01 4.439698492462e-05 2.869999998222e-01 4.439698492462e-05 2.828781983847e-01 4.439698492462e-05 1.999124806048e-01
4.673366834171e-05 1.254000039084e-01 4.673366834171e-05 1.060000168410e-01 4.673366834171e-05 2.869999997757e-01 4.673366834171e-05 2.828756800570e-01 4.673366834171e-05 1.999414059084e-01
4.907035175879e-05 1.254000048288e-01 4.907035175879e-05 1.060000207076e-01 4.907035175879e-05 2.869999997170e-01 4.907035175879e-05 2.828728708938e-01 4.907035175879e-05 1.999710198743e-01
5.140703517588e-05 1.254000059659e-01 5.140703517588e-05 1.060000254619e-01 5.140703517588e-05 2.869999996429e-01 5.140703517588e-05 2.828697373244e-01 5.140703517588e-05 2.000013355757e-01
5.374371859296e-05 1.254000073708e-01 5.374371859296e-05 1.060000313077e-01 5.374371859296e-05 2.869999995494e-01 5.374371859296e-05 2.828662419080e-01 5.374371859296e-05 2.000323661597e-01
5.608040201005e-05 1.254000091065e-01 5.608040201005e-05 1.060000384957e-01 5.608040201005e-05 2.869999994314e-01 5.608040201005e-05 2.828623428883e-01 5.608040201005e-05 2.000641248367e-01
5.841708542714e-05 1.254000112510e-01 5.841708542714e-05 1.060000473340e-01 5.841708542714e-05 2.869999992826e-01 5.841708542714e-05 2.828579936985e-01 5.841708542714e-05 2.000966248706e-01
6.075376884422e-05 1.254000139005e-01 6.075376884422e-05 1.060000582015e-01 6.075376884422e-05 2.869999990948e-01 6.075376884422e-05 2.828531424085e-01 6.075376884422e-05 2.001298795673e-01
6.309045226131e-05 1.254000171739e-01 6.309045226131e-05 1.060000715642e-01 6.309045226131e-05 2.869999988578e-01 6.309045226131e-05 2.828477311102e-01 6.309045226131e-05 2.001639022630e-01
6.542713567839e-05 1.254000212182e-01 6.542713567839e-05 1.060000879948e-01 6.542713567839e-05 2.869999985588e-01 6.542713567839e-05 2.828416952321e-01 6.542713567839e-05 2.001987063120e-01
6.776381909548e-05 1.254000262149e-01 6.776381909548e-05 1.060001081979e-01 6.776381909548e-05 2.869999981815e-01 6.776381909548e-05 2.828349627773e-01 6.776381909548e-05 2.002343050731e-01
7.010050251256e-05 1.254000323883e-01 7.010050251256e-05 1.060001330394e-01 7.010050251256e-05 2.869999977054e-01 7.010050251256e-05 2.828274534741e-01 7.010050251256e-05 2.002707118961e-01
7.243718592965e-05 1.254000400154e-01 7.243718592965e-05 1.060001635845e-01 7.243718592965e-05 2.869999971047e-01 7.243718592965e-05 2.828190778319e-01 7.243718592965e-05 2.003079401073e-01
7.477386934673e-05 1.254000494388e-01 7.477386934673e-05 1.060002011426e-01 7.477386934673e-05 2.869999963467e-01 7.477386934673e-05 2.828097360904e-01 7.477386934673e-05 2.003460029940e-01
7.711055276382e-05 1.254000610814e-01 7.711055276382e-05 1.060002473240e-01 7.711055276382e-05 2.869999953903e-01 7.711055276382e-05 2.827993170514e-01 7.711055276382e-05 2.003849137887e-01
7.944723618090e-05 1.254000754659e-01 7.944723618090e-05 1.060003041086e-01 7.944723618090e-05 2.869999941834e-01 7.944723618090e-05 2.827876967802e-01 7.944723618090e-05 2.004246856526e-01
8.178391959799e-05 1.254000932380e-01 8.178391959799e-05 1.060003739308e-01 8.178391959799e-05 2.869999926607e-01 8.178391959799e-05 2.827747371627e-01 8.178391959799e-05 2.004653316576e-01
8.412060301508e-05 1.254001151956e-01 8.412060301508e-05 1.060004597842e-01 8.412060301508e-05 2.869999907392e-01 8.412060301508e-05 2.827602843038e-01 8.412060301508e-05 2.005068647687e-01
8.645728643216e-05 1.254001423244e-01 8.645728643216e-05 1.060005653495e-01 8.645728643216e-05 2.869999883147e-01 8.645728643216e-05 2.827441667493e-01 8.645728643216e-05 2.005492978247e-01
8.879396984925e-05 1.254001758426e-01 8.879396984925e-05 1.060006951528e-01 8.879396984925e-05 2.869999852554e-01 8.879396984925e-05 2.827261935142e-01 8.879396984925e-05 2.005926435185e-01
9.113065326633e-05 1.254002172550e-01 9.113065326633e-05 1.060008547592e-01 9.113065326633e-05 2.869999813951e-01 9.113065326633e-05 2.827061518977e-01 9.113065326633e-05 2.006369143771e-01
9.346733668342e-05 1.254002684211e-01 9.346733668342e-05 1.060010510115e-01 9.346733668342e-05 2.869999765240e-01 9.346733668342e-05 2.826838050636e-01 9.346733668342e-05 2.006821227399e-01
9.580402010050e-05 1.254003316385e-01 9.580402010050e-05 1.060012923239e-01 9.580402010050e-05 2.869999703775e-01 9.580402010050e-05 2.826588893637e-01 9.580402010050e-05 2.007282807371e-01
9.814070351759e-05 1.254004097462e-01 9.814070351759e-05 1.060015890425e-01 9.814070351759e-05 2.869999626214e-01 9.814070351759e-05 2.826311113806e-01 9.814070351759e-05 2.007754002673e-01
1.004773869347e-04 1.254005062520e-01 1.004773869347e-04 1.060019538886e-01 1.004773869347e-04 2.869999528344e-01 1.004773869347e-04 2.826001446622e-01 1.004773869347e-04 2.008234929736e-01
1.028140703518e-04 1.254006254906e-01 1.028140703518e-04 1.060024025044e-01 1.028140703518e-04 2.869999404842e-01 1.028140703518e-04 2.825656261241e-01 1.028140703518e-04 2.008725702204e-01
1.051507537688e-04 1.254007728179e-01 1.051507537688e-04 1.060029541233e-01 1.051507537688e-04 2.869999248994e-01 1.051507537688e-04 2.825271520894e-01 1.051507537688e-04 2.009226430680e-01
1.074874371859e-04 1.254009548528e-01 1.074874371859e-04 1.060036323944e-01 1.074874371859e-04 2.869999052326e-01 1.074874371859e-04 2.824842739375e-01 1.074874371859e-04 2.009737222478e-01
1.098241206030e-04 1.254011797741e-01 1.098241206030e-04 1.060044663955e-01 1.098241206030e-04 2.869998804139e-01 1.098241206030e-04 2.824364933337e-01 1.098241206030e-04 2.010258181362e-01
1.121608040201e-04 1.254014576892e-01 1.121608040201e-04 1.060054918793e-01 1.121608040201e-04 2.869998490928e-01 1.121608040201e-04 2.823832570101e-01 1.121608040201e-04 2.010789407280e-01
1.144974874372e-04 1.254018010891e-01 1.144974874372e-04 1.060067528047e-01 1.144974874372e-04 2.869998095647e-01 1.144974874372e-04 2.823239510698e-01 1.144974874372e-04 2.011330996097e-01
1.168341708543e-04 1.254022254110e-01 1.168341708543e-04 1.060083032186e-01 1.168341708543e-04 2.869997596769e-01 1.168341708543e-04 2.822578947890e-01 1.168341708543e-04 2.011883039317e-01
1.191708542714e-04 1.254027497341e-01 1.191708542714e-04 1.060102095700e-01 1.191708542714e-04 2.869996967113e-01 1.191708542714e-04 2.821843338956e-01 1.191708542714e-04 2.012445623802e-01
1.215075376884e-04 1.254033976399e-01 1.215075376884e-04 1.060125535516e-01 1.215075376884e-04 2.869996172351e-01 1.215075376884e-04 2.821024333057e-01 1.215075376884e-04 2.013018831491e-01
1.238442211055e-04 1.254041982764e-01 1.238442211055e-04 1.060154355925e-01 1.238442211055e-04 2.869995169121e-01 1.238442211055e-04 2.820112693105e-01 1.238442211055e-04 2.013602739111e-01
1.261809045226e-04 1.254051876741e-01 1.261809045226e-04 1.060189791480e-01 1.261809045226e-04 2.869993902636e-01 1.261809045226e-04 2.819098212116e-01 1.261809045226e-04 2.014197417884e-01
1.285175879397e-04 1.254064103744e-01 1.285175879397e-04 1.060233359664e-01 1.285175879397e-04 2.869992303654e-01 1.285175879397e-04 2.817969624190e-01 1.285175879397e-04 2.014802933235e-01
1.308542713568e-04 1.254079214439e-01 1.308542713568e-04 1.060286925558e-01 1.308542713568e-04 2.869990284641e-01 1.308542713568e-04 2.816714510398e-01 1.308542713568e-04 2.015419344500e-01
1.331909547739e-04 1.254097889675e-01 1.331909547739e-04 1.060352781168e-01 1.331909547739e-04 2.869987734889e-01 1.331909547739e-04 2.815319200078e-01 1.331909547739e-04 2.016046704625e-01
1.355276381910e-04 1.254120971337e-01 1.355276381910e-04 1.060433742730e-01 1.355276381910e-04 2.869984514325e-01 1.355276381910e-04 2.813768668278e-01 1.355276381910e-04 2.016685059871e-01
1.378643216080e-04 1.254149500541e-01 1.378643216080e-04 1.060533269936e-01 1.378643216080e-04 2.869980445610e-01 1.378643216080e-04 2.812046430386e-01 1.378643216080e-04 2.017334449520e-01
1.402010050251e-04 1.254184764931e-01 1.402010050251e-04 1.060655611937e-01 1.402010050251e-04 2.869975304087e-01 1.402010050251e-04 2.810134435345e-01 1.402010050251e-04 2.017994905579e-01
1.425376884422e-04 1.254228357239e-01 1.425376884422e-04 1.060805985929e-01 1.425376884422e-04 2.869968804924e-01 1.425376884422e-04 2.808012959243e-01 1.425376884422e-04 2.018666452487e-01
1.448743718593e-04 1.254282247835e-01 1.448743718593e-04 1.060990795316e-01 1.448743718593e-04 2.869960586650e-01 1.448743718593e-04 2.805660501543e-01 1.448743718593e-04 2.019349106825e-01
1.472110552764e-04 1.254348874601e-01 1.472110552764e-04 1.061217895789e-01 1.472110552764e-04 2.869950190021e-01 1.472110552764e-04 2.803053686682e-01 1.472110552764e-04 2.020042877032e-01
1.495477386935e-04 1.254431254298e-01 1.495477386935e-04 1.061496919192e-01 1.495477386935e-04 2.869937030788e-01 1.495477386935e-04 2.800167174321e-01 1.495477386935e-04 2.020747763126e-01
1.518844221106e-04 1.254533120584e-01 1.518844221106e-04 1.061839666738e-01 1.518844221106e-04 2.869920364486e-01 1.518844221106e-04 2.796973581991e-01 1.518844221106e-04 2.021463756426e-01
1.542211055276e-04 1.254659095082e-01 1.542211055276e-04 1.062260584913e-01 1.542211055276e-04 2.869899240727e-01 1.542211055276e-04 2.793443424392e-01 1.542211055276e-04 2.022190839287e-01
1.565577889447e-04 1.254814899417e-01 1.565577889447e-04 1.062777339209e-01 1.565577889447e-04 2.869872443552e-01 1.565577889447e-04 2.789545073893e-01 1.565577889447e-04 2.022928984842e-01
1.588944723618e-04 1.255007618041e-01 1.588944723618e-04 1.063411502351e-01 1.588944723618e-04 2.869838413214e-01 1.588944723618e-04 2.785244746981e-01 1.588944723618e-04 2.023678156751e-01
1.612311557789e-04 1.255246023933e-01 1.612311557789e-04 1.064189374692e-01 1.612311557789e-04 2.869795142951e-01 1.612311557789e-04 2.780506521239e-01 1.612311557789e-04 2.024438308962e-01
1.635678391960e-04 1.255540982133e-01 1.635678391960e-04 1.065142954359e-01 1.635678391960e-04 2.869740041895e-01 1.635678391960e-04 2.775292386897e-01 1.635678391960e-04 2.025209385484e-01
1.659045226131e-04 1.255905949424e-01 1.659045226131e-04 1.066311072702e-01 1.659045226131e-04 2.869669751670e-01 1.659045226131e-04 2.769562335849e-01 1.659045226131e-04 2.025991320171e-01
1.682412060302e-04 1.256357592635e-01 1.682412060302e-04 1.067740705483e-01 1.682412060302e-04 2.869579899193e-01 1.682412060302e-04 2.763274489205e-01 1.682412060302e-04 2.026784036523e-01
1.705778894472e-04 1.256916552882e-01 1.705778894472e-04 1.069488460244e-01 1.705778894472e-04 2.869464760790e-01 1.705778894472e-04 2.756385261742e-01 1.705778894472e-04 2.027587447498e-01
1.729145728643e-04 1.257608388836e-01 1.729145728643e-04 1.071622223184e-01 1.729145728643e-04 2.869316802037e-01 1.729145728643e-04 2.748849557896e-01 1.729145728643e-04 2.028401455343e-01
1.752512562814e-04 1.258464738665e-01 1.752512562814e-04 1.074222921459e-01 1.752512562814e-04 2.869126042080e-01 1.752512562814e-04 2.740620989265e-01 1.752512562814e-04 2.029225951443e-01
1.775879396985e-04 1.259524747768e-01 1.775879396985e-04 1.077386315637e-01 1.775879396985e-04 2.868879168190e-01 1.775879396985e-04 2.731652097917e-01 1.775879396985e-04 2.030060816185e-01
1.799246231156e-04 1.260836817430e-01 1.799246231156e-04 1.081224678009e-01 1.799246231156e-04 2.868558292570e-01 1.799246231156e-04 2.721894563556e-01 1.799246231156e-04 2.030905918843e-01
1.822613065327e-04 1.262460737998e-01 1.822613065327e-04 1.085868132647e-01 1.822613065327e-04 2.868139193887e-01 1.822613065327e-04 2.711299366253e-01 1.822613065327e-04 2.031761117488e-01
1.845979899497e-04 1.264470278278e-01 1.845979899497e-04 1.091465331817e-01 1.845979899497e-04 2.867588813413e-01 1.845979899497e-04 2.699816871089e-01 1.845979899497e-04 2.032626258909e-01
1.869346733668e-04 1.266956310056e-01 1.869346733668e-04 1.098183026207e-01 1.869346733668e-04 2.866861670234e-01 1.869346733668e-04 2.687396798073e-01 1.869346733668e-04 2.033501178570e-01
1.892713567839e-04 1.270030551538e-01 1.892713567839e-04 1.106203969606e-01 1.892713567839e-04 2.865894708810e-01 1.892713567839e-04 2.673988042162e-01 1.892713567839e-04 2.034385700579e-01
1.916080402010e-04 1.273830014809e-01 1.916080402010e-04 1.115722515555e-01 1.916080402010e-04 2.864599880770e-01 1.916080402010e-04 2.659538316689e-01 1.916080402010e-04 2.035279637687e-01
1.939447236181e-04 1.278522237535e-01 1.939447236181e-04 1.126937270602e-01 1.939447236181e-04 2.862853480036e-01 1.939447236181e-04 2.643993612196e-01 1.939447236181e-04 2.036182791312e-01
1.962814070352e-04 1.284311364135e-01 1.962814070352e-04 1.140040346556e-01 1.962814070352e-04 2.860480903556e-01 1.962814070352e-04 2.627297494816e-01 1.962814070352e-04 2.037094951586e-01
1.986180904523e-04 1.291445106932e-01 1.986180904523e-04 1.155203197093e-01 1.986180904523e-04 2.857235161741e-01 1.986180904523e-04 2.609390317219e-01 1.986180904523e-04 2.038015897429e-01
2.009547738693e-04 1.300222540585e-01 2.009547738693e-04 1.172559808500e-01 2.009547738693e-04 2.852767316029e-01 2.009547738693e-04 2.590208482629e-01 2.009547738693e-04 2.038945396654e-01
2.032914572864e-04 1.311002508300e-01 2.032914572864e-04 1.192189140387e-01 2.032914572864e-04 2.846587589979e-01 2.032914572864e-04 2.569683988122e-01 2.032914572864e-04 2.039883206092e-01
2.056281407035e-04 1.324212022462e-01 2.056281407035e-04 1.214100027054e-01 2.056281407035e-04 2.838018313386e-01 2.056281407035e-04 2.547744572477e-01 2.056281407035e-04 2.040829071755e-01
2.079648241206e-04 1.340353175895e-01 2.079648241206e-04 1.238222888782e-01 2.079648241206e-04 2.826146243708e-01 2.079648241206e-04 2.524314894214e-01 2.079648241206e-04 2.041782729011e-01
2.103015075377e-04 1.360005306936e-01 2.103015075377e-04 1.264413006249e-01 2.103015075377e-04 2.809795306393e-01 2.103015075377e-04 2.499319245635e-01 2.103015075377e-04 2.042743902806e-01
2.126381909548e-04 1.383815890215e-01 2.126381909548e-04 1.292469184418e-01 2.126381909548e-04 2.787563613995e-01 2.126381909548e-04 2.472686334688e-01 2.126381909548e-04 2.043712307898e-01
2.149748743719e-04 1.412468479527e-01 2.149748743719e-04 1.322169020677e-01 2.149748743719e-04 2.757994789887e-01 2.149748743719e-04 2.444356593115e-01 2.149748743719e-04 2.044687649129e-01
2.173115577889e-04 1.446610011166e-01 2.173115577889e-04 1.353317856763e-01 2.173115577889e-04 2.719954454860e-01 2.173115577889e-04 2.414292244933e-01 2.173115577889e-04 2.045669621717e-01
2.196482412060e-04 1.486717501039e-01 2.196482412060e-04 1.385803566992e-01 2.196482412060e-04 2.673199684982e-01 2.196482412060e-04 2.382489950910e-01 2.196482412060e-04 2.046657911584e-01
2.219849246231e-04 1.532895867464e-01 2.219849246231e-04 1.419644655175e-01 2.219849246231e-04 2.618925152156e-01 2.219849246231e-04 2.348995222850e-01 2.219849246231e-04 2.047652195701e-01
2.243216080402e-04 1.584636636320e-01 2.243216080402e-04 1.455015665054e-01 2.243216080402e-04 2.559867950086e-01 2.243216080402e-04 2.313917033804e-01 2.243216080402e-04 2.048652142467e-01
2.266582914573e-04 1.640629496477e-01 2.266582914573e-04 1.492232536743e-01 2.266582914573e-04 2.499670361571e-01 2.266582914573e-04 2.277440289475e-01 2.266582914573e-04 2.049657412106e-01
2.289949748744e-04 1.698764363047e-01 2.289949748744e-04 1.531682774030e-01 2.289949748744e-04 2.441745343386e-01 2.289949748744e-04 2.239833321646e-01 2.289949748744e-04 2.050667657100e-01
2.313316582915e-04 1.756419724923e-01 2.313316582915e-04 1.573694202890e-01 2.313316582915e-04 2.388347394242e-01 2.313316582915e-04 2.201447609967e-01 2.313316582915e-04 2.051682522627e-01
2.336683417085e-04 1.810980972407e-01 2.336683417085e-04 1.618355689322e-01 2.336683417085e-04 2.340349173806e-01 2.336683417085e-04 2.162707757678e-01 2.336683417085e-04 2.052701647044e-01
2.360050251256e-04 1.860372970008e-01 2.360050251256e-04 1.665333648138e-01 2.360050251256e-04 2.297621771086e-01 2.360050251256e-04 2.124091347651e-01 2.360050251256e-04 2.053724662371e-01
2.383417085427e-04 1.903375935391e-01 2.383417085427e-04 1.713757834292e-01 2.383417085427e-04 2.259590250328e-01 2.383417085427e-04 2.086100381861e-01 2.383417085427e-04 2.054751194805e-01
2.406783919598e-04 1.939640122655e-01 2.406783919598e-04 1.762252752430e-01 2.406783919598e-04 2.225643716772e-01 2.406783919598e-04 2.049227978413e-01 2.406783919598e-04 2.055780865254e-01
2.430150753769e-04 1.969482355018e-01 2.430150753769e-04 1.809143825587e-01 2.430150753769e-04 2.195318819009e-01 2.430150753769e-04 2.013925211714e-01 2.430150753769e-04 2.056813289878e-01
2.453517587940e-04 1.993611217458e-01 2.453517587940e-04 1.852782220354e-01 2.453517587940e-04 2.168318033266e-01 2.453517587940e-04 1.980572996376e-01 2.453517587940e-04 2.057848080659e-01
2.476884422111e-04 2.012890089140e-01 2.476884422111e-04 1.891864870335e-01 2.476884422111e-04 2.144452078755e-01 2.476884422111e-04 1.949462726881e-01 2.476884422111e-04 2.058884845970e-01
2.500251256281e-04 2.028179654621e-01 2.500251256281e-04 1.925631078058e-01 2.500251256281e-04 2.123570623382e-01 2.500251256281e-04 1.920787418839e-01 2.500251256281e-04 2.059923191165e-01
2.523618090452e-04 2.040254752478e-01 2.523618090452e-04 1.953889496306e-01 2.523618090452e-04 2.105512347910e-01 2.523618090452e-04 1.894643004761e-01 2.523618090452e-04 2.060962719176e-01
2.546984924623e-04 2.049772972089e-01 2.546984924623e-04 1.976910883532e-01 2.546984924623e-04 2.090081631400e-01 2.546984924623e-04 1.871037804338e-01 2.546984924623e-04 2.062003031120e-01
2.570351758794e-04 2.057272824148e-01 2.570351758794e-04 1.995261196133e-01 2.570351758794e-04 2.077046769830e-01 2.570351758794e-04 1.849907331585e-01 2.570351758794e-04 2.063043726907e-01
2.593718592965e-04 2.063185829218e-01 2.593718592965e-04 2.009640743186e-01 2.593718592965e-04 2.066150791576e-01 2.593718592965e-04 1.831131519959e-01 2.593718592965e-04 2.064084405855e-01
2.617085427136e-04 2.067853330504e-01 2.617085427136e-04 2.020764142413e-01 2.617085427136e-04 2.057126840635e-01 2.617085427136e-04 1.814551924478e-01 2.617085427136e-04 2.065124667310e-01
2.640452261307e-04 2.071543373236e-01 2.640452261307e-04 2.029287740160e-01 2.640452261307e-04 2.049712792531e-01 2.640452261307e-04 1.799987205786e-01 2.640452261307e-04 2.066164111260e-01
2.663819095477e-04 2.074465671485e-01 2.663819095477e-04 2.035775803995e-01 2.663819095477e-04 2.043662466926e-01 2.663819095477e-04 1.787245965693e-01 2.663819095477e-04 2.067202338949e-01
2.687185929648e-04 2.076784081623e-01 2.687185929648e-04 2.040692491149e-01 2.687185929648e-04 2.038752752402e-01 2.687185929648e-04 1.776136632788e-01 2.687185929648e-04 2.068238953491e-01
2.710552763819e-04 2.078626648498e-01 2.710552763819e-04 2.044408196733e-01 2.710552763819e-04 2.034787062989e-01 2.710552763819e-04 1.766474530872e-01 2.710552763819e-04 2.069273560471e-01
2.733919597990e-04 2.080093540348e-01 2.733919597990e-04 2.047212317896e-01 2.733919597990e-04 2.031595997123e-01 2.733919597990e-04 1.758086509501e-01 2.733919597990e-04 2.070305768543e-01
2.757286432161e-04 2.081263247253e-01 2.757286432161e-04 2.049327663359e-01 2.757286432161e-04 2.029036122289e-01 2.757286432161e-04 1.750813615466e-01 2.757286432161e-04 2.071335190016e-01
2.780653266332e-04 2.082197394509e-01 2.780653266332e-04 2.050924037900e-01 2.780653266332e-04 2.026987669132e-01 2.780653266332e-04 1.744512285828e-01 2.780653266332e-04 2.072361441429e-01
2.804020100503e-04 2.082944470269e-01 2.804020100503e-04 2.052129959898e-01 2.804020100503e-04 2.025351719339e-01 2.804020100503e-04 1.739054489938e-01 2.804020100503e-04 2.073384144113e-01
2.827386934673e-04 2.083542710369e-01 2.827386934673e-04 2.053042259291e-01 2.827386934673e-04 2.024047281350e-01 2.827386934673e-04 1.734327171510e-01 2.827386934673e-04 2.074402924736e-01
2.850753768844e-04 2.084022332294e-01 2.850753768844e-04 2.053733687418e-01 2.850753768844e-04 2.023008494731e-01 2.850753768844e-04 1.730231262098e-01 2.850753768844e-04 2.075417415829e-01
2.874120603015e-04 2.084407267665e-01 2.874120603015e-04 2.054258822766e-01 2.874120603015e-04 2.022182092811e-01 2.874120603015e-04 1.726680465306e-01 2.874120603015e-04 2.076427256304e-01
2.897487437186e-04 2.084716508513e-01 2.897487437186e-04 2.054658588853e-01 2.897487437186e-04 2.021525178642e-01 2.897487437186e-04 1.723599951254e-01 2.897487437186e-04 2.077432091936e-01
2.920854271357e-04 2.084965155862e-01 2.920854271357e-04 2.054963677008e-01 2.920854271357e-04 2.021003322965e-01 2.920854271357e-04 1.720925054057e-01 2.920854271357e-04 2.078431575838e-01
2.944221105528e-04 2.085165238515e-01 2.944221105528e-04 2.055197122667e-01 2.944221105528e-04 2.020588966483e-01 2.944221105528e-04 1.718600030202e-01 2.944221105528e-04 2.079425368908e-01
2.967587939698e-04 2.085326354059e-01 2.967587939698e-04 2.055376236261e-01 2.967587939698e-04 2.020260095543e-01 2.967587939698e-04 1.716576910756e-01 2.967587939698e-04 2.080413140248e-01
2.990954773869e-04 2.085456171995e-01 2.990954773869e-04 2.055514046568e-01 2.990954773869e-04 2.019999155484e-01 2.990954773869e-04 1.714814463096e-01 2.990954773869e-04 2.081394567569e-01
3.014321608040e-04 2.085560829668e-01 3.014321608040e-04 2.055620378006e-01 3.014321608040e-04 2.019792165826e-01 3.014321608040e-04 1.713277266494e-01 3.014321608040e-04 2.082369337558e-01
3.037688442211e-04 2.085645244603e-01 3.037688442211e-04 2.055702654250e-01 3.037688442211e-04 2.019628004103e-01 3.037688442211e-04 1.711934898762e-01 3.037688442211e-04 2.083337146233e-01
3.061055276382e-04 2.085713361493e-01 3.061055276382e-04 2.055766497704e-01 3.061055276382e-04 2.019497828828e-01 3.061055276382e-04 1.710761226955e-01 3.061055276382e-04 2.084297699256e-01
3.084422110553e-04 2.085768347934e-01 3.084422110553e-04 2.055816176971e-01 3.084422110553e-04 2.019394616245e-01 3.084422110553e-04 1.709733792983e-01 3.084422110553e-04 2.085250712232e-01
3.107788944724e-04 2.085812749880e-01 3.107788944724e-04 2.055854941166e-01 3.107788944724e-04 2.019312789453e-01 3.107788944724e-04 1.708833284139e-01 3.107788944724e-04 2.086195910973e-01
3.131155778894e-04 2.085848615347e-01 3.131155778894e-04 2.055885270024e-01 3.131155778894e-04 2.019247922130e-01 3.131155778894e-04 1.708043078551e-01 3.131155778894e-04 2.087133031736e-01
3.154522613065e-04 2.085877593017e-01 3.154522613065e-04 2.055909061308e-01 3.154522613065e-04 2.019196502262e-01 3.154522613065e-04 1.707348856055e-01 3.154522613065e-04 2.088061821433e-01
3.177889447236e-04 2.085901010982e-01 3.177889447236e-04 2.055927771484e-01 3.177889447236e-04 2.019155743972e-01 3.177889447236e-04 1.706738265734e-01 3.177889447236e-04 2.088982037813e-01
3.201256281407e-04 2.085919939707e-01 3.201256281407e-04 2.055942521527e-01 3.201256281407e-04 2.019123437817e-01 3.201256281407e-04 1.706200642266e-01 3.201256281407e-04 2.089893449617e-01
3.224623115578e-04 2.085935242448e-01 3.224623115578e-04 2.055954176679e-01 3.224623115578e-04 2.019097831785e-01 3.224623115578e-04 1.705726764119e-01 3.224623115578e-04 2.090795836706e-01
3.247989949749e-04 2.085947615688e-01 3.247989949749e-04 2.055963406710e-01 3.247989949749e-04 2.019077536755e-01 3.247989949749e-04 1.705308647497e-01 3.247989949749e-04 2.091688990155e-01
3.271356783920e-04 2.085957621571e-01 3.271356783920e-04 2.055970731552e-01 3.271356783920e-04 2.019061451441e-01 3.271356783920e-04 1.704939370767e-01 3.271356783920e-04 2.092572712334e-01
3.294723618090e-04 2.085965713984e-01 3.294723618090e-04 2.055976555961e-01 3.294723618090e-04 2.019048702810e-01 3.294723618090e-04 1.704612924820e-01 3.294723618090e-04 2.093446816948e-01
3.318090452261e-04 2.085972259514e-01 3.318090452261e-04 2.055981195897e-01 3.318090452261e-04 2.019038598820e-01 3.318090452261e-04 1.704324085471e-01 3.318090452261e-04 2.094311129060e-01
3.341457286432e-04 2.085977554319e-01 3.341457286432e-04 2.055984898670e-01 3.341457286432e-04 2.019030590919e-01 3.341457286432e-04 1.704068304582e-01 3.341457286432e-04 2.095165485085e-01
3.364824120603e-04 2.085981837720e-01 3.364824120603e-04 2.055987858362e-01 3.364824120603e-04 2.019024244311e-01 3.364824120603e-04 1.703841617074e-01 3.364824120603e-04 2.096009732765e-01
3.388190954774e-04 2.085985303147e-01 3.388190954774e-04 2.055990227666e-01 3.388190954774e-04 2.019019214375e-01 3.388190954774e-04 1.703640561443e-01 3.388190954774e-04 2.096843731113e-01
3.411557788945e-04 2.085988106967e-01 3.411557788945e-04 2.055992127001e-01 3.411557788945e-04 2.019015227968e-01 3.411557788945e-04 1.703462111723e-01 3.411557788945e-04 2.097667350342e-01
3.434924623116e-04 2.085990375608e-01 3.434924623116e-04 2.055993651558e-01 3.434924623116e-04 2.019012068606e-01 3.434924623116e-04 1.703303619198e-01 3.434924623116e-04 2.098480471768e-01
3.458291457286e-04 2.085992211304e-01 3.458291457286e-04 2.055994876745e-01 3.458291457286e-04 2.019009564711e-01 3.458291457286e-04 1.703162762386e-01 3.458291457286e-04 2.099282987694e-01
3.481658291457e-04 2.085993696735e-01 3.481658291457e-04 2.055995862429e-01 3.481658291457e-04 2.019007580297e-01 3.481658291457e-04 1.703037504071e-01 3.481658291457e-04 2.100074801272e-01
3.505025125628e-04 2.085994898774e-01 3.505025125628e-04 2.055996656224e-01 3.505025125628e-04 2.019006007592e-01 3.505025125628e-04 1.702926054332e-01 3.505025125628e-04 2.100855826355e-01
3.528391959799e-04 2.085995871516e-01 3.528391959799e-04 2.055997296075e-01 3.528391959799e-04 2.019004761177e-01 3.528391959799e-04 1.702826838692e-01 3.528391959799e-04 2.101625987318e-01
3.551758793970e-04 2.085996658720e-01 3.551758793970e-04 2.055997812272e-01 3.551758793970e-04 2.019003773359e-01 3.551758793970e-04 1.702738470633e-01 3.551758793970e-04 2.102385218877e-01
3.575125628141e-04 2.085997295790e-01 3.575125628141e-04 2.055998229031e-01 3.575125628141e-04 2.019002990487e-01 3.575125628141e-04 1.702659727843e-01 3.575125628141e-04 2.103133465886e-01
3.598492462312e-04 2.085997811369e-01 3.598492462312e-04 2.055998565743e-01 3.598492462312e-04 2.019002370039e-01 3.598492462312e-04 1.702589531665e-01 3.598492462312e-04 2.103870683116e-01
3.621859296482e-04 2.085998228632e-01 3.621859296482e-04 2.055998837956e-01 3.621859296482e-04 2.019001878318e-01 3.621859296482e-04 1.702526929274e-01 3.621859296482e-04 2.104596835034e-01
3.645226130653e-04 2.085998566332e-01 3.645226130653e-04 2.055999058152e-01 3.645226130653e-04 2.019001488616e-01 3.645226130653e-04 1.702471078212e-01 3.645226130653e-04 2.105311895556e-01
3.668592964824e-04 2.085998839644e-01 3.668592964824e-04 2.055999236365e-01 3.668592964824e-04 2.019001179766e-01 3.668592964824e-04 1.702421232947e-01 3.668592964824e-04 2.106015847802e-01
3.691959798995e-04 2.085999060846e-01 3.691959798995e-04 2.055999380667e-01 3.691959798995e-04 2.019000934995e-01 3.691959798995e-04 1.702376733158e-01 3.691959798995e-04 2.106708683831e-01
3.715326633166e-04 2.085999239876e-01 3.715326633166e-04 2.055999497563e-01 3.715326633166e-04 2.019000741008e-01 3.715326633166e-04 1.702336993537e-01 3.715326633166e-04 2.107390404380e-01
3.738693467337e-04 2.085999384775e-01 3.738693467337e-04 2.055999592293e-01 3.738693467337e-04 2.019000587268e-01 3.738693467337e-04 1.702301494871e-01 3.738693467337e-04 2.108061018583e-01
3.762060301508e-04 2.085999502051e-01 3.762060301508e-04 2.055999669089e-01 3.762060301508e-04 2.019000465425e-01 3.762060301508e-04 1.702269776255e-01 3.762060301508e-04 2.108720543692e-01
3.785427135678e-04 2.085999596969e-01 3.785427135678e-04 2.055999731365e-01 3.785427135678e-04 2.019000368861e-01 3.785427135678e-04 1.702241428267e-01 3.785427135678e-04 2.109369004794e-01
3.808793969849e-04 2.085999673794e-01 3.808793969849e-04 2.055999781881e-01 3.808793969849e-04 2.019000292332e-01 3.808793969849e-04 1.702216086990e-01 3.808793969849e-04 2.110006434517e-01
3.832160804020e-04 2.085999735974e-01 3.832160804020e-04 2.055999822868e-01 3.832160804020e-04 2.019000231681e-01 3.832160804020e-04 1.702193428763e-01 3.832160804020e-04 2.110632872742e-01
3.855527638191e-04 2.085999786300e-01 3.855527638191e-04 2.055999856132e-01 3.855527638191e-04 2.019000183613e-01 3.855527638191e-04 1.702173165568e-01 3.855527638191e-04 2.111248366303e-01
3.878894472362e-04 2.085999827034e-01 3.878894472362e-04 2.055999883134e-01 3.878894472362e-04 2.019000145518e-01 3.878894472362e-04 1.702155040972e-01 3.878894472362e-04 2.111852968695e-01
3.902261306533e-04 2.085999860003e-01 3.902261306533e-04 2.055999905057e-01 3.902261306533e-04 2.019000115327e-01 3.902261306533e-04 1.702138826552e-01 3.902261306533e-04 2.112446739776e-01
3.925628140704e-04 2.085999886688e-01 3.925628140704e-04 2.055999922859e-01 3.925628140704e-04 2.019000091399e-01 3.925628140704e-04 1.702124318742e-01 3.925628140704e-04 2.113029745469e-01
3.948994974874e-04 2.085999908286e-01 3.948994974874e-04 2.055999937317e-01 3.948994974874e-04 2.019000072436e-01 3.948994974874e-04 1.702111336053e-01 3.948994974874e-04 2.113602057471e-01
3.972361809045e-04 2.085999925767e-01 3.972361809045e-04 2.055999949060e-01 3.972361809045e-04 2.019000057408e-01 3.972361809045e-04 1.702099716614e-01 3.972361809045e-04 2.114163752958e-01
3.995728643216e-04 2.085999939916e-01 3.995728643216e-04 2.055999958601e-01 3.995728643216e-04 2.019000045497e-01 3.995728643216e-04 1.702089315996e-01 3.995728643216e-04 2.114714914293e-01
4.019095477387e-04 2.085999951369e-01 4.019095477387e-04 2.055999966352e-01 4.019095477387e-04 2.019000036058e-01 4.019095477387e-04 1.702080005290e-01 4.019095477387e-04 2.115255628739e-01
4.042462311558e-04 2.085999960638e-01 4.042462311558e-04 2.055999972650e-01 4.042462311558e-04 2.019000028577e-01 4.042462311558e-04 1.702071669404e-01 4.042462311558e-04 2.115785988178e-01
4.065829145729e-04 2.085999968141e-01 4.065829145729e-04 2.055999977768e-01 4.065829145729e-04 2.019000022648e-01 4.065829145729e-04 1.702064205547e-01 4.065829145729e-04 2.116306088828e-01
4.089195979899e-04 2.085999974213e-01 4.089195979899e-04 2.055999981927e-01 4.089195979899e-04 2.019000017949e-01 4.089195979899e-04 1.702057521893e-01 4.089195979899e-04 2.116816030968e-01
4.112562814070e-04 2.085999979128e-01 4.112562814070e-04 2.055999985308e-01 4.112562814070e-04 2.019000014225e-01 4.112562814070e-04 1.702051536389e-01 4.112562814070e-04 2.117315918671e-01
4.135929648241e-04 2.085999983106e-01 4.135929648241e-04 2.055999988056e-01 4.135929648241e-04 2.019000011274e-01 4.135929648241e-04 1.702046175695e-01 4.135929648241e-04 2.117805859536e-01
4.159296482412e-04 2.085999986326e-01 4.159296482412e-04 2.055999990289e-01 4.159296482412e-04 2.019000008935e-01 4.159296482412e-04 1.702041374248e-01 4.159296482412e-04 2.118285964434e-01
4.182663316583e-04 2.085999988933e-01 4.182663316583e-04 2.055999992105e-01 4.182663316583e-04 2.019000007081e-01 4.182663316583e-04 1.702037073422e-01 4.182663316583e-04 2.118756347248e-01
4.206030150754e-04 2.085999991042e-01 4.206030150754e-04 2.055999993581e-01 4.206030150754e-04 2.019000005612e-01 4.206030150754e-04 1.702033220786e-01 4.206030150754e-04 2.119217124637e-01
4.229396984925e-04 2.085999992750e-01 4.229396984925e-04 2.055999994780e-01 4.229396984925e-04 2.019000004448e-01 4.229396984925e-04 1.702029769441e-01 4.229396984925e-04 2.119668415788e-01
4.252763819095e-04 2.085999994131e-01 4.252763819095e-04 2.055999995756e-01 4.252763819095e-04 2.019000003525e-01 4.252763819095e-04 1.702026677427e-01 4.252763819095e-04 2.120110342189e-01
4.276130653266e-04 2.085999995250e-01 4.276130653266e-04 2.055999996549e-01 4.276130653266e-04 2.019000002793e-01 4.276130653266e-04 1.702023907202e-01 4.276130653266e-04 2.120543027399e-01
4.299497487437e-04 2.085999996155e-01 4.299497487437e-04 2.055999997194e-01 4.299497487437e-04 2.019000002214e-01 4.299497487437e-04 1.702021425166e-01 4.299497487437e-04 2.120966596835e-01
4.322864321608e-04 2.085999996888e-01 4.322864321608e-04 2.055999997718e-01 4.322864321608e-04 2.019000001755e-01 4.322864321608e-04 1.702019201248e-01 4.322864321608e-04 2.121381177558e-01
4.346231155779e-04 2.085999997481e-01 4.346231155779e-04 2.055999998145e-01 4.346231155779e-04 2.019000001391e-01 4.346231155779e-04 1.702017208531e-01 4.346231155779e-04 2.121786898068e-01
4.369597989950e-04 2.085999997961e-01 4.369597989950e-04 2.055999998491e-01 4.369597989950e-04 2.019000001102e-01 4.369597989950e-04 1.702015422916e-01 4.369597989950e-04 2.122183888113e-01
4.392964824121e-04 2.085999998350e-01 4.392964824121e-04 2.055999998773e-01 4.392964824121e-04 2.019000000873e-01 4.392964824121e-04 1.702013822828e-01 4.392964824121e-04 2.122572278494e-01
4.416331658291e-04 2.085999998664e-01 4.416331658291e-04 2.055999999002e-01 4.416331658291e-04 2.019000000692e-01 4.416331658291e-04 1.702012388947e-01 4.416331658291e-04 2.122952200888e-01
4.439698492462e-04 2.085999998919e-01 4.439698492462e-04 2.055999999189e-01 4.439698492462e-04 2.019000000549e-01 4.439698492462e-04 1.702011103976e-01 4.439698492462e-04 2.123323787673e-01
4.463065326633e-04 2.085999999125e-01 4.463065326633e-04 2.055999999340e-01 4.463065326633e-04 2.019000000435e-01 4.463065326633e-04 1.702009952419e-01 4.463065326633e-04 2.123687171762e-01
4.486432160804e-04 2.085999999292e-01 4.486432160804e-04 2.055999999463e-01 4.486432160804e-04 2.019000000345e-01 4.486432160804e-04 1.702008920401e-01 4.486432160804e-04 2.124042486443e-01
4.509798994975e-04 2.085999999427e-01 4.509798994975e-04 2.055999999564e-01 4.509798994975e-04 2.019000000273e-01 4.509798994975e-04 1.702007995493e-01 4.509798994975e-04 2.124389865226e-01
4.533165829146e-04 2.085999999536e-01 4.533165829146e-04 2.055999999645e-01 4.533165829146e-04 2.019000000216e-01 4.533165829146e-04 1.702007166562e-01 4.533165829146e-04 2.124729441702e-01
4.556532663317e-04 2.085999999624e-01 4.556532663317e-04 2.055999999711e-01 4.556532663317e-04 2.019000000172e-01 4.556532663317e-04 1.702006423636e-01 4.556532663317e-04 2.125061349403e-01
4.579899497487e-04 2.085999999696e-01 4.579899497487e-04 2.055999999765e-01 4.579899497487e-04 2.019000000136e-01 4.579899497487e-04 1.702005757779e-01 4.579899497487e-04 2.125385721669e-01
4.603266331658e-04 2.085999999754e-01 4.603266331658e-04 2.055999999809e-01 4.603266331658e-04 2.019000000108e-01 4.603266331658e-04 1.702005160987e-01 4.603266331658e-04 2.125702691530e-01
4.626633165829e-04 2.085999999801e-01 4.626633165829e-04 2.055999999845e-01 4.626633165829e-04 2.019000000085e-01 4.626633165829e-04 1.702004626089e-01 4.626633165829e-04 2.126012391583e-01
4.650000000000e-04 2.085999999839e-01 4.650000000000e-04 2.055999999874e-01 4.650000000000e-04 2.019000000068e-01 4.650000000000e-04 1.702004146660e-01 4.650000000000e-04 2.126314953885e-01
