0.000000000000e+00 3.263998446884e-01 0.000000000000e+00 3.146500000000e-01 0.000000000000e+00 1.761011585842e-01 0.000000000000e+00 1.833358280906e-01
2.125628140704e-06 3.263998223004e-01 2.125628140704e-06 3.146500000000e-01 2.125628140704e-06 1.761012858648e-01 2.125628140704e-06 1.833377801618e-01
4.251256281407e-06 3.263997966851e-01 4.251256281407e-06 3.146500000000e-01 4.251256281407e-06 1.761014271465e-01 4.251256281407e-06 1.833398379822e-01
6.376884422111e-06 3.263997673775e-01 6.376884422111e-06 3.146500000000e-01 6.376884422111e-06 1.761015839729e-01 6.376884422111e-06 1.833420071974e-01
8.502512562814e-06 3.263997338452e-01 8.502512562814e-06 3.146500000000e-01 8.502512562814e-06 1.761017580586e-01 8.502512562814e-06 1.833442937425e-01
1.062814070352e-05 3.263996954793e-01 1.062814070352e-05 3.146500000000e-01 1.062814070352e-05 1.761019513081e-01 1.062814070352e-05 1.833467038549e-01
1.275376884422e-05 3.263996515830e-01 1.275376884422e-05 3.146500000000e-01 1.275376884422e-05 1.761021658369e-01 1.275376884422e-05 1.833492440876e-01
1.487939698492e-05 3.263996013591e-01 1.487939698492e-05 3.146500000000e-01 1.487939698492e-05 1.761024039953e-01 1.487939698492e-05 1.833519213230e-01
1.700502512563e-05 3.263995438956e-01 1.700502512563e-05 3.146500000000e-01 1.700502512563e-05 1.761026683945e-01 1.700502512563e-05 1.833547427861e-01
1.913065326633e-05 3.263994781489e-01 1.913065326633e-05 3.146500000000e-01 1.913065326633e-05 1.761029619361e-01 1.913065326633e-05 1.833577160586e-01
2.125628140704e-05 3.263994029251e-01 2.125628140704e-05 3.146500000000e-01 2.125628140704e-05 1.761032878443e-01 2.125628140704e-05 1.833608490921e-01
2.338190954774e-05 3.263993168579e-01 2.338190954774e-05 3.146500000000e-01 2.338190954774e-05 1.761036497025e-01 2.338190954774e-05 1.833641502223e-01
2.550753768844e-05 3.263992183845e-01 2.550753768844e-05 3.146500000000e-01 2.550753768844e-05 1.761040514933e-01 2.550753768844e-05 1.833676281816e-01
2.763316582915e-05 3.263991057165e-01 2.763316582915e-05 3.146500000000e-01 2.763316582915e-05 1.761044976444e-01 2.763316582915e-05 1.833712921122e-01
2.975879396985e-05 3.263989768081e-01 2.975879396985e-05 3.146500000000e-01 2.975879396985e-05 1.761049930780e-01 2.975879396985e-05 1.833751515778e-01
3.188442211055e-05 3.263988293181e-01 3.188442211055e-05 3.146500000000e-01 3.188442211055e-05 1.761055432672e-01 3.188442211055e-05 1.833792165746e-01
3.401005025126e-05 3.263986605684e-01 3.401005025126e-05 3.146500000000e-01 3.401005025126e-05 1.761061542988e-01 3.401005025126e-05 1.833834975410e-01
3.613567839196e-05 3.263984674946e-01 3.613567839196e-05 3.146500000000e-01 3.613567839196e-05 1.761068329428e-01 3.613567839196e-05 1.833880053657e-01
3.826130653266e-05 3.263982465908e-01 3.826130653266e-05 3.146500000000e-01 3.826130653266e-05 1.761075867306e-01 3.826130653266e-05 1.833927513927e-01
4.038693467337e-05 3.263979938456e-01 4.038693467337e-05 3.146500000000e-01 4.038693467337e-05 1.761084240421e-01 4.038693467337e-05 1.833977474250e-01
4.251256281407e-05 3.263977046699e-01 4.251256281407e-05 3.146500000000e-01 4.251256281407e-05 1.761093542030e-01 4.251256281407e-05 1.834030057236e-01
4.463819095477e-05 3.263973738128e-01 4.463819095477e-05 3.146500000000e-01 4.463819095477e-05 1.761103875940e-01 4.463819095477e-05 1.834085390033e-01
4.676381909548e-05 3.263969952670e-01 4.676381909548e-05 3.146500000000e-01 4.676381909548e-05 1.761115357725e-01 4.676381909548e-05 1.834143604224e-01
4.888944723618e-05 3.263965621596e-01 4.888944723618e-05 3.146500000000e-01 4.888944723618e-05 1.761128116090e-01 4.888944723618e-05 1.834204835672e-01
5.101507537688e-05 3.263960666273e-01 5.101507537688e-05 3.146500000000e-01 5.101507537688e-05 1.761142294401e-01 5.101507537688e-05 1.834269224285e-01
5.314070351759e-05 3.263954996736e-01 5.314070351759e-05 3.146500000000e-01 5.314070351759e-05 1.761158052397e-01 5.314070351759e-05 1.834336913688e-01
5.526633165829e-05 3.263948510064e-01 5.526633165829e-05 3.146500000000e-01 5.526633165829e-05 1.761175568115e-01 5.526633165829e-05 1.834408050796e-01
5.739195979899e-05 3.263941088503e-01 5.739195979899e-05 3.146500000000e-01 5.739195979899e-05 1.761195040039e-01 5.739195979899e-05 1.834482785250e-01
5.951758793970e-05 3.263932597341e-01 5.951758793970e-05 3.146500000000e-01 5.951758793970e-05 1.761216689531e-01 5.951758793970e-05 1.834561268703e-01
6.164321608040e-05 3.263922882461e-01 6.164321608040e-05 3.146500000000e-01 6.164321608040e-05 1.761240763545e-01 6.164321608040e-05 1.834643653924e-01
6.376884422111e-05 3.263911767551e-01 6.376884422111e-05 3.146500000000e-01 6.376884422111e-05 1.761267537693e-01 6.376884422111e-05 1.834730093684e-01
6.589447236181e-05 3.263899050911e-01 6.589447236181e-05 3.146500000000e-01 6.589447236181e-05 1.761297319692e-01 6.589447236181e-05 1.834820739388e-01
6.802010050251e-05 3.263884501799e-01 6.802010050251e-05 3.146500000000e-01 6.802010050251e-05 1.761330453245e-01 6.802010050251e-05 1.834915739396e-01
7.014572864322e-05 3.263867856260e-01 7.014572864322e-05 3.146500000000e-01 7.014572864322e-05 1.761367322419e-01 7.014572864322e-05 1.835015236995e-01
7.227135678392e-05 3.263848812346e-01 7.227135678392e-05 3.146500000000e-01 7.227135678392e-05 1.761408356588e-01 7.227135678392e-05 1.835119367940e-01
7.439698492462e-05 3.263827024666e-01 7.439698492462e-05 3.146500000000e-01 7.439698492462e-05 1.761454036018e-01 7.439698492462e-05 1.835228257494e-01
7.652261306533e-05 3.263802098141e-01 7.652261306533e-05 3.146500000000e-01 7.652261306533e-05 1.761504898174e-01 7.652261306533e-05 1.835342016892e-01
7.864824120603e-05 3.263773580876e-01 7.864824120603e-05 3.146500000000e-01 7.864824120603e-05 1.761561544874e-01 7.864824120603e-05 1.835460739092e-01
8.077386934673e-05 3.263740956010e-01 8.077386934673e-05 3.146500000000e-01 8.077386934673e-05 1.761624650379e-01 8.077386934673e-05 1.835584493730e-01
8.289949748744e-05 3.263703632407e-01 8.289949748744e-05 3.146500000000e-01 8.289949748744e-05 1.761694970585e-01 8.289949748744e-05 1.835713321105e-01
8.502512562814e-05 3.263660934019e-01 8.502512562814e-05 3.146500000000e-01 8.502512562814e-05 1.761773353447e-01 8.502512562814e-05 1.835847225044e-01
8.715075376884e-05 3.263612087739e-01 8.715075376884e-05 3.146500000000e-01 8.715075376884e-05 1.761860750839e-01 8.715075376884e-05 1.835986164450e-01
8.927638190955e-05 3.263556209531e-01 8.927638190955e-05 3.146500000000e-01 8.927638190955e-05 1.761958232050e-01 8.927638190955e-05 1.836130043297e-01
9.140201005025e-05 3.263492288597e-01 9.140201005025e-05 3.146500000000e-01 9.140201005025e-05 1.762066999156e-01 9.140201005025e-05 1.836278698815e-01
9.352763819095e-05 3.263419169312e-01 9.352763819095e-05 3.146500000000e-01 9.352763819095e-05 1.762188404560e-01 9.352763819095e-05 1.836431887550e-01
9.565326633166e-05 3.263335530619e-01 9.565326633166e-05 3.146500000000e-01 9.565326633166e-05 1.762323971026e-01 9.565326633166e-05 1.836589268944e-01
9.777889447236e-05 3.263239862532e-01 9.777889447236e-05 3.146500000000e-01 9.777889447236e-05 1.762475414574e-01 9.777889447236e-05 1.836750386007e-01
9.990452261307e-05 3.263130439370e-01 9.990452261307e-05 3.146500000000e-01 9.990452261307e-05 1.762644670700e-01 9.990452261307e-05 1.836914642602e-01
1.020301507538e-04 3.263005289262e-01 1.020301507538e-04 3.146500000000e-01 1.020301507538e-04 1.762833924418e-01 1.020301507538e-04 1.837081276767e-01
1.041557788945e-04 3.262862159454e-01 1.041557788945e-04 3.146500000000e-01 1.041557788945e-04 1.763045644728e-01 1.041557788945e-04 1.837249329440e-01
1.062814070352e-04 3.262698476845e-01 1.062814070352e-04 3.146500000000e-01 1.062814070352e-04 1.763282624207e-01 1.062814070352e-04 1.837417607810e-01
1.084070351759e-04 3.262511303155e-01 1.084070351759e-04 3.146500000000e-01 1.084070351759e-04 1.763548024535e-01 1.084070351759e-04 1.837584642446e-01
1.105326633166e-04 3.262297284039e-01 1.105326633166e-04 3.146500000000e-01 1.105326633166e-04 1.763845428889e-01 1.105326633166e-04 1.837748637201e-01
1.126582914573e-04 3.262052591398e-01 1.126582914573e-04 3.146500000000e-01 1.126582914573e-04 1.764178902312e-01 1.126582914573e-04 1.837907410759e-01
1.147839195980e-04 3.261772858071e-01 1.147839195980e-04 3.146500000000e-01 1.147839195980e-04 1.764553061339e-01 1.147839195980e-04 1.838058328548e-01
1.169095477387e-04 3.261453104013e-01 1.169095477387e-04 3.146500000000e-01 1.169095477387e-04 1.764973154348e-01 1.169095477387e-04 1.838198223561e-01
1.190351758794e-04 3.261087653005e-01 1.190351758794e-04 3.146500000000e-01 1.190351758794e-04 1.765445154368e-01 1.190351758794e-04 1.838323304477e-01
1.211608040201e-04 3.260670038875e-01 1.211608040201e-04 3.146500000000e-01 1.211608040201e-04 1.765975866347e-01 1.211608040201e-04 1.838429049311e-01
1.232864321608e-04 3.260192900184e-01 1.232864321608e-04 3.146500000000e-01 1.232864321608e-04 1.766573051179e-01 1.232864321608e-04 1.838510082629e-01
1.254120603015e-04 3.259647862264e-01 1.254120603015e-04 3.146500000000e-01 1.254120603015e-04 1.767245569156e-01 1.254120603015e-04 1.838560034312e-01
1.275376884422e-04 3.259025405557e-01 1.275376884422e-04 3.146500000000e-01 1.275376884422e-04 1.768003545905e-01 1.275376884422e-04 1.838571377697e-01
1.296633165829e-04 3.258314719221e-01 1.296633165829e-04 3.146500000000e-01 1.296633165829e-04 1.768858564297e-01 1.296633165829e-04 1.838535245022e-01
1.317889447236e-04 3.257503539090e-01 1.317889447236e-04 3.146500000000e-01 1.317889447236e-04 1.769823886294e-01 1.317889447236e-04 1.838441218218e-01
1.339145728643e-04 3.256577969287e-01 1.339145728643e-04 3.146500000000e-01 1.339145728643e-04 1.770914709198e-01 1.339145728643e-04 1.838277093510e-01
1.360402010050e-04 3.255522287081e-01 1.360402010050e-04 3.146500000000e-01 1.360402010050e-04 1.772148461233e-01 1.360402010050e-04 1.838028618953e-01
1.381658291457e-04 3.254318731040e-01 1.381658291457e-04 3.146500000000e-01 1.381658291457e-04 1.773545141915e-01 1.381658291457e-04 1.837679205254e-01
1.402914572864e-04 3.252947273136e-01 1.402914572864e-04 3.146500000000e-01 1.402914572864e-04 1.775127712983e-01 1.402914572864e-04 1.837209611976e-01
1.424170854271e-04 3.251385376309e-01 1.424170854271e-04 3.146500000000e-01 1.424170854271e-04 1.776922545927e-01 1.424170854271e-04 1.836597613974e-01
1.445427135678e-04 3.249607740081e-01 1.445427135678e-04 3.146500000000e-01 1.445427135678e-04 1.778959932065e-01 1.445427135678e-04 1.835817656842e-01
1.466683417085e-04 3.247586038171e-01 1.466683417085e-04 3.146500000000e-01 1.466683417085e-04 1.781274660582e-01 1.466683417085e-04 1.834840515702e-01
1.487939698492e-04 3.245288653758e-01 1.487939698492e-04 3.146500000000e-01 1.487939698492e-04 1.783906668746e-01 1.487939698492e-04 1.833632979427e-01
1.509195979899e-04 3.242680420043e-01 1.509195979899e-04 3.146500000000e-01 1.509195979899e-04 1.786901766219e-01 1.509195979899e-04 1.832157592926e-01
1.530452261307e-04 3.239722375978e-01 1.530452261307e-04 3.146500000000e-01 1.530452261307e-04 1.790312431645e-01 1.530452261307e-04 1.830372504176e-01
1.551708542714e-04 3.236371549431e-01 1.551708542714e-04 3.146500000000e-01 1.551708542714e-04 1.794198673843e-01 1.551708542714e-04 1.828231481036e-01
1.572964824121e-04 3.232580782303e-01 1.572964824121e-04 3.146500000000e-01 1.572964824121e-04 1.798628941260e-01 1.572964824121e-04 1.825684186276e-01
1.594221105528e-04 3.228298613788e-01 1.594221105528e-04 3.146500000000e-01 1.594221105528e-04 1.803681050884e-01 1.594221105528e-04 1.822676828169e-01
1.615477386935e-04 3.223469238382e-01 1.615477386935e-04 3.146500000000e-01 1.615477386935e-04 1.809443090580e-01 1.615477386935e-04 1.819153338344e-01
1.636733668342e-04 3.218032553246e-01 1.636733668342e-04 3.146500000000e-01 1.636733668342e-04 1.816014225662e-01 1.636733668342e-04 1.815057267306e-01
1.657989949749e-04 3.211924303489e-01 1.657989949749e-04 3.146500000000e-01 1.657989949749e-04 1.823505310631e-01 1.657989949749e-04 1.810334628111e-01
1.679246231156e-04 3.205076321458e-01 1.679246231156e-04 3.146500000000e-01 1.679246231156e-04 1.832039169943e-01 1.679246231156e-04 1.804937954342e-01
1.700502512563e-04 3.197416833862e-01 1.700502512563e-04 3.146500000000e-01 1.700502512563e-04 1.841750368326e-01 1.700502512563e-04 1.798831859825e-01
1.721758793970e-04 3.188870774000e-01 1.721758793970e-04 3.146500000000e-01 1.721758793970e-04 1.852784244337e-01 1.721758793970e-04 1.792000378885e-01
1.743015075377e-04 3.179359979581e-01 1.743015075377e-04 3.146500000000e-01 1.743015075377e-04 1.865294936577e-01 1.743015075377e-04 1.784456305118e-01
1.764271356784e-04 3.168803072194e-01 1.764271356784e-04 3.146500000000e-01 1.764271356784e-04 1.879442100863e-01 1.764271356784e-04 1.776252604461e-01
1.785527638191e-04 3.157114693681e-01 1.785527638191e-04 3.146500000000e-01 1.785527638191e-04 1.895386014687e-01 1.785527638191e-04 1.767495720962e-01
1.806783919598e-04 3.144203608310e-01 1.806783919598e-04 3.146500000000e-01 1.806783919598e-04 1.913280814249e-01 1.806783919598e-04 1.758360188405e-01
1.828040201005e-04 3.129968960624e-01 1.828040201005e-04 3.146500000000e-01 1.828040201005e-04 1.933265734280e-01 1.828040201005e-04 1.749103388615e-01
1.849296482412e-04 3.114293707877e-01 1.849296482412e-04 3.146500000000e-01 1.849296482412e-04 1.955454444841e-01 1.849296482412e-04 1.740078570111e-01
1.870552763819e-04 3.097033944340e-01 1.870552763819e-04 3.146500000000e-01 1.870552763819e-04 1.979922912665e-01 1.870552763819e-04 1.731743427370e-01
1.891809045226e-04 3.078002571212e-01 1.891809045226e-04 3.146500000000e-01 1.891809045226e-04 2.006696641237e-01 1.891809045226e-04 1.724660789263e-01
1.913065326633e-04 3.056945709463e-01 1.913065326633e-04 3.146500000000e-01 1.913065326633e-04 2.035738605881e-01 1.913065326633e-04 1.719487514458e-01
1.934321608040e-04 3.033510768847e-01 1.934321608040e-04 3.146500000000e-01 1.934321608040e-04 2.066939591220e-01 1.934321608040e-04 1.716947853433e-01
1.955577889447e-04 3.007206887201e-01 1.955577889447e-04 3.146500000000e-01 1.955577889447e-04 2.100112814208e-01 1.955577889447e-04 1.717788631662e-01
1.976834170854e-04 2.977362770265e-01 1.976834170854e-04 3.146500000000e-01 1.976834170854e-04 2.134994531134e-01 1.976834170854e-04 1.722715851696e-01
1.998090452261e-04 2.943095526023e-01 1.998090452261e-04 3.146500000000e-01 1.998090452261e-04 2.171251696517e-01 1.998090452261e-04 1.732315672881e-01
2.019346733668e-04 2.903318306809e-01 2.019346733668e-04 3.146500000000e-01 2.019346733668e-04 2.208496704055e-01 2.019346733668e-04 1.746966816631e-01
2.040603015075e-04 2.856832616740e-01 2.040603015075e-04 3.146500000000e-01 2.040603015075e-04 2.246307989088e-01 2.040603015075e-04 1.766755493717e-01
2.061859296482e-04 2.802561733863e-01 2.061859296482e-04 3.146500000000e-01 2.061859296482e-04 2.284254124524e-01 2.061859296482e-04 1.791406928419e-01
2.083115577889e-04 2.739957549585e-01 2.083115577889e-04 3.146500000000e-01 2.083115577889e-04 2.321918333368e-01 2.083115577889e-04 1.820248409365e-01
2.104371859296e-04 2.669519316872e-01 2.104371859296e-04 3.146500000000e-01 2.104371859296e-04 2.358920293272e-01 2.104371859296e-04 1.852216728572e-01
2.125628140704e-04 2.593204876101e-01 2.125628140704e-04 3.146500000000e-01 2.125628140704e-04 2.394932734624e-01 2.125628140704e-04 1.885917566262e-01
2.146884422111e-04 2.514409478671e-01 2.146884422111e-04 3.146500000000e-01 2.146884422111e-04 2.429691431877e-01 2.146884422111e-04 1.919736182614e-01
2.168140703518e-04 2.437324829595e-01 2.168140703518e-04 3.146500000000e-01 2.168140703518e-04 2.462998428834e-01 2.168140703518e-04 1.951988823669e-01
2.189396984925e-04 2.365887303321e-01 2.189396984925e-04 3.146500000000e-01 2.189396984925e-04 2.494719398800e-01 2.189396984925e-04 1.981094534246e-01
2.210653266332e-04 2.302847457200e-01 2.210653266332e-04 3.146500000000e-01 2.210653266332e-04 2.524776709705e-01 2.210653266332e-04 2.005740272333e-01
2.231909547739e-04 2.249395155040e-01 2.231909547739e-04 3.146500000000e-01 2.231909547739e-04 2.553139988213e-01 2.231909547739e-04 2.025010997731e-01
2.253165829146e-04 2.205365371065e-01 2.253165829146e-04 3.146500000000e-01 2.253165829146e-04 2.579815830602e-01 2.253165829146e-04 2.038462226317e-01
2.274422110553e-04 2.169740507752e-01 2.274422110553e-04 3.146500000000e-01 2.274422110553e-04 2.604837934573e-01 2.274422110553e-04 2.046124549774e-01
2.295678391960e-04 2.141148884519e-01 2.295678391960e-04 3.146500000000e-01 2.295678391960e-04 2.628258472067e-01 2.295678391960e-04 2.048444463116e-01
2.316934673367e-04 2.118208897119e-01 2.316934673367e-04 3.146500000000e-01 2.316934673367e-04 2.650141100182e-01 2.316934673367e-04 2.046178846391e-01
2.338190954774e-04 2.099705959387e-01 2.338190954774e-04 3.146500000000e-01 2.338190954774e-04 2.670555677506e-01 2.338190954774e-04 2.040267683725e-01
2.359447236181e-04 2.084650694844e-01 2.359447236181e-04 3.146500000000e-01 2.359447236181e-04 2.689574535657e-01 2.359447236181e-04 2.031709594744e-01
2.380703517588e-04 2.072272223400e-01 2.380703517588e-04 3.146500000000e-01 2.380703517588e-04 2.707270040547e-01 2.380703517588e-04 2.021458818650e-01
2.401959798995e-04 2.061984559545e-01 2.401959798995e-04 3.146500000000e-01 2.401959798995e-04 2.723713141206e-01 2.401959798995e-04 2.010353490675e-01
2.423216080402e-04 2.053347246840e-01 2.423216080402e-04 3.146500000000e-01 2.423216080402e-04 2.738972618935e-01 2.423216080402e-04 1.999076570289e-01
2.444472361809e-04 2.046029737873e-01 2.444472361809e-04 3.146500000000e-01 2.444472361809e-04 2.753114792847e-01 2.444472361809e-04 1.988144717451e-01
2.465728643216e-04 2.039782589712e-01 2.465728643216e-04 3.146500000000e-01 2.465728643216e-04 2.766203491939e-01 2.465728643216e-04 1.977917415035e-01
2.486984924623e-04 2.034415536096e-01 2.486984924623e-04 3.146500000000e-01 2.486984924623e-04 2.778300157315e-01 2.486984924623e-04 1.968618240890e-01
2.508241206030e-04 2.029781369641e-01 2.508241206030e-04 3.146500000000e-01 2.508241206030e-04 2.789463984793e-01 2.508241206030e-04 1.960361437763e-01
2.529497487437e-04 2.025764333973e-01 2.529497487437e-04 3.146500000000e-01 2.529497487437e-04 2.799752055123e-01 2.529497487437e-04 1.953178856228e-01
2.550753768844e-04 2.022271854313e-01 2.550753768844e-04 3.146500000000e-01 2.550753768844e-04 2.809219426210e-01 2.550753768844e-04 1.947044270251e-01
2.572010050251e-04 2.019228669827e-01 2.572010050251e-04 3.146500000000e-01 2.572010050251e-04 2.817919180119e-01 2.572010050251e-04 1.941893624927e-01
2.593266331658e-04 2.016572664069e-01 2.593266331658e-04 3.146500000000e-01 2.593266331658e-04 2.825902428831e-01 2.593266331658e-04 1.937640861376e-01
2.614522613065e-04 2.014251883825e-01 2.614522613065e-04 3.146500000000e-01 2.614522613065e-04 2.833218288566e-01 2.614522613065e-04 1.934189614534e-01
2.635778894472e-04 2.012222385559e-01 2.635778894472e-04 3.146500000000e-01 2.635778894472e-04 2.839913834574e-01 2.635778894472e-04 1.931441398399e-01
2.657035175879e-04 2.010446657731e-01 2.657035175879e-04 3.146500000000e-01 2.657035175879e-04 2.846034047959e-01 2.657035175879e-04 1.929300990937e-01
2.678291457286e-04 2.008892445019e-01 2.678291457286e-04 3.146500000000e-01 2.678291457286e-04 2.851621764449e-01 2.678291457286e-04 1.927679699761e-01
2.699547738693e-04 2.007531854840e-01 2.699547738693e-04 3.146500000000e-01 2.699547738693e-04 2.856717632695e-01 2.699547738693e-04 1.926497096049e-01
2.720804020101e-04 2.006340664177e-01 2.720804020101e-04 3.146500000000e-01 2.720804020101e-04 2.861360087317e-01 2.720804020101e-04 1.925681690217e-01
2.742060301508e-04 2.005297770482e-01 2.742060301508e-04 3.146500000000e-01 2.742060301508e-04 2.865585339689e-01 2.742060301508e-04 1.925170912158e-01
2.763316582915e-04 2.004384747970e-01 2.763316582915e-04 3.146500000000e-01 2.763316582915e-04 2.869427387601e-01 2.763316582915e-04 1.924910662760e-01
2.784572864322e-04 2.003585482562e-01 2.784572864322e-04 3.146500000000e-01 2.784572864322e-04 2.872918043488e-01 2.784572864322e-04 1.924854625597e-01
2.805829145729e-04 2.002885866797e-01 2.805829145729e-04 3.146500000000e-01 2.805829145729e-04 2.876086979870e-01 2.805829145729e-04 1.924963467655e-01
2.827085427136e-04 2.002273541535e-01 2.827085427136e-04 3.146500000000e-01 2.827085427136e-04 2.878961789983e-01 2.827085427136e-04 1.925204013429e-01
2.848341708543e-04 2.001737674986e-01 2.848341708543e-04 3.146500000000e-01 2.848341708543e-04 2.881568061169e-01 2.848341708543e-04 1.925548444766e-01
2.869597989950e-04 2.001268772128e-01 2.869597989950e-04 3.146500000000e-01 2.869597989950e-04 2.883929458482e-01 2.869597989950e-04 1.925973556569e-01
2.890854271357e-04 2.000858509330e-01 2.890854271357e-04 3.146500000000e-01 2.890854271357e-04 2.886067815961e-01 2.890854271357e-04 1.926460083433e-01
2.912110552764e-04 2.000499590222e-01 2.912110552764e-04 3.146500000000e-01 2.912110552764e-04 2.888003233223e-01 2.912110552764e-04 1.926992102505e-01
2.933366834171e-04 2.000185619665e-01 2.933366834171e-04 3.146500000000e-01 2.933366834171e-04 2.889754175190e-01 2.933366834171e-04 1.927556511743e-01
2.954623115578e-04 1.999910993325e-01 2.954623115578e-04 3.146500000000e-01 2.954623115578e-04 2.891337573107e-01 2.954623115578e-04 1.928142579191e-01
2.975879396985e-04 1.999670800788e-01 2.975879396985e-04 3.146500000000e-01 2.975879396985e-04 2.892768925222e-01 2.975879396985e-04 1.928741556998e-01
2.997135678392e-04 1.999460740468e-01 2.997135678392e-04 3.146500000000e-01 2.997135678392e-04 2.894062395842e-01 2.997135678392e-04 1.929346353157e-01
3.018391959799e-04 1.999277044861e-01 3.018391959799e-04 3.146500000000e-01 3.018391959799e-04 2.895230911694e-01 3.018391959799e-04 1.929951253854e-01
3.039648241206e-04 1.999116414862e-01 3.039648241206e-04 3.146500000000e-01 3.039648241206e-04 2.896286254798e-01 3.039648241206e-04 1.930551689648e-01
3.060904522613e-04 1.998975962065e-01 3.060904522613e-04 3.146500000000e-01 3.060904522613e-04 2.897239151239e-01 3.060904522613e-04 1.931144039245e-01
3.082160804020e-04 1.998853158067e-01 3.082160804020e-04 3.146500000000e-01 3.082160804020e-04 2.898099355449e-01 3.082160804020e-04 1.931725465293e-01
3.103417085427e-04 1.998745789957e-01 3.103417085427e-04 3.146500000000e-01 3.103417085427e-04 2.898875729720e-01 3.103417085427e-04 1.932293777274e-01
3.124673366834e-04 1.998651921232e-01 3.124673366834e-04 3.146500000000e-01 3.124673366834e-04 2.899576318828e-01 3.124673366834e-04 1.932847317239e-01
3.145929648241e-04 1.998569857502e-01 3.145929648241e-04 3.146500000000e-01 3.145929648241e-04 2.900208419755e-01 3.145929648241e-04 1.933384864723e-01
3.167185929648e-04 1.998498116400e-01 3.167185929648e-04 3.146500000000e-01 3.167185929648e-04 2.900778646544e-01 3.167185929648e-04 1.933905557710e-01
3.188442211055e-04 1.998435401197e-01 3.188442211055e-04 3.146500000000e-01 3.188442211055e-04 2.901292990431e-01 3.188442211055e-04 1.934408827005e-01
3.209698492462e-04 1.998380577663e-01 3.209698492462e-04 3.146500000000e-01 3.209698492462e-04 2.901756875410e-01 3.209698492462e-04 1.934894341800e-01
3.230954773869e-04 1.998332653796e-01 3.230954773869e-04 3.146500000000e-01 3.230954773869e-04 2.902175209429e-01 3.230954773869e-04 1.935361964532e-01
3.252211055276e-04 1.998290762053e-01 3.252211055276e-04 3.146500000000e-01 3.252211055276e-04 2.902552431462e-01 3.252211055276e-04 1.935811713500e-01
3.273467336683e-04 1.998254143791e-01 3.273467336683e-04 3.146500000000e-01 3.273467336683e-04 2.902892554672e-01 3.273467336683e-04 1.936243731904e-01
3.294723618090e-04 1.998222135636e-01 3.294723618090e-04 3.146500000000e-01 3.294723618090e-04 2.903199205925e-01 3.294723618090e-04 1.936658262237e-01
3.315979899497e-04 1.998194157555e-01 3.315979899497e-04 3.146500000000e-01 3.315979899497e-04 2.903475661898e-01 3.315979899497e-04 1.937055625111e-01
3.337236180905e-04 1.998169702411e-01 3.337236180905e-04 3.146500000000e-01 3.337236180905e-04 2.903724882023e-01 3.337236180905e-04 1.937436201774e-01
3.358492462312e-04 1.998148326815e-01 3.358492462312e-04 3.146500000000e-01 3.358492462312e-04 2.903949538501e-01 3.358492462312e-04 1.937800419674e-01
3.379748743719e-04 1.998129643137e-01 3.379748743719e-04 3.146500000000e-01 3.379748743719e-04 2.904152043615e-01 3.379748743719e-04 1.938148740572e-01
3.401005025126e-04 1.998113312497e-01 3.401005025126e-04 3.146500000000e-01 3.401005025126e-04 2.904334574556e-01 3.401005025126e-04 1.938481650760e-01
3.422261306533e-04 1.998099038649e-01 3.422261306533e-04 3.146500000000e-01 3.422261306533e-04 2.904499095973e-01 3.422261306533e-04 1.938799653030e-01
3.443517587940e-04 1.998086562620e-01 3.443517587940e-04 3.146500000000e-01 3.443517587940e-04 2.904647380423e-01 3.443517587940e-04 1.939103260095e-01
3.464773869347e-04 1.998075658028e-01 3.464773869347e-04 3.146500000000e-01 3.464773869347e-04 2.904781026924e-01 3.464773869347e-04 1.939392989220e-01
3.486030150754e-04 1.998066126983e-01 3.486030150754e-04 3.146500000000e-01 3.486030150754e-04 2.904901477750e-01 3.486030150754e-04 1.939669357859e-01
3.507286432161e-04 1.998057796507e-01 3.507286432161e-04 3.146500000000e-01 3.507286432161e-04 2.905010033654e-01 3.507286432161e-04 1.939932880125e-01
3.528542713568e-04 1.998050515396e-01 3.528542713568e-04 3.146500000000e-01 3.528542713568e-04 2.905107867623e-01 3.528542713568e-04 1.940184063950e-01
3.549798994975e-04 1.998044151484e-01 3.549798994975e-04 3.146500000000e-01 3.549798994975e-04 2.905196037343e-01 3.549798994975e-04 1.940423408830e-01
3.571055276382e-04 1.998038589247e-01 3.571055276382e-04 3.146500000000e-01 3.571055276382e-04 2.905275496448e-01 3.571055276382e-04 1.940651404042e-01
3.592311557789e-04 1.998033727708e-01 3.592311557789e-04 3.146500000000e-01 3.592311557789e-04 2.905347104699e-01 3.592311557789e-04 1.940868527265e-01
3.613567839196e-04 1.998029478606e-01 3.613567839196e-04 3.146500000000e-01 3.613567839196e-04 2.905411637176e-01 3.613567839196e-04 1.941075243526e-01
3.634824120603e-04 1.998025764795e-01 3.634824120603e-04 3.146500000000e-01 3.634824120603e-04 2.905469792578e-01 3.634824120603e-04 1.941272004431e-01
3.656080402010e-04 1.998022518845e-01 3.656080402010e-04 3.146500000000e-01 3.656080402010e-04 2.905522200722e-01 3.656080402010e-04 1.941459247611e-01
3.677336683417e-04 1.998019681820e-01 3.677336683417e-04 3.146500000000e-01 3.677336683417e-04 2.905569429309e-01 3.677336683417e-04 1.941637396364e-01
3.698592964824e-04 1.998017202206e-01 3.698592964824e-04 3.146500000000e-01 3.698592964824e-04 2.905611990030e-01 3.698592964824e-04 1.941806859457e-01
3.719849246231e-04 1.998015034980e-01 3.719849246231e-04 3.146500000000e-01 3.719849246231e-04 2.905650344078e-01 3.719849246231e-04 1.941968031042e-01
3.741105527638e-04 1.998013140786e-01 3.741105527638e-04 3.146500000000e-01 3.741105527638e-04 2.905684907120e-01 3.741105527638e-04 1.942121290694e-01
3.762361809045e-04 1.998011485230e-01 3.762361809045e-04 3.146500000000e-01 3.762361809045e-04 2.905716053782e-01 3.762361809045e-04 1.942267003523e-01
3.783618090452e-04 1.998010038247e-01 3.783618090452e-04 3.146500000000e-01 3.783618090452e-04 2.905744121692e-01 3.783618090452e-04 1.942405520360e-01
3.804874371859e-04 1.998008773562e-01 3.804874371859e-04 3.146500000000e-01 3.804874371859e-04 2.905769415130e-01 3.804874371859e-04 1.942537177999e-01
3.826130653266e-04 1.998007668208e-01 3.826130653266e-04 3.146500000000e-01 3.826130653266e-04 2.905792208318e-01 3.826130653266e-04 1.942662299486e-01
3.847386934673e-04 1.998006702113e-01 3.847386934673e-04 3.146500000000e-01 3.847386934673e-04 2.905812748382e-01 3.847386934673e-04 1.942781194436e-01
3.868643216080e-04 1.998005857733e-01 3.868643216080e-04 3.146500000000e-01 3.868643216080e-04 2.905831258034e-01 3.868643216080e-04 1.942894159386e-01
3.889899497487e-04 1.998005119732e-01 3.889899497487e-04 3.146500000000e-01 3.889899497487e-04 2.905847937973e-01 3.889899497487e-04 1.943001478161e-01
3.911155778894e-04 1.998004474710e-01 3.911155778894e-04 3.146500000000e-01 3.911155778894e-04 2.905862969067e-01 3.911155778894e-04 1.943103422261e-01
3.932412060302e-04 1.998003910952e-01 3.932412060302e-04 3.146500000000e-01 3.932412060302e-04 2.905876514306e-01 3.932412060302e-04 1.943200251252e-01
3.953668341709e-04 1.998003418220e-01 3.953668341709e-04 3.146500000000e-01 3.953668341709e-04 2.905888720571e-01 3.953668341709e-04 1.943292213165e-01
3.974924623116e-04 1.998002987566e-01 3.974924623116e-04 3.146500000000e-01 3.974924623116e-04 2.905899720224e-01 3.974924623116e-04 1.943379544900e-01
3.996180904523e-04 1.998002611169e-01 3.996180904523e-04 3.146500000000e-01 3.996180904523e-04 2.905909632545e-01 3.996180904523e-04 1.943462472626e-01
4.017437185930e-04 1.998002282193e-01 4.017437185930e-04 3.146500000000e-01 4.017437185930e-04 2.905918565021e-01 4.017437185930e-04 1.943541212181e-01
4.038693467337e-04 1.998001994664e-01 4.038693467337e-04 3.146500000000e-01 4.038693467337e-04 2.905926614516e-01 4.038693467337e-04 1.943615969467e-01
4.059949748744e-04 1.998001743361e-01 4.059949748744e-04 3.146500000000e-01 4.059949748744e-04 2.905933868316e-01 4.059949748744e-04 1.943686940838e-01
4.081206030151e-04 1.998001523718e-01 4.081206030151e-04 3.146500000000e-01 4.081206030151e-04 2.905940405080e-01 4.081206030151e-04 1.943754313482e-01
4.102462311558e-04 1.998001331748e-01 4.102462311558e-04 3.146500000000e-01 4.102462311558e-04 2.905946295690e-01 4.102462311558e-04 1.943818265796e-01
4.123718592965e-04 1.998001163963e-01 4.123718592965e-04 3.146500000000e-01 4.123718592965e-04 2.905951604021e-01 4.123718592965e-04 1.943878967747e-01
4.144974874372e-04 1.998001017318e-01 4.144974874372e-04 3.146500000000e-01 4.144974874372e-04 2.905956387635e-01 4.144974874372e-04 1.943936581229e-01
4.166231155779e-04 1.998000889148e-01 4.166231155779e-04 3.146500000000e-01 4.166231155779e-04 2.905960698400e-01 4.166231155779e-04 1.943991260408e-01
4.187487437186e-04 1.998000777125e-01 4.187487437186e-04 3.146500000000e-01 4.187487437186e-04 2.905964583059e-01 4.187487437186e-04 1.944043152055e-01
4.208743718593e-04 1.998000679217e-01 4.208743718593e-04 3.146500000000e-01 4.208743718593e-04 2.905968083734e-01 4.208743718593e-04 1.944092395871e-01
4.230000000000e-04 1.998000593643e-01 4.230000000000e-04 3.146500000000e-01 4.230000000000e-04 2.905971238383e-01 4.230000000000e-04 1.944139124798e-01
