0.000000000000e+00 2.543000180472e-01 0.000000000000e+00 1.471064643919e-01 0.000000000000e+00 2.520994761656e-01 0.000000000000e+00 3.464983462880e-01
2.346733668342e-06 2.543000214338e-01 2.346733668342e-06 1.471071431883e-01 2.346733668342e-06 2.520994038491e-01 2.346733668342e-06 3.464981377437e-01
4.693467336683e-06 2.543000254559e-01 4.693467336683e-06 1.471078932515e-01 4.693467336683e-06 2.520993215493e-01 4.693467336683e-06 3.464979029015e-01
7.040201005025e-06 2.543000302327e-01 7.040201005025e-06 1.471087220616e-01 7.040201005025e-06 2.520992278881e-01 7.040201005025e-06 3.464976384454e-01
9.386934673367e-06 2.543000359060e-01 9.386934673367e-06 1.471096378833e-01 9.386934673367e-06 2.520991212971e-01 9.386934673367e-06 3.464973406415e-01
1.173366834171e-05 2.543000426438e-01 1.173366834171e-05 1.471106498477e-01 1.173366834171e-05 2.520989999914e-01 1.173366834171e-05 3.464970052850e-01
1.408040201005e-05 2.543000506460e-01 1.408040201005e-05 1.471117680439e-01 1.408040201005e-05 2.520988619399e-01 1.408040201005e-05 3.464966276411e-01
1.642713567839e-05 2.543000601498e-01 1.642713567839e-05 1.471130036185e-01 1.642713567839e-05 2.520987048308e-01 1.642713567839e-05 3.464962023781e-01
1.877386934673e-05 2.543000714370e-01 1.877386934673e-05 1.471143688867e-01 1.877386934673e-05 2.520985260337e-01 1.877386934673e-05 3.464957234923e-01
2.112060301508e-05 2.543000848423e-01 2.112060301508e-05 1.471158774543e-01 2.112060301508e-05 2.520983225549e-01 2.112060301508e-05 3.464951842235e-01
2.346733668342e-05 2.543001007630e-01 2.346733668342e-05 1.471175443528e-01 2.346733668342e-05 2.520980909873e-01 2.346733668342e-05 3.464945769591e-01
2.581407035176e-05 2.543001196714e-01 2.581407035176e-05 1.471193861885e-01 2.581407035176e-05 2.520978274541e-01 2.581407035176e-05 3.464938931275e-01
2.816080402010e-05 2.543001421279e-01 2.816080402010e-05 1.471214213071e-01 2.816080402010e-05 2.520975275432e-01 2.816080402010e-05 3.464931230768e-01
3.050753768844e-05 2.543001687983e-01 3.050753768844e-05 1.471236699747e-01 3.050753768844e-05 2.520971862338e-01 3.050753768844e-05 3.464922559392e-01
3.285427135678e-05 2.543002004735e-01 3.285427135678e-05 1.471261545792e-01 3.285427135678e-05 2.520967978120e-01 3.285427135678e-05 3.464912794774e-01
3.520100502513e-05 2.543002380926e-01 3.520100502513e-05 1.471288998508e-01 3.520100502513e-05 2.520963557761e-01 3.520100502513e-05 3.464901799131e-01
3.754773869347e-05 2.543002827708e-01 3.754773869347e-05 1.471319331063e-01 3.754773869347e-05 2.520958527269e-01 3.754773869347e-05 3.464889417322e-01
3.989447236181e-05 2.543003358329e-01 3.989447236181e-05 1.471352845187e-01 3.989447236181e-05 2.520952802447e-01 3.989447236181e-05 3.464875474673e-01
4.224120603015e-05 2.543003988521e-01 4.224120603015e-05 1.471389874141e-01 4.224120603015e-05 2.520946287486e-01 4.224120603015e-05 3.464859774517e-01
4.458793969849e-05 2.543004736967e-01 4.458793969849e-05 1.471430785995e-01 4.458793969849e-05 2.520938873361e-01 4.458793969849e-05 3.464842095430e-01
4.693467336683e-05 2.543005625857e-01 4.693467336683e-05 1.471475987242e-01 4.693467336683e-05 2.520930436014e-01 4.693467336683e-05 3.464822188124e-01
4.928140703518e-05 2.543006681545e-01 4.928140703518e-05 1.471525926781e-01 4.928140703518e-05 2.520920834280e-01 4.928140703518e-05 3.464799771946e-01
5.162814070352e-05 2.543007935328e-01 5.162814070352e-05 1.471581100310e-01 5.162814070352e-05 2.520909907539e-01 5.162814070352e-05 3.464774530944e-01
5.397487437186e-05 2.543009424378e-01 5.397487437186e-05 1.471642055167e-01 5.397487437186e-05 2.520897473028e-01 5.397487437186e-05 3.464746109441e-01
5.632160804020e-05 2.543011192837e-01 5.632160804020e-05 1.471709395659e-01 5.632160804020e-05 2.520883322804e-01 5.632160804020e-05 3.464714107052e-01
5.866834170854e-05 2.543013293134e-01 5.866834170854e-05 1.471783788931e-01 5.866834170854e-05 2.520867220279e-01 5.866834170854e-05 3.464678073095e-01
6.101507537688e-05 2.543015787531e-01 6.101507537688e-05 1.471865971436e-01 6.101507537688e-05 2.520848896282e-01 6.101507537688e-05 3.464637500291e-01
6.336180904523e-05 2.543018749971e-01 6.336180904523e-05 1.471956756040e-01 6.336180904523e-05 2.520828044586e-01 6.336180904523e-05 3.464591817696e-01
6.570854271357e-05 2.543022268268e-01 6.570854271357e-05 1.472057039851e-01 6.570854271357e-05 2.520804316822e-01 6.570854271357e-05 3.464540382754e-01
6.805527638191e-05 2.543026446711e-01 6.805527638191e-05 1.472167812814e-01 6.805527638191e-05 2.520777316703e-01 6.805527638191e-05 3.464482472365e-01
7.040201005025e-05 2.543031409148e-01 7.040201005025e-05 1.472290167168e-01 7.040201005025e-05 2.520746593457e-01 7.040201005025e-05 3.464417272869e-01
7.274874371859e-05 2.543037302657e-01 7.274874371859e-05 1.472425307822e-01 7.274874371859e-05 2.520711634374e-01 7.274874371859e-05 3.464343868781e-01
7.509547738693e-05 2.543044301897e-01 7.509547738693e-05 1.472574563744e-01 7.509547738693e-05 2.520671856337e-01 7.509547738693e-05 3.464261230172e-01
7.744221105528e-05 2.543052614280e-01 7.744221105528e-05 1.472739400451e-01 7.744221105528e-05 2.520626596218e-01 7.744221105528e-05 3.464168198496e-01
7.978894472362e-05 2.543062486107e-01 7.978894472362e-05 1.472921433698e-01 7.978894472362e-05 2.520575099975e-01 7.978894472362e-05 3.464063470715e-01
8.213567839196e-05 2.543074209849e-01 8.213567839196e-05 1.473122444459e-01 8.213567839196e-05 2.520516510282e-01 8.213567839196e-05 3.463945581504e-01
8.448241206030e-05 2.543088132796e-01 8.448241206030e-05 1.473344395310e-01 8.448241206030e-05 2.520449852515e-01 8.448241206030e-05 3.463812883328e-01
8.682914572864e-05 2.543104667311e-01 8.682914572864e-05 1.473589448332e-01 8.682914572864e-05 2.520374018869e-01 8.682914572864e-05 3.463663524156e-01
8.917587939698e-05 2.543124303012e-01 8.917587939698e-05 1.473859984639e-01 8.917587939698e-05 2.520287750371e-01 8.917587939698e-05 3.463495422537e-01
9.152261306533e-05 2.543147621205e-01 9.152261306533e-05 1.474158625651e-01 9.152261306533e-05 2.520189616529e-01 9.152261306533e-05 3.463306239773e-01
9.386934673367e-05 2.543175312020e-01 9.386934673367e-05 1.474488256248e-01 9.386934673367e-05 2.520077992328e-01 9.386934673367e-05 3.463093348870e-01
9.621608040201e-05 2.543208194725e-01 9.621608040201e-05 1.474852049891e-01 9.621608040201e-05 2.519951032235e-01 9.621608040201e-05 3.462853799941e-01
9.856281407035e-05 2.543247241804e-01 9.856281407035e-05 1.475253495876e-01 9.856281407035e-05 2.519806640878e-01 9.856281407035e-05 3.462584281710e-01
1.009095477387e-04 2.543293607502e-01 1.009095477387e-04 1.475696428779e-01 1.009095477387e-04 2.519642439997e-01 1.009095477387e-04 3.462281078745e-01
1.032562814070e-04 2.543348661625e-01 1.032562814070e-04 1.476185060247e-01 1.032562814070e-04 2.519455731247e-01 1.032562814070e-04 3.461940024038e-01
1.056030150754e-04 2.543414029579e-01 1.056030150754e-04 1.476724013176e-01 1.056030150754e-04 2.519243454416e-01 1.056030150754e-04 3.461556446530e-01
1.079497487437e-04 2.543491639729e-01 1.079497487437e-04 1.477318358378e-01 1.079497487437e-04 2.519002140555e-01 1.079497487437e-04 3.461125113182e-01
1.102964824121e-04 2.543583779419e-01 1.102964824121e-04 1.477973653764e-01 1.102964824121e-04 2.518727859535e-01 1.102964824121e-04 3.460640165207e-01
1.126432160804e-04 2.543693161153e-01 1.126432160804e-04 1.478695986041e-01 1.126432160804e-04 2.518416161504e-01 1.126432160804e-04 3.460095048097e-01
1.149899497487e-04 2.543823000718e-01 1.149899497487e-04 1.479492014894e-01 1.149899497487e-04 2.518062011727e-01 1.149899497487e-04 3.459482435128e-01
1.173366834171e-04 2.543977109288e-01 1.173366834171e-04 1.480369019555e-01 1.173366834171e-04 2.517659718305e-01 1.173366834171e-04 3.458794144096e-01
1.196834170854e-04 2.544160001863e-01 1.196834170854e-04 1.481334947570e-01 1.196834170854e-04 2.517202852305e-01 1.196834170854e-04 3.458021047145e-01
1.220301507538e-04 2.544377024725e-01 1.220301507538e-04 1.482398465545e-01 1.220301507538e-04 2.516684159929e-01 1.220301507538e-04 3.457152973703e-01
1.243768844221e-04 2.544634504931e-01 1.243768844221e-04 1.483569011481e-01 1.243768844221e-04 2.516095466434e-01 1.243768844221e-04 3.456178606747e-01
1.267236180905e-04 2.544939925244e-01 1.267236180905e-04 1.484856848256e-01 1.267236180905e-04 2.515427571735e-01 1.267236180905e-04 3.455085372882e-01
1.290703517588e-04 2.545302128212e-01 1.290703517588e-04 1.486273117627e-01 1.290703517588e-04 2.514670137839e-01 1.290703517588e-04 3.453859327097e-01
1.314170854271e-04 2.545731553405e-01 1.314170854271e-04 1.487829894006e-01 1.314170854271e-04 2.513811568628e-01 1.314170854271e-04 3.452485033502e-01
1.337638190955e-04 2.546240512013e-01 1.337638190955e-04 1.489540237083e-01 1.337638190955e-04 2.512838882967e-01 1.337638190955e-04 3.450945443921e-01
1.361105527638e-04 2.546843502979e-01 1.361105527638e-04 1.491418242191e-01 1.361105527638e-04 2.511737582706e-01 1.361105527638e-04 3.449221776946e-01
1.384572864322e-04 2.547557574602e-01 1.384572864322e-04 1.493479087143e-01 1.384572864322e-04 2.510491517928e-01 1.384572864322e-04 3.447293400904e-01
1.408040201005e-04 2.548402734768e-01 1.408040201005e-04 1.495739074095e-01 1.408040201005e-04 2.509082752744e-01 1.408040201005e-04 3.445137725220e-01
1.431507537688e-04 2.549402411656e-01 1.431507537688e-04 1.498215664824e-01 1.431507537688e-04 2.507491436123e-01 1.431507537688e-04 3.442730105890e-01
1.454974874372e-04 2.550583964416e-01 1.454974874372e-04 1.500927507742e-01 1.454974874372e-04 2.505695683643e-01 1.454974874372e-04 3.440043772127e-01
1.478442211055e-04 2.551979239791e-01 1.478442211055e-04 1.503894454928e-01 1.478442211055e-04 2.503671477677e-01 1.478442211055e-04 3.437049782826e-01
1.501909547739e-04 2.553625165336e-01 1.501909547739e-04 1.507137567538e-01 1.501909547739e-04 2.501392595356e-01 1.501909547739e-04 3.433717023104e-01
1.525376884422e-04 2.555564362335e-01 1.525376884422e-04 1.510679108245e-01 1.525376884422e-04 2.498830575624e-01 1.525376884422e-04 3.430012252895e-01
1.548844221106e-04 2.557845751076e-01 1.548844221106e-04 1.514542519803e-01 1.548844221106e-04 2.495954738647e-01 1.548844221106e-04 3.425900221162e-01
1.572311557789e-04 2.560525107239e-01 1.572311557789e-04 1.518752389662e-01 1.572311557789e-04 2.492732272631e-01 1.572311557789e-04 3.421343860590e-01
1.595778894472e-04 2.563665510223e-01 1.595778894472e-04 1.523334401679e-01 1.595778894472e-04 2.489128404393e-01 1.595778894472e-04 3.416304578451e-01
1.619246231156e-04 2.567337602127e-01 1.619246231156e-04 1.528315277653e-01 1.619246231156e-04 2.485106670385e-01 1.619246231156e-04 3.410742659153e-01
1.642713567839e-04 2.571619550210e-01 1.642713567839e-04 1.533722713598e-01 1.642713567839e-04 2.480629303813e-01 1.642713567839e-04 3.404617792575e-01
1.666180904523e-04 2.576596577546e-01 1.666180904523e-04 1.539585318555e-01 1.666180904523e-04 2.475657750197e-01 1.666180904523e-04 3.397889738858e-01
1.689648241206e-04 2.582359899504e-01 1.689648241206e-04 1.545932567315e-01 1.689648241206e-04 2.470153317478e-01 1.689648241206e-04 3.390519134354e-01
1.713115577889e-04 2.589004883320e-01 1.713115577889e-04 1.552794782730e-01 1.713115577889e-04 2.464077956649e-01 1.713115577889e-04 3.382468434075e-01
1.736582914573e-04 2.596628243087e-01 1.736582914573e-04 1.560203168293e-01 1.736582914573e-04 2.457395154036e-01 1.736582914573e-04 3.373702972425e-01
1.760050251256e-04 2.605324104939e-01 1.760050251256e-04 1.568189917080e-01 1.760050251256e-04 2.450070896161e-01 1.760050251256e-04 3.364192105382e-01
1.783517587940e-04 2.615178841312e-01 1.783517587940e-04 1.576788428697e-01 1.783517587940e-04 2.442074642417e-01 1.783517587940e-04 3.353910372763e-01
1.806984924623e-04 2.626264693283e-01 1.806984924623e-04 1.586033670823e-01 1.806984924623e-04 2.433380210156e-01 1.806984924623e-04 3.342838587957e-01
1.830452261307e-04 2.638632385642e-01 1.830452261307e-04 1.595962725293e-01 1.830452261307e-04 2.423966442878e-01 1.830452261307e-04 3.330964723822e-01
1.853919597990e-04 2.652303188491e-01 1.853919597990e-04 1.606615558898e-01 1.853919597990e-04 2.413817498057e-01 1.853919597990e-04 3.318284416381e-01
1.877386934673e-04 2.667261170443e-01 1.877386934673e-04 1.618036053928e-01 1.877386934673e-04 2.402922561492e-01 1.877386934673e-04 3.304800851595e-01
1.900854271357e-04 2.683446676245e-01 1.900854271357e-04 1.630273320021e-01 1.900854271357e-04 2.391274776313e-01 1.900854271357e-04 3.290523733122e-01
1.924321608040e-04 2.700752278347e-01 1.924321608040e-04 1.643383283105e-01 1.924321608040e-04 2.378869175383e-01 1.924321608040e-04 3.275466948352e-01
1.947788944724e-04 2.719022524480e-01 1.947788944724e-04 1.657430504075e-01 1.947788944724e-04 2.365699436155e-01 1.947788944724e-04 3.259644453206e-01
1.971256281407e-04 2.738058684118e-01 1.971256281407e-04 1.672490113778e-01 1.971256281407e-04 2.351753350008e-01 1.971256281407e-04 3.243063780988e-01
1.994723618090e-04 2.757629405563e-01 1.994723618090e-04 1.688649655984e-01 1.994723618090e-04 2.337007029893e-01 1.994723618090e-04 3.225716449744e-01
2.018190954774e-04 2.777487857355e-01 2.018190954774e-04 1.706010502366e-01 2.018190954774e-04 2.321418091657e-01 2.018190954774e-04 3.207564413641e-01
2.041658291457e-04 2.797395789453e-01 2.041658291457e-04 1.724688343989e-01 2.041658291457e-04 2.304918361537e-01 2.041658291457e-04 3.188521630623e-01
2.065125628141e-04 2.817155358176e-01 2.065125628141e-04 1.744812083813e-01 2.065125628141e-04 2.287407112862e-01 2.065125628141e-04 3.168429932449e-01
2.088592964824e-04 2.836650895224e-01 2.088592964824e-04 1.766520283838e-01 2.088592964824e-04 2.268746435543e-01 2.088592964824e-04 3.147028964522e-01
2.112060301508e-04 2.855905334738e-01 2.112060301508e-04 1.789954215875e-01 2.112060301508e-04 2.248761066352e-01 2.112060301508e-04 3.123921546522e-01
2.135527638191e-04 2.875159535974e-01 2.135527638191e-04 1.815246617667e-01 2.135527638191e-04 2.227245726424e-01 2.135527638191e-04 3.098539280757e-01
2.158994974874e-04 2.894985528268e-01 2.158994974874e-04 1.842505587923e-01 2.158994974874e-04 2.203983404910e-01 2.158994974874e-04 3.070119784367e-01
2.182462311558e-04 2.916440760361e-01 2.182462311558e-04 1.871793789178e-01 2.182462311558e-04 2.178777509015e-01 2.182462311558e-04 3.037717346077e-01
2.205929648241e-04 2.941243643616e-01 2.205929648241e-04 1.903104331195e-01 2.205929648241e-04 2.151498569193e-01 2.205929648241e-04 3.000281436507e-01
2.229396984925e-04 2.971868453560e-01 2.229396984925e-04 1.936336286203e-01 2.229396984925e-04 2.122141582191e-01 2.229396984925e-04 2.956844047922e-01
2.252864321608e-04 3.011288579798e-01 2.252864321608e-04 1.971274389312e-01 2.252864321608e-04 2.090883367151e-01 2.252864321608e-04 2.906838433671e-01
2.276331658291e-04 3.061928399752e-01 2.276331658291e-04 2.007578471517e-01 2.276331658291e-04 2.058122685096e-01 2.276331658291e-04 2.850505045471e-01
2.299798994975e-04 3.123662655784e-01 2.299798994975e-04 2.044787804759e-01 2.299798994975e-04 2.024483595183e-01 2.299798994975e-04 2.789228560319e-01
2.323266331658e-04 3.192002336334e-01 2.323266331658e-04 2.082343302942e-01 2.323266331658e-04 1.990768991272e-01 2.323266331658e-04 2.725568546789e-01
2.346733668342e-04 3.258863175226e-01 2.346733668342e-04 2.119626612357e-01 2.346733668342e-04 1.957867023441e-01 2.346733668342e-04 2.662825471087e-01
2.370201005025e-04 3.316441217887e-01 2.370201005025e-04 2.156010639881e-01 2.370201005025e-04 1.926631941407e-01 2.370201005025e-04 2.604253802481e-01
2.393668341709e-04 3.360825259593e-01 2.393668341709e-04 2.190912687243e-01 2.393668341709e-04 1.897772266994e-01 2.393668341709e-04 2.552292522385e-01
2.417135678392e-04 3.392340632921e-01 2.417135678392e-04 2.223840523109e-01 2.417135678392e-04 1.871775896425e-01 2.417135678392e-04 2.508169962636e-01
2.440603015075e-04 3.413595368126e-01 2.440603015075e-04 2.254423806870e-01 2.440603015075e-04 1.848885916497e-01 2.440603015075e-04 2.471968974502e-01
2.464070351759e-04 3.427579426927e-01 2.464070351759e-04 2.282427364418e-01 2.464070351759e-04 1.829122265410e-01 2.464070351759e-04 2.442979478788e-01
2.487537688442e-04 3.436745488444e-01 2.487537688442e-04 2.307747246335e-01 2.487537688442e-04 1.812332275960e-01 2.487537688442e-04 2.420103300460e-01
2.511005025126e-04 3.442825365354e-01 2.511005025126e-04 2.330393767714e-01 2.511005025126e-04 1.798250821930e-01 2.511005025126e-04 2.402164818951e-01
2.534472361809e-04 3.446951345182e-01 2.534472361809e-04 2.350467128387e-01 2.534472361809e-04 1.786555515702e-01 2.534472361809e-04 2.388090798951e-01
2.557939698492e-04 3.449835329004e-01 2.557939698492e-04 2.368130903323e-01 2.557939698492e-04 1.776909432943e-01 2.557939698492e-04 2.376984980786e-01
2.581407035176e-04 3.451917380810e-01 2.581407035176e-04 2.383587345684e-01 2.581407035176e-04 1.768989715217e-01 2.581407035176e-04 2.368138390369e-01
2.604874371859e-04 3.453468840586e-01 2.604874371859e-04 2.397056792887e-01 2.604874371859e-04 1.762503871103e-01 2.604874371859e-04 2.361008685714e-01
2.628341708543e-04 3.454658361455e-01 2.628341708543e-04 2.408762024293e-01 2.628341708543e-04 1.757196923806e-01 2.628341708543e-04 2.355189190004e-01
2.651809045226e-04 3.455592522888e-01 2.651809045226e-04 2.418917416389e-01 2.651809045226e-04 1.752852542490e-01 2.651809045226e-04 2.350378130477e-01
2.675276381910e-04 3.456340302564e-01 2.675276381910e-04 2.427722188666e-01 2.675276381910e-04 1.749290683320e-01 2.675276381910e-04 2.346352350943e-01
2.698743718593e-04 3.456947689397e-01 2.698743718593e-04 2.435356829950e-01 2.698743718593e-04 1.746363524705e-01 2.698743718593e-04 2.342946507514e-01
2.722211055276e-04 3.457446394797e-01 2.722211055276e-04 2.441981812813e-01 2.722211055276e-04 1.743950834860e-01 2.722211055276e-04 2.340037319688e-01
2.745678391960e-04 3.457859065941e-01 2.745678391960e-04 2.447737833992e-01 2.745678391960e-04 1.741955428369e-01 2.745678391960e-04 2.337531967810e-01
2.769145728643e-04 3.458202433527e-01 2.769145728643e-04 2.452746986445e-01 2.769145728643e-04 1.740299044720e-01 2.769145728643e-04 2.335359687485e-01
2.792613065327e-04 3.458489239186e-01 2.792613065327e-04 2.457114430792e-01 2.792613065327e-04 1.738918781348e-01 2.792613065327e-04 2.333465740722e-01
2.816080402010e-04 3.458729438843e-01 2.816080402010e-04 2.460930270649e-01 2.816080402010e-04 1.737764099354e-01 2.816080402010e-04 2.331807114487e-01
2.839547738693e-04 3.458930973081e-01 2.839547738693e-04 2.464271442229e-01 2.839547738693e-04 1.736794361171e-01 2.839547738693e-04 2.330349456878e-01
2.863015075377e-04 3.459100275474e-01 2.863015075377e-04 2.467203505480e-01 2.863015075377e-04 1.735976834111e-01 2.863015075377e-04 2.329064892083e-01
2.886482412060e-04 3.459242619645e-01 2.886482412060e-04 2.469782277138e-01 2.886482412060e-04 1.735285087302e-01 2.886482412060e-04 2.327930456058e-01
2.909949748744e-04 3.459362364876e-01 2.909949748744e-04 2.472055280859e-01 2.909949748744e-04 1.734697712896e-01 2.909949748744e-04 2.326926969509e-01
2.933417085427e-04 3.459463136127e-01 2.933417085427e-04 2.474063011224e-01 2.933417085427e-04 1.734197310271e-01 2.933417085427e-04 2.326038218874e-01
2.956884422111e-04 3.459547960242e-01 2.956884422111e-04 2.475840020936e-01 2.956884422111e-04 1.733769681109e-01 2.956884422111e-04 2.325250354557e-01
2.980351758794e-04 3.459619371854e-01 2.980351758794e-04 2.477415847009e-01 2.980351758794e-04 1.733403192263e-01 2.980351758794e-04 2.324551442933e-01
3.003819095477e-04 3.459679497550e-01 3.003819095477e-04 2.478815794397e-01 3.003819095477e-04 1.733088271446e-01 3.003819095477e-04 2.323931127768e-01
3.027286432161e-04 3.459730123897e-01 3.027286432161e-04 2.480061595832e-01 3.027286432161e-04 1.732817007702e-01 3.027286432161e-04 2.323380370058e-01
3.050753768844e-04 3.459772753118e-01 3.050753768844e-04 2.481171965664e-01 3.050753768844e-04 1.732582834361e-01 3.050753768844e-04 2.322891244598e-01
3.074221105528e-04 3.459808649075e-01 3.074221105528e-04 2.482163063825e-01 3.074221105528e-04 1.732380276922e-01 3.074221105528e-04 2.322456778066e-01
3.097688442211e-04 3.459838875486e-01 3.097688442211e-04 2.483048884172e-01 3.097688442211e-04 1.732204751994e-01 3.097688442211e-04 2.322070817906e-01
3.121155778894e-04 3.459864327831e-01 3.121155778894e-04 2.483841579489e-01 3.121155778894e-04 1.732052406458e-01 3.121155778894e-04 2.321727924409e-01
3.144623115578e-04 3.459885760077e-01 3.144623115578e-04 2.484551733665e-01 3.144623115578e-04 1.731919988349e-01 3.144623115578e-04 2.321423280586e-01
3.168090452261e-04 3.459903807088e-01 3.168090452261e-04 2.485188589887e-01 3.168090452261e-04 1.731804742800e-01 3.168090452261e-04 2.321152615917e-01
3.191557788945e-04 3.459919003474e-01 3.191557788945e-04 2.485760242282e-01 3.191557788945e-04 1.731704327841e-01 3.191557788945e-04 2.320912141130e-01
3.215025125628e-04 3.459931799427e-01 3.215025125628e-04 2.486273797177e-01 3.215025125628e-04 1.731616745966e-01 3.215025125628e-04 2.320698491921e-01
3.238492462312e-04 3.459942574055e-01 3.238492462312e-04 2.486735509130e-01 3.238492462312e-04 1.731540288277e-01 3.238492462312e-04 2.320508680004e-01
3.261959798995e-04 3.459951646609e-01 3.261959798995e-04 2.487150895962e-01 3.261959798995e-04 1.731473488676e-01 3.261959798995e-04 2.320340050315e-01
3.285427135678e-04 3.459959285926e-01 3.285427135678e-04 2.487524836321e-01 3.285427135678e-04 1.731415086133e-01 3.285427135678e-04 2.320190243411e-01
3.308894472362e-04 3.459965718392e-01 3.308894472362e-04 2.487861652664e-01 3.308894472362e-04 1.731363993459e-01 3.308894472362e-04 2.320057162314e-01
3.332361809045e-04 3.459971134644e-01 3.332361809045e-04 2.488165182068e-01 3.332361809045e-04 1.731319271352e-01 3.332361809045e-04 2.319938943210e-01
3.355829145729e-04 3.459975695208e-01 3.355829145729e-04 2.488438836838e-01 3.355829145729e-04 1.731280106718e-01 3.355829145729e-04 2.319833929498e-01
3.379296482412e-04 3.459979535258e-01 3.379296482412e-04 2.488685656553e-01 3.379296482412e-04 1.731245794502e-01 3.379296482412e-04 2.319740648759e-01
3.402763819095e-04 3.459982768619e-01 3.402763819095e-04 2.488908352905e-01 3.402763819095e-04 1.731215722391e-01 3.402763819095e-04 2.319657792329e-01
3.426231155779e-04 3.459985491135e-01 3.426231155779e-04 2.489109348444e-01 3.426231155779e-04 1.731189357872e-01 3.426231155779e-04 2.319584197125e-01
3.449698492462e-04 3.459987783512e-01 3.449698492462e-04 2.489290810173e-01 3.449698492462e-04 1.731166237270e-01 3.449698492462e-04 2.319518829509e-01
3.473165829146e-04 3.459989713704e-01 3.473165829146e-04 2.489454678763e-01 3.473165829146e-04 1.731145956406e-01 3.473165829146e-04 2.319460770928e-01
3.496633165829e-04 3.459991338934e-01 3.496633165829e-04 2.489602694032e-01 3.496633165829e-04 1.731128162619e-01 3.496633165829e-04 2.319409205144e-01
3.520100502513e-04 3.459992707382e-01 3.520100502513e-04 2.489736417227e-01 3.520100502513e-04 1.731112547940e-01 3.520100502513e-04 2.319363406881e-01
3.543567839196e-04 3.459993859619e-01 3.543567839196e-04 2.489857250574e-01 3.543567839196e-04 1.731098843220e-01 3.543567839196e-04 2.319322731720e-01
3.567035175879e-04 3.459994829803e-01 3.567035175879e-04 2.489966454463e-01 3.567035175879e-04 1.731086813082e-01 3.567035175879e-04 2.319286607113e-01
3.590502512563e-04 3.459995646700e-01 3.590502512563e-04 2.490065162600e-01 3.590502512563e-04 1.731076251564e-01 3.590502512563e-04 2.319254524394e-01
3.613969849246e-04 3.459996334526e-01 3.613969849246e-04 2.490154395389e-01 3.613969849246e-04 1.731066978345e-01 3.613969849246e-04 2.319226031671e-01
3.637437185930e-04 3.459996913676e-01 3.637437185930e-04 2.490235071784e-01 3.637437185930e-04 1.731058835485e-01 3.637437185930e-04 2.319200727504e-01
3.660904522613e-04 3.459997401320e-01 3.660904522613e-04 2.490308019808e-01 3.660904522613e-04 1.731051684593e-01 3.660904522613e-04 2.319178255287e-01
3.684371859296e-04 3.459997811916e-01 3.684371859296e-04 2.490373985886e-01 3.684371859296e-04 1.731045404358e-01 3.684371859296e-04 2.319158298254e-01
3.707839195980e-04 3.459998157638e-01 3.707839195980e-04 2.490433643178e-01 3.707839195980e-04 1.731039888417e-01 3.707839195980e-04 2.319140575033e-01
3.731306532663e-04 3.459998448734e-01 3.731306532663e-04 2.490487598987e-01 3.731306532663e-04 1.731035043482e-01 3.731306532663e-04 2.319124835701e-01
3.754773869347e-04 3.459998693837e-01 3.754773869347e-04 2.490536401389e-01 3.754773869347e-04 1.731030787716e-01 3.754773869347e-04 2.319110858274e-01
3.778241206030e-04 3.459998900214e-01 3.778241206030e-04 2.490580545158e-01 3.778241206030e-04 1.731027049310e-01 3.778241206030e-04 2.319098445590e-01
3.801708542714e-04 3.459999073982e-01 3.801708542714e-04 2.490620477065e-01 3.801708542714e-04 1.731023765249e-01 3.801708542714e-04 2.319087422533e-01
3.825175879397e-04 3.459999220295e-01 3.825175879397e-04 2.490656600635e-01 3.825175879397e-04 1.731020880218e-01 3.825175879397e-04 2.319077633576e-01
3.848643216080e-04 3.459999343490e-01 3.848643216080e-04 2.490689280408e-01 3.848643216080e-04 1.731018345660e-01 3.848643216080e-04 2.319068940586e-01
3.872110552764e-04 3.459999447220e-01 3.872110552764e-04 2.490718845770e-01 3.872110552764e-04 1.731016118944e-01 3.872110552764e-04 2.319061220889e-01
3.895577889447e-04 3.459999534561e-01 3.895577889447e-04 2.490745594393e-01 3.895577889447e-04 1.731014162638e-01 3.895577889447e-04 2.319054365532e-01
3.919045226131e-04 3.459999608101e-01 3.919045226131e-04 2.490769795328e-01 3.919045226131e-04 1.731012443871e-01 3.919045226131e-04 2.319048277756e-01
3.942512562814e-04 3.459999670022e-01 3.942512562814e-04 2.490791691793e-01 3.942512562814e-04 1.731010933774e-01 3.942512562814e-04 2.319042871630e-01
3.965979899497e-04 3.459999722160e-01 3.965979899497e-04 2.490811503673e-01 3.965979899497e-04 1.731009606995e-01 3.965979899497e-04 2.319038070841e-01
3.989447236181e-04 3.459999766059e-01 3.989447236181e-04 2.490829429790e-01 3.989447236181e-04 1.731008441265e-01 3.989447236181e-04 2.319033807615e-01
4.012914572864e-04 3.459999803022e-01 4.012914572864e-04 2.490845649927e-01 4.012914572864e-04 1.731007417024e-01 4.012914572864e-04 2.319030021766e-01
4.036381909548e-04 3.459999834145e-01 4.036381909548e-04 2.490860326672e-01 4.036381909548e-04 1.731006517090e-01 4.036381909548e-04 2.319026659845e-01
4.059849246231e-04 3.459999860351e-01 4.059849246231e-04 2.490873607073e-01 4.059849246231e-04 1.731005726370e-01 4.059849246231e-04 2.319023674386e-01
4.083316582915e-04 3.459999882416e-01 4.083316582915e-04 2.490885624129e-01 4.083316582915e-04 1.731005031605e-01 4.083316582915e-04 2.319021023236e-01
4.106783919598e-04 3.459999900994e-01 4.106783919598e-04 2.490896498141e-01 4.106783919598e-04 1.731004421147e-01 4.106783919598e-04 2.319018668963e-01
4.130251256281e-04 3.459999916637e-01 4.130251256281e-04 2.490906337932e-01 4.130251256281e-04 1.731003884763e-01 4.130251256281e-04 2.319016578324e-01
4.153718592965e-04 3.459999929809e-01 4.153718592965e-04 2.490915241946e-01 4.153718592965e-04 1.731003413461e-01 4.153718592965e-04 2.319014721798e-01
4.177185929648e-04 3.459999940899e-01 4.177185929648e-04 2.490923299239e-01 4.177185929648e-04 1.731002999344e-01 4.177185929648e-04 2.319013073171e-01
4.200653266332e-04 3.459999950237e-01 4.200653266332e-04 2.490930590380e-01 4.200653266332e-04 1.731002635472e-01 4.200653266332e-04 2.319011609163e-01
4.224120603015e-04 3.459999958100e-01 4.224120603015e-04 2.490937188262e-01 4.224120603015e-04 1.731002315746e-01 4.224120603015e-04 2.319010309100e-01
4.247587939698e-04 3.459999964720e-01 4.247587939698e-04 2.490943158834e-01 4.247587939698e-04 1.731002034812e-01 4.247587939698e-04 2.319009154623e-01
4.271055276382e-04 3.459999970295e-01 4.271055276382e-04 2.490948561767e-01 4.271055276382e-04 1.731001787961e-01 4.271055276382e-04 2.319008129430e-01
4.294522613065e-04 3.459999974988e-01 4.294522613065e-04 2.490953451047e-01 4.294522613065e-04 1.731001571058e-01 4.294522613065e-04 2.319007219043e-01
4.317989949749e-04 3.459999978940e-01 4.317989949749e-04 2.490957875525e-01 4.317989949749e-04 1.731001380469e-01 4.317989949749e-04 2.319006410606e-01
4.341457286432e-04 3.459999982268e-01 4.341457286432e-04 2.490961879401e-01 4.341457286432e-04 1.731001213002e-01 4.341457286432e-04 2.319005692702e-01
4.364924623116e-04 3.459999985069e-01 4.364924623116e-04 2.490965502670e-01 4.364924623116e-04 1.731001065851e-01 4.364924623116e-04 2.319005055193e-01
4.388391959799e-04 3.459999987428e-01 4.388391959799e-04 2.490968781520e-01 4.388391959799e-04 1.731000936552e-01 4.388391959799e-04 2.319004489077e-01
4.411859296482e-04 3.459999989415e-01 4.411859296482e-04 2.490971748698e-01 4.411859296482e-04 1.731000822939e-01 4.411859296482e-04 2.319003986358e-01
4.435326633166e-04 3.459999991087e-01 4.435326633166e-04 2.490974433836e-01 4.435326633166e-04 1.731000723108e-01 4.435326633166e-04 2.319003539936e-01
4.458793969849e-04 3.459999992495e-01 4.458793969849e-04 2.490976863748e-01 4.458793969849e-04 1.731000635388e-01 4.458793969849e-04 2.319003143508e-01
4.482261306533e-04 3.459999993681e-01 4.482261306533e-04 2.490979062696e-01 4.482261306533e-04 1.731000558310e-01 4.482261306533e-04 2.319002791475e-01
4.505728643216e-04 3.459999994680e-01 4.505728643216e-04 2.490981052637e-01 4.505728643216e-04 1.731000490582e-01 4.505728643216e-04 2.319002478864e-01
4.529195979899e-04 3.459999995520e-01 4.529195979899e-04 2.490982853439e-01 4.529195979899e-04 1.731000431070e-01 4.529195979899e-04 2.319002201262e-01
4.552663316583e-04 3.459999996228e-01 4.552663316583e-04 2.490984483081e-01 4.552663316583e-04 1.731000378777e-01 4.552663316583e-04 2.319001954748e-01
4.576130653266e-04 3.459999996824e-01 4.576130653266e-04 2.490985957832e-01 4.576130653266e-04 1.731000332829e-01 4.576130653266e-04 2.319001735841e-01
4.599597989950e-04 3.459999997326e-01 4.599597989950e-04 2.490987292416e-01 4.599597989950e-04 1.731000292454e-01 4.599597989950e-04 2.319001541448e-01
4.623065326633e-04 3.459999997748e-01 4.623065326633e-04 2.490988500156e-01 4.623065326633e-04 1.731000256977e-01 4.623065326633e-04 2.319001368825e-01
4.646532663317e-04 3.459999998104e-01 4.646532663317e-04 2.490989593108e-01 4.646532663317e-04 1.731000225803e-01 4.646532663317e-04 2.319001215533e-01
4.670000000000e-04 3.459999998404e-01 4.670000000000e-04 2.490990582183e-01 4.670000000000e-04 1.731000198412e-01 4.670000000000e-04 2.319001079408e-01
