0.000000000000e+00 3.214995456392e-01 0.000000000000e+00 3.263964259247e-01 0.000000000000e+00 1.714831744744e-01 0.000000000000e+00 1.813000000003e-01
1.954773869347e-06 3.214994857254e-01 1.954773869347e-06 3.263894095230e-01 1.954773869347e-06 1.715200593130e-01 1.954773869347e-06 1.813000000005e-01
3.909547738693e-06 3.214994179101e-01 3.909547738693e-06 3.263819179193e-01 3.909547738693e-06 1.715586610740e-01 3.909547738693e-06 1.813000000006e-01
5.864321608040e-06 3.214993411509e-01 5.864321608040e-06 3.263739189348e-01 5.864321608040e-06 1.715990578526e-01 5.864321608040e-06 1.813000000008e-01
7.819095477387e-06 3.214992542681e-01 7.819095477387e-06 3.263653782111e-01 7.819095477387e-06 1.716413311381e-01 7.819095477387e-06 1.813000000010e-01
9.773869346734e-06 3.214991559261e-01 9.773869346734e-06 3.263562590620e-01 9.773869346734e-06 1.716855659489e-01 9.773869346734e-06 1.813000000014e-01
1.172864321608e-05 3.214990446129e-01 1.172864321608e-05 3.263465223152e-01 1.172864321608e-05 1.717318509719e-01 1.172864321608e-05 1.813000000018e-01
1.368341708543e-05 3.214989186174e-01 1.368341708543e-05 3.263361261437e-01 1.368341708543e-05 1.717802787061e-01 1.368341708543e-05 1.813000000024e-01
1.563819095477e-05 3.214987760021e-01 1.563819095477e-05 3.263250258849e-01 1.563819095477e-05 1.718309456118e-01 1.563819095477e-05 1.813000000032e-01
1.759296482412e-05 3.214986145740e-01 1.759296482412e-05 3.263131738477e-01 1.759296482412e-05 1.718839522637e-01 1.759296482412e-05 1.813000000042e-01
1.954773869347e-05 3.214984318505e-01 1.954773869347e-05 3.263005191058e-01 1.954773869347e-05 1.719394035096e-01 1.954773869347e-05 1.813000000055e-01
2.150251256281e-05 3.214982250212e-01 2.150251256281e-05 3.262870072778e-01 2.150251256281e-05 1.719974086347e-01 2.150251256281e-05 1.813000000073e-01
2.345728643216e-05 3.214979909045e-01 2.345728643216e-05 3.262725802904e-01 2.345728643216e-05 1.720580815301e-01 2.345728643216e-05 1.813000000097e-01
2.541206030151e-05 3.214977258985e-01 2.541206030151e-05 3.262571761265e-01 2.541206030151e-05 1.721215408686e-01 2.541206030151e-05 1.813000000128e-01
2.736683417085e-05 3.214974259256e-01 2.736683417085e-05 3.262407285551e-01 2.736683417085e-05 1.721879102851e-01 2.736683417085e-05 1.813000000169e-01
2.932160804020e-05 3.214970863695e-01 2.932160804020e-05 3.262231668422e-01 2.932160804020e-05 1.722573185636e-01 2.932160804020e-05 1.813000000224e-01
3.127638190955e-05 3.214967020037e-01 3.127638190955e-05 3.262044154415e-01 3.127638190955e-05 1.723298998316e-01 3.127638190955e-05 1.813000000297e-01
3.323115577889e-05 3.214962669111e-01 3.323115577889e-05 3.261843936635e-01 3.323115577889e-05 1.724057937603e-01 3.323115577889e-05 1.813000000393e-01
3.518592964824e-05 3.214957743923e-01 3.518592964824e-05 3.261630153204e-01 3.518592964824e-05 1.724851457733e-01 3.518592964824e-05 1.813000000521e-01
3.714070351759e-05 3.214952168622e-01 3.714070351759e-05 3.261401883461e-01 3.714070351759e-05 1.725681072633e-01 3.714070351759e-05 1.813000000690e-01
3.909547738693e-05 3.214945857326e-01 3.909547738693e-05 3.261158143887e-01 3.909547738693e-05 1.726548358171e-01 3.909547738693e-05 1.813000000915e-01
4.105025125628e-05 3.214938712792e-01 4.105025125628e-05 3.260897883738e-01 4.105025125628e-05 1.727454954512e-01 4.105025125628e-05 1.813000001213e-01
4.300502512563e-05 3.214930624912e-01 4.300502512563e-05 3.260619980353e-01 4.300502512563e-05 1.728402568574e-01 4.300502512563e-05 1.813000001608e-01
4.495979899497e-05 3.214921469004e-01 4.495979899497e-05 3.260323234120e-01 4.495979899497e-05 1.729392976610e-01 4.495979899497e-05 1.813000002132e-01
4.691457286432e-05 3.214911103884e-01 4.691457286432e-05 3.260006363076e-01 4.691457286432e-05 1.730428026915e-01 4.691457286432e-05 1.813000002827e-01
4.886934673367e-05 3.214899369670e-01 4.886934673367e-05 3.259667997087e-01 4.886934673367e-05 1.731509642692e-01 4.886934673367e-05 1.813000003751e-01
5.082412060302e-05 3.214886085303e-01 5.082412060302e-05 3.259306671605e-01 5.082412060302e-05 1.732639825078e-01 5.082412060302e-05 1.813000004976e-01
5.277889447236e-05 3.214871045731e-01 5.277889447236e-05 3.258920820936e-01 5.277889447236e-05 1.733820656368e-01 5.277889447236e-05 1.813000006604e-01
5.473366834171e-05 3.214854018727e-01 5.473366834171e-05 3.258508770994e-01 5.473366834171e-05 1.735054303458e-01 5.473366834171e-05 1.813000008765e-01
5.668844221106e-05 3.214834741266e-01 5.668844221106e-05 3.258068731485e-01 5.668844221106e-05 1.736343021536e-01 5.668844221106e-05 1.813000011635e-01
5.864321608040e-05 3.214812915435e-01 5.864321608040e-05 3.257598787470e-01 5.864321608040e-05 1.737689158061e-01 5.864321608040e-05 1.813000015448e-01
6.059798994975e-05 3.214788203785e-01 6.059798994975e-05 3.257096890256e-01 6.059798994975e-05 1.739095157078e-01 6.059798994975e-05 1.813000020514e-01
6.255276381910e-05 3.214760224067e-01 6.255276381910e-05 3.256560847540e-01 6.255276381910e-05 1.740563563905e-01 6.255276381910e-05 1.813000027246e-01
6.450753768844e-05 3.214728543261e-01 6.450753768844e-05 3.255988312727e-01 6.450753768844e-05 1.742097030270e-01 6.450753768844e-05 1.813000036193e-01
6.646231155779e-05 3.214692670801e-01 6.646231155779e-05 3.255376773368e-01 6.646231155779e-05 1.743698319950e-01 6.646231155779e-05 1.813000048086e-01
6.841708542714e-05 3.214652050901e-01 6.841708542714e-05 3.254723538585e-01 6.841708542714e-05 1.745370315003e-01 6.841708542714e-05 1.813000063895e-01
7.037185929648e-05 3.214606053844e-01 7.037185929648e-05 3.254025725416e-01 7.037185929648e-05 1.747116022674e-01 7.037185929648e-05 1.813000084916e-01
7.232663316583e-05 3.214553966099e-01 7.232663316583e-05 3.253280243932e-01 7.232663316583e-05 1.748938583089e-01 7.232663316583e-05 1.813000112869e-01
7.428140703518e-05 3.214494979119e-01 7.428140703518e-05 3.252483781015e-01 7.428140703518e-05 1.750841277854e-01 7.428140703518e-05 1.813000150045e-01
7.623618090452e-05 3.214428176622e-01 7.623618090452e-05 3.251632782628e-01 7.623618090452e-05 1.752827539706e-01 7.623618090452e-05 1.813000199495e-01
7.819095477387e-05 3.214352520165e-01 7.819095477387e-05 3.250723434423e-01 7.819095477387e-05 1.754900963362e-01 7.819095477387e-05 1.813000265278e-01
8.014572864322e-05 3.214266832778e-01 8.014572864322e-05 3.249751640467e-01 8.014572864322e-05 1.757065317765e-01 8.014572864322e-05 1.813000352802e-01
8.210050251256e-05 3.214169780387e-01 8.210050251256e-05 3.248712999894e-01 8.210050251256e-05 1.759324559931e-01 8.210050251256e-05 1.813000469265e-01
8.405527638191e-05 3.214059850735e-01 8.405527638191e-05 3.247602781201e-01 8.405527638191e-05 1.761682850623e-01 8.405527638191e-05 1.813000624255e-01
8.601005025126e-05 3.213935329468e-01 8.601005025126e-05 3.246415893921e-01 8.601005025126e-05 1.764144572140e-01 8.601005025126e-05 1.813000830542e-01
8.796482412060e-05 3.213794272980e-01 8.796482412060e-05 3.245146857338e-01 8.796482412060e-05 1.766714348517e-01 8.796482412060e-05 1.813001105135e-01
8.991959798995e-05 3.213634477616e-01 8.991959798995e-05 3.243789765863e-01 8.991959798995e-05 1.769397068464e-01 8.991959798995e-05 1.813001470694e-01
9.187437185930e-05 3.213453444714e-01 9.187437185930e-05 3.242338250666e-01 9.187437185930e-05 1.772197911454e-01 9.187437185930e-05 1.813001957407e-01
9.382914572864e-05 3.213248340935e-01 9.382914572864e-05 3.240785437057e-01 9.382914572864e-05 1.775122377360e-01 9.382914572864e-05 1.813002605496e-01
9.578391959799e-05 3.213015953264e-01 9.578391959799e-05 3.239123897099e-01 9.578391959799e-05 1.778176320128e-01 9.578391959799e-05 1.813003468560e-01
9.773869346734e-05 3.212752637957e-01 9.773869346734e-05 3.237345596802e-01 9.773869346734e-05 1.781365986006e-01 9.773869346734e-05 1.813004618025e-01
9.969346733668e-05 3.212454262637e-01 9.969346733668e-05 3.235441837230e-01 9.969346733668e-05 1.784698056877e-01 9.969346733668e-05 1.813006149084e-01
1.016482412060e-04 3.212116140646e-01 1.016482412060e-04 3.233403188723e-01 1.016482412060e-04 1.788179699346e-01 1.016482412060e-04 1.813008188615e-01
1.036030150754e-04 3.211732956624e-01 1.036030150754e-04 3.231219417361e-01 1.036030150754e-04 1.791818620200e-01 1.036030150754e-04 1.813010905742e-01
1.055577889447e-04 3.211298682196e-01 1.055577889447e-04 3.228879402704e-01 1.055577889447e-04 1.795623128958e-01 1.055577889447e-04 1.813014525914e-01
1.075125628141e-04 3.210806480483e-01 1.075125628141e-04 3.226371045732e-01 1.075125628141e-04 1.799602208222e-01 1.075125628141e-04 1.813019349689e-01
1.094673366834e-04 3.210248598028e-01 1.094673366834e-04 3.223681165830e-01 1.094673366834e-04 1.803765592563e-01 1.094673366834e-04 1.813025777779e-01
1.114221105528e-04 3.209616242568e-01 1.114221105528e-04 3.220795385557e-01 1.114221105528e-04 1.808123856636e-01 1.114221105528e-04 1.813034344457e-01
1.133768844221e-04 3.208899444897e-01 1.133768844221e-04 3.217698001883e-01 1.133768844221e-04 1.812688513218e-01 1.133768844221e-04 1.813045762109e-01
1.153316582915e-04 3.208086902917e-01 1.153316582915e-04 3.214371842544e-01 1.153316582915e-04 1.817472121711e-01 1.153316582915e-04 1.813060980655e-01
1.172864321608e-04 3.207165805760e-01 1.172864321608e-04 3.210798106141e-01 1.172864321608e-04 1.822488407553e-01 1.172864321608e-04 1.813081266790e-01
1.192412060302e-04 3.206121635696e-01 1.192412060302e-04 3.206956184744e-01 1.192412060302e-04 1.827752392709e-01 1.192412060302e-04 1.813108309645e-01
1.211959798995e-04 3.204937945347e-01 1.211959798995e-04 3.202823467885e-01 1.211959798995e-04 1.833280537109e-01 1.211959798995e-04 1.813144361672e-01
1.231507537688e-04 3.203596107539e-01 1.231507537688e-04 3.198375127195e-01 1.231507537688e-04 1.839090890436e-01 1.231507537688e-04 1.813192426425e-01
1.251055276382e-04 3.202075034972e-01 1.251055276382e-04 3.193583881437e-01 1.251055276382e-04 1.845203253043e-01 1.251055276382e-04 1.813256508804e-01
1.270603015075e-04 3.200350866718e-01 1.270603015075e-04 3.188419742473e-01 1.270603015075e-04 1.851639343975e-01 1.270603015075e-04 1.813341948356e-01
1.290150753769e-04 3.198396618487e-01 1.290150753769e-04 3.182849743840e-01 1.290150753769e-04 1.858422973043e-01 1.290150753769e-04 1.813455862961e-01
1.309698492462e-04 3.196181793493e-01 1.309698492462e-04 3.176837655164e-01 1.309698492462e-04 1.865580212536e-01 1.309698492462e-04 1.813607738954e-01
1.329246231156e-04 3.193671950830e-01 1.329246231156e-04 3.170343687792e-01 1.329246231156e-04 1.873139562568e-01 1.329246231156e-04 1.813810215129e-01
1.348793969849e-04 3.190828228311e-01 1.348793969849e-04 3.163324199832e-01 1.348793969849e-04 1.881132102028e-01 1.348793969849e-04 1.814080122704e-01
1.368341708543e-04 3.187606817033e-01 1.368341708543e-04 3.155731412460e-01 1.368341708543e-04 1.889591614716e-01 1.368341708543e-04 1.814439861951e-01
1.387889447236e-04 3.183958385314e-01 1.387889447236e-04 3.147513153993e-01 1.387889447236e-04 1.898554677504e-01 1.387889447236e-04 1.814919219269e-01
1.407437185930e-04 3.179827450368e-01 1.407437185930e-04 3.138612653952e-01 1.407437185930e-04 1.908060694203e-01 1.407437185930e-04 1.815557756400e-01
1.426984924623e-04 3.175151697124e-01 1.426984924623e-04 3.128968416200e-01 1.426984924623e-04 1.918151855398e-01 1.426984924623e-04 1.816407935383e-01
1.446532663317e-04 3.169861245235e-01 1.446532663317e-04 3.118514208269e-01 1.446532663317e-04 1.928873000982e-01 1.446532663317e-04 1.817539176427e-01
1.466080402010e-04 3.163877867787e-01 1.466080402010e-04 3.107179212792e-01 1.466080402010e-04 1.940271358657e-01 1.466080402010e-04 1.819043074906e-01
1.485628140704e-04 3.157114169008e-01 1.485628140704e-04 3.094888396302e-01 1.485628140704e-04 1.952396128777e-01 1.485628140704e-04 1.821040015840e-01
1.505175879397e-04 3.149472734068e-01 1.505175879397e-04 3.081563159449e-01 1.505175879397e-04 1.965297883932e-01 1.505175879397e-04 1.823687396025e-01
1.524723618090e-04 3.140845273009e-01 1.524723618090e-04 3.067122339808e-01 1.524723618090e-04 1.979027751528e-01 1.524723618090e-04 1.827189554406e-01
1.544271356784e-04 3.131111794516e-01 1.544271356784e-04 3.051483641876e-01 1.544271356784e-04 1.993636349891e-01 1.544271356784e-04 1.831809253013e-01
1.563819095477e-04 3.120139865924e-01 1.563819095477e-04 3.034565566146e-01 1.563819095477e-04 2.009172454328e-01 1.563819095477e-04 1.837880042151e-01
1.583366834171e-04 3.107784046631e-01 1.583366834171e-04 3.016289897210e-01 1.583366834171e-04 2.025681379928e-01 1.583366834171e-04 1.845817948464e-01
1.602914572864e-04 3.093885626747e-01 1.602914572864e-04 2.996584786397e-01 1.602914572864e-04 2.043203083648e-01 1.602914572864e-04 1.856129499312e-01
1.622462311558e-04 3.078272865256e-01 1.622462311558e-04 2.975388424308e-01 1.622462311558e-04 2.061770009966e-01 1.622462311558e-04 1.869411077822e-01
1.642010050251e-04 3.060762005571e-01 1.642010050251e-04 2.952653240865e-01 1.642010050251e-04 2.081404731980e-01 1.642010050251e-04 1.886332206212e-01
1.661557788945e-04 3.041159450900e-01 1.661557788945e-04 2.928350495333e-01 1.661557788945e-04 2.102117472314e-01 1.661557788945e-04 1.907593419978e-01
1.681105527638e-04 3.019265600533e-01 1.681105527638e-04 2.902475030090e-01 1.681105527638e-04 2.123903623355e-01 1.681105527638e-04 1.933849783818e-01
1.700653266332e-04 2.994880961103e-01 1.700653266332e-04 2.875049868300e-01 1.700653266332e-04 2.146741420446e-01 1.700653266332e-04 1.965596739240e-01
1.720201005025e-04 2.967815214773e-01 1.720201005025e-04 2.846130251101e-01 1.720201005025e-04 2.170589949905e-01 1.720201005025e-04 2.003028686628e-01
1.739748743719e-04 2.937899884367e-01 1.739748743719e-04 2.815806652814e-01 1.739748743719e-04 2.195387689921e-01 1.739748743719e-04 2.045901987958e-01
1.759296482412e-04 2.905004994245e-01 1.759296482412e-04 2.784206303406e-01 1.759296482412e-04 2.221051780813e-01 1.759296482412e-04 2.093454761311e-01
1.778844221106e-04 2.869059586922e-01 1.778844221106e-04 2.751492803639e-01 1.778844221106e-04 2.247478196610e-01 1.778844221106e-04 2.144439427768e-01
1.798391959799e-04 2.830075051261e-01 1.798391959799e-04 2.717863549183e-01 1.798391959799e-04 2.274542940302e-01 1.798391959799e-04 2.197295160904e-01
1.817939698492e-04 2.788168978981e-01 1.817939698492e-04 2.683544880590e-01 1.817939698492e-04 2.302104311793e-01 1.817939698492e-04 2.250429862849e-01
1.837487437186e-04 2.743585898406e-01 1.837487437186e-04 2.648785124495e-01 1.837487437186e-04 2.330006206656e-01 1.837487437186e-04 2.302525755329e-01
1.857035175879e-04 2.696710164737e-01 1.857035175879e-04 2.613845950189e-01 1.857035175879e-04 2.358082305692e-01 1.857035175879e-04 2.352767190645e-01
1.876582914573e-04 2.648066101341e-01 1.876582914573e-04 2.578992688626e-01 1.876582914573e-04 2.386160923363e-01 1.876582914573e-04 2.400924990733e-01
1.896130653266e-04 2.598301718334e-01 1.896130653266e-04 2.544484404039e-01 1.896130653266e-04 2.414070211453e-01 1.896130653266e-04 2.447292038780e-01
1.915678391960e-04 2.548155126131e-01 1.915678391960e-04 2.510564541818e-01 1.915678391960e-04 2.441643374368e-01 1.915678391960e-04 2.492511943619e-01
1.935226130653e-04 2.498406590605e-01 1.935226130653e-04 2.477452893079e-01 1.935226130653e-04 2.468723551195e-01 1.935226130653e-04 2.537358447147e-01
1.954773869347e-04 2.449822876338e-01 1.954773869347e-04 2.445339434190e-01 1.954773869347e-04 2.495168057063e-01 1.954773869347e-04 2.582515738896e-01
1.974321608040e-04 2.403102723253e-01 1.974321608040e-04 2.414380355720e-01 1.974321608040e-04 2.520851746314e-01 1.974321608040e-04 2.628396188181e-01
1.993869346734e-04 2.358832098960e-01 1.993869346734e-04 2.384696336286e-01 1.993869346734e-04 2.545669350955e-01 1.993869346734e-04 2.675022282630e-01
2.013417085427e-04 2.317455331425e-01 2.013417085427e-04 2.356372886045e-01 2.013417085427e-04 2.569536746019e-01 2.013417085427e-04 2.721992386853e-01
2.032964824121e-04 2.279264353878e-01 2.032964824121e-04 2.329462413401e-01 2.032964824121e-04 2.592391185234e-01 2.032964824121e-04 2.768538204212e-01
2.052512562814e-04 2.244404479421e-01 2.052512562814e-04 2.303987570997e-01 2.052512562814e-04 2.614190625150e-01 2.052512562814e-04 2.813661802985e-01
2.072060301508e-04 2.212892481286e-01 2.072060301508e-04 2.279945411498e-01 2.072060301508e-04 2.634912307176e-01 2.072060301508e-04 2.856317142261e-01
2.091608040201e-04 2.184641726415e-01 2.091608040201e-04 2.257311916358e-01 2.091608040201e-04 2.654550793126e-01 2.091608040201e-04 2.895587279916e-01
2.111155778894e-04 2.159489483385e-01 2.111155778894e-04 2.236046532122e-01 2.111155778894e-04 2.673115652914e-01 2.111155778894e-04 2.930813085445e-01
2.130703517588e-04 2.137222734952e-01 2.130703517588e-04 2.216096439073e-01 2.130703517588e-04 2.690628987778e-01 2.130703517588e-04 2.961650462722e-01
2.150251256281e-04 2.117600279969e-01 2.150251256281e-04 2.197400369372e-01 2.150251256281e-04 2.707122944861e-01 2.150251256281e-04 2.988059101420e-01
2.169798994975e-04 2.100370194538e-01 2.169798994975e-04 2.179891874809e-01 2.169798994975e-04 2.722637345057e-01 2.169798994975e-04 3.010244155620e-01
2.189346733668e-04 2.085282646192e-01 2.189346733668e-04 2.163502011461e-01 2.189346733668e-04 2.737217510827e-01 2.189346733668e-04 3.028577692358e-01
2.208894472362e-04 2.072098598248e-01 2.208894472362e-04 2.148161457829e-01 2.208894472362e-04 2.750912347919e-01 2.208894472362e-04 3.043521863688e-01
2.228442211055e-04 2.060595178024e-01 2.228442211055e-04 2.133802115338e-01 2.228442211055e-04 2.763772706990e-01 2.228442211055e-04 3.055566566603e-01
2.247989949749e-04 2.050568513789e-01 2.247989949749e-04 2.120358258133e-01 2.247989949749e-04 2.775850028946e-01 2.247989949749e-04 3.065185861771e-01
2.267537688442e-04 2.041834762359e-01 2.267537688442e-04 2.107767306061e-01 2.267537688442e-04 2.787195261694e-01 2.267537688442e-04 3.072811877254e-01
2.287085427136e-04 2.034229918387e-01 2.287085427136e-04 2.095970293988e-01 2.287085427136e-04 2.797858025293e-01 2.287085427136e-04 3.078822381699e-01
2.306633165829e-04 2.027608858675e-01 2.306633165829e-04 2.084912104924e-01 2.306633165829e-04 2.807885996316e-01 2.306633165829e-04 3.083537746673e-01
2.326180904523e-04 2.021843951469e-01 2.326180904523e-04 2.074541526107e-01 2.326180904523e-04 2.817324479757e-01 2.326180904523e-04 3.087223619118e-01
2.345728643216e-04 2.016823459974e-01 2.345728643216e-04 2.064811177813e-01 2.345728643216e-04 2.826216136809e-01 2.345728643216e-04 3.090096574841e-01
2.365276381910e-04 2.012449892088e-01 2.365276381910e-04 2.055677355354e-01 2.365276381910e-04 2.834600838732e-01 2.365276381910e-04 3.092330934837e-01
2.384824120603e-04 2.008638391888e-01 2.384824120603e-04 2.047099816119e-01 2.384824120603e-04 2.842515619860e-01 2.384824120603e-04 3.094065646295e-01
2.404371859296e-04 2.005315228631e-01 2.404371859296e-04 2.039041536005e-01 2.404371859296e-04 2.849994706236e-01 2.404371859296e-04 3.095410637171e-01
2.423919597990e-04 2.002416412126e-01 2.423919597990e-04 2.031468453210e-01 2.423919597990e-04 2.857069599903e-01 2.423919597990e-04 3.096452380711e-01
2.443467336683e-04 1.999886445673e-01 2.443467336683e-04 2.024349212220e-01 2.443467336683e-04 2.863769202322e-01 2.443467336683e-04 3.097258601690e-01
2.463015075377e-04 1.997677216742e-01 2.463015075377e-04 2.017654916704e-01 2.463015075377e-04 2.870119963514e-01 2.463015075377e-04 3.097882162517e-01
2.482562814070e-04 1.995747019023e-01 2.482562814070e-04 2.011358896888e-01 2.482562814070e-04 2.876146046362e-01 2.482562814070e-04 3.098364217793e-01
2.502110552764e-04 1.994059695948e-01 2.502110552764e-04 2.005436494596e-01 2.502110552764e-04 2.881869497880e-01 2.502110552764e-04 3.098736743357e-01
2.521658291457e-04 1.992583894206e-01 2.521658291457e-04 1.999864867404e-01 2.521658291457e-04 2.887310421301e-01 2.521658291457e-04 3.099024545265e-01
2.541206030151e-04 1.991292415414e-01 2.541206030151e-04 1.994622812178e-01 2.541206030151e-04 2.892487144468e-01 2.541206030151e-04 3.099246844677e-01
2.560753768844e-04 1.990161654444e-01 2.560753768844e-04 1.989690607371e-01 2.560753768844e-04 2.897416381405e-01 2.560753768844e-04 3.099418521715e-01
2.580301507538e-04 1.989171113704e-01 2.580301507538e-04 1.985049872990e-01 2.580301507538e-04 2.902113384931e-01 2.580301507538e-04 3.099551087820e-01
2.599849246231e-04 1.988302983577e-01 2.599849246231e-04 1.980683446815e-01 2.599849246231e-04 2.906592089084e-01 2.599849246231e-04 3.099653443605e-01
2.619396984925e-04 1.987541780300e-01 2.619396984925e-04 1.976575275293e-01 2.619396984925e-04 2.910865240679e-01 2.619396984925e-04 3.099732468165e-01
2.638944723618e-04 1.986874033524e-01 2.638944723618e-04 1.972710317542e-01 2.638944723618e-04 2.914944519849e-01 2.638944723618e-04 3.099793476535e-01
2.658492462312e-04 1.986288016772e-01 2.658492462312e-04 1.969074460893e-01 2.658492462312e-04 2.918840649704e-01 2.658492462312e-04 3.099840574316e-01
2.678040201005e-04 1.985773514901e-01 2.678040201005e-04 1.965654446534e-01 2.678040201005e-04 2.922563495532e-01 2.678040201005e-04 3.099876932300e-01
2.697587939698e-04 1.985321623402e-01 2.697587939698e-04 1.962437803910e-01 2.697587939698e-04 2.926122154076e-01 2.697587939698e-04 3.099904998977e-01
2.717135678392e-04 1.984924575138e-01 2.717135678392e-04 1.959412792688e-01 2.717135678392e-04 2.929525033549e-01 2.717135678392e-04 3.099926664879e-01
2.736683417085e-04 1.984575590681e-01 2.736683417085e-04 1.956568351211e-01 2.736683417085e-04 2.932779925094e-01 2.736683417085e-04 3.099943389614e-01
2.756231155779e-04 1.984268748952e-01 2.756231155779e-04 1.953894050518e-01 2.756231155779e-04 2.935894066401e-01 2.756231155779e-04 3.099956300021e-01
2.775778894472e-04 1.983998875350e-01 2.775778894472e-04 1.951380053109e-01 2.775778894472e-04 2.938874198199e-01 2.775778894472e-04 3.099966266003e-01
2.795326633166e-04 1.983761444928e-01 2.795326633166e-04 1.949017075782e-01 2.795326633166e-04 2.941726614313e-01 2.795326633166e-04 3.099973959087e-01
2.814874371859e-04 1.983552498538e-01 2.814874371859e-04 1.946796355925e-01 2.814874371859e-04 2.944457205945e-01 2.814874371859e-04 3.099979897658e-01
2.834422110553e-04 1.983368570141e-01 2.834422110553e-04 1.944709620788e-01 2.834422110553e-04 2.947071500787e-01 2.834422110553e-04 3.099984481873e-01
2.853969849246e-04 1.983206623764e-01 2.853969849246e-04 1.942749059293e-01 2.853969849246e-04 2.949574697529e-01 2.853969849246e-04 3.099988020621e-01
2.873517587940e-04 1.983063998767e-01 2.873517587940e-04 1.940907296043e-01 2.873517587940e-04 2.951971696294e-01 2.873517587940e-04 3.099990752343e-01
2.893065326633e-04 1.982938362289e-01 2.893065326633e-04 1.939177367238e-01 2.893065326633e-04 2.954267125463e-01 2.893065326633e-04 3.099992861097e-01
2.912613065327e-04 1.982827667912e-01 2.912613065327e-04 1.937552698243e-01 2.912613065327e-04 2.956465365321e-01 2.912613065327e-04 3.099994488958e-01
2.932160804020e-04 1.982730119682e-01 2.932160804020e-04 1.936027082613e-01 2.932160804020e-04 2.958570568903e-01 2.932160804020e-04 3.099995745599e-01
2.951708542714e-04 1.982644140789e-01 2.951708542714e-04 1.934594662418e-01 2.951708542714e-04 2.960586680393e-01 2.951708542714e-04 3.099996715680e-01
2.971256281407e-04 1.982568346264e-01 2.971256281407e-04 1.933249909706e-01 2.971256281407e-04 2.962517451370e-01 2.971256281407e-04 3.099997464551e-01
2.990804020101e-04 1.982501519179e-01 2.990804020101e-04 1.931987609018e-01 2.990804020101e-04 2.964366455179e-01 2.990804020101e-04 3.099998042659e-01
3.010351758794e-04 1.982442589872e-01 3.010351758794e-04 1.930802840838e-01 3.010351758794e-04 2.966137099661e-01 3.010351758794e-04 3.099998488944e-01
3.029899497487e-04 1.982390617804e-01 3.029899497487e-04 1.929690965919e-01 3.029899497487e-04 2.967832638461e-01 3.029899497487e-04 3.099998833468e-01
3.049447236181e-04 1.982344775708e-01 3.049447236181e-04 1.928647610396e-01 3.049447236181e-04 2.969456181090e-01 3.049447236181e-04 3.099999099435e-01
3.068994974874e-04 1.982304335728e-01 3.068994974874e-04 1.927668651657e-01 3.068994974874e-04 2.971010701909e-01 3.068994974874e-04 3.099999304759e-01
3.088542713568e-04 1.982268657289e-01 3.088542713568e-04 1.926750204904e-01 3.088542713568e-04 2.972499048172e-01 3.088542713568e-04 3.099999463267e-01
3.108090452261e-04 1.982237176484e-01 3.108090452261e-04 1.925888610376e-01 3.108090452261e-04 2.973923947257e-01 3.108090452261e-04 3.099999585635e-01
3.127638190955e-04 1.982209396770e-01 3.127638190955e-04 1.925080421191e-01 3.127638190955e-04 2.975288013192e-01 3.127638190955e-04 3.099999680104e-01
3.147185929648e-04 1.982184880820e-01 3.147185929648e-04 1.924322391783e-01 3.147185929648e-04 2.976593752558e-01 3.147185929648e-04 3.099999753034e-01
3.166733668342e-04 1.982163243375e-01 3.166733668342e-04 1.923611466896e-01 3.166733668342e-04 2.977843569868e-01 3.166733668342e-04 3.099999809337e-01
3.186281407035e-04 1.982144144979e-01 3.186281407035e-04 1.922944771125e-01 3.186281407035e-04 2.979039772481e-01 3.186281407035e-04 3.099999852803e-01
3.205829145729e-04 1.982127286471e-01 3.205829145729e-04 1.922319598963e-01 3.205829145729e-04 2.980184575108e-01 3.205829145729e-04 3.099999886360e-01
3.225376884422e-04 1.982112404158e-01 3.225376884422e-04 1.921733405343e-01 3.225376884422e-04 2.981280103973e-01 3.225376884422e-04 3.099999912266e-01
3.244924623116e-04 1.982099265568e-01 3.244924623116e-04 1.921183796656e-01 3.244924623116e-04 2.982328400663e-01 3.244924623116e-04 3.099999932266e-01
3.264472361809e-04 1.982087665726e-01 3.264472361809e-04 1.920668522214e-01 3.264472361809e-04 2.983331425716e-01 3.264472361809e-04 3.099999947707e-01
3.284020100503e-04 1.982077423871e-01 3.284020100503e-04 1.920185466154e-01 3.284020100503e-04 2.984291061963e-01 3.284020100503e-04 3.099999959628e-01
3.303567839196e-04 1.982068380575e-01 3.303567839196e-04 1.919732639754e-01 3.303567839196e-04 2.985209117679e-01 3.303567839196e-04 3.099999968831e-01
3.323115577889e-04 1.982060395209e-01 3.323115577889e-04 1.919308174141e-01 3.323115577889e-04 2.986087329537e-01 3.323115577889e-04 3.099999975936e-01
3.342663316583e-04 1.982053343711e-01 3.342663316583e-04 1.918910313396e-01 3.342663316583e-04 2.986927365404e-01 3.342663316583e-04 3.099999981421e-01
3.362211055276e-04 1.982047116621e-01 3.362211055276e-04 1.918537408003e-01 3.362211055276e-04 2.987730827001e-01 3.362211055276e-04 3.099999985656e-01
3.381758793970e-04 1.982041617354e-01 3.381758793970e-04 1.918187908665e-01 3.381758793970e-04 2.988499252419e-01 3.381758793970e-04 3.099999988926e-01
3.401306532663e-04 1.982036760678e-01 3.401306532663e-04 1.917860360437e-01 3.401306532663e-04 2.989234118528e-01 3.401306532663e-04 3.099999991450e-01
3.420854271357e-04 1.982032471371e-01 3.420854271357e-04 1.917553397194e-01 3.420854271357e-04 2.989936843279e-01 3.420854271357e-04 3.099999993399e-01
3.440402010050e-04 1.982028683042e-01 3.440402010050e-04 1.917265736382e-01 3.440402010050e-04 2.990608787904e-01 3.440402010050e-04 3.099999994904e-01
3.459949748744e-04 1.982025337087e-01 3.459949748744e-04 1.916996174078e-01 3.459949748744e-04 2.991251259036e-01 3.459949748744e-04 3.099999996065e-01
3.479497487437e-04 1.982022381776e-01 3.479497487437e-04 1.916743580308e-01 3.479497487437e-04 2.991865510734e-01 3.479497487437e-04 3.099999996962e-01
3.499045226131e-04 1.982019771440e-01 3.499045226131e-04 1.916506894640e-01 3.499045226131e-04 2.992452746447e-01 3.499045226131e-04 3.099999997655e-01
3.518592964824e-04 1.982017465762e-01 3.518592964824e-04 1.916285122016e-01 3.518592964824e-04 2.993014120893e-01 3.518592964824e-04 3.099999998189e-01
3.538140703518e-04 1.982015429143e-01 3.538140703518e-04 1.916077328826e-01 3.538140703518e-04 2.993550741881e-01 3.538140703518e-04 3.099999998602e-01
3.557688442211e-04 1.982013630153e-01 3.557688442211e-04 1.915882639204e-01 3.557688442211e-04 2.994063672059e-01 3.557688442211e-04 3.099999998921e-01
3.577236180905e-04 1.982012041040e-01 3.577236180905e-04 1.915700231540e-01 3.577236180905e-04 2.994553930615e-01 3.577236180905e-04 3.099999999167e-01
3.596783919598e-04 1.982010637296e-01 3.596783919598e-04 1.915529335186e-01 3.596783919598e-04 2.995022494907e-01 3.596783919598e-04 3.099999999357e-01
3.616331658291e-04 1.982009397280e-01 3.616331658291e-04 1.915369227366e-01 3.616331658291e-04 2.995470302044e-01 3.616331658291e-04 3.099999999503e-01
3.635879396985e-04 1.982008301881e-01 3.635879396985e-04 1.915219230250e-01 3.635879396985e-04 2.995898250417e-01 3.635879396985e-04 3.099999999616e-01
3.655427135678e-04 1.982007334221e-01 3.655427135678e-04 1.915078708218e-01 3.655427135678e-04 2.996307201174e-01 3.655427135678e-04 3.099999999704e-01
3.674974874372e-04 1.982006479394e-01 3.674974874372e-04 1.914947065271e-01 3.674974874372e-04 2.996697979643e-01 3.674974874372e-04 3.099999999771e-01
3.694522613065e-04 1.982005724235e-01 3.694522613065e-04 1.914823742600e-01 3.694522613065e-04 2.997071376718e-01 3.694522613065e-04 3.099999999823e-01
3.714070351759e-04 1.982005057117e-01 3.714070351759e-04 1.914708216304e-01 3.714070351759e-04 2.997428150186e-01 3.714070351759e-04 3.099999999864e-01
3.733618090452e-04 1.982004467771e-01 3.733618090452e-04 1.914599995236e-01 3.733618090452e-04 2.997769026018e-01 3.733618090452e-04 3.099999999895e-01
3.753165829146e-04 1.982003947125e-01 3.753165829146e-04 1.914498618986e-01 3.753165829146e-04 2.998094699611e-01 3.753165829146e-04 3.099999999919e-01
3.772713567839e-04 1.982003487168e-01 3.772713567839e-04 1.914403655979e-01 3.772713567839e-04 2.998405836991e-01 3.772713567839e-04 3.099999999937e-01
3.792261306533e-04 1.982003080822e-01 3.792261306533e-04 1.914314701693e-01 3.792261306533e-04 2.998703075973e-01 3.792261306533e-04 3.099999999952e-01
3.811809045226e-04 1.982002721836e-01 3.811809045226e-04 1.914231376978e-01 3.811809045226e-04 2.998987027281e-01 3.811809045226e-04 3.099999999963e-01
3.831356783920e-04 1.982002404689e-01 3.831356783920e-04 1.914153326486e-01 3.831356783920e-04 2.999258275628e-01 3.831356783920e-04 3.099999999971e-01
3.850904522613e-04 1.982002124503e-01 3.850904522613e-04 1.914080217189e-01 3.850904522613e-04 2.999517380761e-01 3.850904522613e-04 3.099999999978e-01
3.870452261307e-04 1.982001876969e-01 3.870452261307e-04 1.914011736989e-01 3.870452261307e-04 2.999764878464e-01 3.870452261307e-04 3.099999999983e-01
3.890000000000e-04 1.982001658281e-01 3.890000000000e-04 1.913947593417e-01 3.890000000000e-04 3.000001281529e-01 3.890000000000e-04 3.099999999987e-01
