0.000000000000e+00 2.513012169748e-01 0.000000000000e+00 1.458000165748e-01 0.000000000000e+00 2.525091525160e-01 0.000000000000e+00 3.507552366989e-01
2.291457286432e-06 2.512869502220e-01 2.291457286432e-06 1.458000192008e-01 2.291457286432e-06 2.525437147467e-01 2.291457286432e-06 3.507517344102e-01
4.582914572864e-06 2.512716740198e-01 4.582914572864e-06 1.458000222428e-01 4.582914572864e-06 2.525802054163e-01 4.582914572864e-06 3.507479582947e-01
6.874371859296e-06 2.512553191095e-01 6.874371859296e-06 1.458000257669e-01 6.874371859296e-06 2.526187282945e-01 6.874371859296e-06 3.507438869744e-01
9.165829145729e-06 2.512378118049e-01 9.165829145729e-06 1.458000298493e-01 9.165829145729e-06 2.526593922830e-01 9.165829145729e-06 3.507394974076e-01
1.145728643216e-05 2.512190737585e-01 1.145728643216e-05 1.458000345785e-01 1.145728643216e-05 2.527023116144e-01 1.145728643216e-05 3.507347647600e-01
1.374874371859e-05 2.511990217238e-01 1.374874371859e-05 1.458000400571e-01 1.374874371859e-05 2.527476060531e-01 1.374874371859e-05 3.507296622662e-01
1.604020100503e-05 2.511775673131e-01 1.604020100503e-05 1.458000464038e-01 1.604020100503e-05 2.527954010953e-01 1.604020100503e-05 3.507241610809e-01
1.833165829146e-05 2.511546167550e-01 1.833165829146e-05 1.458000537561e-01 1.833165829146e-05 2.528458281675e-01 1.833165829146e-05 3.507182301179e-01
2.062311557789e-05 2.511300706523e-01 2.062311557789e-05 1.458000622735e-01 2.062311557789e-05 2.528990248227e-01 2.062311557789e-05 3.507118358786e-01
2.291457286432e-05 2.511038237419e-01 2.291457286432e-05 1.458000721405e-01 2.291457286432e-05 2.529551349311e-01 2.291457286432e-05 3.507049422655e-01
2.520603015075e-05 2.510757646624e-01 2.520603015075e-05 1.458000835712e-01 2.520603015075e-05 2.530143088655e-01 2.520603015075e-05 3.506975103831e-01
2.749748743719e-05 2.510457757293e-01 2.749748743719e-05 1.458000968132e-01 2.749748743719e-05 2.530767036769e-01 2.749748743719e-05 3.506894983236e-01
2.978894472362e-05 2.510137327250e-01 2.978894472362e-05 1.458001121538e-01 2.978894472362e-05 2.531424832605e-01 2.978894472362e-05 3.506808609357e-01
3.208040201005e-05 2.509795047063e-01 3.208040201005e-05 1.458001299256e-01 3.208040201005e-05 2.532118185066e-01 3.208040201005e-05 3.506715495776e-01
3.437185929648e-05 2.509429538355e-01 3.437185929648e-05 1.458001505139e-01 3.437185929648e-05 2.532848874356e-01 3.437185929648e-05 3.506615118501e-01
3.666331658291e-05 2.509039352417e-01 3.666331658291e-05 1.458001743653e-01 3.666331658291e-05 2.533618753127e-01 3.666331658291e-05 3.506506913112e-01
3.895477386935e-05 2.508622969192e-01 3.895477386935e-05 1.458002019970e-01 3.895477386935e-05 2.534429747381e-01 3.895477386935e-05 3.506390271689e-01
4.124623115578e-05 2.508178796713e-01 4.124623115578e-05 1.458002340084e-01 4.124623115578e-05 2.535283857095e-01 4.124623115578e-05 3.506264539518e-01
4.353768844221e-05 2.507705171083e-01 4.353768844221e-05 1.458002710940e-01 4.353768844221e-05 2.536183156509e-01 4.353768844221e-05 3.506129011559e-01
4.582914572864e-05 2.507200357117e-01 4.582914572864e-05 1.458003140584e-01 4.582914572864e-05 2.537129794042e-01 4.582914572864e-05 3.505982928653e-01
4.812060301508e-05 2.506662549741e-01 4.812060301508e-05 1.458003638337e-01 4.812060301508e-05 2.538125991755e-01 4.812060301508e-05 3.505825473461e-01
5.041206030151e-05 2.506089876304e-01 5.041206030151e-05 1.458004215002e-01 5.041206030151e-05 2.539174044322e-01 5.041206030151e-05 3.505655766110e-01
5.270351758794e-05 2.505480399927e-01 5.270351758794e-05 1.458004883096e-01 5.270351758794e-05 2.540276317428e-01 5.270351758794e-05 3.505472859533e-01
5.499497487437e-05 2.504832124067e-01 5.499497487437e-05 1.458005657120e-01 5.499497487437e-05 2.541435245515e-01 5.499497487437e-05 3.505275734474e-01
5.728643216080e-05 2.504142998451e-01 5.728643216080e-05 1.458006553881e-01 5.728643216080e-05 2.542653328809e-01 5.728643216080e-05 3.505063294161e-01
5.957788944724e-05 2.503410926597e-01 5.957788944724e-05 1.458007592851e-01 5.957788944724e-05 2.543933129521e-01 5.957788944724e-05 3.504834358593e-01
6.186934673367e-05 2.502633775093e-01 6.186934673367e-05 1.458008796597e-01 6.186934673367e-05 2.545277267149e-01 6.186934673367e-05 3.504587658452e-01
6.416080402010e-05 2.501809384884e-01 6.416080402010e-05 1.458010191270e-01 6.416080402010e-05 2.546688412762e-01 6.416080402010e-05 3.504321828597e-01
6.645226130653e-05 2.500935584770e-01 6.645226130653e-05 1.458011807173e-01 6.645226130653e-05 2.548169282160e-01 6.645226130653e-05 3.504035401134e-01
6.874371859296e-05 2.500010207372e-01 6.874371859296e-05 1.458013679429e-01 6.874371859296e-05 2.549722627813e-01 6.874371859296e-05 3.503726798022e-01
7.103517587940e-05 2.499031107799e-01 7.103517587940e-05 1.458015848740e-01 7.103517587940e-05 2.551351229427e-01 7.103517587940e-05 3.503394323212e-01
7.332663316583e-05 2.497996185267e-01 7.332663316583e-05 1.458018362282e-01 7.332663316583e-05 2.553057883040e-01 7.332663316583e-05 3.503036154293e-01
7.561809045226e-05 2.496903407909e-01 7.561809045226e-05 1.458021274732e-01 7.561809045226e-05 2.554845388497e-01 7.561809045226e-05 3.502650333604e-01
7.790954773869e-05 2.495750841010e-01 7.790954773869e-05 1.458024649467e-01 7.790954773869e-05 2.556716535174e-01 7.790954773869e-05 3.502234758834e-01
8.020100502513e-05 2.494536678875e-01 8.020100502513e-05 1.458028559946e-01 8.020100502513e-05 2.558674085810e-01 8.020100502513e-05 3.501787173042e-01
8.249246231156e-05 2.493259280510e-01 8.249246231156e-05 1.458033091328e-01 8.249246231156e-05 2.560720758304e-01 8.249246231156e-05 3.501305154130e-01
8.478391959799e-05 2.491917209251e-01 8.478391959799e-05 1.458038342328e-01 8.478391959799e-05 2.562859205340e-01 8.478391959799e-05 3.500786103713e-01
8.707537688442e-05 2.490509276435e-01 8.707537688442e-05 1.458044427390e-01 8.707537688442e-05 2.565091991689e-01 8.707537688442e-05 3.500227235407e-01
8.936683417085e-05 2.489034589107e-01 8.936683417085e-05 1.458051479198e-01 8.936683417085e-05 2.567421569066e-01 8.936683417085e-05 3.499625562515e-01
9.165829145729e-05 2.487492601698e-01 9.165829145729e-05 1.458059651592e-01 9.165829145729e-05 2.569850248401e-01 9.165829145729e-05 3.498977885106e-01
9.394974874372e-05 2.485883171481e-01 9.394974874372e-05 1.458069122951e-01 9.394974874372e-05 2.572380169414e-01 9.394974874372e-05 3.498280776513e-01
9.624120603015e-05 2.484206617503e-01 9.624120603015e-05 1.458080100126e-01 9.624120603015e-05 2.575013267379e-01 9.624120603015e-05 3.497530569232e-01
9.853266331658e-05 2.482463782534e-01 9.853266331658e-05 1.458092822994e-01 9.853266331658e-05 2.577751237005e-01 9.853266331658e-05 3.496723340272e-01
1.008241206030e-04 2.480656097412e-01 1.008241206030e-04 1.458107569758e-01 1.008241206030e-04 2.580595493359e-01 1.008241206030e-04 3.495854895970e-01
1.031155778894e-04 2.478785647009e-01 1.031155778894e-04 1.458124663090e-01 1.031155778894e-04 2.583547129791e-01 1.031155778894e-04 3.494920756317e-01
1.054070351759e-04 2.476855236818e-01 1.054070351759e-04 1.458144477271e-01 1.054070351759e-04 2.586606872871e-01 1.054070351759e-04 3.493916138850e-01
1.076984924623e-04 2.474868458996e-01 1.076984924623e-04 1.458167446478e-01 1.076984924623e-04 2.589775034354e-01 1.076984924623e-04 3.492835942183e-01
1.099899497487e-04 2.472829756494e-01 1.099899497487e-04 1.458194074414e-01 1.099899497487e-04 2.593051460265e-01 1.099899497487e-04 3.491674729250e-01
1.122814070352e-04 2.470744483724e-01 1.122814070352e-04 1.458224945486e-01 1.122814070352e-04 2.596435477217e-01 1.122814070352e-04 3.490426710383e-01
1.145728643216e-04 2.468618962053e-01 1.145728643216e-04 1.458260737793e-01 1.145728643216e-04 2.599925836146e-01 1.145728643216e-04 3.489085726315e-01
1.168643216080e-04 2.466460528293e-01 1.168643216080e-04 1.458302238213e-01 1.168643216080e-04 2.603520653702e-01 1.168643216080e-04 3.487645231284e-01
1.191557788945e-04 2.464277574301e-01 1.191557788945e-04 1.458350359924e-01 1.191557788945e-04 2.607217351591e-01 1.191557788945e-04 3.486098276354e-01
1.214472361809e-04 2.462079575789e-01 1.214472361809e-04 1.458406162759e-01 1.214472361809e-04 2.611012594241e-01 1.214472361809e-04 3.484437493169e-01
1.237386934673e-04 2.459877108546e-01 1.237386934673e-04 1.458470876846e-01 1.237386934673e-04 2.614902225212e-01 1.237386934673e-04 3.482655078306e-01
1.260301507538e-04 2.457681850484e-01 1.260301507538e-04 1.458545930058e-01 1.260301507538e-04 2.618881202867e-01 1.260301507538e-04 3.480742778435e-01
1.283216080402e-04 2.455506568233e-01 1.283216080402e-04 1.458632979898e-01 1.283216080402e-04 2.622943535849e-01 1.283216080402e-04 3.478691876506e-01
1.306130653266e-04 2.453365087492e-01 1.306130653266e-04 1.458733950493e-01 1.306130653266e-04 2.627082219007e-01 1.306130653266e-04 3.476493179159e-01
1.329045226131e-04 2.451272246949e-01 1.329045226131e-04 1.458851075542e-01 1.329045226131e-04 2.631289170425e-01 1.329045226131e-04 3.474137005550e-01
1.351959798995e-04 2.449243836371e-01 1.351959798995e-04 1.458986948125e-01 1.351959798995e-04 2.635555170297e-01 1.351959798995e-04 3.471613177736e-01
1.374874371859e-04 2.447296520361e-01 1.374874371859e-04 1.459144578446e-01 1.374874371859e-04 2.639869802375e-01 1.374874371859e-04 3.468911012719e-01
1.397788944724e-04 2.445447750383e-01 1.397788944724e-04 1.459327460735e-01 1.397788944724e-04 2.644221398746e-01 1.397788944724e-04 3.466019316127e-01
1.420703517588e-04 2.443715668798e-01 1.420703517588e-04 1.459539650688e-01 1.420703517588e-04 2.648596988688e-01 1.420703517588e-04 3.462926377377e-01
1.443618090452e-04 2.442119009952e-01 1.443618090452e-04 1.459785855014e-01 1.443618090452e-04 2.652982252314e-01 1.443618090452e-04 3.459619965938e-01
1.466532663317e-04 2.440677004673e-01 1.466532663317e-04 1.460071534859e-01 1.466532663317e-04 2.657361479645e-01 1.466532663317e-04 3.456087328050e-01
1.489447236181e-04 2.439409295846e-01 1.489447236181e-04 1.460403025066e-01 1.489447236181e-04 2.661717535671e-01 1.489447236181e-04 3.452315182811e-01
1.512361809045e-04 2.438335874026e-01 1.512361809045e-04 1.460787671460e-01 1.512361809045e-04 2.666031831865e-01 1.512361809045e-04 3.448289716050e-01
1.535276381910e-04 2.437477043186e-01 1.535276381910e-04 1.461233988542e-01 1.535276381910e-04 2.670284304444e-01 1.535276381910e-04 3.443996569655e-01
1.558190954774e-04 2.436853427735e-01 1.558190954774e-04 1.461751840165e-01 1.558190954774e-04 2.674453399552e-01 1.558190954774e-04 3.439420823110e-01
1.581105527638e-04 2.436486032677e-01 1.581105527638e-04 1.462352645932e-01 1.581105527638e-04 2.678516065375e-01 1.581105527638e-04 3.434546962763e-01
1.604020100503e-04 2.436396369315e-01 1.604020100503e-04 1.463049616150e-01 1.604020100503e-04 2.682447751049e-01 1.604020100503e-04 3.429358832790e-01
1.626934673367e-04 2.436606659050e-01 1.626934673367e-04 1.463858018183e-01 1.626934673367e-04 2.686222412136e-01 1.626934673367e-04 3.423839559770e-01
1.649849246231e-04 2.437140127627e-01 1.649849246231e-04 1.464795476973e-01 1.649849246231e-04 2.689812522363e-01 1.649849246231e-04 3.417971440269e-01
1.672763819095e-04 2.438021401492e-01 1.672763819095e-04 1.465882312183e-01 1.672763819095e-04 2.693189091427e-01 1.672763819095e-04 3.411735777541e-01
1.695678391960e-04 2.439277016707e-01 1.695678391960e-04 1.467141913943e-01 1.695678391960e-04 2.696321688837e-01 1.695678391960e-04 3.405112649458e-01
1.718592964824e-04 2.440936049006e-01 1.718592964824e-04 1.468601158384e-01 1.718592964824e-04 2.699178474229e-01 1.718592964824e-04 3.398080584705e-01
1.741507537688e-04 2.443030870827e-01 1.741507537688e-04 1.470290862987e-01 1.741507537688e-04 2.701726235269e-01 1.741507537688e-04 3.390616118173e-01
1.764422110553e-04 2.445598037322e-01 1.764422110553e-04 1.472246280161e-01 1.764422110553e-04 2.703930435381e-01 1.764422110553e-04 3.382693189007e-01
1.787336683417e-04 2.448679298061e-01 1.787336683417e-04 1.474507625288e-01 1.787336683417e-04 2.705755275053e-01 1.787336683417e-04 3.374282336019e-01
1.810251256281e-04 2.452322723889e-01 1.810251256281e-04 1.477120632573e-01 1.810251256281e-04 2.707163772612e-01 1.810251256281e-04 3.365349635053e-01
1.833165829146e-04 2.456583928578e-01 1.833165829146e-04 1.480137128278e-01 1.833165829146e-04 2.708117873130e-01 1.833165829146e-04 3.355855311827e-01
1.856080402010e-04 2.461527351870e-01 1.856080402010e-04 1.483615605818e-01 1.856080402010e-04 2.708578597669e-01 1.856080402010e-04 3.345751952453e-01
1.878994974874e-04 2.467227553289e-01 1.878994974874e-04 1.487621780381e-01 1.878994974874e-04 2.708506249428e-01 1.878994974874e-04 3.334982223972e-01
1.901909547739e-04 2.473770444212e-01 1.901909547739e-04 1.492229091004e-01 1.901909547739e-04 2.707860698497e-01 1.901909547739e-04 3.323476011635e-01
1.924824120603e-04 2.481254358488e-01 1.924824120603e-04 1.497519103897e-01 1.924824120603e-04 2.706601772807e-01 1.924824120603e-04 3.311146883588e-01
1.947738693467e-04 2.489790829743e-01 1.947738693467e-04 1.503581749413e-01 1.947738693467e-04 2.704689789170e-01 1.947738693467e-04 3.297887815219e-01
1.970653266332e-04 2.499504907714e-01 1.970653266332e-04 1.510515292644e-01 1.970653266332e-04 2.702086264527e-01 1.970653266332e-04 3.283566158051e-01
1.993567839196e-04 2.510534809849e-01 1.993567839196e-04 1.518425888726e-01 1.993567839196e-04 2.698754852972e-01 1.993567839196e-04 3.268017941068e-01
2.016482412060e-04 2.523030673911e-01 2.016482412060e-04 1.527426503224e-01 2.016482412060e-04 2.694662557373e-01 2.016482412060e-04 3.251041773242e-01
2.039396984925e-04 2.537152161899e-01 2.039396984925e-04 1.537634881677e-01 2.039396984925e-04 2.689781263998e-01 2.039396984925e-04 3.232392909493e-01
2.062311557789e-04 2.553064678276e-01 2.062311557789e-04 1.549170135028e-01 2.062311557789e-04 2.684089641956e-01 2.062311557789e-04 3.211778485827e-01
2.085226130653e-04 2.570934022449e-01 2.085226130653e-04 1.562147390094e-01 2.085226130653e-04 2.677575433984e-01 2.085226130653e-04 3.188855548950e-01
2.108140703518e-04 2.590919412815e-01 2.108140703518e-04 1.576669887473e-01 2.108140703518e-04 2.670238137838e-01 2.108140703518e-04 3.163234285030e-01
2.131055276382e-04 2.613165008618e-01 2.131055276382e-04 1.592817984538e-01 2.131055276382e-04 2.662092035560e-01 2.131055276382e-04 3.134489679510e-01
2.153969849246e-04 2.637790313607e-01 2.153969849246e-04 1.610634868700e-01 2.153969849246e-04 2.653169469064e-01 2.153969849246e-04 3.102185430252e-01
2.176884422111e-04 2.664880145201e-01 2.176884422111e-04 1.630109538746e-01 2.176884422111e-04 2.643524184788e-01 2.176884422111e-04 3.065913759610e-01
2.199798994975e-04 2.694475134308e-01 2.199798994975e-04 1.651158818039e-01 2.199798994975e-04 2.633234481207e-01 2.199798994975e-04 3.025353056834e-01
2.222713567839e-04 2.726563888675e-01 2.222713567839e-04 1.673611650874e-01 2.222713567839e-04 2.622405799168e-01 2.222713567839e-04 2.980341240593e-01
2.245628140704e-04 2.761077889180e-01 2.245628140704e-04 1.697200196306e-01 2.245628140704e-04 2.611172311217e-01 2.245628140704e-04 2.930956128408e-01
2.268542713568e-04 2.797889787238e-01 2.268542713568e-04 1.721562477105e-01 2.268542713568e-04 2.599697013338e-01 2.268542713568e-04 2.877586136793e-01
2.291457286432e-04 2.836814989424e-01 2.291457286432e-04 1.746259817725e-01 2.291457286432e-04 2.588169826648e-01 2.291457286432e-04 2.820968604179e-01
2.314371859296e-04 2.877615330356e-01 2.314371859296e-04 1.770808890769e-01 2.314371859296e-04 2.576803303104e-01 2.314371859296e-04 2.762173691150e-01
2.337286432161e-04 2.920002486939e-01 2.337286432161e-04 1.794723829457e-01 2.337286432161e-04 2.565825716465e-01 2.337286432161e-04 2.702522727017e-01
2.360201005025e-04 2.963637976306e-01 2.360201005025e-04 1.817560365451e-01 2.360201005025e-04 2.555471609107e-01 2.360201005025e-04 2.643449640857e-01
2.383115577889e-04 3.008126604660e-01 2.383115577889e-04 1.838953036305e-01 2.383115577889e-04 2.545970233072e-01 2.383115577889e-04 2.586334844124e-01
2.406030150754e-04 3.053001566417e-01 2.406030150754e-04 1.858638684667e-01 2.406030150754e-04 2.537532717459e-01 2.406030150754e-04 2.532351878183e-01
2.428944723618e-04 3.097702292158e-01 2.428944723618e-04 1.876463679847e-01 2.428944723618e-04 2.530339137041e-01 2.428944723618e-04 2.482362019273e-01
2.451859296482e-04 3.141550418832e-01 2.451859296482e-04 1.892376610800e-01 2.451859296482e-04 2.524526863019e-01 2.451859296482e-04 2.436873828217e-01
2.474773869347e-04 3.183734002651e-01 2.474773869347e-04 1.906411025300e-01 2.474773869347e-04 2.520181574772e-01 2.474773869347e-04 2.396063272866e-01
2.497688442211e-04 3.223313537990e-01 2.497688442211e-04 1.918663571699e-01 2.497688442211e-04 2.517332069474e-01 2.497688442211e-04 2.359835240492e-01
2.520603015075e-04 3.259263044349e-01 2.520603015075e-04 1.929272067607e-01 2.520603015075e-04 2.515949548592e-01 2.520603015075e-04 2.327902926392e-01
2.543517587940e-04 3.290553244058e-01 2.543517587940e-04 1.938396430227e-01 2.543517587940e-04 2.515951467209e-01 2.543517587940e-04 2.299865648119e-01
2.566432160804e-04 3.316271357781e-01 2.566432160804e-04 1.946203808017e-01 2.566432160804e-04 2.517209421634e-01 2.566432160804e-04 2.275273364802e-01
2.589346733668e-04 3.335756438949e-01 2.589346733668e-04 1.952858063848e-01 2.589346733668e-04 2.519560045597e-01 2.589346733668e-04 2.253673549315e-01
2.612261306533e-04 3.348717053312e-01 2.612261306533e-04 1.958513069514e-01 2.612261306533e-04 2.522817579016e-01 2.612261306533e-04 2.234641106147e-01
2.635175879397e-04 3.355296732753e-01 2.635175879397e-04 1.963308991288e-01 2.635175879397e-04 2.526786706284e-01 2.635175879397e-04 2.217794547875e-01
2.658090452261e-04 3.356065180236e-01 2.658090452261e-04 1.967370729928e-01 2.658090452261e-04 2.531274415695e-01 2.658090452261e-04 2.202802305589e-01
2.681005025126e-04 3.351935577989e-01 2.681005025126e-04 1.970807796012e-01 2.681005025126e-04 2.536099945270e-01 2.681005025126e-04 2.189382674242e-01
2.703919597990e-04 3.344030684638e-01 2.703919597990e-04 1.973715063424e-01 2.703919597990e-04 2.541102268356e-01 2.703919597990e-04 2.177300112793e-01
2.726834170854e-04 3.333532889498e-01 2.726834170854e-04 1.976174000786e-01 2.726834170854e-04 2.546144953742e-01 2.726834170854e-04 2.166359802434e-01
2.749748743719e-04 3.321552042859e-01 2.749748743719e-04 1.978254111062e-01 2.749748743719e-04 2.551118549504e-01 2.749748743719e-04 2.156401681811e-01
2.772663316583e-04 3.309032938034e-01 2.772663316583e-04 1.980014408411e-01 2.772663316583e-04 2.555940855687e-01 2.772663316583e-04 2.147294670856e-01
2.795577889447e-04 3.296708945829e-01 2.795577889447e-04 1.981504831570e-01 2.795577889447e-04 2.560555563694e-01 2.795577889447e-04 2.138931449759e-01
2.818492462312e-04 3.285095910322e-01 2.818492462312e-04 1.982767540363e-01 2.818492462312e-04 2.564929764305e-01 2.818492462312e-04 2.131223941358e-01
2.841407035176e-04 3.274513969789e-01 2.841407035176e-04 1.983838072330e-01 2.841407035176e-04 2.569050786105e-01 2.841407035176e-04 2.124099516975e-01
2.864321608040e-04 3.265124072291e-01 2.864321608040e-04 1.984746355029e-01 2.864321608040e-04 2.572922748057e-01 2.864321608040e-04 2.117497877169e-01
2.887236180905e-04 3.256968492869e-01 2.887236180905e-04 1.985517580147e-01 2.887236180905e-04 2.576563116682e-01 2.887236180905e-04 2.111368527585e-01
2.910150753769e-04 3.250008401913e-01 2.910150753769e-04 1.986172951042e-01 2.910150753769e-04 2.579999466469e-01 2.910150753769e-04 2.105668760722e-01
2.933065326633e-04 3.244154986052e-01 2.933065326633e-04 1.986730317635e-01 2.933065326633e-04 2.583266561966e-01 2.933065326633e-04 2.100362057080e-01
2.955979899497e-04 3.239293128131e-01 2.955979899497e-04 1.987204712938e-01 2.955979899497e-04 2.586403816244e-01 2.955979899497e-04 2.095416827619e-01
2.978894472362e-04 3.235298143988e-01 2.978894472362e-04 1.987608804871e-01 2.978894472362e-04 2.589453134044e-01 2.978894472362e-04 2.090805430179e-01
3.001809045226e-04 3.232046765165e-01 3.001809045226e-04 1.987953275808e-01 3.001809045226e-04 2.592457117320e-01 3.001809045226e-04 2.086503403426e-01
3.024723618090e-04 3.229423728875e-01 3.024723618090e-04 1.988247140892e-01 3.024723618090e-04 2.595457593484e-01 3.024723618090e-04 2.082488872024e-01
3.047638190955e-04 3.227325227492e-01 3.047638190955e-04 1.988498014744e-01 3.047638190955e-04 2.598494419307e-01 3.047638190955e-04 2.078742085607e-01
3.070552763819e-04 3.225660243601e-01 3.070552763819e-04 1.988712334812e-01 3.070552763819e-04 2.601604513426e-01 3.070552763819e-04 2.075245061675e-01
3.093467336683e-04 3.224350549232e-01 3.093467336683e-04 1.988895548386e-01 3.093467336683e-04 2.604821075188e-01 3.093467336683e-04 2.071981308770e-01
3.116381909548e-04 3.223329926599e-01 3.116381909548e-04 1.989052269226e-01 3.116381909548e-04 2.608172955327e-01 3.116381909548e-04 2.068935611365e-01
3.139296482412e-04 3.222542989628e-01 3.139296482412e-04 1.989186408780e-01 3.139296482412e-04 2.611684153059e-01 3.139296482412e-04 2.066093861978e-01
3.162211055276e-04 3.221943851908e-01 3.162211055276e-04 1.989301286190e-01 3.162211055276e-04 2.615373423583e-01 3.162211055276e-04 2.063442929304e-01
3.185125628141e-04 3.221494791419e-01 3.185125628141e-04 1.989399720582e-01 3.185125628141e-04 2.619253988686e-01 3.185125628141e-04 2.060970553683e-01
3.208040201005e-04 3.221164997277e-01 3.208040201005e-04 1.989484108546e-01 3.208040201005e-04 2.623333350539e-01 3.208040201005e-04 2.058665263272e-01
3.230954773869e-04 3.220929441074e-01 3.230954773869e-04 1.989556489258e-01 3.230954773869e-04 2.627613214248e-01 3.230954773869e-04 2.056516305845e-01
3.253869346734e-04 3.220767888537e-01 3.253869346734e-04 1.989618599258e-01 3.253869346734e-04 2.632089527851e-01 3.253869346734e-04 2.054513592370e-01
3.276783919598e-04 3.220664051219e-01 3.276783919598e-04 1.989671918576e-01 3.276783919598e-04 2.636752649092e-01 3.276783919598e-04 2.052647649457e-01
3.299698492462e-04 3.220604869109e-01 3.299698492462e-04 1.989717709620e-01 3.299698492462e-04 2.641587646196e-01 3.299698492462e-04 2.050909578489e-01
3.322613065327e-04 3.220579910734e-01 3.322613065327e-04 1.989757049986e-01 3.322613065327e-04 2.646574735440e-01 3.322613065327e-04 2.049291019806e-01
3.345527638191e-04 3.220580875891e-01 3.345527638191e-04 1.989790860177e-01 3.345527638191e-04 2.651689851751e-01 3.345527638191e-04 2.047784120744e-01
3.368442211055e-04 3.220601186276e-01 3.368442211055e-04 1.989819927045e-01 3.368442211055e-04 2.656905340808e-01 3.368442211055e-04 2.046381506629e-01
3.391356783920e-04 3.220635650320e-01 3.391356783920e-04 1.989844923632e-01 3.391356783920e-04 2.662190752826e-01 3.391356783920e-04 2.045076254081e-01
3.414271356784e-04 3.220680190039e-01 3.414271356784e-04 1.989866425991e-01 3.414271356784e-04 2.667513710566e-01 3.414271356784e-04 2.043861866166e-01
3.437185929648e-04 3.220731619231e-01 3.437185929648e-04 1.989884927448e-01 3.437185929648e-04 2.672840817955e-01 3.437185929648e-04 2.042732249050e-01
3.460100502513e-04 3.220787463943e-01 3.460100502513e-04 1.989900850715e-01 3.460100502513e-04 2.678138571950e-01 3.460100502513e-04 2.041681689931e-01
3.483015075377e-04 3.220845817549e-01 3.483015075377e-04 1.989914558186e-01 3.483015075377e-04 2.683374239365e-01 3.483015075377e-04 2.040704836061e-01
3.505929648241e-04 3.220905224046e-01 3.505929648241e-04 1.989926360695e-01 3.505929648241e-04 2.688516662559e-01 3.505929648241e-04 2.039796674765e-01
3.528844221106e-04 3.220964584270e-01 3.528844221106e-04 1.989936524974e-01 3.528844221106e-04 2.693536962858e-01 3.528844221106e-04 2.038952514358e-01
3.551758793970e-04 3.221023080693e-01 3.551758793970e-04 1.989945280010e-01 3.551758793970e-04 2.698409117821e-01 3.551758793970e-04 2.038167965916e-01
3.574673366834e-04 3.221080117235e-01 3.574673366834e-04 1.989952822460e-01 3.574673366834e-04 2.703110397120e-01 3.574673366834e-04 2.037438925855e-01
3.597587939698e-04 3.221135271179e-01 3.597587939698e-04 1.989959321286e-01 3.597587939698e-04 2.707621651005e-01 3.597587939698e-04 2.036761559295e-01
3.620502512563e-04 3.221188254845e-01 3.620502512563e-04 1.989964921700e-01 3.620502512563e-04 2.711927454090e-01 3.620502512563e-04 2.036132284179e-01
3.643417085427e-04 3.221238885088e-01 3.643417085427e-04 1.989969748548e-01 3.643417085427e-04 2.716016114841e-01 3.643417085427e-04 2.035547756137e-01
3.666331658291e-04 3.221287059100e-01 3.666331658291e-04 1.989973909193e-01 3.666331658291e-04 2.719879567085e-01 3.666331658291e-04 2.035004854076e-01
3.689246231156e-04 3.221332735233e-01 3.689246231156e-04 1.989977495996e-01 3.689246231156e-04 2.723513163856e-01 3.689246231156e-04 2.034500666478e-01
3.712160804020e-04 3.221375917872e-01 3.712160804020e-04 1.989980588430e-01 3.712160804020e-04 2.726915395918e-01 3.712160804020e-04 2.034032478385e-01
3.735075376884e-04 3.221416645515e-01 3.735075376884e-04 1.989983254894e-01 3.735075376884e-04 2.730087557498e-01 3.735075376884e-04 2.033597759066e-01
3.757989949749e-04 3.221454981433e-01 3.757989949749e-04 1.989985554270e-01 3.757989949749e-04 2.733033380546e-01 3.757989949749e-04 2.033194150330e-01
3.780904522613e-04 3.221491006372e-01 3.780904522613e-04 1.989987537261e-01 3.780904522613e-04 2.735758656470e-01 3.780904522613e-04 2.032819455482e-01
3.803819095477e-04 3.221524812886e-01 3.803819095477e-04 1.989989247531e-01 3.803819095477e-04 2.738270861310e-01 3.803819095477e-04 2.032471628887e-01
3.826733668342e-04 3.221556500959e-01 3.826733668342e-04 1.989990722693e-01 3.826733668342e-04 2.740578797010e-01 3.826733668342e-04 2.032148766129e-01
3.849648241206e-04 3.221586174652e-01 3.849648241206e-04 1.989991995149e-01 3.849648241206e-04 2.742692258134e-01 3.849648241206e-04 2.031849094732e-01
3.872562814070e-04 3.221613939559e-01 3.872562814070e-04 1.989993092821e-01 3.872562814070e-04 2.744621730306e-01 3.872562814070e-04 2.031570965439e-01
3.895477386935e-04 3.221639900896e-01 3.895477386935e-04 1.989994039769e-01 3.895477386935e-04 2.746378123965e-01 3.895477386935e-04 2.031312844000e-01
3.918391959799e-04 3.221664162095e-01 3.918391959799e-04 1.989994856731e-01 3.918391959799e-04 2.747972544782e-01 3.918391959799e-04 2.031073303464e-01
3.941306532663e-04 3.221686823787e-01 3.941306532663e-04 1.989995561584e-01 3.941306532663e-04 2.749416100328e-01 3.941306532663e-04 2.030851016948e-01
3.964221105528e-04 3.221707983087e-01 3.964221105528e-04 1.989996169738e-01 3.964221105528e-04 2.750719741275e-01 3.964221105528e-04 2.030644750849e-01
3.987135678392e-04 3.221727733124e-01 3.987135678392e-04 1.989996694482e-01 3.987135678392e-04 2.751894134527e-01 3.987135678392e-04 2.030453358492e-01
4.010050251256e-04 3.221746162740e-01 4.010050251256e-04 1.989997147271e-01 4.010050251256e-04 2.752949565120e-01 4.010050251256e-04 2.030275774178e-01
4.032964824121e-04 3.221763356338e-01 4.032964824121e-04 1.989997537985e-01 4.032964824121e-04 2.753895863464e-01 4.032964824121e-04 2.030111007618e-01
4.055879396985e-04 3.221779393832e-01 4.055879396985e-04 1.989997875146e-01 4.055879396985e-04 2.754742354466e-01 4.055879396985e-04 2.029958138728e-01
4.078793969849e-04 3.221794350674e-01 4.078793969849e-04 1.989998166101e-01 4.078793969849e-04 2.755497825156e-01 4.078793969849e-04 2.029816312762e-01
4.101708542714e-04 3.221808297940e-01 4.101708542714e-04 1.989998417191e-01 4.101708542714e-04 2.756170507673e-01 4.101708542714e-04 2.029684735776e-01
4.124623115578e-04 3.221821302455e-01 4.124623115578e-04 1.989998633881e-01 4.124623115578e-04 2.756768074739e-01 4.124623115578e-04 2.029562670381e-01
4.147537688442e-04 3.221833426951e-01 4.147537688442e-04 1.989998820890e-01 4.147537688442e-04 2.757297645069e-01 4.147537688442e-04 2.029449431789e-01
4.170452261307e-04 3.221844730238e-01 4.170452261307e-04 1.989998982287e-01 4.170452261307e-04 2.757765796486e-01 4.170452261307e-04 2.029344384126e-01
4.193366834171e-04 3.221855267390e-01 4.193366834171e-04 1.989999121581e-01 4.193366834171e-04 2.758178584827e-01 4.193366834171e-04 2.029246936990e-01
4.216281407035e-04 3.221865089939e-01 4.216281407035e-04 1.989999241801e-01 4.216281407035e-04 2.758541567043e-01 4.216281407035e-04 2.029156542245e-01
4.239195979899e-04 3.221874246060e-01 4.239195979899e-04 1.989999345562e-01 4.239195979899e-04 2.758859827129e-01 4.239195979899e-04 2.029072691037e-01
4.262110552764e-04 3.221882780771e-01 4.262110552764e-04 1.989999435118e-01 4.262110552764e-04 2.759138003822e-01 4.262110552764e-04 2.028994911013e-01
4.285025125628e-04 3.221890736108e-01 4.285025125628e-04 1.989999512415e-01 4.285025125628e-04 2.759380319163e-01 4.285025125628e-04 2.028922763734e-01
4.307939698492e-04 3.221898151314e-01 4.307939698492e-04 1.989999579131e-01 4.307939698492e-04 2.759590607253e-01 4.307939698492e-04 2.028855842264e-01
4.330854271357e-04 3.221905063010e-01 4.330854271357e-04 1.989999636716e-01 4.330854271357e-04 2.759772342649e-01 4.330854271357e-04 2.028793768928e-01
4.353768844221e-04 3.221911505357e-01 4.353768844221e-04 1.989999686420e-01 4.353768844221e-04 2.759928668005e-01 4.353768844221e-04 2.028736193229e-01
4.376683417085e-04 3.221917510219e-01 4.376683417085e-04 1.989999729322e-01 4.376683417085e-04 2.760062420671e-01 4.376683417085e-04 2.028682789908e-01
4.399597989950e-04 3.221923107307e-01 4.399597989950e-04 1.989999766353e-01 4.399597989950e-04 2.760176158032e-01 4.399597989950e-04 2.028633257140e-01
4.422512562814e-04 3.221928324325e-01 4.422512562814e-04 1.989999798316e-01 4.422512562814e-04 2.760272181460e-01 4.422512562814e-04 2.028587314860e-01
4.445427135678e-04 3.221933187097e-01 4.445427135678e-04 1.989999825907e-01 4.445427135678e-04 2.760352558804e-01 4.445427135678e-04 2.028544703202e-01
4.468341708543e-04 3.221937719700e-01 4.468341708543e-04 1.989999849722e-01 4.468341708543e-04 2.760419145386e-01 4.468341708543e-04 2.028505181051e-01
4.491256281407e-04 3.221941944571e-01 4.491256281407e-04 1.989999870279e-01 4.491256281407e-04 2.760473603504e-01 4.491256281407e-04 2.028468524703e-01
4.514170854271e-04 3.221945882627e-01 4.514170854271e-04 1.989999888023e-01 4.514170854271e-04 2.760517420471e-01 4.514170854271e-04 2.028434526608e-01
4.537085427136e-04 3.221949553360e-01 4.537085427136e-04 1.989999903340e-01 4.537085427136e-04 2.760551925240e-01 4.537085427136e-04 2.028402994212e-01
4.560000000000e-04 3.221952974937e-01 4.560000000000e-04 1.989999916562e-01 4.560000000000e-04 2.760578303678e-01 4.560000000000e-04 2.028373748880e-01
