0.000000000000e+00 3.186768424592e-01 0.000000000000e+00 3.130000000000e-01 0.000000000000e+00 1.775388739202e-01 0.000000000000e+00 1.951000000000e-01
1.798994974874e-06 3.186748323919e-01 1.798994974874e-06 3.130000000000e-01 1.798994974874e-06 1.775416438737e-01 1.798994974874e-06 1.951000000000e-01
3.597989949749e-06 3.186726479293e-01 3.597989949749e-06 3.130000000000e-01 3.597989949749e-06 1.775446160479e-01 3.597989949749e-06 1.951000000000e-01
5.396984924623e-06 3.186702739549e-01 5.396984924623e-06 3.130000000000e-01 5.396984924623e-06 1.775478057663e-01 5.396984924623e-06 1.951000000000e-01
7.195979899497e-06 3.186676940443e-01 7.195979899497e-06 3.130000000000e-01 7.195979899497e-06 1.775512295763e-01 7.195979899497e-06 1.951000000000e-01
8.994974874372e-06 3.186648903528e-01 8.994974874372e-06 3.130000000000e-01 8.994974874372e-06 1.775549053544e-01 8.994974874372e-06 1.951000000000e-01
1.079396984925e-05 3.186618434927e-01 1.079396984925e-05 3.130000000000e-01 1.079396984925e-05 1.775588524201e-01 1.079396984925e-05 1.951000000000e-01
1.259296482412e-05 3.186585324013e-01 1.259296482412e-05 3.130000000000e-01 1.259296482412e-05 1.775630916610e-01 1.259296482412e-05 1.951000000000e-01
1.439195979899e-05 3.186549341959e-01 1.439195979899e-05 3.130000000000e-01 1.439195979899e-05 1.775676456691e-01 1.439195979899e-05 1.951000000000e-01
1.619095477387e-05 3.186510240184e-01 1.619095477387e-05 3.130000000000e-01 1.619095477387e-05 1.775725388901e-01 1.619095477387e-05 1.951000000000e-01
1.798994974874e-05 3.186467748652e-01 1.798994974874e-05 3.130000000000e-01 1.798994974874e-05 1.775777977871e-01 1.798994974874e-05 1.951000000000e-01
1.978894472362e-05 3.186421574034e-01 1.978894472362e-05 3.130000000000e-01 1.978894472362e-05 1.775834510192e-01 1.978894472362e-05 1.951000000000e-01
2.158793969849e-05 3.186371397716e-01 2.158793969849e-05 3.130000000000e-01 2.158793969849e-05 1.775895296376e-01 2.158793969849e-05 1.951000000000e-01
2.338693467337e-05 3.186316873635e-01 2.338693467337e-05 3.130000000000e-01 2.338693467337e-05 1.775960673007e-01 2.338693467337e-05 1.951000000000e-01
2.518592964824e-05 3.186257625932e-01 2.518592964824e-05 3.130000000000e-01 2.518592964824e-05 1.776031005095e-01 2.518592964824e-05 1.951000000000e-01
2.698492462312e-05 3.186193246415e-01 2.698492462312e-05 3.130000000000e-01 2.698492462312e-05 1.776106688659e-01 2.698492462312e-05 1.951000000000e-01
2.878391959799e-05 3.186123291806e-01 2.878391959799e-05 3.130000000000e-01 2.878391959799e-05 1.776188153570e-01 2.878391959799e-05 1.951000000000e-01
3.058291457286e-05 3.186047280754e-01 3.058291457286e-05 3.130000000000e-01 3.058291457286e-05 1.776275866661e-01 3.058291457286e-05 1.951000000000e-01
3.238190954774e-05 3.185964690608e-01 3.238190954774e-05 3.130000000000e-01 3.238190954774e-05 1.776370335157e-01 3.238190954774e-05 1.951000000000e-01
3.418090452261e-05 3.185874953920e-01 3.418090452261e-05 3.130000000000e-01 3.418090452261e-05 1.776472110432e-01 3.418090452261e-05 1.951000000000e-01
3.597989949749e-05 3.185777454661e-01 3.597989949749e-05 3.130000000000e-01 3.597989949749e-05 1.776581792153e-01 3.597989949749e-05 1.951000000000e-01
3.777889447236e-05 3.185671524124e-01 3.777889447236e-05 3.130000000000e-01 3.777889447236e-05 1.776700032828e-01 3.777889447236e-05 1.951000000000e-01
3.957788944724e-05 3.185556436496e-01 3.957788944724e-05 3.130000000000e-01 3.957788944724e-05 1.776827542817e-01 3.957788944724e-05 1.951000000000e-01
4.137688442211e-05 3.185431404074e-01 4.137688442211e-05 3.130000000000e-01 4.137688442211e-05 1.776965095852e-01 4.137688442211e-05 1.951000000000e-01
4.317587939698e-05 3.185295572092e-01 4.317587939698e-05 3.130000000000e-01 4.317587939698e-05 1.777113535105e-01 4.317587939698e-05 1.951000000000e-01
4.497487437186e-05 3.185148013135e-01 4.497487437186e-05 3.130000000000e-01 4.497487437186e-05 1.777273779883e-01 4.497487437186e-05 1.951000000000e-01
4.677386934673e-05 3.184987721112e-01 4.677386934673e-05 3.130000000000e-01 4.677386934673e-05 1.777446833006e-01 4.677386934673e-05 1.951000000000e-01
4.857286432161e-05 3.184813604757e-01 4.857286432161e-05 3.130000000000e-01 4.857286432161e-05 1.777633788930e-01 4.857286432161e-05 1.951000000000e-01
5.037185929648e-05 3.184624480615e-01 5.037185929648e-05 3.130000000000e-01 5.037185929648e-05 1.777835842712e-01 5.037185929648e-05 1.951000000000e-01
5.217085427136e-05 3.184419065503e-01 5.217085427136e-05 3.130000000000e-01 5.217085427136e-05 1.778054299896e-01 5.217085427136e-05 1.951000000000e-01
5.396984924623e-05 3.184195968378e-01 5.396984924623e-05 3.130000000000e-01 5.396984924623e-05 1.778290587408e-01 5.396984924623e-05 1.951000000000e-01
5.576884422111e-05 3.183953681609e-01 5.576884422111e-05 3.130000000000e-01 5.576884422111e-05 1.778546265584e-01 5.576884422111e-05 1.951000000000e-01
5.756783919598e-05 3.183690571591e-01 5.756783919598e-05 3.130000000000e-01 5.756783919598e-05 1.778823041431e-01 5.756783919598e-05 1.951000000000e-01
5.936683417085e-05 3.183404868677e-01 5.936683417085e-05 3.130000000000e-01 5.936683417085e-05 1.779122783258e-01 5.936683417085e-05 1.951000000000e-01
6.116582914573e-05 3.183094656384e-01 6.116582914573e-05 3.130000000000e-01 6.116582914573e-05 1.779447536816e-01 6.116582914573e-05 1.951000000000e-01
6.296482412060e-05 3.182757859845e-01 6.296482412060e-05 3.130000000000e-01 6.296482412060e-05 1.779799543092e-01 6.296482412060e-05 1.951000000000e-01
6.476381909548e-05 3.182392233453e-01 6.476381909548e-05 3.130000000000e-01 6.476381909548e-05 1.780181257942e-01 6.476381909548e-05 1.951000000000e-01
6.656281407035e-05 3.181995347682e-01 6.656281407035e-05 3.130000000000e-01 6.656281407035e-05 1.780595373720e-01 6.656281407035e-05 1.951000000000e-01
6.836180904523e-05 3.181564575038e-01 6.836180904523e-05 3.130000000000e-01 6.836180904523e-05 1.781044843121e-01 6.836180904523e-05 1.951000000000e-01
7.016080402010e-05 3.181097075120e-01 7.016080402010e-05 3.130000000000e-01 7.016080402010e-05 1.781532905439e-01 7.016080402010e-05 1.951000000000e-01
7.195979899497e-05 3.180589778759e-01 7.195979899497e-05 3.130000000000e-01 7.195979899497e-05 1.782063115470e-01 7.195979899497e-05 1.951000000000e-01
7.375879396985e-05 3.180039371223e-01 7.375879396985e-05 3.130000000000e-01 7.375879396985e-05 1.782639375296e-01 7.375879396985e-05 1.951000000000e-01
7.555778894472e-05 3.179442274468e-01 7.555778894472e-05 3.130000000000e-01 7.555778894472e-05 1.783265969224e-01 7.555778894472e-05 1.951000000000e-01
7.735678391960e-05 3.178794628447e-01 7.735678391960e-05 3.130000000000e-01 7.735678391960e-05 1.783947602126e-01 7.735678391960e-05 1.951000000000e-01
7.915577889447e-05 3.178092271471e-01 7.915577889447e-05 3.130000000000e-01 7.915577889447e-05 1.784689441479e-01 7.915577889447e-05 1.951000000000e-01
8.095477386935e-05 3.177330719648e-01 8.095477386935e-05 3.130000000000e-01 8.095477386935e-05 1.785497163380e-01 8.095477386935e-05 1.951000000000e-01
8.275376884422e-05 3.176505145445e-01 8.275376884422e-05 3.130000000000e-01 8.275376884422e-05 1.786377002822e-01 8.275376884422e-05 1.951000000000e-01
8.455276381910e-05 3.175610355420e-01 8.455276381910e-05 3.130000000000e-01 8.455276381910e-05 1.787335808514e-01 8.455276381910e-05 1.951000000000e-01
8.635175879397e-05 3.174640767204e-01 8.635175879397e-05 3.130000000000e-01 8.635175879397e-05 1.788381102511e-01 8.635175879397e-05 1.951000000000e-01
8.815075376884e-05 3.173590385832e-01 8.815075376884e-05 3.130000000000e-01 8.815075376884e-05 1.789521144880e-01 8.815075376884e-05 1.951000000000e-01
8.994974874372e-05 3.172452779549e-01 8.994974874372e-05 3.130000000000e-01 8.994974874372e-05 1.790765003587e-01 8.994974874372e-05 1.951000000000e-01
9.174874371859e-05 3.171221055239e-01 9.174874371859e-05 3.130000000000e-01 9.174874371859e-05 1.792122629745e-01 9.174874371859e-05 1.951000000000e-01
9.354773869347e-05 3.169887833668e-01 9.354773869347e-05 3.130000000000e-01 9.354773869347e-05 1.793604938220e-01 9.354773869347e-05 1.951000000000e-01
9.534673366834e-05 3.168445224742e-01 9.534673366834e-05 3.130000000000e-01 9.534673366834e-05 1.795223893511e-01 9.534673366834e-05 1.951000000000e-01
9.714572864322e-05 3.166884803034e-01 9.714572864322e-05 3.130000000000e-01 9.714572864322e-05 1.796992600628e-01 9.714572864322e-05 1.951000000000e-01
9.894472361809e-05 3.165197583832e-01 9.894472361809e-05 3.130000000000e-01 9.894472361809e-05 1.798925400466e-01 9.894472361809e-05 1.951000000000e-01
1.007437185930e-04 3.163374000001e-01 1.007437185930e-04 3.130000000000e-01 1.007437185930e-04 1.801037968914e-01 1.007437185930e-04 1.951000000000e-01
1.025427135678e-04 3.161403879962e-01 1.025427135678e-04 3.130000000000e-01 1.025427135678e-04 1.803347418562e-01 1.025427135678e-04 1.951000000000e-01
1.043417085427e-04 3.159276427066e-01 1.043417085427e-04 3.130000000000e-01 1.043417085427e-04 1.805872401438e-01 1.043417085427e-04 1.951000000000e-01
1.061407035176e-04 3.156980200635e-01 1.061407035176e-04 3.130000000000e-01 1.061407035176e-04 1.808633210687e-01 1.061407035176e-04 1.951000000000e-01
1.079396984925e-04 3.154503098868e-01 1.079396984925e-04 3.130000000000e-01 1.079396984925e-04 1.811651878425e-01 1.079396984925e-04 1.951000000000e-01
1.097386934673e-04 3.151832343727e-01 1.097386934673e-04 3.130000000000e-01 1.097386934673e-04 1.814952266268e-01 1.097386934673e-04 1.951000000000e-01
1.115376884422e-04 3.148954467730e-01 1.115376884422e-04 3.130000000000e-01 1.115376884422e-04 1.818560144122e-01 1.115376884422e-04 1.951000000000e-01
1.133366834171e-04 3.145855302370e-01 1.133366834171e-04 3.130000000000e-01 1.133366834171e-04 1.822503251789e-01 1.133366834171e-04 1.951000000000e-01
1.151356783920e-04 3.142519967531e-01 1.151356783920e-04 3.130000000000e-01 1.151356783920e-04 1.826811336808e-01 1.151356783920e-04 1.951000000000e-01
1.169346733668e-04 3.138932860813e-01 1.169346733668e-04 3.130000000000e-01 1.169346733668e-04 1.831516160681e-01 1.169346733668e-04 1.951000000000e-01
1.187336683417e-04 3.135077645061e-01 1.187336683417e-04 3.130000000000e-01 1.187336683417e-04 1.836651464322e-01 1.187336683417e-04 1.951000000000e-01
1.205326633166e-04 3.130937231560e-01 1.205326633166e-04 3.130000000000e-01 1.205326633166e-04 1.842252882210e-01 1.205326633166e-04 1.951000000000e-01
1.223316582915e-04 3.126493755311e-01 1.223316582915e-04 3.130000000000e-01 1.223316582915e-04 1.848357793524e-01 1.223316582915e-04 1.951000000000e-01
1.241306532663e-04 3.121728537405e-01 1.241306532663e-04 3.130000000000e-01 1.241306532663e-04 1.855005097463e-01 1.241306532663e-04 1.951000000000e-01
1.259296482412e-04 3.116622027815e-01 1.259296482412e-04 3.130000000000e-01 1.259296482412e-04 1.862234899326e-01 1.259296482412e-04 1.951000000000e-01
1.277286432161e-04 3.111153719739e-01 1.277286432161e-04 3.130000000000e-01 1.277286432161e-04 1.870088093861e-01 1.277286432161e-04 1.951000000000e-01
1.295276381910e-04 3.105302024014e-01 1.295276381910e-04 3.130000000000e-01 1.295276381910e-04 1.878605833196e-01 1.295276381910e-04 1.951000000000e-01
1.313266331658e-04 3.099044088929e-01 1.313266331658e-04 3.130000000000e-01 1.313266331658e-04 1.887828868600e-01 1.313266331658e-04 1.951000000000e-01
1.331256281407e-04 3.092355546998e-01 1.331256281407e-04 3.130000000000e-01 1.331256281407e-04 1.897796758697e-01 1.331256281407e-04 1.951000000000e-01
1.349246231156e-04 3.085210165937e-01 1.349246231156e-04 3.130000000000e-01 1.349246231156e-04 1.908546941877e-01 1.349246231156e-04 1.951000000000e-01
1.367236180905e-04 3.077579376237e-01 1.367236180905e-04 3.130000000000e-01 1.367236180905e-04 1.920113677702e-01 1.367236180905e-04 1.951000000000e-01
1.385226130653e-04 3.069431642635e-01 1.385226130653e-04 3.130000000000e-01 1.385226130653e-04 1.932526871167e-01 1.385226130653e-04 1.951000000000e-01
1.403216080402e-04 3.060731641748e-01 1.403216080402e-04 3.130000000000e-01 1.403216080402e-04 1.945810804666e-01 1.403216080402e-04 1.951000000000e-01
1.421206030151e-04 3.051439203992e-01 1.421206030151e-04 3.130000000000e-01 1.421206030151e-04 1.959982814965e-01 1.421206030151e-04 1.951000000000e-01
1.439195979899e-04 3.041507975788e-01 1.439195979899e-04 3.130000000000e-01 1.439195979899e-04 1.975051965680e-01 1.439195979899e-04 1.951000000000e-01
1.457185929648e-04 3.030883759916e-01 1.457185929648e-04 3.130000000000e-01 1.457185929648e-04 1.991017778515e-01 1.457185929648e-04 1.951000000000e-01
1.475175879397e-04 3.019502500796e-01 1.475175879397e-04 3.130000000000e-01 1.475175879397e-04 2.007869097342e-01 1.475175879397e-04 1.951000000000e-01
1.493165829146e-04 3.007287901748e-01 1.493165829146e-04 3.130000000000e-01 1.493165829146e-04 2.025583166323e-01 1.493165829146e-04 1.951000000000e-01
1.511155778894e-04 2.994148699398e-01 1.511155778894e-04 3.130000000000e-01 1.511155778894e-04 2.044125004827e-01 1.511155778894e-04 1.951000000000e-01
1.529145728643e-04 2.979975684820e-01 1.529145728643e-04 3.130000000000e-01 1.529145728643e-04 2.063447156310e-01 1.529145728643e-04 1.951000000000e-01
1.547135678392e-04 2.964638662573e-01 1.547135678392e-04 3.130000000000e-01 1.547135678392e-04 2.083489874451e-01 1.547135678392e-04 1.951000000000e-01
1.565125628141e-04 2.947983689409e-01 1.565125628141e-04 3.130000000000e-01 1.565125628141e-04 2.104181787650e-01 1.565125628141e-04 1.951000000000e-01
1.583115577889e-04 2.929831144413e-01 1.583115577889e-04 3.130000000000e-01 1.583115577889e-04 2.125441053351e-01 1.583115577889e-04 1.951000000000e-01
1.601105527638e-04 2.909975453930e-01 1.601105527638e-04 3.130000000000e-01 1.601105527638e-04 2.147176978991e-01 1.601105527638e-04 1.951000000000e-01
1.619095477387e-04 2.888187610845e-01 1.619095477387e-04 3.130000000000e-01 1.619095477387e-04 2.169292049931e-01 1.619095477387e-04 1.951000000000e-01
1.637085427136e-04 2.864221934948e-01 1.637085427136e-04 3.130000000000e-01 1.637085427136e-04 2.191684270742e-01 1.637085427136e-04 1.951000000000e-01
1.655075376884e-04 2.837828707532e-01 1.655075376884e-04 3.130000000000e-01 1.655075376884e-04 2.214249698858e-01 1.655075376884e-04 1.951000000000e-01
1.673065326633e-04 2.808774192376e-01 1.673065326633e-04 3.130000000000e-01 1.673065326633e-04 2.236885032454e-01 1.673065326633e-04 1.951000000000e-01
1.691055276382e-04 2.776868873844e-01 1.691055276382e-04 3.130000000000e-01 1.691055276382e-04 2.259490109924e-01 1.691055276382e-04 1.951000000000e-01
1.709045226131e-04 2.742003247210e-01 1.709045226131e-04 3.130000000000e-01 1.709045226131e-04 2.281970187024e-01 1.709045226131e-04 1.951000000000e-01
1.727035175879e-04 2.704188086784e-01 1.727035175879e-04 3.130000000000e-01 1.727035175879e-04 2.304237878507e-01 1.727035175879e-04 1.951000000000e-01
1.745025125628e-04 2.663593083082e-01 1.745025125628e-04 3.130000000000e-01 1.745025125628e-04 2.326214681065e-01 1.745025125628e-04 1.951000000000e-01
1.763015075377e-04 2.620574968194e-01 1.763015075377e-04 3.130000000000e-01 1.763015075377e-04 2.347832029693e-01 1.763015075377e-04 1.951000000000e-01
1.781005025126e-04 2.575685183578e-01 1.781005025126e-04 3.130000000000e-01 1.781005025126e-04 2.369031875978e-01 1.781005025126e-04 1.951000000000e-01
1.798994974874e-04 2.529649262956e-01 1.798994974874e-04 3.130000000000e-01 1.798994974874e-04 2.389766810271e-01 1.798994974874e-04 1.951000000000e-01
1.816984924623e-04 2.483315931989e-01 1.816984924623e-04 3.130000000000e-01 1.816984924623e-04 2.409999777198e-01 1.816984924623e-04 1.951000000000e-01
1.834974874372e-04 2.437582154713e-01 1.834974874372e-04 3.130000000000e-01 1.834974874372e-04 2.429703453514e-01 1.834974874372e-04 1.951000000000e-01
1.852964824121e-04 2.393307904806e-01 1.852964824121e-04 3.130000000000e-01 1.852964824121e-04 2.448859368403e-01 1.852964824121e-04 1.951000000000e-01
1.870954773869e-04 2.351237899235e-01 1.870954773869e-04 3.130000000000e-01 1.870954773869e-04 2.467456849256e-01 1.870954773869e-04 1.951000000000e-01
1.888944723618e-04 2.311945212277e-01 1.888944723618e-04 3.130000000000e-01 1.888944723618e-04 2.485491872224e-01 1.888944723618e-04 1.951000000000e-01
1.906934673367e-04 2.275804728214e-01 1.906934673367e-04 3.130000000000e-01 1.906934673367e-04 2.502965887962e-01 1.906934673367e-04 1.951000000000e-01
1.924924623116e-04 2.242996004955e-01 1.924924623116e-04 3.130000000000e-01 1.924924623116e-04 2.519884680966e-01 1.924924623116e-04 1.951000000000e-01
1.942914572864e-04 2.213528614267e-01 1.942914572864e-04 3.130000000000e-01 1.942914572864e-04 2.536257307452e-01 1.942914572864e-04 1.951000000000e-01
1.960904522613e-04 2.187280126236e-01 1.960904522613e-04 3.130000000000e-01 1.960904522613e-04 2.552095143206e-01 1.960904522613e-04 1.951000000000e-01
1.978894472362e-04 2.164037415639e-01 1.978894472362e-04 3.130000000000e-01 1.978894472362e-04 2.567411060417e-01 1.978894472362e-04 1.951000000000e-01
1.996884422111e-04 2.143534517222e-01 1.996884422111e-04 3.130000000000e-01 1.996884422111e-04 2.582218741713e-01 1.996884422111e-04 1.951000000000e-01
2.014874371859e-04 2.125483332402e-01 2.014874371859e-04 3.130000000000e-01 2.014874371859e-04 2.596532130965e-01 2.014874371859e-04 1.951000000000e-01
2.032864321608e-04 2.109596072265e-01 2.032864321608e-04 3.130000000000e-01 2.032864321608e-04 2.610365013778e-01 2.032864321608e-04 1.951000000000e-01
2.050854271357e-04 2.095600010699e-01 2.050854271357e-04 3.130000000000e-01 2.050854271357e-04 2.623730716030e-01 2.050854271357e-04 1.951000000000e-01
2.068844221106e-04 2.083245956826e-01 2.068844221106e-04 3.130000000000e-01 2.068844221106e-04 2.636641905912e-01 2.068844221106e-04 1.951000000000e-01
2.086834170854e-04 2.072312074953e-01 2.086834170854e-04 3.130000000000e-01 2.086834170854e-04 2.649110483555e-01 2.086834170854e-04 1.951000000000e-01
2.104824120603e-04 2.062604544108e-01 2.104824120603e-04 3.130000000000e-01 2.104824120603e-04 2.661147542066e-01 2.104824120603e-04 1.951000000000e-01
2.122814070352e-04 2.053956259872e-01 2.122814070352e-04 3.130000000000e-01 2.122814070352e-04 2.672763384377e-01 2.122814070352e-04 1.951000000000e-01
2.140804020101e-04 2.046224464820e-01 2.140804020101e-04 3.130000000000e-01 2.140804020101e-04 2.683967581527e-01 2.140804020101e-04 1.951000000000e-01
2.158793969849e-04 2.039287914173e-01 2.158793969849e-04 3.130000000000e-01 2.158793969849e-04 2.694769059538e-01 2.158793969849e-04 1.951000000000e-01
2.176783919598e-04 2.033043963033e-01 2.176783919598e-04 3.130000000000e-01 2.176783919598e-04 2.705176203835e-01 2.176783919598e-04 1.951000000000e-01
2.194773869347e-04 2.027405801465e-01 2.194773869347e-04 3.130000000000e-01 2.194773869347e-04 2.715196971962e-01 2.194773869347e-04 1.951000000000e-01
2.212763819095e-04 2.022299954344e-01 2.212763819095e-04 3.130000000000e-01 2.212763819095e-04 2.724839007162e-01 2.212763819095e-04 1.951000000000e-01
2.230753768844e-04 2.017664092489e-01 2.230753768844e-04 3.130000000000e-01 2.230753768844e-04 2.734109747039e-01 2.230753768844e-04 1.951000000000e-01
2.248743718593e-04 2.013445159039e-01 2.248743718593e-04 3.130000000000e-01 2.248743718593e-04 2.743016523080e-01 2.248743718593e-04 1.951000000000e-01
2.266733668342e-04 2.009597791324e-01 2.266733668342e-04 3.130000000000e-01 2.266733668342e-04 2.751566648108e-01 2.266733668342e-04 1.951000000000e-01
2.284723618090e-04 2.006083007059e-01 2.284723618090e-04 3.130000000000e-01 2.284723618090e-04 2.759767489948e-01 2.284723618090e-04 1.951000000000e-01
2.302713567839e-04 2.002867119677e-01 2.302713567839e-04 3.130000000000e-01 2.302713567839e-04 2.767626530475e-01 2.302713567839e-04 1.951000000000e-01
2.320703517588e-04 1.999920848076e-01 2.320703517588e-04 3.130000000000e-01 2.320703517588e-04 2.775151410050e-01 2.320703517588e-04 1.951000000000e-01
2.338693467337e-04 1.997218588688e-01 2.338693467337e-04 3.130000000000e-01 2.338693467337e-04 2.782349957877e-01 2.338693467337e-04 1.951000000000e-01
2.356683417085e-04 1.994737821557e-01 2.356683417085e-04 3.130000000000e-01 2.356683417085e-04 2.789230209307e-01 2.356683417085e-04 1.951000000000e-01
2.374673366834e-04 1.992458626058e-01 2.374673366834e-04 3.130000000000e-01 2.374673366834e-04 2.795800411406e-01 2.374673366834e-04 1.951000000000e-01
2.392663316583e-04 1.990363285793e-01 2.392663316583e-04 3.130000000000e-01 2.392663316583e-04 2.802069018255e-01 2.392663316583e-04 1.951000000000e-01
2.410653266332e-04 1.988435965655e-01 2.410653266332e-04 3.130000000000e-01 2.410653266332e-04 2.808044677607e-01 2.410653266332e-04 1.951000000000e-01
2.428643216080e-04 1.986662447114e-01 2.428643216080e-04 3.130000000000e-01 2.428643216080e-04 2.813736210465e-01 2.428643216080e-04 1.951000000000e-01
2.446633165829e-04 1.985029910394e-01 2.446633165829e-04 3.130000000000e-01 2.446633165829e-04 2.819152585163e-01 2.446633165829e-04 1.951000000000e-01
2.464623115578e-04 1.983526754382e-01 2.464623115578e-04 3.130000000000e-01 2.464623115578e-04 2.824302887382e-01 2.464623115578e-04 1.951000000000e-01
2.482613065327e-04 1.982142446868e-01 2.482613065327e-04 3.130000000000e-01 2.482613065327e-04 2.829196287450e-01 2.482613065327e-04 1.951000000000e-01
2.500603015075e-04 1.980867399245e-01 2.500603015075e-04 3.130000000000e-01 2.500603015075e-04 2.833842006110e-01 2.500603015075e-04 1.951000000000e-01
2.518592964824e-04 1.979692860927e-01 2.518592964824e-04 3.130000000000e-01 2.518592964824e-04 2.838249279783e-01 2.518592964824e-04 1.951000000000e-01
2.536582914573e-04 1.978610829729e-01 2.536582914573e-04 3.130000000000e-01 2.536582914573e-04 2.842427326203e-01 2.536582914573e-04 1.951000000000e-01
2.554572864322e-04 1.977613975218e-01 2.554572864322e-04 3.130000000000e-01 2.554572864322e-04 2.846385311154e-01 2.554572864322e-04 1.951000000000e-01
2.572562814070e-04 1.976695572630e-01 2.572562814070e-04 3.130000000000e-01 2.572562814070e-04 2.850132316870e-01 2.572562814070e-04 1.951000000000e-01
2.590552763819e-04 1.975849445484e-01 2.590552763819e-04 3.130000000000e-01 2.590552763819e-04 2.853677312551e-01 2.590552763819e-04 1.951000000000e-01
2.608542713568e-04 1.975069915343e-01 2.608542713568e-04 3.130000000000e-01 2.608542713568e-04 2.857029127308e-01 2.608542713568e-04 1.951000000000e-01
2.626532663317e-04 1.974351757548e-01 2.626532663317e-04 3.130000000000e-01 2.626532663317e-04 2.860196425751e-01 2.626532663317e-04 1.951000000000e-01
2.644522613065e-04 1.973690161932e-01 2.644522613065e-04 3.130000000000e-01 2.644522613065e-04 2.863187686342e-01 2.644522613065e-04 1.951000000000e-01
2.662512562814e-04 1.973080697749e-01 2.662512562814e-04 3.130000000000e-01 2.662512562814e-04 2.866011182549e-01 2.662512562814e-04 1.951000000000e-01
2.680502512563e-04 1.972519282199e-01 2.680502512563e-04 3.130000000000e-01 2.680502512563e-04 2.868674966787e-01 2.680502512563e-04 1.951000000000e-01
2.698492462312e-04 1.972002152029e-01 2.698492462312e-04 3.130000000000e-01 2.698492462312e-04 2.871186857062e-01 2.698492462312e-04 1.951000000000e-01
2.716482412060e-04 1.971525837807e-01 2.716482412060e-04 3.130000000000e-01 2.716482412060e-04 2.873554426210e-01 2.716482412060e-04 1.951000000000e-01
2.734472361809e-04 1.971087140528e-01 2.734472361809e-04 3.130000000000e-01 2.734472361809e-04 2.875784993577e-01 2.734472361809e-04 1.951000000000e-01
2.752462311558e-04 1.970683110278e-01 2.752462311558e-04 3.130000000000e-01 2.752462311558e-04 2.877885618987e-01 2.752462311558e-04 1.951000000000e-01
2.770452261307e-04 1.970311026709e-01 2.770452261307e-04 3.130000000000e-01 2.770452261307e-04 2.879863098792e-01 2.770452261307e-04 1.951000000000e-01
2.788442211055e-04 1.969968381152e-01 2.788442211055e-04 3.130000000000e-01 2.788442211055e-04 2.881723963847e-01 2.788442211055e-04 1.951000000000e-01
2.806432160804e-04 1.969652860182e-01 2.806432160804e-04 3.130000000000e-01 2.806432160804e-04 2.883474479191e-01 2.806432160804e-04 1.951000000000e-01
2.824422110553e-04 1.969362330506e-01 2.824422110553e-04 3.130000000000e-01 2.824422110553e-04 2.885120645260e-01 2.824422110553e-04 1.951000000000e-01
2.842412060302e-04 1.969094825042e-01 2.842412060302e-04 3.130000000000e-01 2.842412060302e-04 2.886668200447e-01 2.842412060302e-04 1.951000000000e-01
2.860402010050e-04 1.968848530095e-01 2.860402010050e-04 3.130000000000e-01 2.860402010050e-04 2.888122624823e-01 2.860402010050e-04 1.951000000000e-01
2.878391959799e-04 1.968621773523e-01 2.878391959799e-04 3.130000000000e-01 2.878391959799e-04 2.889489144870e-01 2.878391959799e-04 1.951000000000e-01
2.896381909548e-04 1.968413013817e-01 2.896381909548e-04 3.130000000000e-01 2.896381909548e-04 2.890772739053e-01 2.896381909548e-04 1.951000000000e-01
2.914371859296e-04 1.968220830021e-01 2.914371859296e-04 3.130000000000e-01 2.914371859296e-04 2.891978144098e-01 2.914371859296e-04 1.951000000000e-01
2.932361809045e-04 1.968043912418e-01 2.932361809045e-04 3.130000000000e-01 2.932361809045e-04 2.893109861841e-01 2.932361809045e-04 1.951000000000e-01
2.950351758794e-04 1.967881053934e-01 2.950351758794e-04 3.130000000000e-01 2.950351758794e-04 2.894172166526e-01 2.950351758794e-04 1.951000000000e-01
2.968341708543e-04 1.967731142192e-01 2.968341708543e-04 3.130000000000e-01 2.968341708543e-04 2.895169112454e-01 2.968341708543e-04 1.951000000000e-01
2.986331658291e-04 1.967593152175e-01 2.986331658291e-04 3.130000000000e-01 2.986331658291e-04 2.896104541867e-01 2.986331658291e-04 1.951000000000e-01
3.004321608040e-04 1.967466139445e-01 3.004321608040e-04 3.130000000000e-01 3.004321608040e-04 2.896982093011e-01 3.004321608040e-04 1.951000000000e-01
3.022311557789e-04 1.967349233882e-01 3.022311557789e-04 3.130000000000e-01 3.022311557789e-04 2.897805208269e-01 3.022311557789e-04 1.951000000000e-01
3.040301507538e-04 1.967241633902e-01 3.040301507538e-04 3.130000000000e-01 3.040301507538e-04 2.898577142332e-01 3.040301507538e-04 1.951000000000e-01
3.058291457286e-04 1.967142601115e-01 3.058291457286e-04 3.130000000000e-01 3.058291457286e-04 2.899300970326e-01 3.058291457286e-04 1.951000000000e-01
3.076281407035e-04 1.967051455395e-01 3.076281407035e-04 3.130000000000e-01 3.076281407035e-04 2.899979595858e-01 3.076281407035e-04 1.951000000000e-01
3.094271356784e-04 1.966967570325e-01 3.094271356784e-04 3.130000000000e-01 3.094271356784e-04 2.900615758948e-01 3.094271356784e-04 1.951000000000e-01
3.112261306533e-04 1.966890368995e-01 3.112261306533e-04 3.130000000000e-01 3.112261306533e-04 2.901212043791e-01 3.112261306533e-04 1.951000000000e-01
3.130251256281e-04 1.966819320125e-01 3.130251256281e-04 3.130000000000e-01 3.130251256281e-04 2.901770886349e-01 3.130251256281e-04 1.951000000000e-01
3.148241206030e-04 1.966753934482e-01 3.148241206030e-04 3.130000000000e-01 3.148241206030e-04 2.902294581727e-01 3.148241206030e-04 1.951000000000e-01
3.166231155779e-04 1.966693761581e-01 3.166231155779e-04 3.130000000000e-01 3.166231155779e-04 2.902785291327e-01 3.166231155779e-04 1.951000000000e-01
3.184221105528e-04 1.966638386636e-01 3.184221105528e-04 3.130000000000e-01 3.184221105528e-04 2.903245049770e-01 3.184221105528e-04 1.951000000000e-01
3.202211055276e-04 1.966587427752e-01 3.202211055276e-04 3.130000000000e-01 3.202211055276e-04 2.903675771560e-01 3.202211055276e-04 1.951000000000e-01
3.220201005025e-04 1.966540533331e-01 3.220201005025e-04 3.130000000000e-01 3.220201005025e-04 2.904079257507e-01 3.220201005025e-04 1.951000000000e-01
3.238190954774e-04 1.966497379684e-01 3.238190954774e-04 3.130000000000e-01 3.238190954774e-04 2.904457200886e-01 3.238190954774e-04 1.951000000000e-01
3.256180904523e-04 1.966457668830e-01 3.256180904523e-04 3.130000000000e-01 3.256180904523e-04 2.904811193333e-01 3.256180904523e-04 1.951000000000e-01
3.274170854271e-04 1.966421126460e-01 3.274170854271e-04 3.130000000000e-01 3.274170854271e-04 2.905142730498e-01 3.274170854271e-04 1.951000000000e-01
3.292160804020e-04 1.966387500069e-01 3.292160804020e-04 3.130000000000e-01 3.292160804020e-04 2.905453217425e-01 3.292160804020e-04 1.951000000000e-01
3.310150753769e-04 1.966356557229e-01 3.310150753769e-04 3.130000000000e-01 3.310150753769e-04 2.905743973692e-01 3.310150753769e-04 1.951000000000e-01
3.328140703518e-04 1.966328084001e-01 3.328140703518e-04 3.130000000000e-01 3.328140703518e-04 2.906016238302e-01 3.328140703518e-04 1.951000000000e-01
3.346130653266e-04 1.966301883467e-01 3.346130653266e-04 3.130000000000e-01 3.346130653266e-04 2.906271174333e-01 3.346130653266e-04 1.951000000000e-01
3.364120603015e-04 1.966277774385e-01 3.364120603015e-04 3.130000000000e-01 3.364120603015e-04 2.906509873350e-01 3.364120603015e-04 1.951000000000e-01
3.382110552764e-04 1.966255589941e-01 3.382110552764e-04 3.130000000000e-01 3.382110552764e-04 2.906733359597e-01 3.382110552764e-04 1.951000000000e-01
3.400100502513e-04 1.966235176606e-01 3.400100502513e-04 3.130000000000e-01 3.400100502513e-04 2.906942593968e-01 3.400100502513e-04 1.951000000000e-01
3.418090452261e-04 1.966216393080e-01 3.418090452261e-04 3.130000000000e-01 3.418090452261e-04 2.907138477763e-01 3.418090452261e-04 1.951000000000e-01
3.436080402010e-04 1.966199109323e-01 3.436080402010e-04 3.130000000000e-01 3.436080402010e-04 2.907321856246e-01 3.436080402010e-04 1.951000000000e-01
3.454070351759e-04 1.966183205656e-01 3.454070351759e-04 3.130000000000e-01 3.454070351759e-04 2.907493522005e-01 3.454070351759e-04 1.951000000000e-01
3.472060301508e-04 1.966168571942e-01 3.472060301508e-04 3.130000000000e-01 3.472060301508e-04 2.907654218132e-01 3.472060301508e-04 1.951000000000e-01
3.490050251256e-04 1.966155106822e-01 3.490050251256e-04 3.130000000000e-01 3.490050251256e-04 2.907804641215e-01 3.490050251256e-04 1.951000000000e-01
3.508040201005e-04 1.966142717019e-01 3.508040201005e-04 3.130000000000e-01 3.508040201005e-04 2.907945444170e-01 3.508040201005e-04 1.951000000000e-01
3.526030150754e-04 1.966131316698e-01 3.526030150754e-04 3.130000000000e-01 3.526030150754e-04 2.908077238907e-01 3.526030150754e-04 1.951000000000e-01
3.544020100503e-04 1.966120826865e-01 3.544020100503e-04 3.130000000000e-01 3.544020100503e-04 2.908200598841e-01 3.544020100503e-04 1.951000000000e-01
3.562010050251e-04 1.966111174833e-01 3.562010050251e-04 3.130000000000e-01 3.562010050251e-04 2.908316061262e-01 3.562010050251e-04 1.951000000000e-01
3.580000000000e-04 1.966102293709e-01 3.580000000000e-04 3.130000000000e-01 3.580000000000e-04 2.908424129560e-01 3.580000000000e-04 1.951000000000e-01
