0.000000000000e+00 2.557991187438e-01 0.000000000000e+00 1.446853076021e-01 0.000000000000e+00 2.450809109090e-01 0.000000000000e+00 3.545973381221e-01
2.331658291457e-06 2.557990307769e-01 2.331658291457e-06 1.446913789616e-01 2.331658291457e-06 2.450794416319e-01 2.331658291457e-06 3.545970625983e-01
4.663316582915e-06 2.557989340301e-01 4.663316582915e-06 1.446978815576e-01 4.663316582915e-06 2.450778592030e-01 4.663316582915e-06 3.545967585610e-01
6.994974874372e-06 2.557988276274e-01 6.994974874372e-06 1.447048458938e-01 6.994974874372e-06 2.450761548976e-01 6.994974874372e-06 3.545964230605e-01
9.326633165829e-06 2.557987106053e-01 9.326633165829e-06 1.447123046129e-01 9.326633165829e-06 2.450743193170e-01 9.326633165829e-06 3.545960528420e-01
1.165829145729e-05 2.557985819043e-01 1.165829145729e-05 1.447202926442e-01 1.165829145729e-05 2.450723423354e-01 1.165829145729e-05 3.545956443146e-01
1.398994974874e-05 2.557984403593e-01 1.398994974874e-05 1.447288473607e-01 1.398994974874e-05 2.450702130437e-01 1.398994974874e-05 3.545951935163e-01
1.632160804020e-05 2.557982846888e-01 1.632160804020e-05 1.447380087466e-01 1.632160804020e-05 2.450679196882e-01 1.632160804020e-05 3.545946960757e-01
1.865326633166e-05 2.557981134837e-01 1.865326633166e-05 1.447478195757e-01 1.865326633166e-05 2.450654496051e-01 1.865326633166e-05 3.545941471699e-01
2.098492462312e-05 2.557979251946e-01 2.098492462312e-05 1.447583256011e-01 2.098492462312e-05 2.450627891496e-01 2.098492462312e-05 3.545935414780e-01
2.331658291457e-05 2.557977181175e-01 2.331658291457e-05 1.447695757578e-01 2.331658291457e-05 2.450599236185e-01 2.331658291457e-05 3.545928731296e-01
2.564824120603e-05 2.557974903786e-01 2.564824120603e-05 1.447816223783e-01 2.564824120603e-05 2.450568371683e-01 2.564824120603e-05 3.545921356486e-01
2.797989949749e-05 2.557972399176e-01 2.797989949749e-05 1.447945214206e-01 2.797989949749e-05 2.450535127254e-01 2.797989949749e-05 3.545913218907e-01
3.031155778894e-05 2.557969644689e-01 3.031155778894e-05 1.448083327128e-01 3.031155778894e-05 2.450499318897e-01 3.031155778894e-05 3.545904239746e-01
3.264321608040e-05 2.557966615412e-01 3.264321608040e-05 1.448231202107e-01 3.264321608040e-05 2.450460748305e-01 3.264321608040e-05 3.545894332065e-01
3.497487437186e-05 2.557963283953e-01 3.497487437186e-05 1.448389522731e-01 3.497487437186e-05 2.450419201735e-01 3.497487437186e-05 3.545883399966e-01
3.730653266332e-05 2.557959620195e-01 3.730653266332e-05 1.448559019528e-01 3.730653266332e-05 2.450374448797e-01 3.730653266332e-05 3.545871337673e-01
3.963819095477e-05 2.557955591022e-01 3.963819095477e-05 1.448740473058e-01 3.963819095477e-05 2.450326241136e-01 3.963819095477e-05 3.545858028519e-01
4.196984924623e-05 2.557951160027e-01 4.196984924623e-05 1.448934717190e-01 4.196984924623e-05 2.450274311008e-01 4.196984924623e-05 3.545843343831e-01
4.430150753769e-05 2.557946287181e-01 4.430150753769e-05 1.449142642562e-01 4.430150753769e-05 2.450218369743e-01 4.430150753769e-05 3.545827141705e-01
4.663316582915e-05 2.557940928479e-01 4.663316582915e-05 1.449365200257e-01 4.663316582915e-05 2.450158106082e-01 4.663316582915e-05 3.545809265657e-01
4.896482412060e-05 2.557935035544e-01 4.896482412060e-05 1.449603405674e-01 4.896482412060e-05 2.450093184372e-01 4.896482412060e-05 3.545789543129e-01
5.129648241206e-05 2.557928555195e-01 5.129648241206e-05 1.449858342625e-01 5.129648241206e-05 2.450023242616e-01 5.129648241206e-05 3.545767783865e-01
5.362814070352e-05 2.557921428976e-01 5.362814070352e-05 1.450131167648e-01 5.362814070352e-05 2.449947890359e-01 5.362814070352e-05 3.545743778103e-01
5.595979899497e-05 2.557913592632e-01 5.595979899497e-05 1.450423114560e-01 5.595979899497e-05 2.449866706397e-01 5.595979899497e-05 3.545717294604e-01
5.829145728643e-05 2.557904975540e-01 5.829145728643e-05 1.450735499238e-01 5.829145728643e-05 2.449779236292e-01 5.829145728643e-05 3.545688078480e-01
6.062311557789e-05 2.557895500085e-01 6.062311557789e-05 1.451069724654e-01 6.062311557789e-05 2.449684989677e-01 6.062311557789e-05 3.545655848804e-01
6.295477386935e-05 2.557885080971e-01 6.295477386935e-05 1.451427286145e-01 6.295477386935e-05 2.449583437327e-01 6.295477386935e-05 3.545620295994e-01
6.528643216080e-05 2.557873624468e-01 6.528643216080e-05 1.451809776947e-01 6.528643216080e-05 2.449474007982e-01 6.528643216080e-05 3.545581078938e-01
6.761809045226e-05 2.557861027591e-01 6.761809045226e-05 1.452218893974e-01 6.761809045226e-05 2.449356084892e-01 6.761809045226e-05 3.545537821839e-01
6.994974874372e-05 2.557847177191e-01 6.994974874372e-05 1.452656443856e-01 6.994974874372e-05 2.449229002056e-01 6.994974874372e-05 3.545490110766e-01
7.228140703518e-05 2.557831948974e-01 7.228140703518e-05 1.453124349230e-01 7.228140703518e-05 2.449092040132e-01 7.228140703518e-05 3.545437489866e-01
7.461306532663e-05 2.557815206408e-01 7.461306532663e-05 1.453624655277e-01 7.461306532663e-05 2.448944421979e-01 7.461306532663e-05 3.545379457231e-01
7.694472361809e-05 2.557796799547e-01 7.694472361809e-05 1.454159536509e-01 7.694472361809e-05 2.448785307796e-01 7.694472361809e-05 3.545315460366e-01
7.927638190955e-05 2.557776563733e-01 7.927638190955e-05 1.454731303788e-01 7.927638190955e-05 2.448613789823e-01 7.927638190955e-05 3.545244891259e-01
8.160804020101e-05 2.557754318179e-01 8.160804020101e-05 1.455342411574e-01 8.160804020101e-05 2.448428886541e-01 8.160804020101e-05 3.545167080983e-01
8.393969849246e-05 2.557729864424e-01 8.393969849246e-05 1.455995465379e-01 8.393969849246e-05 2.448229536342e-01 8.393969849246e-05 3.545081293833e-01
8.627135678392e-05 2.557702984649e-01 8.627135678392e-05 1.456693229419e-01 8.627135678392e-05 2.448014590595e-01 8.627135678392e-05 3.544986720938e-01
8.860301507538e-05 2.557673439835e-01 8.860301507538e-05 1.457438634434e-01 8.860301507538e-05 2.447782806049e-01 8.860301507538e-05 3.544882473330e-01
9.093467336683e-05 2.557640967763e-01 9.093467336683e-05 1.458234785655e-01 9.093467336683e-05 2.447532836498e-01 9.093467336683e-05 3.544767574426e-01
9.326633165829e-05 2.557605280830e-01 9.326633165829e-05 1.459084970893e-01 9.326633165829e-05 2.447263223628e-01 9.326633165829e-05 3.544640951903e-01
9.559798994975e-05 2.557566063684e-01 9.559798994975e-05 1.459992668710e-01 9.559798994975e-05 2.446972386950e-01 9.559798994975e-05 3.544501428916e-01
9.792964824121e-05 2.557522970651e-01 9.792964824121e-05 1.460961556644e-01 9.792964824121e-05 2.446658612717e-01 9.792964824121e-05 3.544347714664e-01
1.002613065327e-04 2.557475622944e-01 1.002613065327e-04 1.461995519447e-01 1.002613065327e-04 2.446320041699e-01 1.002613065327e-04 3.544178394247e-01
1.025929648241e-04 2.557423605648e-01 1.025929648241e-04 1.463098657295e-01 1.025929648241e-04 2.445954655691e-01 1.025929648241e-04 3.543991917832e-01
1.049246231156e-04 2.557366464458e-01 1.049246231156e-04 1.464275293940e-01 1.049246231156e-04 2.445560262586e-01 1.049246231156e-04 3.543786589104e-01
1.072562814070e-04 2.557303702164e-01 1.072562814070e-04 1.465529984756e-01 1.072562814070e-04 2.445134479859e-01 1.072562814070e-04 3.543560553022e-01
1.095879396985e-04 2.557234774866e-01 1.095879396985e-04 1.466867524656e-01 1.095879396985e-04 2.444674716237e-01 1.095879396985e-04 3.543311782900e-01
1.119195979899e-04 2.557159087916e-01 1.119195979899e-04 1.468292955849e-01 1.119195979899e-04 2.444178151356e-01 1.119195979899e-04 3.543038066866e-01
1.142512562814e-04 2.557075991572e-01 1.142512562814e-04 1.469811575431e-01 1.142512562814e-04 2.443641713127e-01 1.142512562814e-04 3.542736993767e-01
1.165829145729e-04 2.556984776366e-01 1.165829145729e-04 1.471428942825e-01 1.165829145729e-04 2.443062052535e-01 1.165829145729e-04 3.542405938620e-01
1.189145728643e-04 2.556884668176e-01 1.189145728643e-04 1.473150887081e-01 1.189145728643e-04 2.442435515528e-01 1.189145728643e-04 3.542042047765e-01
1.212462311558e-04 2.556774823017e-01 1.212462311558e-04 1.474983514139e-01 1.212462311558e-04 2.441758111629e-01 1.212462311558e-04 3.541642223898e-01
1.235778894472e-04 2.556654321552e-01 1.235778894472e-04 1.476933214147e-01 1.235778894472e-04 2.441025478839e-01 1.235778894472e-04 3.541203111230e-01
1.259095477387e-04 2.556522163346e-01 1.259095477387e-04 1.479006669027e-01 1.259095477387e-04 2.440232844352e-01 1.259095477387e-04 3.540721081088e-01
1.282412060302e-04 2.556377260891e-01 1.282412060302e-04 1.481210860538e-01 1.282412060302e-04 2.439374980543e-01 1.282412060302e-04 3.540192218336e-01
1.305728643216e-04 2.556218433440e-01 1.305728643216e-04 1.483553079200e-01 1.305728643216e-04 2.438446155611e-01 1.305728643216e-04 3.539612309089e-01
1.329045226131e-04 2.556044400708e-01 1.329045226131e-04 1.486040934555e-01 1.329045226131e-04 2.437440078221e-01 1.329045226131e-04 3.538976830288e-01
1.352361809045e-04 2.555853776509e-01 1.352361809045e-04 1.488682367402e-01 1.352361809045e-04 2.436349835370e-01 1.352361809045e-04 3.538280941819e-01
1.375678391960e-04 2.555645062421e-01 1.375678391960e-04 1.491485664806e-01 1.375678391960e-04 2.435167822673e-01 1.375678391960e-04 3.537519481967e-01
1.398994974874e-04 2.555416641602e-01 1.398994974874e-04 1.494459478955e-01 1.398994974874e-04 2.433885666182e-01 1.398994974874e-04 3.536686967128e-01
1.422311557789e-04 2.555166772892e-01 1.422311557789e-04 1.497612851135e-01 1.422311557789e-04 2.432494134782e-01 1.422311557789e-04 3.535777596846e-01
1.445628140704e-04 2.554893585382e-01 1.445628140704e-04 1.500955242478e-01 1.445628140704e-04 2.430983042198e-01 1.445628140704e-04 3.534785265352e-01
1.468944723618e-04 2.554595073672e-01 1.468944723618e-04 1.504496573457e-01 1.468944723618e-04 2.429341137617e-01 1.468944723618e-04 3.533703580924e-01
1.492261306533e-04 2.554269094046e-01 1.492261306533e-04 1.508247274549e-01 1.492261306533e-04 2.427555984004e-01 1.492261306533e-04 3.532525894494e-01
1.515577889447e-04 2.553913361893e-01 1.515577889447e-04 1.512218350961e-01 1.515577889447e-04 2.425613823286e-01 1.515577889447e-04 3.531245339006e-01
1.538894472362e-04 2.553525450692e-01 1.538894472362e-04 1.516421464842e-01 1.538894472362e-04 2.423499427832e-01 1.538894472362e-04 3.529854881061e-01
1.562211055276e-04 2.553102792971e-01 1.562211055276e-04 1.520869038989e-01 1.562211055276e-04 2.421195938018e-01 1.562211055276e-04 3.528347386376e-01
1.585527638191e-04 2.552642683681e-01 1.585527638191e-04 1.525574386640e-01 1.585527638191e-04 2.418684686265e-01 1.585527638191e-04 3.526715700476e-01
1.608844221106e-04 2.552142286484e-01 1.608844221106e-04 1.530551872557e-01 1.608844221106e-04 2.415945008784e-01 1.608844221106e-04 3.524952745819e-01
1.632160804020e-04 2.551598643489e-01 1.632160804020e-04 1.535817111129e-01 1.632160804020e-04 2.412954047490e-01 1.632160804020e-04 3.523051636237e-01
1.655477386935e-04 2.551008689024e-01 1.655477386935e-04 1.541387207652e-01 1.655477386935e-04 2.409686546225e-01 1.655477386935e-04 3.521005809079e-01
1.678793969849e-04 2.550369268049e-01 1.678793969849e-04 1.547281049107e-01 1.678793969849e-04 2.406114647669e-01 1.678793969849e-04 3.518809174819e-01
1.702110552764e-04 2.549677159814e-01 1.702110552764e-04 1.553519650528e-01 1.702110552764e-04 2.402207700318e-01 1.702110552764e-04 3.516456283021e-01
1.725427135678e-04 2.548929107367e-01 1.725427135678e-04 1.560126562261e-01 1.725427135678e-04 2.397932088665e-01 1.725427135678e-04 3.513942502627e-01
1.748743718593e-04 2.548121853450e-01 1.748743718593e-04 1.567128341633e-01 1.748743718593e-04 2.393251104447e-01 1.748743718593e-04 3.511264213295e-01
1.772060301508e-04 2.547252183246e-01 1.772060301508e-04 1.574555089550e-01 1.772060301508e-04 2.388124882535e-01 1.772060301508e-04 3.508419003331e-01
1.795376884422e-04 2.546316974280e-01 1.795376884422e-04 1.582441047701e-01 1.795376884422e-04 2.382510431610e-01 1.795376884422e-04 3.505405868338e-01
1.818693467337e-04 2.545313253605e-01 1.818693467337e-04 1.590825244731e-01 1.818693467337e-04 2.376361797062e-01 1.818693467337e-04 3.502225403500e-01
1.842010050251e-04 2.544238262127e-01 1.842010050251e-04 1.599752169333e-01 1.842010050251e-04 2.369630400923e-01 1.842010050251e-04 3.498879981188e-01
1.865326633166e-04 2.543089525608e-01 1.865326633166e-04 1.609272433668e-01 1.865326633166e-04 2.362265610307e-01 1.865326633166e-04 3.495373904745e-01
1.888643216080e-04 2.541864931509e-01 1.888643216080e-04 1.619443371236e-01 1.888643216080e-04 2.354215590333e-01 1.888643216080e-04 3.491713528831e-01
1.911959798995e-04 2.540562810352e-01 1.911959798995e-04 1.630329488619e-01 1.911959798995e-04 2.345428497864e-01 1.911959798995e-04 3.487907336806e-01
1.935276381910e-04 2.539182019850e-01 1.935276381910e-04 1.642002660328e-01 1.935276381910e-04 2.335854066167e-01 1.935276381910e-04 3.483965966358e-01
1.958592964824e-04 2.537722029481e-01 1.958592964824e-04 1.654541921416e-01 1.958592964824e-04 2.325445614722e-01 1.958592964824e-04 3.479902176124e-01
1.981909547739e-04 2.536183002744e-01 1.981909547739e-04 1.668032676350e-01 1.981909547739e-04 2.314162490084e-01 1.981909547739e-04 3.475730748224e-01
2.005226130653e-04 2.534565873822e-01 2.005226130653e-04 1.682565110334e-01 2.005226130653e-04 2.301972900641e-01 2.005226130653e-04 3.471468324546e-01
2.028542713568e-04 2.532872415082e-01 2.028542713568e-04 1.698231570125e-01 2.028542713568e-04 2.288857050019e-01 2.028542713568e-04 3.467133178044e-01
2.051859296482e-04 2.531105291596e-01 2.051859296482e-04 1.715122688618e-01 2.051859296482e-04 2.274810403531e-01 2.051859296482e-04 3.462744923939e-01
2.075175879397e-04 2.529268098875e-01 2.075175879397e-04 1.733322078542e-01 2.075175879397e-04 2.259846846696e-01 2.075175879397e-04 3.458324179414e-01
2.098492462312e-04 2.527365380232e-01 2.098492462312e-04 1.752899534367e-01 2.098492462312e-04 2.244001426582e-01 2.098492462312e-04 3.453892183682e-01
2.121809045226e-04 2.525402620681e-01 2.121809045226e-04 1.773902873554e-01 2.121809045226e-04 2.227332322219e-01 2.121809045226e-04 3.449470392963e-01
2.145125628141e-04 2.523386215060e-01 2.145125628141e-04 1.796348822114e-01 2.145125628141e-04 2.209921687698e-01 2.145125628141e-04 3.445080066613e-01
2.168442211055e-04 2.521323409102e-01 2.168442211055e-04 1.820213685772e-01 2.168442211055e-04 2.191875066188e-01 2.168442211055e-04 3.440741861283e-01
2.191758793970e-04 2.519222213390e-01 2.191758793970e-04 1.845424894435e-01 2.191758793970e-04 2.173319191300e-01 2.191758793970e-04 3.436475449407e-01
2.215075376884e-04 2.517091291573e-01 2.215075376884e-04 1.871854776034e-01 2.215075376884e-04 2.154398166455e-01 2.215075376884e-04 3.432299176657e-01
2.238391959799e-04 2.514939825572e-01 2.238391959799e-04 1.899317994255e-01 2.238391959799e-04 2.135268219134e-01 2.238391959799e-04 3.428229770407e-01
2.261708542714e-04 2.512777361923e-01 2.261708542714e-04 1.927573869781e-01 2.261708542714e-04 2.116091428107e-01 2.261708542714e-04 3.424282107943e-01
2.285025125628e-04 2.510613644499e-01 2.285025125628e-04 1.956334248233e-01 2.285025125628e-04 2.097028975976e-01 2.285025125628e-04 3.420469049524e-01
2.308341708543e-04 2.508458439768e-01 2.308341708543e-04 1.985276732017e-01 2.308341708543e-04 2.078234551880e-01 2.308341708543e-04 3.416801337703e-01
2.331658291457e-04 2.506321361180e-01 2.331658291457e-04 2.014062125193e-01 2.331658291457e-04 2.059848502865e-01 2.331658291457e-04 3.413287560909e-01
2.354974874372e-04 2.504211699378e-01 2.354974874372e-04 2.042354098313e-01 2.354974874372e-04 2.041993213791e-01 2.354974874372e-04 3.409934176355e-01
2.378291457286e-04 2.502138264495e-01 2.378291457286e-04 2.069838609947e-01 2.378291457286e-04 2.024770012199e-01 2.378291457286e-04 3.406745585084e-01
2.401608040201e-04 2.500109246094e-01 2.401608040201e-04 2.096240669925e-01 2.401608040201e-04 2.008257686549e-01 2.401608040201e-04 3.403724250432e-01
2.424924623116e-04 2.498132095160e-01 2.424924623116e-04 2.121336581114e-01 2.424924623116e-04 1.992512514184e-01 2.424924623116e-04 3.400870850407e-01
2.448241206030e-04 2.496213431281e-01 2.448241206030e-04 2.144960681227e-01 2.448241206030e-04 1.977569549944e-01 2.448241206030e-04 3.398184454355e-01
2.471557788945e-04 2.494358976717e-01 2.471557788945e-04 2.167006570248e-01 2.471557788945e-04 1.963444842762e-01 2.471557788945e-04 3.395662714715e-01
2.494874371859e-04 2.492573517669e-01 2.494874371859e-04 2.187423613612e-01 2.494874371859e-04 1.950138225289e-01 2.494874371859e-04 3.393302065548e-01
2.518190954774e-04 2.490860891754e-01 2.518190954774e-04 2.206210008411e-01 2.518190954774e-04 1.937636348757e-01 2.518190954774e-04 3.391097920637e-01
2.541507537688e-04 2.489223999629e-01 2.541507537688e-04 2.223403857599e-01 2.541507537688e-04 1.925915694346e-01 2.541507537688e-04 3.389044865275e-01
2.564824120603e-04 2.487664837825e-01 2.564824120603e-04 2.239073576987e-01 2.564824120603e-04 1.914945365520e-01 2.564824120603e-04 3.387136837162e-01
2.588140703518e-04 2.486184549328e-01 2.588140703518e-04 2.253308669858e-01 2.588140703518e-04 1.904689538863e-01 2.588140703518e-04 3.385367293144e-01
2.611457286432e-04 2.484783488119e-01 2.611457286432e-04 2.266211553758e-01 2.611457286432e-04 1.895109514357e-01 2.611457286432e-04 3.383729359638e-01
2.634773869347e-04 2.483461293846e-01 2.634773869347e-04 2.277890795585e-01 2.634773869347e-04 1.886165355218e-01 2.634773869347e-04 3.382215965647e-01
2.658090452261e-04 2.482216972966e-01 2.658090452261e-04 2.288455850550e-01 2.658090452261e-04 1.877817141421e-01 2.658090452261e-04 3.380819958060e-01
2.681407035176e-04 2.481048983017e-01 2.681407035176e-04 2.298013222527e-01 2.681407035176e-04 1.870025881462e-01 2.681407035176e-04 3.379534199605e-01
2.704723618090e-04 2.479955317093e-01 2.704723618090e-04 2.306663861198e-01 2.704723618090e-04 1.862754136452e-01 2.704723618090e-04 3.378351650317e-01
2.728040201005e-04 2.478933586114e-01 2.728040201005e-04 2.314501568729e-01 2.728040201005e-04 1.855966412308e-01 2.728040201005e-04 3.377265433710e-01
2.751356783920e-04 2.477981096963e-01 2.751356783920e-04 2.321612186512e-01 2.751356783920e-04 1.849629372426e-01 2.751356783920e-04 3.376268889062e-01
2.774673366834e-04 2.477094925086e-01 2.774673366834e-04 2.328073354136e-01 2.774673366834e-04 1.843711916939e-01 2.774673366834e-04 3.375355611338e-01
2.797989949749e-04 2.476271980585e-01 2.797989949749e-04 2.333954665545e-01 2.797989949749e-04 1.838185167238e-01 2.797989949749e-04 3.374519480283e-01
2.821306532663e-04 2.475509067259e-01 2.821306532663e-04 2.339318082978e-01 2.821306532663e-04 1.833022386838e-01 2.821306532663e-04 3.373754680206e-01
2.844623115578e-04 2.474802934373e-01 2.844623115578e-04 2.344218502644e-01 2.844623115578e-04 1.828198862723e-01 2.844623115578e-04 3.373055711863e-01
2.867939698492e-04 2.474150321208e-01 2.867939698492e-04 2.348704394930e-01 2.867939698492e-04 1.823691765163e-01 2.867939698492e-04 3.372417397785e-01
2.891256281407e-04 2.473547994680e-01 2.891256281407e-04 2.352818465318e-01 2.891256281407e-04 1.819479999011e-01 2.891256281407e-04 3.371834882227e-01
2.914572864322e-04 2.472992780433e-01 2.914572864322e-04 2.356598300340e-01 2.914572864322e-04 1.815544055378e-01 2.914572864322e-04 3.371303626807e-01
2.937889447236e-04 2.472481587941e-01 2.937889447236e-04 2.360076976501e-01 2.937889447236e-04 1.811865869520e-01 2.937889447236e-04 3.370819402762e-01
2.961206030151e-04 2.472011430207e-01 2.961206030151e-04 2.363283619844e-01 2.961206030151e-04 1.808428688381e-01 2.961206030151e-04 3.370378280641e-01
2.984522613065e-04 2.471579438667e-01 2.984522613065e-04 2.366243910653e-01 2.984522613065e-04 1.805216949576e-01 2.984522613065e-04 3.369976618085e-01
3.007839195980e-04 2.471182873901e-01 3.007839195980e-04 2.368980532357e-01 3.007839195980e-04 1.802216172398e-01 3.007839195980e-04 3.369611046309e-01
3.031155778894e-04 2.470819132756e-01 3.031155778894e-04 2.371513566542e-01 3.031155778894e-04 1.799412860654e-01 3.031155778894e-04 3.369278455727e-01
3.054472361809e-04 2.470485752411e-01 3.054472361809e-04 2.373860837726e-01 3.054472361809e-04 1.796794416630e-01 3.054472361809e-04 3.368975981128e-01
3.077788944724e-04 2.470180411917e-01 3.077788944724e-04 2.376038212407e-01 3.077788944724e-04 1.794349065236e-01 3.077788944724e-04 3.368700986707e-01
3.101105527638e-04 2.469900931642e-01 3.101105527638e-04 2.378059857224e-01 3.101105527638e-04 1.792065787220e-01 3.101105527638e-04 3.368451051209e-01
3.124422110553e-04 2.469645271064e-01 3.124422110553e-04 2.379938461072e-01 3.124422110553e-04 1.789934260350e-01 3.124422110553e-04 3.368223953360e-01
3.147738693467e-04 2.469411525231e-01 3.147738693467e-04 2.381685425725e-01 3.147738693467e-04 1.787944807492e-01 3.147738693467e-04 3.368017657751e-01
3.171055276382e-04 2.469197920228e-01 3.171055276382e-04 2.383311029208e-01 3.171055276382e-04 1.786088350590e-01 3.171055276382e-04 3.367830301263e-01
3.194371859296e-04 2.469002807903e-01 3.194371859296e-04 2.384824565708e-01 3.194371859296e-04 1.784356369680e-01 3.194371859296e-04 3.367660180120e-01
3.217688442211e-04 2.468824660071e-01 3.217688442211e-04 2.386234465393e-01 3.217688442211e-04 1.782740866140e-01 3.217688442211e-04 3.367505737606e-01
3.241005025126e-04 2.468662062384e-01 3.241005025126e-04 2.387548397089e-01 3.241005025126e-04 1.781234329544e-01 3.241005025126e-04 3.367365552492e-01
3.264321608040e-04 2.468513708026e-01 3.264321608040e-04 2.388773356369e-01 3.264321608040e-04 1.779829707530e-01 3.264321608040e-04 3.367238328155e-01
3.287638190955e-04 2.468378391350e-01 3.287638190955e-04 2.389915741270e-01 3.287638190955e-04 1.778520378228e-01 3.287638190955e-04 3.367122882411e-01
3.310954773869e-04 2.468255001549e-01 3.310954773869e-04 2.390981417490e-01 3.310954773869e-04 1.777300124867e-01 3.310954773869e-04 3.367018138040e-01
3.334271356784e-04 2.468142516452e-01 3.334271356784e-04 2.391975774706e-01 3.334271356784e-04 1.776163112226e-01 3.334271356784e-04 3.366923113979e-01
3.357587939698e-04 2.468039996499e-01 3.357587939698e-04 2.392903775340e-01 3.357587939698e-04 1.775103864694e-01 3.357587939698e-04 3.366836917159e-01
3.380904522613e-04 2.467946578929e-01 3.380904522613e-04 2.393769996938e-01 3.380904522613e-04 1.774117245723e-01 3.380904522613e-04 3.366758734963e-01
3.404221105528e-04 2.467861472226e-01 3.404221105528e-04 2.394578669133e-01 3.404221105528e-04 1.773198438509e-01 3.404221105528e-04 3.366687828265e-01
3.427537688442e-04 2.467783950835e-01 3.427537688442e-04 2.395333706001e-01 3.427537688442e-04 1.772342927772e-01 3.427537688442e-04 3.366623525020e-01
3.450854271357e-04 2.467713350162e-01 3.450854271357e-04 2.396038734503e-01 3.450854271357e-04 1.771546482530e-01 3.450854271357e-04 3.366565214365e-01
3.474170854271e-04 2.467649061868e-01 3.474170854271e-04 2.396697119583e-01 3.474170854271e-04 1.770805139786e-01 3.474170854271e-04 3.366512341216e-01
3.497487437186e-04 2.467590529446e-01 3.497487437186e-04 2.397311986418e-01 3.497487437186e-04 1.770115189049e-01 3.497487437186e-04 3.366464401301e-01
3.520804020101e-04 2.467537244093e-01 3.520804020101e-04 2.397886240218e-01 3.520804020101e-04 1.769473157652e-01 3.520804020101e-04 3.366420936618e-01
3.544120603015e-04 2.467488740856e-01 3.544120603015e-04 2.398422583917e-01 3.544120603015e-04 1.768875796808e-01 3.544120603015e-04 3.366381531277e-01
3.567437185930e-04 2.467444595045e-01 3.567437185930e-04 2.398923534060e-01 3.567437185930e-04 1.768320068370e-01 3.567437185930e-04 3.366345807704e-01
3.590753768844e-04 2.467404418915e-01 3.590753768844e-04 2.399391435098e-01 3.590753768844e-04 1.767803132264e-01 3.590753768844e-04 3.366313423167e-01
3.614070351759e-04 2.467367858579e-01 3.614070351759e-04 2.399828472334e-01 3.614070351759e-04 1.767322334564e-01 3.614070351759e-04 3.366284066613e-01
3.637386934673e-04 2.467334591169e-01 3.637386934673e-04 2.400236683651e-01 3.637386934673e-04 1.766875196182e-01 3.637386934673e-04 3.366257455780e-01
3.660703517588e-04 2.467304322207e-01 3.660703517588e-04 2.400617970210e-01 3.660703517588e-04 1.766459402155e-01 3.660703517588e-04 3.366233334564e-01
3.684020100503e-04 2.467276783182e-01 3.684020100503e-04 2.400974106205e-01 3.684020100503e-04 1.766072791490e-01 3.684020100503e-04 3.366211470623e-01
3.707336683417e-04 2.467251729329e-01 3.707336683417e-04 2.401306747811e-01 3.707336683417e-04 1.765713347572e-01 3.707336683417e-04 3.366191653195e-01
3.730653266332e-04 2.467228937577e-01 3.730653266332e-04 2.401617441389e-01 3.730653266332e-04 1.765379189078e-01 3.730653266332e-04 3.366173691113e-01
3.753969849246e-04 2.467208204672e-01 3.753969849246e-04 2.401907631055e-01 3.753969849246e-04 1.765068561414e-01 3.753969849246e-04 3.366157410995e-01
3.777286432161e-04 2.467189345451e-01 3.777286432161e-04 2.402178665648e-01 3.777286432161e-04 1.764779828616e-01 3.777286432161e-04 3.366142655607e-01
3.800603015075e-04 2.467172191262e-01 3.800603015075e-04 2.402431805177e-01 3.800603015075e-04 1.764511465733e-01 3.800603015075e-04 3.366129282365e-01
3.823919597990e-04 2.467156588517e-01 3.823919597990e-04 2.402668226795e-01 3.823919597990e-04 1.764262051632e-01 3.823919597990e-04 3.366117161981e-01
3.847236180905e-04 2.467142397365e-01 3.847236180905e-04 2.402889030329e-01 3.847236180905e-04 1.764030262244e-01 3.847236180905e-04 3.366106177226e-01
3.870552763819e-04 2.467129490481e-01 3.870552763819e-04 2.403095243423e-01 3.870552763819e-04 1.763814864197e-01 3.870552763819e-04 3.366096221819e-01
3.893869346734e-04 2.467117751960e-01 3.893869346734e-04 2.403287826312e-01 3.893869346734e-04 1.763614708843e-01 3.893869346734e-04 3.366087199399e-01
3.917185929648e-04 2.467107076301e-01 3.917185929648e-04 2.403467676274e-01 3.917185929648e-04 1.763428726643e-01 3.917185929648e-04 3.366079022612e-01
3.940502512563e-04 2.467097367485e-01 3.940502512563e-04 2.403635631768e-01 3.940502512563e-04 1.763255921896e-01 3.940502512563e-04 3.366071612266e-01
3.963819095477e-04 2.467088538128e-01 3.963819095477e-04 2.403792476293e-01 3.963819095477e-04 1.763095367806e-01 3.963819095477e-04 3.366064896575e-01
3.987135678392e-04 2.467080508715e-01 3.987135678392e-04 2.403938941989e-01 3.987135678392e-04 1.762946201846e-01 3.987135678392e-04 3.366058810466e-01
4.010452261307e-04 2.467073206893e-01 4.010452261307e-04 2.404075713000e-01 4.010452261307e-04 1.762807621421e-01 4.010452261307e-04 3.366053294953e-01
4.033768844221e-04 2.467066566832e-01 4.033768844221e-04 2.404203428604e-01 4.033768844221e-04 1.762678879814e-01 4.033768844221e-04 3.366048296571e-01
4.057085427136e-04 2.467060528642e-01 4.057085427136e-04 2.404322686146e-01 4.057085427136e-04 1.762559282381e-01 4.057085427136e-04 3.366043766859e-01
4.080402010050e-04 2.467055037837e-01 4.080402010050e-04 2.404434043778e-01 4.080402010050e-04 1.762448183003e-01 4.080402010050e-04 3.366039661893e-01
4.103718592965e-04 2.467050044851e-01 4.103718592965e-04 2.404538023010e-01 4.103718592965e-04 1.762344980762e-01 4.103718592965e-04 3.366035941862e-01
4.127035175879e-04 2.467045504598e-01 4.127035175879e-04 2.404635111103e-01 4.127035175879e-04 1.762249116844e-01 4.127035175879e-04 3.366032570682e-01
4.150351758794e-04 2.467041376066e-01 4.150351758794e-04 2.404725763308e-01 4.150351758794e-04 1.762160071636e-01 4.150351758794e-04 3.366029515652e-01
4.173668341709e-04 2.467037621952e-01 4.173668341709e-04 2.404810404947e-01 4.173668341709e-04 1.762077362023e-01 4.173668341709e-04 3.366026747131e-01
4.196984924623e-04 2.467034208326e-01 4.196984924623e-04 2.404889433375e-01 4.196984924623e-04 1.762000538866e-01 4.196984924623e-04 3.366024238259e-01
4.220301507538e-04 2.467031104330e-01 4.220301507538e-04 2.404963219801e-01 4.220301507538e-04 1.761929184644e-01 4.220301507538e-04 3.366021964689e-01
4.243618090452e-04 2.467028281896e-01 4.243618090452e-04 2.405032110999e-01 4.243618090452e-04 1.761862911260e-01 4.243618090452e-04 3.366019904358e-01
4.266934673367e-04 2.467025715501e-01 4.266934673367e-04 2.405096430904e-01 4.266934673367e-04 1.761801357990e-01 4.266934673367e-04 3.366018037271e-01
4.290251256281e-04 2.467023381928e-01 4.290251256281e-04 2.405156482108e-01 4.290251256281e-04 1.761744189579e-01 4.290251256281e-04 3.366016345306e-01
4.313567839196e-04 2.467021260068e-01 4.313567839196e-04 2.405212547254e-01 4.313567839196e-04 1.761691094458e-01 4.313567839196e-04 3.366014812041e-01
4.336884422111e-04 2.467019330722e-01 4.336884422111e-04 2.405264890346e-01 4.336884422111e-04 1.761641783091e-01 4.336884422111e-04 3.366013422593e-01
4.360201005025e-04 2.467017576429e-01 4.360201005025e-04 2.405313757967e-01 4.360201005025e-04 1.761595986429e-01 4.360201005025e-04 3.366012163473e-01
4.383517587940e-04 2.467015981313e-01 4.383517587940e-04 2.405359380424e-01 4.383517587940e-04 1.761553454471e-01 4.383517587940e-04 3.366011022460e-01
4.406834170854e-04 2.467014530936e-01 4.406834170854e-04 2.405401972815e-01 4.406834170854e-04 1.761513954933e-01 4.406834170854e-04 3.366009988474e-01
4.430150753769e-04 2.467013212168e-01 4.430150753769e-04 2.405441736028e-01 4.430150753769e-04 1.761477271994e-01 4.430150753769e-04 3.366009051480e-01
4.453467336683e-04 2.467012013070e-01 4.453467336683e-04 2.405478857673e-01 4.453467336683e-04 1.761443205145e-01 4.453467336683e-04 3.366008202378e-01
4.476783919598e-04 2.467010922786e-01 4.476783919598e-04 2.405513512958e-01 4.476783919598e-04 1.761411568101e-01 4.476783919598e-04 3.366007432926e-01
4.500100502513e-04 2.467009931443e-01 4.500100502513e-04 2.405545865500e-01 4.500100502513e-04 1.761382187808e-01 4.500100502513e-04 3.366006735652e-01
4.523417085427e-04 2.467009030065e-01 4.523417085427e-04 2.405576068094e-01 4.523417085427e-04 1.761354903499e-01 4.523417085427e-04 3.366006103786e-01
4.546733668342e-04 2.467008210488e-01 4.546733668342e-04 2.405604263420e-01 4.546733668342e-04 1.761329565833e-01 4.546733668342e-04 3.366005531193e-01
4.570050251256e-04 2.467007465291e-01 4.570050251256e-04 2.405630584713e-01 4.570050251256e-04 1.761306036084e-01 4.570050251256e-04 3.366005012314e-01
4.593366834171e-04 2.467006787724e-01 4.593366834171e-04 2.405655156384e-01 4.593366834171e-04 1.761284185390e-01 4.593366834171e-04 3.366004542109e-01
4.616683417085e-04 2.467006171650e-01 4.616683417085e-04 2.405678094604e-01 4.616683417085e-04 1.761263894057e-01 4.616683417085e-04 3.366004116013e-01
4.640000000000e-04 2.467005611490e-01 4.640000000000e-04 2.405699507844e-01 4.640000000000e-04 1.761245050903e-01 4.640000000000e-04 3.366003729888e-01
