0.000000000000e+00 3.148000000000e-01 0.000000000000e+00 3.105500000000e-01 0.000000000000e+00 1.857000000000e-01 0.000000000000e+00 1.911000000000e-01
1.804020100503e-06 3.148000000000e-01 1.804020100503e-06 3.105500000000e-01 1.804020100503e-06 1.857000000000e-01 1.804020100503e-06 1.911000000000e-01
3.608040201005e-06 3.148000000000e-01 3.608040201005e-06 3.105500000000e-01 3.608040201005e-06 1.857000000000e-01 3.608040201005e-06 1.911000000000e-01
5.412060301508e-06 3.148000000000e-01 5.412060301508e-06 3.105500000000e-01 5.412060301508e-06 1.857000000000e-01 5.412060301508e-06 1.911000000000e-01
7.216080402010e-06 3.148000000000e-01 7.216080402010e-06 3.105500000000e-01 7.216080402010e-06 1.857000000000e-01 7.216080402010e-06 1.911000000000e-01
9.020100502513e-06 3.148000000000e-01 9.020100502513e-06 3.105500000000e-01 9.020100502513e-06 1.857000000000e-01 9.020100502513e-06 1.911000000000e-01
1.082412060302e-05 3.148000000000e-01 1.082412060302e-05 3.105500000000e-01 1.082412060302e-05 1.857000000000e-01 1.082412060302e-05 1.911000000000e-01
1.262814070352e-05 3.148000000000e-01 1.262814070352e-05 3.105500000000e-01 1.262814070352e-05 1.857000000000e-01 1.262814070352e-05 1.911000000000e-01
1.443216080402e-05 3.148000000000e-01 1.443216080402e-05 3.105500000000e-01 1.443216080402e-05 1.857000000000e-01 1.443216080402e-05 1.911000000000e-01
1.623618090452e-05 3.148000000000e-01 1.623618090452e-05 3.105500000000e-01 1.623618090452e-05 1.857000000000e-01 1.623618090452e-05 1.911000000000e-01
1.804020100503e-05 3.148000000000e-01 1.804020100503e-05 3.105500000000e-01 1.804020100503e-05 1.857000000000e-01 1.804020100503e-05 1.911000000000e-01
1.984422110553e-05 3.148000000000e-01 1.984422110553e-05 3.105500000000e-01 1.984422110553e-05 1.857000000000e-01 1.984422110553e-05 1.911000000000e-01
2.164824120603e-05 3.148000000000e-01 2.164824120603e-05 3.105500000000e-01 2.164824120603e-05 1.857000000000e-01 2.164824120603e-05 1.911000000000e-01
2.345226130653e-05 3.148000000000e-01 2.345226130653e-05 3.105500000000e-01 2.345226130653e-05 1.857000000000e-01 2.345226130653e-05 1.911000000000e-01
2.525628140704e-05 3.148000000000e-01 2.525628140704e-05 3.105500000000e-01 2.525628140704e-05 1.857000000000e-01 2.525628140704e-05 1.911000000000e-01
2.706030150754e-05 3.148000000000e-01 2.706030150754e-05 3.105500000000e-01 2.706030150754e-05 1.857000000000e-01 2.706030150754e-05 1.911000000000e-01
2.886432160804e-05 3.148000000000e-01 2.886432160804e-05 3.105500000000e-01 2.886432160804e-05 1.857000000000e-01 2.886432160804e-05 1.911000000000e-01
3.066834170854e-05 3.148000000000e-01 3.066834170854e-05 3.105500000000e-01 3.066834170854e-05 1.857000000000e-01 3.066834170854e-05 1.911000000000e-01
3.247236180905e-05 3.148000000000e-01 3.247236180905e-05 3.105500000000e-01 3.247236180905e-05 1.857000000000e-01 3.247236180905e-05 1.911000000000e-01
3.427638190955e-05 3.148000000000e-01 3.427638190955e-05 3.105500000000e-01 3.427638190955e-05 1.857000000000e-01 3.427638190955e-05 1.911000000000e-01
3.608040201005e-05 3.148000000000e-01 3.608040201005e-05 3.105500000000e-01 3.608040201005e-05 1.857000000000e-01 3.608040201005e-05 1.911000000000e-01
3.788442211055e-05 3.148000000000e-01 3.788442211055e-05 3.105500000000e-01 3.788442211055e-05 1.857000000000e-01 3.788442211055e-05 1.911000000000e-01
3.968844221106e-05 3.148000000000e-01 3.968844221106e-05 3.105500000000e-01 3.968844221106e-05 1.857000000000e-01 3.968844221106e-05 1.911000000000e-01
4.149246231156e-05 3.148000000000e-01 4.149246231156e-05 3.105500000000e-01 4.149246231156e-05 1.857000000000e-01 4.149246231156e-05 1.911000000000e-01
4.329648241206e-05 3.148000000000e-01 4.329648241206e-05 3.105500000000e-01 4.329648241206e-05 1.857000000000e-01 4.329648241206e-05 1.911000000000e-01
4.510050251256e-05 3.148000000000e-01 4.510050251256e-05 3.105500000000e-01 4.510050251256e-05 1.857000000000e-01 4.510050251256e-05 1.911000000000e-01
4.690452261307e-05 3.148000000000e-01 4.690452261307e-05 3.105500000000e-01 4.690452261307e-05 1.857000000000e-01 4.690452261307e-05 1.911000000000e-01
4.870854271357e-05 3.148000000000e-01 4.870854271357e-05 3.105500000000e-01 4.870854271357e-05 1.857000000000e-01 4.870854271357e-05 1.911000000000e-01
5.051256281407e-05 3.148000000000e-01 5.051256281407e-05 3.105500000000e-01 5.051256281407e-05 1.857000000000e-01 5.051256281407e-05 1.911000000000e-01
5.231658291457e-05 3.148000000000e-01 5.231658291457e-05 3.105500000000e-01 5.231658291457e-05 1.857000000000e-01 5.231658291457e-05 1.911000000000e-01
5.412060301508e-05 3.148000000000e-01 5.412060301508e-05 3.105500000000e-01 5.412060301508e-05 1.857000000000e-01 5.412060301508e-05 1.911000000000e-01
5.592462311558e-05 3.148000000000e-01 5.592462311558e-05 3.105500000000e-01 5.592462311558e-05 1.857000000000e-01 5.592462311558e-05 1.911000000000e-01
5.772864321608e-05 3.148000000000e-01 5.772864321608e-05 3.105500000000e-01 5.772864321608e-05 1.857000000000e-01 5.772864321608e-05 1.911000000000e-01
5.953266331658e-05 3.148000000000e-01 5.953266331658e-05 3.105500000000e-01 5.953266331658e-05 1.857000000000e-01 5.953266331658e-05 1.911000000000e-01
6.133668341709e-05 3.148000000000e-01 6.133668341709e-05 3.105500000000e-01 6.133668341709e-05 1.857000000000e-01 6.133668341709e-05 1.911000000000e-01
6.314070351759e-05 3.148000000000e-01 6.314070351759e-05 3.105500000000e-01 6.314070351759e-05 1.857000000000e-01 6.314070351759e-05 1.911000000000e-01
6.494472361809e-05 3.148000000000e-01 6.494472361809e-05 3.105500000000e-01 6.494472361809e-05 1.857000000000e-01 6.494472361809e-05 1.911000000000e-01
6.674874371859e-05 3.148000000000e-01 6.674874371859e-05 3.105500000000e-01 6.674874371859e-05 1.857000000000e-01 6.674874371859e-05 1.911000000000e-01
6.855276381910e-05 3.148000000000e-01 6.855276381910e-05 3.105500000000e-01 6.855276381910e-05 1.857000000000e-01 6.855276381910e-05 1.911000000000e-01
7.035678391960e-05 3.148000000000e-01 7.035678391960e-05 3.105500000000e-01 7.035678391960e-05 1.857000000000e-01 7.035678391960e-05 1.911000000000e-01
7.216080402010e-05 3.148000000000e-01 7.216080402010e-05 3.105500000000e-01 7.216080402010e-05 1.857000000000e-01 7.216080402010e-05 1.911000000000e-01
7.396482412060e-05 3.148000000000e-01 7.396482412060e-05 3.105500000000e-01 7.396482412060e-05 1.857000000000e-01 7.396482412060e-05 1.911000000000e-01
7.576884422111e-05 3.148000000000e-01 7.576884422111e-05 3.105500000000e-01 7.576884422111e-05 1.857000000000e-01 7.576884422111e-05 1.911000000000e-01
7.757286432161e-05 3.148000000000e-01 7.757286432161e-05 3.105500000000e-01 7.757286432161e-05 1.857000000000e-01 7.757286432161e-05 1.911000000000e-01
7.937688442211e-05 3.148000000000e-01 7.937688442211e-05 3.105500000000e-01 7.937688442211e-05 1.857000000000e-01 7.937688442211e-05 1.911000000000e-01
8.118090452261e-05 3.148000000000e-01 8.118090452261e-05 3.105500000000e-01 8.118090452261e-05 1.857000000000e-01 8.118090452261e-05 1.911000000000e-01
8.298492462312e-05 3.148000000000e-01 8.298492462312e-05 3.105500000000e-01 8.298492462312e-05 1.857000000000e-01 8.298492462312e-05 1.911000000000e-01
8.478894472362e-05 3.148000000000e-01 8.478894472362e-05 3.105500000000e-01 8.478894472362e-05 1.857000000000e-01 8.478894472362e-05 1.911000000000e-01
8.659296482412e-05 3.148000000000e-01 8.659296482412e-05 3.105500000000e-01 8.659296482412e-05 1.857000000000e-01 8.659296482412e-05 1.911000000000e-01
8.839698492462e-05 3.148000000000e-01 8.839698492462e-05 3.105500000000e-01 8.839698492462e-05 1.857000000000e-01 8.839698492462e-05 1.911000000000e-01
9.020100502513e-05 3.148000000000e-01 9.020100502513e-05 3.105500000000e-01 9.020100502513e-05 1.857000000000e-01 9.020100502513e-05 1.911000000000e-01
9.200502512563e-05 3.148000000000e-01 9.200502512563e-05 3.105500000000e-01 9.200502512563e-05 1.857000000000e-01 9.200502512563e-05 1.911000000000e-01
9.380904522613e-05 3.148000000000e-01 9.380904522613e-05 3.105500000000e-01 9.380904522613e-05 1.857000000000e-01 9.380904522613e-05 1.911000000000e-01
9.561306532663e-05 3.148000000000e-01 9.561306532663e-05 3.105500000000e-01 9.561306532663e-05 1.857000000000e-01 9.561306532663e-05 1.911000000000e-01
9.741708542714e-05 3.148000000000e-01 9.741708542714e-05 3.105500000000e-01 9.741708542714e-05 1.857000000000e-01 9.741708542714e-05 1.911000000000e-01
9.922110552764e-05 3.148000000000e-01 9.922110552764e-05 3.105500000000e-01 9.922110552764e-05 1.857000000000e-01 9.922110552764e-05 1.911000000000e-01
1.010251256281e-04 3.148000000000e-01 1.010251256281e-04 3.105500000000e-01 1.010251256281e-04 1.857000000000e-01 1.010251256281e-04 1.911000000000e-01
1.028291457286e-04 3.148000000000e-01 1.028291457286e-04 3.105500000000e-01 1.028291457286e-04 1.857000000000e-01 1.028291457286e-04 1.911000000000e-01
1.046331658291e-04 3.148000000000e-01 1.046331658291e-04 3.105500000000e-01 1.046331658291e-04 1.857000000000e-01 1.046331658291e-04 1.911000000000e-01
1.064371859296e-04 3.148000000000e-01 1.064371859296e-04 3.105500000000e-01 1.064371859296e-04 1.857000000000e-01 1.064371859296e-04 1.911000000000e-01
1.082412060302e-04 3.148000000000e-01 1.082412060302e-04 3.105500000000e-01 1.082412060302e-04 1.857000000000e-01 1.082412060302e-04 1.911000000000e-01
1.100452261307e-04 3.148000000000e-01 1.100452261307e-04 3.105500000000e-01 1.100452261307e-04 1.857000000000e-01 1.100452261307e-04 1.911000000000e-01
1.118492462312e-04 3.147999999999e-01 1.118492462312e-04 3.105500000000e-01 1.118492462312e-04 1.857000000000e-01 1.118492462312e-04 1.911000000000e-01
1.136532663317e-04 3.147999999999e-01 1.136532663317e-04 3.105500000000e-01 1.136532663317e-04 1.857000000000e-01 1.136532663317e-04 1.911000000000e-01
1.154572864322e-04 3.147999999997e-01 1.154572864322e-04 3.105500000000e-01 1.154572864322e-04 1.857000000000e-01 1.154572864322e-04 1.911000000000e-01
1.172613065327e-04 3.147999999994e-01 1.172613065327e-04 3.105500000000e-01 1.172613065327e-04 1.857000000000e-01 1.172613065327e-04 1.911000000001e-01
1.190653266332e-04 3.147999999986e-01 1.190653266332e-04 3.105500000000e-01 1.190653266332e-04 1.857000000000e-01 1.190653266332e-04 1.911000000003e-01
1.208693467337e-04 3.147999999970e-01 1.208693467337e-04 3.105500000000e-01 1.208693467337e-04 1.857000000000e-01 1.208693467337e-04 1.911000000006e-01
1.226733668342e-04 3.147999999934e-01 1.226733668342e-04 3.105500000000e-01 1.226733668342e-04 1.857000000000e-01 1.226733668342e-04 1.911000000014e-01
1.244773869347e-04 3.147999999854e-01 1.244773869347e-04 3.105500000000e-01 1.244773869347e-04 1.857000000000e-01 1.244773869347e-04 1.911000000034e-01
1.262814070352e-04 3.147999999679e-01 1.262814070352e-04 3.105500000000e-01 1.262814070352e-04 1.857000000000e-01 1.262814070352e-04 1.911000000079e-01
1.280854271357e-04 3.147999999292e-01 1.280854271357e-04 3.105500000000e-01 1.280854271357e-04 1.857000000000e-01 1.280854271357e-04 1.911000000187e-01
1.298894472362e-04 3.147999998439e-01 1.298894472362e-04 3.105500000000e-01 1.298894472362e-04 1.857000000000e-01 1.298894472362e-04 1.911000000443e-01
1.316934673367e-04 3.147999996560e-01 1.316934673367e-04 3.105500000000e-01 1.316934673367e-04 1.857000000000e-01 1.316934673367e-04 1.911000001048e-01
1.334974874372e-04 3.147999992418e-01 1.334974874372e-04 3.105500000000e-01 1.334974874372e-04 1.857000000000e-01 1.334974874372e-04 1.911000002476e-01
1.353015075377e-04 3.147999983289e-01 1.353015075377e-04 3.105500000000e-01 1.353015075377e-04 1.857000000000e-01 1.353015075377e-04 1.911000005854e-01
1.371055276382e-04 3.147999963171e-01 1.371055276382e-04 3.105500000000e-01 1.371055276382e-04 1.857000000000e-01 1.371055276382e-04 1.911000013840e-01
1.389095477387e-04 3.147999918832e-01 1.389095477387e-04 3.105500000000e-01 1.389095477387e-04 1.857000000000e-01 1.389095477387e-04 1.911000032718e-01
1.407135678392e-04 3.147999821110e-01 1.407135678392e-04 3.105500000000e-01 1.407135678392e-04 1.857000000000e-01 1.407135678392e-04 1.911000077346e-01
1.425175879397e-04 3.147999605739e-01 1.425175879397e-04 3.105500000000e-01 1.425175879397e-04 1.857000000000e-01 1.425175879397e-04 1.911000182849e-01
1.443216080402e-04 3.147999131075e-01 1.443216080402e-04 3.105500000000e-01 1.443216080402e-04 1.857000000000e-01 1.443216080402e-04 1.911000432264e-01
1.461256281407e-04 3.147998084950e-01 1.461256281407e-04 3.105500000000e-01 1.461256281407e-04 1.857000000000e-01 1.461256281407e-04 1.911001021891e-01
1.479296482412e-04 3.147995779372e-01 1.479296482412e-04 3.105500000000e-01 1.479296482412e-04 1.857000000000e-01 1.479296482412e-04 1.911002415792e-01
1.497336683417e-04 3.147990698096e-01 1.497336683417e-04 3.105500000000e-01 1.497336683417e-04 1.857000000000e-01 1.497336683417e-04 1.911005711010e-01
1.515376884422e-04 3.147979499607e-01 1.515376884422e-04 3.105500000000e-01 1.515376884422e-04 1.857000000000e-01 1.515376884422e-04 1.911013500908e-01
1.533417085427e-04 3.147954820377e-01 1.533417085427e-04 3.105500000000e-01 1.533417085427e-04 1.857000000000e-01 1.533417085427e-04 1.911031915739e-01
1.551457286432e-04 3.147900436268e-01 1.551457286432e-04 3.105500000000e-01 1.551457286432e-04 1.857000000000e-01 1.551457286432e-04 1.911075444512e-01
1.569497487437e-04 3.147780612634e-01 1.569497487437e-04 3.105500000000e-01 1.569497487437e-04 1.857000000000e-01 1.569497487437e-04 1.911178322057e-01
1.587537688442e-04 3.147516700712e-01 1.587537688442e-04 3.105500000000e-01 1.587537688442e-04 1.857000000000e-01 1.587537688442e-04 1.911421381443e-01
1.605577889447e-04 3.146935886345e-01 1.605577889447e-04 3.105500000000e-01 1.605577889447e-04 1.857000000000e-01 1.605577889447e-04 1.911995160560e-01
1.623618090452e-04 3.145659811744e-01 1.623618090452e-04 3.105500000000e-01 1.623618090452e-04 1.857000000000e-01 1.623618090452e-04 1.913347018751e-01
1.641658291457e-04 3.142866532823e-01 1.641658291457e-04 3.105500000000e-01 1.641658291457e-04 1.857000000000e-01 1.641658291457e-04 1.916517594587e-01
1.659698492462e-04 3.136799439612e-01 1.659698492462e-04 3.105500000000e-01 1.659698492462e-04 1.857000000000e-01 1.659698492462e-04 1.923875856904e-01
1.677738693467e-04 3.123820187271e-01 1.677738693467e-04 3.105500000000e-01 1.677738693467e-04 1.857000000000e-01 1.677738693467e-04 1.940556143276e-01
1.695778894472e-04 3.096679838662e-01 1.695778894472e-04 3.105500000000e-01 1.695778894472e-04 1.857000000000e-01 1.695778894472e-04 1.976598567112e-01
1.713819095477e-04 3.039399616427e-01 1.713819095477e-04 3.105500000000e-01 1.713819095477e-04 1.857000000000e-01 1.713819095477e-04 2.049280645451e-01
1.731859296482e-04 2.887724040504e-01 1.731859296482e-04 3.105500000000e-01 1.731859296482e-04 1.857000000000e-01 1.731859296482e-04 2.204441316222e-01
1.749899497487e-04 2.480906621581e-01 1.749899497487e-04 3.105500000000e-01 1.749899497487e-04 1.857000000000e-01 1.749899497487e-04 2.587711177624e-01
1.767939698492e-04 2.179394362680e-01 1.767939698492e-04 3.105500000000e-01 1.767939698492e-04 1.857000000000e-01 1.767939698492e-04 2.899989782230e-01
1.785979899497e-04 2.070000916427e-01 1.785979899497e-04 3.105500000000e-01 1.785979899497e-04 1.857000000000e-01 1.785979899497e-04 2.991022337091e-01
1.804020100503e-04 2.017446363215e-01 1.804020100503e-04 3.105500000000e-01 1.804020100503e-04 1.857000000000e-01 1.804020100503e-04 3.023647023009e-01
1.822060301508e-04 1.990916644055e-01 1.822060301508e-04 3.105500000000e-01 1.822060301508e-04 1.857000000000e-01 1.822060301508e-04 3.037533293082e-01
1.840100502513e-04 1.978089757470e-01 1.840100502513e-04 3.105500000000e-01 1.840100502513e-04 1.857000000000e-01 1.840100502513e-04 3.043532778987e-01
1.858140703518e-04 1.972083322449e-01 1.858140703518e-04 3.105500000000e-01 1.858140703518e-04 1.857000000000e-01 1.858140703518e-04 3.046102386134e-01
1.876180904523e-04 1.969317320193e-01 1.876180904523e-04 3.105500000000e-01 1.876180904523e-04 1.857000000000e-01 1.876180904523e-04 3.047195807338e-01
1.894221105528e-04 1.968053701450e-01 1.894221105528e-04 3.105500000000e-01 1.894221105528e-04 1.857000000000e-01 1.894221105528e-04 3.047659550271e-01
1.912261306533e-04 1.967478566393e-01 1.912261306533e-04 3.105500000000e-01 1.912261306533e-04 1.857000000000e-01 1.912261306533e-04 3.047855939157e-01
1.930301507538e-04 1.967217238043e-01 1.930301507538e-04 3.105500000000e-01 1.930301507538e-04 1.857000000000e-01 1.930301507538e-04 3.047939052874e-01
1.948341708543e-04 1.967098588122e-01 1.948341708543e-04 3.105500000000e-01 1.948341708543e-04 1.857000000000e-01 1.948341708543e-04 3.047974217557e-01
1.966381909548e-04 1.967044736875e-01 1.966381909548e-04 3.105500000000e-01 1.966381909548e-04 1.857000000000e-01 1.966381909548e-04 3.047989093650e-01
1.984422110553e-04 1.967020299487e-01 1.984422110553e-04 3.105500000000e-01 1.984422110553e-04 1.857000000000e-01 1.984422110553e-04 3.047995386524e-01
2.002462311558e-04 1.967009210743e-01 2.002462311558e-04 3.105500000000e-01 2.002462311558e-04 1.857000000000e-01 2.002462311558e-04 3.047998048474e-01
2.020502512563e-04 1.967004179264e-01 2.020502512563e-04 3.105500000000e-01 2.020502512563e-04 1.857000000000e-01 2.020502512563e-04 3.047999174496e-01
2.038542713568e-04 1.967001896282e-01 2.038542713568e-04 3.105500000000e-01 2.038542713568e-04 1.857000000000e-01 2.038542713568e-04 3.047999650809e-01
2.056582914573e-04 1.967000860409e-01 2.056582914573e-04 3.105500000000e-01 2.056582914573e-04 1.857000000000e-01 2.056582914573e-04 3.047999852291e-01
2.074623115578e-04 1.967000390397e-01 2.074623115578e-04 3.105500000000e-01 2.074623115578e-04 1.857000000000e-01 2.074623115578e-04 3.047999937518e-01
2.092663316583e-04 1.967000177137e-01 2.092663316583e-04 3.105500000000e-01 2.092663316583e-04 1.857000000000e-01 2.092663316583e-04 3.047999973570e-01
2.110703517588e-04 1.967000080373e-01 2.110703517588e-04 3.105500000000e-01 2.110703517588e-04 1.857000000000e-01 2.110703517588e-04 3.047999988820e-01
2.128743718593e-04 1.967000036468e-01 2.128743718593e-04 3.105500000000e-01 2.128743718593e-04 1.857000000000e-01 2.128743718593e-04 3.047999995271e-01
2.146783919598e-04 1.967000016547e-01 2.146783919598e-04 3.105500000000e-01 2.146783919598e-04 1.857000000000e-01 2.146783919598e-04 3.047999998000e-01
2.164824120603e-04 1.967000007508e-01 2.164824120603e-04 3.105500000000e-01 2.164824120603e-04 1.857000000000e-01 2.164824120603e-04 3.047999999154e-01
2.182864321608e-04 1.967000003407e-01 2.182864321608e-04 3.105500000000e-01 2.182864321608e-04 1.857000000000e-01 2.182864321608e-04 3.047999999642e-01
2.200904522613e-04 1.967000001546e-01 2.200904522613e-04 3.105500000000e-01 2.200904522613e-04 1.857000000000e-01 2.200904522613e-04 3.047999999849e-01
2.218944723618e-04 1.967000000701e-01 2.218944723618e-04 3.105500000000e-01 2.218944723618e-04 1.857000000000e-01 2.218944723618e-04 3.047999999936e-01
2.236984924623e-04 1.967000000318e-01 2.236984924623e-04 3.105500000000e-01 2.236984924623e-04 1.857000000000e-01 2.236984924623e-04 3.047999999973e-01
2.255025125628e-04 1.967000000144e-01 2.255025125628e-04 3.105500000000e-01 2.255025125628e-04 1.857000000000e-01 2.255025125628e-04 3.047999999989e-01
2.273065326633e-04 1.967000000066e-01 2.273065326633e-04 3.105500000000e-01 2.273065326633e-04 1.857000000000e-01 2.273065326633e-04 3.047999999995e-01
2.291105527638e-04 1.967000000030e-01 2.291105527638e-04 3.105500000000e-01 2.291105527638e-04 1.857000000000e-01 2.291105527638e-04 3.047999999998e-01
2.309145728643e-04 1.967000000013e-01 2.309145728643e-04 3.105500000000e-01 2.309145728643e-04 1.857000000000e-01 2.309145728643e-04 3.047999999999e-01
2.327185929648e-04 1.967000000006e-01 2.327185929648e-04 3.105500000000e-01 2.327185929648e-04 1.857000000000e-01 2.327185929648e-04 3.048000000000e-01
2.345226130653e-04 1.967000000003e-01 2.345226130653e-04 3.105500000000e-01 2.345226130653e-04 1.857000000000e-01 2.345226130653e-04 3.048000000000e-01
2.363266331658e-04 1.967000000001e-01 2.363266331658e-04 3.105500000000e-01 2.363266331658e-04 1.857000000000e-01 2.363266331658e-04 3.048000000000e-01
2.381306532663e-04 1.967000000001e-01 2.381306532663e-04 3.105500000000e-01 2.381306532663e-04 1.857000000000e-01 2.381306532663e-04 3.048000000000e-01
2.399346733668e-04 1.967000000000e-01 2.399346733668e-04 3.105500000000e-01 2.399346733668e-04 1.857000000000e-01 2.399346733668e-04 3.048000000000e-01
2.417386934673e-04 1.967000000000e-01 2.417386934673e-04 3.105500000000e-01 2.417386934673e-04 1.857000000000e-01 2.417386934673e-04 3.048000000000e-01
2.435427135678e-04 1.967000000000e-01 2.435427135678e-04 3.105500000000e-01 2.435427135678e-04 1.857000000000e-01 2.435427135678e-04 3.048000000000e-01
2.453467336683e-04 1.967000000000e-01 2.453467336683e-04 3.105500000000e-01 2.453467336683e-04 1.857000000000e-01 2.453467336683e-04 3.048000000000e-01
2.471507537688e-04 1.967000000000e-01 2.471507537688e-04 3.105500000000e-01 2.471507537688e-04 1.857000000000e-01 2.471507537688e-04 3.048000000000e-01
2.489547738693e-04 1.967000000000e-01 2.489547738693e-04 3.105500000000e-01 2.489547738693e-04 1.857000000000e-01 2.489547738693e-04 3.048000000000e-01
2.507587939698e-04 1.967000000000e-01 2.507587939698e-04 3.105500000000e-01 2.507587939698e-04 1.857000000000e-01 2.507587939698e-04 3.048000000000e-01
2.525628140704e-04 1.967000000000e-01 2.525628140704e-04 3.105500000000e-01 2.525628140704e-04 1.857000000000e-01 2.525628140704e-04 3.048000000000e-01
2.543668341709e-04 1.967000000000e-01 2.543668341709e-04 3.105500000000e-01 2.543668341709e-04 1.857000000000e-01 2.543668341709e-04 3.048000000000e-01
2.561708542714e-04 1.967000000000e-01 2.561708542714e-04 3.105500000000e-01 2.561708542714e-04 1.857000000000e-01 2.561708542714e-04 3.048000000000e-01
2.579748743719e-04 1.967000000000e-01 2.579748743719e-04 3.105500000000e-01 2.579748743719e-04 1.857000000000e-01 2.579748743719e-04 3.048000000000e-01
2.597788944724e-04 1.967000000000e-01 2.597788944724e-04 3.105500000000e-01 2.597788944724e-04 1.857000000000e-01 2.597788944724e-04 3.048000000000e-01
2.615829145729e-04 1.967000000000e-01 2.615829145729e-04 3.105500000000e-01 2.615829145729e-04 1.857000000000e-01 2.615829145729e-04 3.048000000000e-01
2.633869346734e-04 1.967000000000e-01 2.633869346734e-04 3.105500000000e-01 2.633869346734e-04 1.857000000000e-01 2.633869346734e-04 3.048000000000e-01
2.651909547739e-04 1.967000000000e-01 2.651909547739e-04 3.105500000000e-01 2.651909547739e-04 1.857000000000e-01 2.651909547739e-04 3.048000000000e-01
2.669949748744e-04 1.967000000000e-01 2.669949748744e-04 3.105500000000e-01 2.669949748744e-04 1.857000000000e-01 2.669949748744e-04 3.048000000000e-01
2.687989949749e-04 1.967000000000e-01 2.687989949749e-04 3.105500000000e-01 2.687989949749e-04 1.857000000000e-01 2.687989949749e-04 3.048000000000e-01
2.706030150754e-04 1.967000000000e-01 2.706030150754e-04 3.105500000000e-01 2.706030150754e-04 1.857000000000e-01 2.706030150754e-04 3.048000000000e-01
2.724070351759e-04 1.967000000000e-01 2.724070351759e-04 3.105500000000e-01 2.724070351759e-04 1.857000000000e-01 2.724070351759e-04 3.048000000000e-01
2.742110552764e-04 1.967000000000e-01 2.742110552764e-04 3.105500000000e-01 2.742110552764e-04 1.857000000000e-01 2.742110552764e-04 3.048000000000e-01
2.760150753769e-04 1.967000000000e-01 2.760150753769e-04 3.105500000000e-01 2.760150753769e-04 1.857000000000e-01 2.760150753769e-04 3.048000000000e-01
2.778190954774e-04 1.967000000000e-01 2.778190954774e-04 3.105500000000e-01 2.778190954774e-04 1.857000000000e-01 2.778190954774e-04 3.048000000000e-01
2.796231155779e-04 1.967000000000e-01 2.796231155779e-04 3.105500000000e-01 2.796231155779e-04 1.857000000000e-01 2.796231155779e-04 3.048000000000e-01
2.814271356784e-04 1.967000000000e-01 2.814271356784e-04 3.105500000000e-01 2.814271356784e-04 1.857000000000e-01 2.814271356784e-04 3.048000000000e-01
2.832311557789e-04 1.967000000000e-01 2.832311557789e-04 3.105500000000e-01 2.832311557789e-04 1.857000000000e-01 2.832311557789e-04 3.048000000000e-01
2.850351758794e-04 1.967000000000e-01 2.850351758794e-04 3.105500000000e-01 2.850351758794e-04 1.857000000000e-01 2.850351758794e-04 3.048000000000e-01
2.868391959799e-04 1.967000000000e-01 2.868391959799e-04 3.105500000000e-01 2.868391959799e-04 1.857000000000e-01 2.868391959799e-04 3.048000000000e-01
2.886432160804e-04 1.967000000000e-01 2.886432160804e-04 3.105500000000e-01 2.886432160804e-04 1.857000000000e-01 2.886432160804e-04 3.048000000000e-01
2.904472361809e-04 1.967000000000e-01 2.904472361809e-04 3.105500000000e-01 2.904472361809e-04 1.857000000000e-01 2.904472361809e-04 3.048000000000e-01
2.922512562814e-04 1.967000000000e-01 2.922512562814e-04 3.105500000000e-01 2.922512562814e-04 1.857000000000e-01 2.922512562814e-04 3.048000000000e-01
2.940552763819e-04 1.967000000000e-01 2.940552763819e-04 3.105500000000e-01 2.940552763819e-04 1.857000000000e-01 2.940552763819e-04 3.048000000000e-01
2.958592964824e-04 1.967000000000e-01 2.958592964824e-04 3.105500000000e-01 2.958592964824e-04 1.857000000000e-01 2.958592964824e-04 3.048000000000e-01
2.976633165829e-04 1.967000000000e-01 2.976633165829e-04 3.105500000000e-01 2.976633165829e-04 1.857000000000e-01 2.976633165829e-04 3.048000000000e-01
2.994673366834e-04 1.967000000000e-01 2.994673366834e-04 3.105500000000e-01 2.994673366834e-04 1.857000000000e-01 2.994673366834e-04 3.048000000000e-01
3.012713567839e-04 1.967000000000e-01 3.012713567839e-04 3.105500000000e-01 3.012713567839e-04 1.857000000000e-01 3.012713567839e-04 3.048000000000e-01
3.030753768844e-04 1.967000000000e-01 3.030753768844e-04 3.105500000000e-01 3.030753768844e-04 1.857000000000e-01 3.030753768844e-04 3.048000000000e-01
3.048793969849e-04 1.967000000000e-01 3.048793969849e-04 3.105500000000e-01 3.048793969849e-04 1.857000000000e-01 3.048793969849e-04 3.048000000000e-01
3.066834170854e-04 1.967000000000e-01 3.066834170854e-04 3.105500000000e-01 3.066834170854e-04 1.857000000000e-01 3.066834170854e-04 3.048000000000e-01
3.084874371859e-04 1.967000000000e-01 3.084874371859e-04 3.105500000000e-01 3.084874371859e-04 1.857000000000e-01 3.084874371859e-04 3.048000000000e-01
3.102914572864e-04 1.967000000000e-01 3.102914572864e-04 3.105500000000e-01 3.102914572864e-04 1.857000000000e-01 3.102914572864e-04 3.048000000000e-01
3.120954773869e-04 1.967000000000e-01 3.120954773869e-04 3.105500000000e-01 3.120954773869e-04 1.857000000000e-01 3.120954773869e-04 3.048000000000e-01
3.138994974874e-04 1.967000000000e-01 3.138994974874e-04 3.105500000000e-01 3.138994974874e-04 1.857000000000e-01 3.138994974874e-04 3.048000000000e-01
3.157035175879e-04 1.967000000000e-01 3.157035175879e-04 3.105500000000e-01 3.157035175879e-04 1.857000000000e-01 3.157035175879e-04 3.048000000000e-01
3.175075376884e-04 1.967000000000e-01 3.175075376884e-04 3.105500000000e-01 3.175075376884e-04 1.857000000000e-01 3.175075376884e-04 3.048000000000e-01
3.193115577889e-04 1.967000000000e-01 3.193115577889e-04 3.105500000000e-01 3.193115577889e-04 1.857000000000e-01 3.193115577889e-04 3.048000000000e-01
3.211155778894e-04 1.967000000000e-01 3.211155778894e-04 3.105500000000e-01 3.211155778894e-04 1.857000000000e-01 3.211155778894e-04 3.048000000000e-01
3.229195979899e-04 1.967000000000e-01 3.229195979899e-04 3.105500000000e-01 3.229195979899e-04 1.857000000000e-01 3.229195979899e-04 3.048000000000e-01
3.247236180905e-04 1.967000000000e-01 3.247236180905e-04 3.105500000000e-01 3.247236180905e-04 1.857000000000e-01 3.247236180905e-04 3.048000000000e-01
3.265276381910e-04 1.967000000000e-01 3.265276381910e-04 3.105500000000e-01 3.265276381910e-04 1.857000000000e-01 3.265276381910e-04 3.048000000000e-01
3.283316582915e-04 1.967000000000e-01 3.283316582915e-04 3.105500000000e-01 3.283316582915e-04 1.857000000000e-01 3.283316582915e-04 3.048000000000e-01
3.301356783920e-04 1.967000000000e-01 3.301356783920e-04 3.105500000000e-01 3.301356783920e-04 1.857000000000e-01 3.301356783920e-04 3.048000000000e-01
3.319396984925e-04 1.967000000000e-01 3.319396984925e-04 3.105500000000e-01 3.319396984925e-04 1.857000000000e-01 3.319396984925e-04 3.048000000000e-01
3.337437185930e-04 1.967000000000e-01 3.337437185930e-04 3.105500000000e-01 3.337437185930e-04 1.857000000000e-01 3.337437185930e-04 3.048000000000e-01
3.355477386935e-04 1.967000000000e-01 3.355477386935e-04 3.105500000000e-01 3.355477386935e-04 1.857000000000e-01 3.355477386935e-04 3.048000000000e-01
3.373517587940e-04 1.967000000000e-01 3.373517587940e-04 3.105500000000e-01 3.373517587940e-04 1.857000000000e-01 3.373517587940e-04 3.048000000000e-01
3.391557788945e-04 1.967000000000e-01 3.391557788945e-04 3.105500000000e-01 3.391557788945e-04 1.857000000000e-01 3.391557788945e-04 3.048000000000e-01
3.409597989950e-04 1.967000000000e-01 3.409597989950e-04 3.105500000000e-01 3.409597989950e-04 1.857000000000e-01 3.409597989950e-04 3.048000000000e-01
3.427638190955e-04 1.967000000000e-01 3.427638190955e-04 3.105500000000e-01 3.427638190955e-04 1.857000000000e-01 3.427638190955e-04 3.048000000000e-01
3.445678391960e-04 1.967000000000e-01 3.445678391960e-04 3.105500000000e-01 3.445678391960e-04 1.857000000000e-01 3.445678391960e-04 3.048000000000e-01
3.463718592965e-04 1.967000000000e-01 3.463718592965e-04 3.105500000000e-01 3.463718592965e-04 1.857000000000e-01 3.463718592965e-04 3.048000000000e-01
3.481758793970e-04 1.967000000000e-01 3.481758793970e-04 3.105500000000e-01 3.481758793970e-04 1.857000000000e-01 3.481758793970e-04 3.048000000000e-01
3.499798994975e-04 1.967000000000e-01 3.499798994975e-04 3.105500000000e-01 3.499798994975e-04 1.857000000000e-01 3.499798994975e-04 3.048000000000e-01
3.517839195980e-04 1.967000000000e-01 3.517839195980e-04 3.105500000000e-01 3.517839195980e-04 1.857000000000e-01 3.517839195980e-04 3.048000000000e-01
3.535879396985e-04 1.967000000000e-01 3.535879396985e-04 3.105500000000e-01 3.535879396985e-04 1.857000000000e-01 3.535879396985e-04 3.048000000000e-01
3.553919597990e-04 1.967000000000e-01 3.553919597990e-04 3.105500000000e-01 3.553919597990e-04 1.857000000000e-01 3.553919597990e-04 3.048000000000e-01
3.571959798995e-04 1.967000000000e-01 3.571959798995e-04 3.105500000000e-01 3.571959798995e-04 1.857000000000e-01 3.571959798995e-04 3.048000000000e-01
3.590000000000e-04 1.967000000000e-01 3.590000000000e-04 3.105500000000e-01 3.590000000000e-04 1.857000000000e-01 3.590000000000e-04 3.048000000000e-01
