0.000000000000e+00 3.155690644498e-01 0.000000000000e+00 2.018233666895e-01 0.000000000000e+00 1.885432977378e-01 0.000000000000e+00 2.906355319918e-01
2.412060301508e-06 3.155600763396e-01 2.412060301508e-06 2.018256768741e-01 2.412060301508e-06 1.885806011365e-01 2.412060301508e-06 2.906303018900e-01
4.824120603015e-06 3.155504846274e-01 4.824120603015e-06 2.018282154008e-01 4.824120603015e-06 1.886199916604e-01 4.824120603015e-06 2.906246479397e-01
7.236180904523e-06 3.155402500666e-01 7.236180904523e-06 2.018310048255e-01 7.236180904523e-06 1.886615769423e-01 7.236180904523e-06 2.906185358687e-01
9.648241206030e-06 3.155293309906e-01 9.648241206030e-06 2.018340699290e-01 9.648241206030e-06 1.887054690527e-01 9.648241206030e-06 2.906119286466e-01
1.206030150754e-05 3.155176831776e-01 1.206030150754e-05 2.018374379357e-01 1.206030150754e-05 1.887517845408e-01 1.206030150754e-05 2.906047862649e-01
1.447236180905e-05 3.155052597108e-01 1.447236180905e-05 2.018411387540e-01 1.447236180905e-05 1.888006444545e-01 1.447236180905e-05 2.905970655002e-01
1.688442211055e-05 3.154920108315e-01 1.688442211055e-05 2.018452052395e-01 1.688442211055e-05 1.888521743352e-01 1.688442211055e-05 2.905887196585e-01
1.929648241206e-05 3.154778837879e-01 1.929648241206e-05 2.018496734845e-01 1.929648241206e-05 1.889065041849e-01 1.929648241206e-05 2.905796983001e-01
2.170854271357e-05 3.154628226773e-01 2.170854271357e-05 2.018545831349e-01 2.170854271357e-05 1.889637683993e-01 2.170854271357e-05 2.905699469436e-01
2.412060301508e-05 3.154467682833e-01 2.412060301508e-05 2.018599777386e-01 2.412060301508e-05 1.890241056638e-01 2.412060301508e-05 2.905594067461e-01
2.653266331658e-05 3.154296579081e-01 2.653266331658e-05 2.018659051270e-01 2.653266331658e-05 1.890876588072e-01 2.653266331658e-05 2.905480141601e-01
2.894472361809e-05 3.154114251992e-01 2.894472361809e-05 2.018724178338e-01 2.894472361809e-05 1.891545746062e-01 2.894472361809e-05 2.905357005635e-01
3.135678391960e-05 3.153919999725e-01 3.135678391960e-05 2.018795735534e-01 3.135678391960e-05 1.892250035364e-01 3.135678391960e-05 2.905223918623e-01
3.376884422111e-05 3.153713080311e-01 3.376884422111e-05 2.018874356444e-01 3.376884422111e-05 1.892990994616e-01 3.376884422111e-05 2.905080080624e-01
3.618090452261e-05 3.153492709811e-01 3.618090452261e-05 2.018960736804e-01 3.618090452261e-05 1.893770192561e-01 3.618090452261e-05 2.904924628107e-01
3.859296482412e-05 3.153258060450e-01 3.859296482412e-05 2.019055640535e-01 3.859296482412e-05 1.894589223506e-01 3.859296482412e-05 2.904756629012e-01
4.100502512563e-05 3.153008258739e-01 4.100502512563e-05 2.019159906354e-01 4.100502512563e-05 1.895449701953e-01 4.100502512563e-05 2.904575077452e-01
4.341708542714e-05 3.152742383595e-01 4.341708542714e-05 2.019274455007e-01 4.341708542714e-05 1.896353256312e-01 4.341708542714e-05 2.904378888025e-01
4.582914572864e-05 3.152459464476e-01 4.582914572864e-05 2.019400297186e-01 4.582914572864e-05 1.897301521603e-01 4.582914572864e-05 2.904166889726e-01
4.824120603015e-05 3.152158479550e-01 4.824120603015e-05 2.019538542182e-01 4.824120603015e-05 1.898296131066e-01 4.824120603015e-05 2.903937819408e-01
5.065326633166e-05 3.151838353910e-01 5.065326633166e-05 2.019690407346e-01 5.065326633166e-05 1.899338706574e-01 5.065326633166e-05 2.903690314793e-01
5.306532663317e-05 3.151497957870e-01 5.306532663317e-05 2.019857228429e-01 5.306532663317e-05 1.900430847757e-01 5.306532663317e-05 2.903422906994e-01
5.547738693467e-05 3.151136105365e-01 5.547738693467e-05 2.020040470857e-01 5.547738693467e-05 1.901574119743e-01 5.547738693467e-05 2.903134012518e-01
5.788944723618e-05 3.150751552487e-01 5.788944723618e-05 2.020241742045e-01 5.788944723618e-05 1.902770039413e-01 5.788944723618e-05 2.902821924734e-01
6.030150753769e-05 3.150342996189e-01 6.030150753769e-05 2.020462804812e-01 6.030150753769e-05 1.904020060086e-01 6.030150753769e-05 2.902484804771e-01
6.271356783920e-05 3.149909073220e-01 6.271356783920e-05 2.020705591995e-01 6.271356783920e-05 1.905325554531e-01 6.271356783920e-05 2.902120671818e-01
6.512562814070e-05 3.149448359312e-01 6.512562814070e-05 2.020972222352e-01 6.512562814070e-05 1.906687796237e-01 6.512562814070e-05 2.901727392814e-01
6.753768844221e-05 3.148959368701e-01 6.753768844221e-05 2.021265017837e-01 6.753768844221e-05 1.908107938870e-01 6.753768844221e-05 2.901302671490e-01
6.994974874372e-05 3.148440554035e-01 6.994974874372e-05 2.021586522372e-01 6.994974874372e-05 1.909586993842e-01 6.994974874372e-05 2.900844036742e-01
7.236180904523e-05 3.147890306743e-01 7.236180904523e-05 2.021939522181e-01 7.236180904523e-05 1.911125805975e-01 7.236180904523e-05 2.900348830333e-01
7.477386934673e-05 3.147306957951e-01 7.477386934673e-05 2.022327067817e-01 7.477386934673e-05 1.912725027216e-01 7.477386934673e-05 2.899814193878e-01
7.718592964824e-05 3.146688780046e-01 7.718592964824e-05 2.022752497959e-01 7.718592964824e-05 1.914385088426e-01 7.718592964824e-05 2.899237055138e-01
7.959798994975e-05 3.146033988979e-01 7.959798994975e-05 2.023219465089e-01 7.959798994975e-05 1.916106169272e-01 7.959798994975e-05 2.898614113583e-01
8.201005025126e-05 3.145340747454e-01 8.201005025126e-05 2.023731963131e-01 8.201005025126e-05 1.917888166290e-01 8.201005025126e-05 2.897941825246e-01
8.442211055276e-05 3.144607169109e-01 8.442211055276e-05 2.024294357141e-01 8.442211055276e-05 1.919730659235e-01 8.442211055276e-05 2.897216386874e-01
8.683417085427e-05 3.143831323868e-01 8.683417085427e-05 2.024911415100e-01 8.683417085427e-05 1.921632875880e-01 8.683417085427e-05 2.896433719388e-01
8.924623115578e-05 3.143011244616e-01 8.924623115578e-05 2.025588341880e-01 8.924623115578e-05 1.923593655461e-01 8.924623115578e-05 2.895589450692e-01
9.165829145729e-05 3.142144935396e-01 9.165829145729e-05 2.026330815388e-01 9.165829145729e-05 1.925611411050e-01 9.165829145729e-05 2.894678897866e-01
9.407035175879e-05 3.141230381334e-01 9.407035175879e-05 2.027145024891e-01 9.407035175879e-05 1.927684091171e-01 9.407035175879e-05 2.893697048814e-01
9.648241206030e-05 3.140265560527e-01 9.648241206030e-05 2.028037711466e-01 9.648241206030e-05 1.929809141059e-01 9.648241206030e-05 2.892638543424e-01
9.889447236181e-05 3.139248458149e-01 9.889447236181e-05 2.029016210486e-01 9.889447236181e-05 1.931983464017e-01 9.889447236181e-05 2.891497654367e-01
1.013065326633e-04 3.138177083049e-01 1.013065326633e-04 2.030088495964e-01 1.013065326633e-04 1.934203383400e-01 1.013065326633e-04 2.890268267619e-01
1.037185929648e-04 3.137049487162e-01 1.037185929648e-04 2.031263226530e-01 1.037185929648e-04 1.936464605834e-01 1.037185929648e-04 2.888943862878e-01
1.061306532663e-04 3.135863788046e-01 1.061306532663e-04 2.032549792698e-01 1.061306532663e-04 1.938762186318e-01 1.061306532663e-04 2.887517494030e-01
1.085427135678e-04 3.134618194918e-01 1.085427135678e-04 2.033958364991e-01 1.085427135678e-04 1.941090495948e-01 1.085427135678e-04 2.885981769865e-01
1.109547738693e-04 3.133311038564e-01 1.109547738693e-04 2.035499942346e-01 1.109547738693e-04 1.943443193038e-01 1.109547738693e-04 2.884328835277e-01
1.133668341709e-04 3.131940805535e-01 1.133668341709e-04 2.037186400080e-01 1.133668341709e-04 1.945813198458e-01 1.133668341709e-04 2.882550353192e-01
1.157788944724e-04 3.130506177051e-01 1.157788944724e-04 2.039030536522e-01 1.157788944724e-04 1.948192676045e-01 1.157788944724e-04 2.880637487534e-01
1.181909547739e-04 3.129006073070e-01 1.181909547739e-04 2.041046117225e-01 1.181909547739e-04 1.950573018941e-01 1.181909547739e-04 2.878580887523e-01
1.206030150754e-04 3.127439701965e-01 1.206030150754e-04 2.043247915441e-01 1.206030150754e-04 1.952944842717e-01 1.206030150754e-04 2.876370673667e-01
1.230150753769e-04 3.125806616287e-01 1.230150753769e-04 2.045651747312e-01 1.230150753769e-04 1.955297986099e-01 1.230150753769e-04 2.873996425800e-01
1.254271356784e-04 3.124106775054e-01 1.254271356784e-04 2.048274499972e-01 1.254271356784e-04 1.957621520041e-01 1.254271356784e-04 2.871447173540e-01
1.278391959799e-04 3.122340613017e-01 1.278391959799e-04 2.051134150470e-01 1.278391959799e-04 1.959903765822e-01 1.278391959799e-04 2.868711389554e-01
1.302512562814e-04 3.120509117289e-01 1.302512562814e-04 2.054249773164e-01 1.302512562814e-04 1.962132322691e-01 1.302512562814e-04 2.865776985974e-01
1.326633165829e-04 3.118613911696e-01 1.326633165829e-04 2.057641532964e-01 1.326633165829e-04 1.964294105464e-01 1.326633165829e-04 2.862631314302e-01
1.350753768844e-04 3.116657349088e-01 1.350753768844e-04 2.061330661545e-01 1.350753768844e-04 1.966375392252e-01 1.350753768844e-04 2.859261169056e-01
1.374874371859e-04 3.114642611787e-01 1.374874371859e-04 2.065339413487e-01 1.374874371859e-04 1.968361882328e-01 1.374874371859e-04 2.855652795329e-01
1.398994974874e-04 3.112573820133e-01 1.398994974874e-04 2.069690999139e-01 1.398994974874e-04 1.970238763874e-01 1.398994974874e-04 2.851791900293e-01
1.423115577889e-04 3.110456148964e-01 1.423115577889e-04 2.074409491028e-01 1.423115577889e-04 1.971990791104e-01 1.423115577889e-04 2.847663668503e-01
1.447236180905e-04 3.108295951553e-01 1.447236180905e-04 2.079519700755e-01 1.447236180905e-04 1.973602370007e-01 1.447236180905e-04 2.843252780607e-01
1.471356783920e-04 3.106100890280e-01 1.471356783920e-04 2.085047023649e-01 1.471356783920e-04 1.975057651679e-01 1.471356783920e-04 2.838543434793e-01
1.495477386935e-04 3.103880072904e-01 1.495477386935e-04 2.091017249058e-01 1.495477386935e-04 1.976340631952e-01 1.495477386935e-04 2.833519369910e-01
1.519597989950e-04 3.101644192878e-01 1.519597989950e-04 2.097456335001e-01 1.519597989950e-04 1.977435255833e-01 1.519597989950e-04 2.828163888774e-01
1.543718592965e-04 3.099405671631e-01 1.543718592965e-04 2.104390147166e-01 1.543718592965e-04 1.978325525033e-01 1.543718592965e-04 2.822459879659e-01
1.567839195980e-04 3.097178800111e-01 1.567839195980e-04 2.111844163847e-01 1.567839195980e-04 1.978995606760e-01 1.567839195980e-04 2.816389833377e-01
1.591959798995e-04 3.094979876215e-01 1.591959798995e-04 2.119843150464e-01 1.591959798995e-04 1.979429941847e-01 1.591959798995e-04 2.809935852701e-01
1.616080402010e-04 3.092827333938e-01 1.616080402010e-04 2.128410809754e-01 1.616080402010e-04 1.979613350298e-01 1.616080402010e-04 2.803079650203e-01
1.640201005025e-04 3.090741859219e-01 1.640201005025e-04 2.137569416613e-01 1.640201005025e-04 1.979531132413e-01 1.640201005025e-04 2.795802529884e-01
1.664321608040e-04 3.088746486526e-01 1.664321608040e-04 2.147339449718e-01 1.664321608040e-04 1.979169163820e-01 1.664321608040e-04 2.788085347288e-01
1.688442211055e-04 3.086866669254e-01 1.688442211055e-04 2.157739235406e-01 1.688442211055e-04 1.978513983015e-01 1.688442211055e-04 2.779908442271e-01
1.712562814070e-04 3.085130316017e-01 1.712562814070e-04 2.168784622651e-01 1.712562814070e-04 1.977552870379e-01 1.712562814070e-04 2.771251538196e-01
1.736683417085e-04 3.083567783944e-01 1.736683417085e-04 2.180488711035e-01 1.736683417085e-04 1.976273918088e-01 1.736683417085e-04 2.762093601316e-01
1.760804020101e-04 3.082211819187e-01 1.760804020101e-04 2.192861656026e-01 1.760804020101e-04 1.974666090885e-01 1.760804020101e-04 2.752412654522e-01
1.784924623116e-04 3.081097434141e-01 1.784924623116e-04 2.205910577354e-01 1.784924623116e-04 1.972719278264e-01 1.784924623116e-04 2.742185540757e-01
1.809045226131e-04 3.080261710338e-01 1.809045226131e-04 2.219639596242e-01 1.809045226131e-04 1.970424339331e-01 1.809045226131e-04 2.731387633368e-01
1.833165829146e-04 3.079743515840e-01 1.833165829146e-04 2.234050025370e-01 1.833165829146e-04 1.967773142225e-01 1.833165829146e-04 2.719992493908e-01
1.857286432161e-04 3.079583126237e-01 1.857286432161e-04 2.249140731220e-01 1.857286432161e-04 1.964758600764e-01 1.857286432161e-04 2.707971482552e-01
1.881407035176e-04 3.079821739239e-01 1.881407035176e-04 2.264908681610e-01 1.881407035176e-04 1.961374711576e-01 1.881407035176e-04 2.695293332831e-01
1.905527638191e-04 3.080500874447e-01 1.905527638191e-04 2.281349681351e-01 1.905527638191e-04 1.957616595655e-01 1.905527638191e-04 2.681923711061e-01
1.929648241206e-04 3.081661652302e-01 1.929648241206e-04 2.298459286165e-01 1.929648241206e-04 1.953480548770e-01 1.929648241206e-04 2.667824791949e-01
1.953768844221e-04 3.083343949655e-01 1.953768844221e-04 2.316233869129e-01 1.953768844221e-04 1.948964105546e-01 1.953768844221e-04 2.652954895546e-01
1.977889447236e-04 3.085585433792e-01 1.977889447236e-04 2.334671795451e-01 1.977889447236e-04 1.944066122286e-01 1.977889447236e-04 2.637268246781e-01
2.002010050251e-04 3.088420482297e-01 2.002010050251e-04 2.353774640663e-01 2.002010050251e-04 1.938786883558e-01 2.002010050251e-04 2.620714936833e-01
2.026130653266e-04 3.091879002680e-01 2.026130653266e-04 2.373548365348e-01 2.026130653266e-04 1.933128237345e-01 2.026130653266e-04 2.603241184165e-01
2.050251256281e-04 3.095985173202e-01 2.050251256281e-04 2.394004337263e-01 2.050251256281e-04 1.927093762966e-01 2.050251256281e-04 2.584790010273e-01
2.074371859296e-04 3.100756134488e-01 2.074371859296e-04 2.415160070915e-01 2.074371859296e-04 1.920688975045e-01 2.074371859296e-04 2.565302457495e-01
2.098492462312e-04 3.106200670053e-01 2.098492462312e-04 2.437039537406e-01 2.098492462312e-04 1.913921565485e-01 2.098492462312e-04 2.544719479166e-01
2.122613065327e-04 3.112317922277e-01 2.122613065327e-04 2.459672886703e-01 2.122613065327e-04 1.906801683640e-01 2.122613065327e-04 2.522984619683e-01
2.146733668342e-04 3.119096197950e-01 2.146733668342e-04 2.483095424261e-01 2.146733668342e-04 1.899342252647e-01 2.146733668342e-04 2.500047566859e-01
2.170854271357e-04 3.126511923782e-01 2.170854271357e-04 2.507345699060e-01 2.170854271357e-04 1.891559317223e-01 2.170854271357e-04 2.475868594326e-01
2.194974874372e-04 3.134528816156e-01 2.194974874372e-04 2.532462596112e-01 2.194974874372e-04 1.883472415075e-01 2.194974874372e-04 2.450423812926e-01
2.219095477387e-04 3.143097330421e-01 2.219095477387e-04 2.558481389079e-01 2.219095477387e-04 1.875104960592e-01 2.219095477387e-04 2.423711017035e-01
2.243216080402e-04 3.152154452179e-01 2.243216080402e-04 2.585428801902e-01 2.243216080402e-04 1.866484625718e-01 2.243216080402e-04 2.395755752675e-01
2.267336683417e-04 3.161623885965e-01 2.267336683417e-04 2.613317253003e-01 2.267336683417e-04 1.857643698994e-01 2.267336683417e-04 2.366617068275e-01
2.291457286432e-04 3.171416685002e-01 2.291457286432e-04 2.642138606083e-01 2.291457286432e-04 1.848619400028e-01 2.291457286432e-04 2.336392267157e-01
2.315577889447e-04 3.181432349379e-01 2.315577889447e-04 2.671857913044e-01 2.315577889447e-04 1.839454123279e-01 2.315577889447e-04 2.305219903629e-01
2.339698492462e-04 3.191560399583e-01 2.339698492462e-04 2.702407782222e-01 2.339698492462e-04 1.830195582498e-01 2.339698492462e-04 2.273280293820e-01
2.363819095477e-04 3.201682408501e-01 2.363819095477e-04 2.733684104348e-01 2.363819095477e-04 1.820896825776e-01 2.363819095477e-04 2.240792978423e-01
2.387939698492e-04 3.211674449334e-01 2.387939698492e-04 2.765543881294e-01 2.387939698492e-04 1.811616091384e-01 2.387939698492e-04 2.208010882169e-01
2.412060301508e-04 3.221409890884e-01 2.412060301508e-04 2.797805796103e-01 2.412060301508e-04 1.802416476873e-01 2.412060301508e-04 2.175211331808e-01
2.436180904523e-04 3.230762447386e-01 2.436180904523e-04 2.830253922939e-01 2.436180904523e-04 1.793365398560e-01 2.436180904523e-04 2.142684551072e-01
2.460301507538e-04 3.239609369572e-01 2.460301507538e-04 2.862644618185e-01 2.460301507538e-04 1.784533825775e-01 2.460301507538e-04 2.110720653368e-01
2.484422110553e-04 3.247834648783e-01 2.484422110553e-04 2.894716208984e-01 2.484422110553e-04 1.775995284121e-01 2.484422110553e-04 2.079596407736e-01
2.508542713568e-04 3.255332098400e-01 2.508542713568e-04 2.926200681721e-01 2.508542713568e-04 1.767824634269e-01 2.508542713568e-04 2.049563098060e-01
2.532663316583e-04 3.262008177656e-01 2.532663316583e-04 2.956836258172e-01 2.532663316583e-04 1.760096646876e-01 2.532663316583e-04 2.020836618217e-01
2.556783919598e-04 3.267784432363e-01 2.556783919598e-04 2.986379604255e-01 2.556783919598e-04 1.752884409371e-01 2.556783919598e-04 1.993590590953e-01
2.580904522613e-04 3.272599444901e-01 2.580904522613e-04 3.014616479269e-01 2.580904522613e-04 1.746257615234e-01 2.580904522613e-04 1.967952850087e-01
2.605025125628e-04 3.276410210757e-01 2.605025125628e-04 3.041369886379e-01 2.605025125628e-04 1.740280799952e-01 2.605025125628e-04 1.944005181418e-01
2.629145728643e-04 3.279192889198e-01 2.629145728643e-04 3.066505167251e-01 2.629145728643e-04 1.735011598340e-01 2.629145728643e-04 1.921785859215e-01
2.653266331658e-04 3.280942908920e-01 2.653266331658e-04 3.089931909872e-01 2.653266331658e-04 1.730499104333e-01 2.653266331658e-04 1.901294290122e-01
2.677386934673e-04 3.281674443302e-01 2.677386934673e-04 3.111602924393e-01 2.677386934673e-04 1.726782415339e-01 2.677386934673e-04 1.882496993974e-01
2.701507537688e-04 3.281419301556e-01 2.701507537688e-04 3.131510825654e-01 2.701507537688e-04 1.723889438368e-01 2.701507537688e-04 1.865334189424e-01
2.725628140704e-04 3.280225309484e-01 2.725628140704e-04 3.149682914940e-01 2.725628140704e-04 1.721836024231e-01 2.725628140704e-04 1.849726372638e-01
2.749748743719e-04 3.278154274819e-01 2.749748743719e-04 3.166175082099e-01 2.749748743719e-04 1.720625479763e-01 2.749748743719e-04 1.835580437436e-01
2.773869346734e-04 3.275279646271e-01 2.773869346734e-04 3.181065379779e-01 2.773869346734e-04 1.720248487431e-01 2.773869346734e-04 1.822795049744e-01
2.797989949749e-04 3.271683981882e-01 2.797989949749e-04 3.194447791945e-01 2.797989949749e-04 1.720683438514e-01 2.797989949749e-04 1.811265134323e-01
2.822110552764e-04 3.267456341368e-01 2.822110552764e-04 3.206426565404e-01 2.822110552764e-04 1.721897162350e-01 2.822110552764e-04 1.800885445015e-01
2.846231155779e-04 3.262689709687e-01 2.846231155779e-04 3.217111324451e-01 2.846231155779e-04 1.723846011902e-01 2.846231155779e-04 1.791553268577e-01
2.870351758794e-04 3.257478546274e-01 2.870351758794e-04 3.226613062781e-01 2.870351758794e-04 1.726477247051e-01 2.870351758794e-04 1.783170359613e-01
2.894472361809e-04 3.251916537809e-01 2.894472361809e-04 3.235041011510e-01 2.894472361809e-04 1.729730643066e-01 2.894472361809e-04 1.775644226555e-01
2.918592964824e-04 3.246094613634e-01 2.918592964824e-04 3.242500318095e-01 2.918592964824e-04 1.733540243465e-01 2.918592964824e-04 1.768888892980e-01
2.942713567839e-04 3.240099263493e-01 2.942713567839e-04 3.249090434136e-01 2.942713567839e-04 1.737836174333e-01 2.942713567839e-04 1.762825251372e-01
2.966834170854e-04 3.234011178564e-01 2.966834170854e-04 3.254904094534e-01 2.966834170854e-04 1.742546440710e-01 2.966834170854e-04 1.757381112679e-01
2.990954773869e-04 3.227904219746e-01 2.990954773869e-04 3.260026769861e-01 2.990954773869e-04 1.747598634066e-01 2.990954773869e-04 1.752491038674e-01
3.015075376884e-04 3.221844702710e-01 3.015075376884e-04 3.264536482627e-01 3.015075376884e-04 1.752921491925e-01 3.015075376884e-04 1.748096027484e-01
3.039195979899e-04 3.215890977666e-01 3.039195979899e-04 3.268503891970e-01 3.039195979899e-04 1.758446265004e-01 3.039195979899e-04 1.744143107282e-01
3.063316582915e-04 3.210093273383e-01 3.063316582915e-04 3.271992567025e-01 3.063316582915e-04 1.764107862389e-01 3.063316582915e-04 1.740584879789e-01
3.087437185930e-04 3.204493769493e-01 3.087437185930e-04 3.275059384776e-01 3.087437185930e-04 1.769845759993e-01 3.087437185930e-04 1.737379044093e-01
3.111557788945e-04 3.199126858414e-01 3.111557788945e-04 3.277755002474e-01 3.111557788945e-04 1.775604670920e-01 3.111557788945e-04 1.734487922319e-01
3.135678391960e-04 3.194019557776e-01 3.135678391960e-04 3.280124366946e-01 3.135678391960e-04 1.781334987552e-01 3.135678391960e-04 1.731878001738e-01
3.159798994975e-04 3.189192035681e-01 3.159798994975e-04 3.282207233371e-01 3.159798994975e-04 1.786993013940e-01 3.159798994975e-04 1.729519502560e-01
3.183919597990e-04 3.184658213984e-01 3.183919597990e-04 3.284038674282e-01 3.183919597990e-04 1.792541013197e-01 3.183919597990e-04 1.727385976749e-01
3.208040201005e-04 3.180426418518e-01 3.208040201005e-04 3.285649565935e-01 3.208040201005e-04 1.797947098193e-01 3.208040201005e-04 1.725453940354e-01
3.232160804020e-04 3.176500049566e-01 3.232160804020e-04 3.287067044068e-01 3.232160804020e-04 1.803184995337e-01 3.232160804020e-04 1.723702539874e-01
3.256281407035e-04 3.172878250331e-01 3.256281407035e-04 3.288314924652e-01 3.256281407035e-04 1.808233710804e-01 3.256281407035e-04 1.722113251862e-01
3.280402010050e-04 3.169556555708e-01 3.280402010050e-04 3.289414087821e-01 3.280402010050e-04 1.813077126805e-01 3.280402010050e-04 1.720669614080e-01
3.304522613065e-04 3.166527507782e-01 3.304522613065e-04 3.290382825007e-01 3.304522613065e-04 1.817703552786e-01 3.304522613065e-04 1.719356986078e-01
3.328643216080e-04 3.163781228350e-01 3.328643216080e-04 3.291237150479e-01 3.328643216080e-04 1.822105253082e-01 3.328643216080e-04 1.718162336754e-01
3.352763819095e-04 3.161305942064e-01 3.352763819095e-04 3.291991079278e-01 3.352763819095e-04 1.826277969036e-01 3.352763819095e-04 1.717074056430e-01
3.376884422111e-04 3.159088446637e-01 3.376884422111e-04 3.292656873955e-01 3.376884422111e-04 1.830220449992e-01 3.376884422111e-04 1.716081790977e-01
3.401005025126e-04 3.157114528876e-01 3.401005025126e-04 3.293245262767e-01 3.401005025126e-04 1.833934004201e-01 3.401005025126e-04 1.715176295660e-01
3.425125628141e-04 3.155369327132e-01 3.425125628141e-04 3.293765631990e-01 3.425125628141e-04 1.837422077667e-01 3.425125628141e-04 1.714349306495e-01
3.449246231156e-04 3.153837642168e-01 3.449246231156e-04 3.294226194980e-01 3.449246231156e-04 1.840689866234e-01 3.449246231156e-04 1.713593427133e-01
3.473366834171e-04 3.152504199460e-01 3.473366834171e-04 3.294634140472e-01 3.473366834171e-04 1.843743964041e-01 3.473366834171e-04 1.712902029420e-01
3.497487437186e-04 3.151353866603e-01 3.497487437186e-04 3.294995762438e-01 3.497487437186e-04 1.846592049598e-01 3.497487437186e-04 1.712269166017e-01
3.521608040201e-04 3.150371829921e-01 3.521608040201e-04 3.295316573649e-01 3.521608040201e-04 1.849242609352e-01 3.521608040201e-04 1.711689493582e-01
3.545728643216e-04 3.149543734559e-01 3.545728643216e-04 3.295601404856e-01 3.545728643216e-04 1.851704697508e-01 3.545728643216e-04 1.711158205245e-01
3.569849246231e-04 3.148855792318e-01 3.569849246231e-04 3.295854491362e-01 3.569849246231e-04 1.853987730107e-01 3.569849246231e-04 1.710670971202e-01
3.593969849246e-04 3.148294861415e-01 3.593969849246e-04 3.296079548522e-01 3.593969849246e-04 1.856101310875e-01 3.593969849246e-04 1.710223886426e-01
3.618090452261e-04 3.147848502088e-01 3.618090452261e-04 3.296279837564e-01 3.618090452261e-04 1.858055086040e-01 3.618090452261e-04 1.709813424604e-01
3.642211055276e-04 3.147505011734e-01 3.642211055276e-04 3.296458222952e-01 3.642211055276e-04 1.859858625171e-01 3.642211055276e-04 1.709436397523e-01
3.666331658291e-04 3.147253442913e-01 3.666331658291e-04 3.296617222370e-01 3.666331658291e-04 1.861521325128e-01 3.666331658291e-04 1.709089919217e-01
3.690452261307e-04 3.147083607246e-01 3.690452261307e-04 3.296759050278e-01 3.690452261307e-04 1.863052334247e-01 3.690452261307e-04 1.708771374294e-01
3.714572864322e-04 3.146986067888e-01 3.714572864322e-04 3.296885655863e-01 3.714572864322e-04 1.864460494081e-01 3.714572864322e-04 1.708478389905e-01
3.738693467337e-04 3.146952122931e-01 3.738693467337e-04 3.296998756112e-01 3.738693467337e-04 1.865754296177e-01 3.738693467337e-04 1.708208810925e-01
3.762814070352e-04 3.146973781769e-01 3.762814070352e-04 3.297099864649e-01 3.762814070352e-04 1.866941851615e-01 3.762814070352e-04 1.707960677932e-01
3.786934673367e-04 3.147043736196e-01 3.786934673367e-04 3.297190316871e-01 3.786934673367e-04 1.868030871244e-01 3.786934673367e-04 1.707732207652e-01
3.811055276382e-04 3.147155327715e-01 3.811055276382e-04 3.297271291878e-01 3.811055276382e-04 1.869028654782e-01 3.811055276382e-04 1.707521775568e-01
3.835175879397e-04 3.147302512294e-01 3.835175879397e-04 3.297343831612e-01 3.835175879397e-04 1.869942087178e-01 3.835175879397e-04 1.707327900428e-01
3.859296482412e-04 3.147479823628e-01 3.859296482412e-04 3.297408857567e-01 3.859296482412e-04 1.870777640828e-01 3.859296482412e-04 1.707149230432e-01
3.883417085427e-04 3.147682335728e-01 3.883417085427e-04 3.297467185376e-01 3.883417085427e-04 1.871541382430e-01 3.883417085427e-04 1.706984530889e-01
3.907537688442e-04 3.147905625524e-01 3.907537688442e-04 3.297519537574e-01 3.907537688442e-04 1.872238983465e-01 3.907537688442e-04 1.706832673185e-01
3.931658291457e-04 3.148145736035e-01 3.931658291457e-04 3.297566554749e-01 3.931658291457e-04 1.872875733400e-01 3.931658291457e-04 1.706692624891e-01
3.955778894472e-04 3.148399140499e-01 3.955778894472e-04 3.297608805304e-01 3.955778894472e-04 1.873456554903e-01 3.955778894472e-04 1.706563440899e-01
3.979899497487e-04 3.148662707802e-01 3.979899497487e-04 3.297646794006e-01 3.979899497487e-04 1.873986020439e-01 3.979899497487e-04 1.706444255456e-01
4.004020100503e-04 3.148933669417e-01 4.004020100503e-04 3.297680969472e-01 4.004020100503e-04 1.874468369760e-01 4.004020100503e-04 1.706334274999e-01
4.028140703518e-04 3.149209588025e-01 4.028140703518e-04 3.297711730740e-01 4.028140703518e-04 1.874907527861e-01 4.028140703518e-04 1.706232771698e-01
4.052261306533e-04 3.149488327901e-01 4.052261306533e-04 3.297739433031e-01 4.052261306533e-04 1.875307123081e-01 4.052261306533e-04 1.706139077642e-01
4.076381909548e-04 3.149768027131e-01 4.076381909548e-04 3.297764392808e-01 4.076381909548e-04 1.875670505084e-01 4.076381909548e-04 1.706052579578e-01
4.100502512563e-04 3.150047071672e-01 4.100502512563e-04 3.297786892228e-01 4.100502512563e-04 1.876000762513e-01 4.100502512563e-04 1.705972714161e-01
4.124623115578e-04 3.150324071218e-01 4.124623115578e-04 3.297807183048e-01 4.124623115578e-04 1.876300740157e-01 4.124623115578e-04 1.705898963651e-01
4.148743718593e-04 3.150597836866e-01 4.148743718593e-04 3.297825490074e-01 4.148743718593e-04 1.876573055525e-01 4.148743718593e-04 1.705830852012e-01
4.172864321608e-04 3.150867360490e-01 4.172864321608e-04 3.297842014191e-01 4.172864321608e-04 1.876820114720e-01 4.172864321608e-04 1.705767941376e-01
4.196984924623e-04 3.151131795775e-01 4.196984924623e-04 3.297856935040e-01 4.196984924623e-04 1.877044127583e-01 4.196984924623e-04 1.705709828828e-01
4.221105527638e-04 3.151390440820e-01 4.221105527638e-04 3.297870413376e-01 4.221105527638e-04 1.877247122055e-01 4.221105527638e-04 1.705656143483e-01
4.245226130653e-04 3.151642722234e-01 4.245226130653e-04 3.297882593154e-01 4.245226130653e-04 1.877430957744e-01 4.245226130653e-04 1.705606543825e-01
4.269346733668e-04 3.151888180626e-01 4.269346733668e-04 3.297893603370e-01 4.269346733668e-04 1.877597338697e-01 4.269346733668e-04 1.705560715286e-01
4.293467336683e-04 3.152126457401e-01 4.293467336683e-04 3.297903559694e-01 4.293467336683e-04 1.877747825385e-01 4.293467336683e-04 1.705518368032e-01
4.317587939698e-04 3.152357282787e-01 4.317587939698e-04 3.297912565908e-01 4.317587939698e-04 1.877883845910e-01 4.317587939698e-04 1.705479234946e-01
4.341708542714e-04 3.152580464983e-01 4.341708542714e-04 3.297920715188e-01 4.341708542714e-04 1.878006706477e-01 4.341708542714e-04 1.705443069790e-01
4.365829145729e-04 3.152795880360e-01 4.365829145729e-04 3.297928091238e-01 4.365829145729e-04 1.878117601132e-01 4.365829145729e-04 1.705409645511e-01
4.389949748744e-04 3.153003464629e-01 4.389949748744e-04 3.297934769295e-01 4.389949748744e-04 1.878217620824e-01 4.389949748744e-04 1.705378752710e-01
4.414070351759e-04 3.153203204892e-01 4.414070351759e-04 3.297940817025e-01 4.414070351759e-04 1.878307761807e-01 4.414070351759e-04 1.705350198221e-01
4.438190954774e-04 3.153395132512e-01 4.438190954774e-04 3.297946295315e-01 4.438190954774e-04 1.878388933420e-01 4.438190954774e-04 1.705323803825e-01
4.462311557789e-04 3.153579316728e-01 4.462311557789e-04 3.297951258984e-01 4.462311557789e-04 1.878461965291e-01 4.462311557789e-04 1.705299405061e-01
4.486432160804e-04 3.153755858945e-01 4.486432160804e-04 3.297955757411e-01 4.486432160804e-04 1.878527613983e-01 4.486432160804e-04 1.705276850140e-01
4.510552763819e-04 3.153924887653e-01 4.510552763819e-04 3.297959835095e-01 4.510552763819e-04 1.878586569134e-01 4.510552763819e-04 1.705255998949e-01
4.534673366834e-04 3.154086553898e-01 4.534673366834e-04 3.297963532160e-01 4.534673366834e-04 1.878639459108e-01 4.534673366834e-04 1.705236722131e-01
4.558793969849e-04 3.154241027269e-01 4.558793969849e-04 3.297966884795e-01 4.558793969849e-04 1.878686856202e-01 4.558793969849e-04 1.705218900245e-01
4.582914572864e-04 3.154388492351e-01 4.582914572864e-04 3.297969925661e-01 4.582914572864e-04 1.878729281441e-01 4.582914572864e-04 1.705202422995e-01
4.607035175879e-04 3.154529145589e-01 4.607035175879e-04 3.297972684242e-01 4.607035175879e-04 1.878767208974e-01 4.607035175879e-04 1.705187188512e-01
4.631155778894e-04 3.154663192537e-01 4.631155778894e-04 3.297975187167e-01 4.631155778894e-04 1.878801070122e-01 4.631155778894e-04 1.705173102709e-01
4.655276381910e-04 3.154790845435e-01 4.655276381910e-04 3.297977458493e-01 4.655276381910e-04 1.878831257088e-01 4.655276381910e-04 1.705160078669e-01
4.679396984925e-04 3.154912321107e-01 4.679396984925e-04 3.297979519964e-01 4.679396984925e-04 1.878858126364e-01 4.679396984925e-04 1.705148036097e-01
4.703517587940e-04 3.155027839118e-01 4.703517587940e-04 3.297981391242e-01 4.703517587940e-04 1.878882001848e-01 4.703517587940e-04 1.705136900809e-01
4.727638190955e-04 3.155137620190e-01 4.727638190955e-04 3.297983090105e-01 4.727638190955e-04 1.878903177707e-01 4.727638190955e-04 1.705126604258e-01
4.751758793970e-04 3.155241884827e-01 4.751758793970e-04 3.297984632639e-01 4.751758793970e-04 1.878921920993e-01 4.751758793970e-04 1.705117083105e-01
4.775879396985e-04 3.155340852145e-01 4.775879396985e-04 3.297986033403e-01 4.775879396985e-04 1.878938474040e-01 4.775879396985e-04 1.705108278817e-01
4.800000000000e-04 3.155434738869e-01 4.800000000000e-04 3.297987305574e-01 4.800000000000e-04 1.878953056659e-01 4.800000000000e-04 1.705100137299e-01
