0.000000000000e+00 1.264009985571e-01 0.000000000000e+00 1.049000285814e-01 0.000000000000e+00 2.862999999929e-01 0.000000000000e+00 2.821379925158e-01 0.000000000000e+00 2.026520487323e-01
2.427135678392e-06 1.264011160840e-01 2.427135678392e-06 1.049000336752e-01 2.427135678392e-06 2.862999999909e-01 2.427135678392e-06 2.821335162395e-01 2.427135678392e-06 2.026522842800e-01
4.854271356784e-06 1.264012474434e-01 4.854271356784e-06 1.049000396771e-01 4.854271356784e-06 2.862999999882e-01 4.854271356784e-06 2.821287158754e-01 4.854271356784e-06 2.026525466532e-01
7.281407035176e-06 1.264013942632e-01 7.281407035176e-06 1.049000467488e-01 7.281407035176e-06 2.862999999848e-01 7.281407035176e-06 2.821235678290e-01 7.281407035176e-06 2.026528388717e-01
9.708542713568e-06 1.264015583632e-01 9.708542713568e-06 1.049000550813e-01 9.708542713568e-06 2.862999999803e-01 9.708542713568e-06 2.821180467698e-01 9.708542713568e-06 2.026531642899e-01
1.213567839196e-05 1.264017417770e-01 1.213567839196e-05 1.049000648993e-01 1.213567839196e-05 2.862999999745e-01 1.213567839196e-05 2.821121255018e-01 1.213567839196e-05 2.026535266336e-01
1.456281407035e-05 1.264019467779e-01 1.456281407035e-05 1.049000764677e-01 1.456281407035e-05 2.862999999671e-01 1.456281407035e-05 2.821057748231e-01 1.456281407035e-05 2.026539300404e-01
1.698994974874e-05 1.264021759066e-01 1.698994974874e-05 1.049000900987e-01 1.698994974874e-05 2.862999999575e-01 1.698994974874e-05 2.820989633747e-01 1.698994974874e-05 2.026543791038e-01
1.941708542714e-05 1.264024320027e-01 1.941708542714e-05 1.049001061603e-01 1.941708542714e-05 2.862999999450e-01 1.941708542714e-05 2.820916574778e-01 1.941708542714e-05 2.026548789232e-01
2.184422110553e-05 1.264027182402e-01 2.184422110553e-05 1.049001250859e-01 2.184422110553e-05 2.862999999289e-01 2.184422110553e-05 2.820838209581e-01 2.184422110553e-05 2.026554351575e-01
2.427135678392e-05 1.264030381667e-01 2.427135678392e-05 1.049001473864e-01 2.427135678392e-05 2.862999999081e-01 2.427135678392e-05 2.820754149563e-01 2.427135678392e-05 2.026560540856e-01
2.669849246231e-05 1.264033957470e-01 2.669849246231e-05 1.049001736639e-01 2.669849246231e-05 2.862999998812e-01 2.669849246231e-05 2.820663977235e-01 2.669849246231e-05 2.026567426727e-01
2.912562814070e-05 1.264037954130e-01 2.912562814070e-05 1.049002046278e-01 2.912562814070e-05 2.862999998465e-01 2.912562814070e-05 2.820567244006e-01 2.912562814070e-05 2.026575086435e-01
3.155276381910e-05 1.264042421179e-01 3.155276381910e-05 1.049002411143e-01 3.155276381910e-05 2.862999998016e-01 3.155276381910e-05 2.820463467798e-01 3.155276381910e-05 2.026583605626e-01
3.397989949749e-05 1.264047413980e-01 3.397989949749e-05 1.049002841086e-01 3.397989949749e-05 2.862999997435e-01 3.397989949749e-05 2.820352130470e-01 3.397989949749e-05 2.026593079239e-01
3.640703517588e-05 1.264052994412e-01 3.640703517588e-05 1.049003347722e-01 3.640703517588e-05 2.862999996685e-01 3.640703517588e-05 2.820232675033e-01 3.640703517588e-05 2.026603612484e-01
3.883417085427e-05 1.264059231639e-01 3.883417085427e-05 1.049003944735e-01 3.883417085427e-05 2.862999995715e-01 3.883417085427e-05 2.820104502643e-01 3.883417085427e-05 2.026615321922e-01
4.126130653266e-05 1.264066202962e-01 4.126130653266e-05 1.049004648255e-01 4.126130653266e-05 2.862999994462e-01 4.126130653266e-05 2.819966969339e-01 4.126130653266e-05 2.026628336655e-01
4.368844221106e-05 1.264073994785e-01 4.368844221106e-05 1.049005477291e-01 4.368844221106e-05 2.862999992841e-01 4.368844221106e-05 2.819819382521e-01 4.368844221106e-05 2.026642799628e-01
4.611557788945e-05 1.264082703679e-01 4.611557788945e-05 1.049006454247e-01 4.611557788945e-05 2.862999990747e-01 4.611557788945e-05 2.819660997135e-01 4.611557788945e-05 2.026658869075e-01
4.854271356784e-05 1.264092437586e-01 4.854271356784e-05 1.049007605528e-01 4.854271356784e-05 2.862999988039e-01 4.854271356784e-05 2.819491011534e-01 4.854271356784e-05 2.026676720087e-01
5.096984924623e-05 1.264103317152e-01 5.096984924623e-05 1.049008962254e-01 5.096984924623e-05 2.862999984540e-01 5.096984924623e-05 2.819308562998e-01 5.096984924623e-05 2.026696546356e-01
5.339698492462e-05 1.264115477228e-01 5.339698492462e-05 1.049010561107e-01 5.339698492462e-05 2.862999980016e-01 5.339698492462e-05 2.819112722873e-01 5.339698492462e-05 2.026718562070e-01
5.582412060302e-05 1.264129068538e-01 5.582412060302e-05 1.049012445318e-01 5.582412060302e-05 2.862999974169e-01 5.582412060302e-05 2.818902491293e-01 5.582412060302e-05 2.026743003996e-01
5.825125628141e-05 1.264144259554e-01 5.825125628141e-05 1.049014665846e-01 5.825125628141e-05 2.862999966612e-01 5.825125628141e-05 2.818676791453e-01 5.825125628141e-05 2.026770133772e-01
6.067839195980e-05 1.264161238583e-01 6.067839195980e-05 1.049017282752e-01 6.067839195980e-05 2.862999956843e-01 6.067839195980e-05 2.818434463388e-01 6.067839195980e-05 2.026800240394e-01
6.310552763819e-05 1.264180216109e-01 6.310552763819e-05 1.049020366831e-01 6.310552763819e-05 2.862999944216e-01 6.310552763819e-05 2.818174257202e-01 6.310552763819e-05 2.026833642956e-01
6.553266331658e-05 1.264201427401e-01 6.553266331658e-05 1.049024001530e-01 6.553266331658e-05 2.862999927894e-01 6.553266331658e-05 2.817894825710e-01 6.553266331658e-05 2.026870693626e-01
6.795979899497e-05 1.264225135439e-01 6.795979899497e-05 1.049028285212e-01 6.795979899497e-05 2.862999906798e-01 6.795979899497e-05 2.817594716423e-01 6.795979899497e-05 2.026911780904e-01
7.038693467337e-05 1.264251634182e-01 7.038693467337e-05 1.049033333820e-01 7.038693467337e-05 2.862999879528e-01 7.038693467337e-05 2.817272362822e-01 7.038693467337e-05 2.026957333164e-01
7.281407035176e-05 1.264281252223e-01 7.281407035176e-05 1.049039284025e-01 7.281407035176e-05 2.862999844280e-01 7.281407035176e-05 2.816926074839e-01 7.281407035176e-05 2.027007822508e-01
7.524120603015e-05 1.264314356875e-01 7.524120603015e-05 1.049046296933e-01 7.524120603015e-05 2.862999798720e-01 7.524120603015e-05 2.816554028477e-01 7.524120603015e-05 2.027063768958e-01
7.766834170854e-05 1.264351358747e-01 7.766834170854e-05 1.049054562450e-01 7.766834170854e-05 2.862999739829e-01 7.766834170854e-05 2.816154254477e-01 7.766834170854e-05 2.027125744999e-01
8.009547738693e-05 1.264392716856e-01 8.009547738693e-05 1.049064304443e-01 8.009547738693e-05 2.862999663707e-01 8.009547738693e-05 2.815724625936e-01 8.009547738693e-05 2.027194380494e-01
8.252261306533e-05 1.264438944354e-01 8.252261306533e-05 1.049075786805e-01 8.252261306533e-05 2.862999565314e-01 8.252261306533e-05 2.815262844772e-01 8.252261306533e-05 2.027270368006e-01
8.494974874372e-05 1.264490614934e-01 8.494974874372e-05 1.049089320619e-01 8.494974874372e-05 2.862999438133e-01 8.494974874372e-05 2.814766426911e-01 8.494974874372e-05 2.027354468520e-01
8.737688442211e-05 1.264548369997e-01 8.737688442211e-05 1.049105272596e-01 8.737688442211e-05 2.862999273741e-01 8.737688442211e-05 2.814232686065e-01 8.737688442211e-05 2.027447517614e-01
8.980402010050e-05 1.264612926685e-01 8.980402010050e-05 1.049124075016e-01 8.980402010050e-05 2.862999061251e-01 8.980402010050e-05 2.813658715967e-01 8.980402010050e-05 2.027550432066e-01
9.223115577889e-05 1.264685086871e-01 9.223115577889e-05 1.049146237459e-01 9.223115577889e-05 2.862998786591e-01 9.223115577889e-05 2.813041370871e-01 9.223115577889e-05 2.027664216920e-01
9.465829145729e-05 1.264765747228e-01 9.465829145729e-05 1.049172360608e-01 9.465829145729e-05 2.862998431570e-01 9.465829145729e-05 2.812377244171e-01 9.465829145729e-05 2.027789973023e-01
9.708542713568e-05 1.264855910523e-01 9.708542713568e-05 1.049203152531e-01 9.708542713568e-05 2.862997972678e-01 9.708542713568e-05 2.811662644903e-01 9.708542713568e-05 2.027928905012e-01
9.951256281407e-05 1.264956698270e-01 9.951256281407e-05 1.049239447852e-01 9.951256281407e-05 2.862997379523e-01 9.951256281407e-05 2.810893571934e-01 9.951256281407e-05 2.028082329754e-01
1.019396984925e-04 1.265069364927e-01 1.019396984925e-04 1.049282230330e-01 1.019396984925e-04 2.862996612824e-01 1.019396984925e-04 2.810065685570e-01 1.019396984925e-04 2.028251685214e-01
1.043668341709e-04 1.265195313832e-01 1.043668341709e-04 1.049332659455e-01 1.043668341709e-04 2.862995621806e-01 1.043668341709e-04 2.809174276320e-01 1.043668341709e-04 2.028438539703e-01
1.067939698492e-04 1.265336115093e-01 1.067939698492e-04 1.049392101750e-01 1.067939698492e-04 2.862994340841e-01 1.067939698492e-04 2.808214230500e-01 1.067939698492e-04 2.028644601458e-01
1.092211055276e-04 1.265493525704e-01 1.092211055276e-04 1.049462167604e-01 1.092211055276e-04 2.862992685100e-01 1.092211055276e-04 2.807179992361e-01 1.092211055276e-04 2.028871728471e-01
1.116482412060e-04 1.265669512162e-01 1.116482412060e-04 1.049544754607e-01 1.116482412060e-04 2.862990544936e-01 1.116482412060e-04 2.806065522343e-01 1.116482412060e-04 2.029121938444e-01
1.140753768844e-04 1.265866275936e-01 1.140753768844e-04 1.049642098487e-01 1.140753768844e-04 2.862987778630e-01 1.140753768844e-04 2.804864251087e-01 1.140753768844e-04 2.029397418743e-01
1.165025125628e-04 1.266086282173e-01 1.165025125628e-04 1.049756832963e-01 1.165025125628e-04 2.862984203003e-01 1.165025125628e-04 2.803569028725e-01 1.165025125628e-04 2.029700536139e-01
1.189296482412e-04 1.266332292088e-01 1.189296482412e-04 1.049892060024e-01 1.189296482412e-04 2.862979581297e-01 1.189296482412e-04 2.802172069011e-01 1.189296482412e-04 2.030033846102e-01
1.213567839196e-04 1.266607399573e-01 1.213567839196e-04 1.050051432356e-01 1.213567839196e-04 2.862973607506e-01 1.213567839196e-04 2.800664887742e-01 1.213567839196e-04 2.030400101339e-01
1.237839195980e-04 1.266915072624e-01 1.237839195980e-04 1.050239249952e-01 1.237839195980e-04 2.862965886132e-01 1.237839195980e-04 2.799038234958e-01 1.237839195980e-04 2.030802259168e-01
1.262110552764e-04 1.267259200318e-01 1.262110552764e-04 1.050460573166e-01 1.262110552764e-04 2.862955906024e-01 1.262110552764e-04 2.797282020318e-01 1.262110552764e-04 2.031243487265e-01
1.286381909548e-04 1.267644146179e-01 1.286381909548e-04 1.050721354849e-01 1.286381909548e-04 2.862943006586e-01 1.286381909548e-04 2.795385231084e-01 1.286381909548e-04 2.031727167167e-01
1.310653266332e-04 1.268074808945e-01 1.310653266332e-04 1.051028594486e-01 1.310653266332e-04 2.862926334129e-01 1.310653266332e-04 2.793335842096e-01 1.310653266332e-04 2.032256894807e-01
1.334924623116e-04 1.268556691920e-01 1.334924623116e-04 1.051390517638e-01 1.334924623116e-04 2.862904785487e-01 1.334924623116e-04 2.791120717179e-01 1.334924623116e-04 2.032836477172e-01
1.359195979899e-04 1.269095982353e-01 1.359195979899e-04 1.051816784296e-01 1.359195979899e-04 2.862876935241e-01 1.359195979899e-04 2.788725501428e-01 1.359195979899e-04 2.033469924006e-01
1.383467336683e-04 1.269699642565e-01 1.383467336683e-04 1.052318730092e-01 1.383467336683e-04 2.862840941760e-01 1.383467336683e-04 2.786134503923e-01 1.383467336683e-04 2.034161433246e-01
1.407738693467e-04 1.270375514886e-01 1.407738693467e-04 1.052909644502e-01 1.407738693467e-04 2.862794426003e-01 1.407738693467e-04 2.783330570574e-01 1.407738693467e-04 2.034915368618e-01
1.432010050251e-04 1.271132442935e-01 1.432010050251e-04 1.053605090321e-01 1.432010050251e-04 2.862734315225e-01 1.432010050251e-04 2.780294946971e-01 1.432010050251e-04 2.035736227518e-01
1.456281407035e-04 1.271980412315e-01 1.456281407035e-04 1.054423268562e-01 1.456281407035e-04 2.862656641593e-01 1.456281407035e-04 2.777007131464e-01 1.456281407035e-04 2.036628596971e-01
1.480552763819e-04 1.272930714460e-01 1.480552763819e-04 1.055385432518e-01 1.480552763819e-04 2.862556282941e-01 1.480552763819e-04 2.773444719073e-01 1.480552763819e-04 2.037597095047e-01
1.504824120603e-04 1.273996138240e-01 1.504824120603e-04 1.056516353854e-01 1.504824120603e-04 2.862426629431e-01 1.504824120603e-04 2.769583237469e-01 1.504824120603e-04 2.038646294692e-01
1.529095477387e-04 1.275191194967e-01 1.529095477387e-04 1.057844842048e-01 1.529095477387e-04 2.862259155630e-01 1.529095477387e-04 2.765395976988e-01 1.529095477387e-04 2.039780626442e-01
1.553366834171e-04 1.276532383721e-01 1.553366834171e-04 1.059404316079e-01 1.553366834171e-04 2.862042872263e-01 1.553366834171e-04 2.760853817700e-01 1.553366834171e-04 2.041004255956e-01
1.577638190955e-04 1.278038505508e-01 1.577638190955e-04 1.061233423595e-01 1.577638190955e-04 2.861763625693e-01 1.577638190955e-04 2.755925057833e-01 1.577638190955e-04 2.042320931771e-01
1.601909547739e-04 1.279731036664e-01 1.601909547739e-04 1.063376697567e-01 1.601909547739e-04 2.861403205916e-01 1.601909547739e-04 2.750575249545e-01 1.601909547739e-04 2.043733798113e-01
1.626180904523e-04 1.281634574168e-01 1.626180904523e-04 1.065885233241e-01 1.626180904523e-04 2.860938215932e-01 1.626180904523e-04 2.744767050065e-01 1.626180904523e-04 2.045245167066e-01
1.650452261307e-04 1.283777368214e-01 1.650452261307e-04 1.068817358522e-01 1.650452261307e-04 2.860338647223e-01 1.650452261307e-04 2.738460098731e-01 1.650452261307e-04 2.046856243959e-01
1.674723618090e-04 1.286191960314e-01 1.674723618090e-04 1.072239258563e-01 1.674723618090e-04 2.859566099275e-01 1.674723618090e-04 2.731610933467e-01 1.674723618090e-04 2.048566799513e-01
1.698994974874e-04 1.288915948400e-01 1.698994974874e-04 1.076225499911e-01 1.698994974874e-04 2.858571577934e-01 1.698994974874e-04 2.724172963649e-01 1.698994974874e-04 2.050374782204e-01
1.723266331658e-04 1.291992903392e-01 1.723266331658e-04 1.080859381422e-01 1.723266331658e-04 2.857292812355e-01 1.723266331658e-04 2.716096520215e-01 1.723266331658e-04 2.052275864612e-01
1.747537688442e-04 1.295473463982e-01 1.747537688442e-04 1.086233018990e-01 1.747537688442e-04 2.855651050571e-01 1.747537688442e-04 2.707329008024e-01 1.747537688442e-04 2.054262918338e-01
1.771809045226e-04 1.299416636854e-01 1.771809045226e-04 1.092447050822e-01 1.771809045226e-04 2.853547340562e-01 1.771809045226e-04 2.697815189644e-01 1.771809045226e-04 2.056325413668e-01
1.796080402010e-04 1.303891326408e-01 1.796080402010e-04 1.099609832760e-01 1.796080402010e-04 2.850858393892e-01 1.796080402010e-04 2.687497633583e-01 1.796080402010e-04 2.058448742763e-01
1.820351758794e-04 1.308978108439e-01 1.820351758794e-04 1.107835983935e-01 1.820351758794e-04 2.847432285346e-01 1.820351758794e-04 2.676317362887e-01 1.820351758794e-04 2.060613469110e-01
1.844623115578e-04 1.314771241731e-01 1.844623115578e-04 1.117244149034e-01 1.844623115578e-04 2.843084492001e-01 1.844623115578e-04 2.664214741112e-01 1.844623115578e-04 2.062794511709e-01
1.868894472362e-04 1.321380873696e-01 1.868894472362e-04 1.127953873403e-01 1.868894472362e-04 2.837595144123e-01 1.868894472362e-04 2.651130631095e-01 1.868894472362e-04 2.064960280279e-01
1.893165829146e-04 1.328935332246e-01 1.893165829146e-04 1.140081550527e-01 1.893165829146e-04 2.830708854516e-01 1.893165829146e-04 2.637007856318e-01 1.893165829146e-04 2.067071788280e-01
1.917437185930e-04 1.337583294717e-01 1.917437185930e-04 1.153735506001e-01 1.917437185930e-04 2.822139065838e-01 1.917437185930e-04 2.621792983701e-01 1.917437185930e-04 2.069081784000e-01
1.941708542714e-04 1.347495473514e-01 1.941708542714e-04 1.169010430031e-01 1.941708542714e-04 2.811579354300e-01 1.941708542714e-04 2.605438429215e-01 1.941708542714e-04 2.070933956669e-01
1.965979899497e-04 1.358865247510e-01 1.965979899497e-04 1.185981553359e-01 1.965979899497e-04 2.798724231317e-01 1.965979899497e-04 2.587904862755e-01 1.965979899497e-04 2.072562294632e-01
1.990251256281e-04 1.371907398543e-01 1.990251256281e-04 1.204699154998e-01 1.990251256281e-04 2.783301174497e-01 1.990251256281e-04 2.569163856161e-01 1.990251256281e-04 2.073890695532e-01
2.014522613065e-04 1.386853809080e-01 2.014522613065e-04 1.225184151433e-01 2.014522613065e-04 2.765113287870e-01 2.014522613065e-04 2.549200679187e-01 2.014522613065e-04 2.074832953223e-01
2.038793969849e-04 1.403944710999e-01 2.038793969849e-04 1.247425587001e-01 2.038793969849e-04 2.744087803804e-01 2.038793969849e-04 2.528017105173e-01 2.038793969849e-04 2.075293270865e-01
2.063065326633e-04 1.423413987460e-01 2.063065326633e-04 1.271380760324e-01 2.063065326633e-04 2.720320181575e-01 2.063065326633e-04 2.505634045809e-01 2.063065326633e-04 2.075167471012e-01
2.087336683417e-04 1.445467343125e-01 2.087336683417e-04 1.296978433525e-01 2.087336683417e-04 2.694098948999e-01 2.087336683417e-04 2.482093799185e-01 2.087336683417e-04 2.074345087036e-01
2.111608040201e-04 1.470253149505e-01 2.111608040201e-04 1.324125071429e-01 2.111608040201e-04 2.665896112919e-01 2.111608040201e-04 2.457461675028e-01 2.111608040201e-04 2.072712519615e-01
2.135879396985e-04 1.497827660230e-01 2.135879396985e-04 1.352713400870e-01 2.135879396985e-04 2.636314878987e-01 2.135879396985e-04 2.431826763775e-01 2.135879396985e-04 2.070157419582e-01
2.160150753769e-04 1.528119015412e-01 2.160150753769e-04 1.382631886988e-01 2.160150753769e-04 2.606000106760e-01 2.160150753769e-04 2.405301648200e-01 2.160150753769e-04 2.066574405693e-01
2.184422110553e-04 1.560897404311e-01 2.184422110553e-04 1.413773166239e-01 2.184422110553e-04 2.575531960513e-01 2.184422110553e-04 2.378020920748e-01 2.184422110553e-04 2.061872134343e-01
2.208693467337e-04 1.595760647263e-01 2.208693467337e-04 1.446039239950e-01 2.208693467337e-04 2.545331667694e-01 2.208693467337e-04 2.350138463662e-01 2.208693467337e-04 2.055981602067e-01
2.232964824121e-04 1.632143664732e-01 2.232964824121e-04 1.479341466508e-01 2.232964824121e-04 2.515605287438e-01 2.232964824121e-04 2.321823563770e-01 2.232964824121e-04 2.048865379375e-01
2.257236180905e-04 1.669355784835e-01 2.257236180905e-04 1.513594163736e-01 2.257236180905e-04 2.486338878762e-01 2.257236180905e-04 2.293256054414e-01 2.257236180905e-04 2.040527253318e-01
2.281507537688e-04 1.706642280782e-01 2.281507537688e-04 1.548701902233e-01 2.281507537688e-04 2.457343390936e-01 2.281507537688e-04 2.264620785349e-01 2.281507537688e-04 2.031021514605e-01
2.305778894472e-04 1.743258687530e-01 2.305778894472e-04 1.584542160695e-01 2.305778894472e-04 2.428336358938e-01 2.305778894472e-04 2.236101799396e-01 2.305778894472e-04 2.020460895278e-01
2.330050251256e-04 1.778541979567e-01 2.330050251256e-04 1.620946611089e-01 2.330050251256e-04 2.399042015930e-01 2.330050251256e-04 2.207876628310e-01 2.330050251256e-04 2.009021990649e-01
2.354321608040e-04 1.811963901264e-01 2.354321608040e-04 1.657685469973e-01 2.354321608040e-04 2.369289890468e-01 2.354321608040e-04 2.180111103734e-01 2.354321608040e-04 1.996946939174e-01
2.378592964824e-04 1.843157980150e-01 2.378592964824e-04 1.694459614754e-01 2.378592964824e-04 2.339092143912e-01 2.378592964824e-04 2.152955015369e-01 2.378592964824e-04 1.984540241174e-01
2.402864321608e-04 1.871919885685e-01 2.402864321608e-04 1.730904165296e-01 2.402864321608e-04 2.308681972168e-01 2.402864321608e-04 2.126538849143e-01 2.402864321608e-04 1.972159912435e-01
2.427135678392e-04 1.898187297455e-01 2.427135678392e-04 1.766604958413e-01 2.427135678392e-04 2.278501621940e-01 2.427135678392e-04 2.100971720445e-01 2.427135678392e-04 1.960202702136e-01
2.451407035176e-04 1.922008373024e-01 2.451407035176e-04 1.801126280706e-01 2.451407035176e-04 2.249140418081e-01 2.451407035176e-04 2.076340499893e-01 2.451407035176e-04 1.949083820797e-01
2.475678391960e-04 1.943507403122e-01 2.475678391960e-04 1.834045296942e-01 2.475678391960e-04 2.221238109502e-01 2.475678391960e-04 2.052710027894e-01 2.475678391960e-04 1.939212435537e-01
2.499949748744e-04 1.962853734488e-01 2.499949748744e-04 1.864986838718e-01 2.499949748744e-04 2.195380188383e-01 2.499949748744e-04 2.030124240230e-01 2.499949748744e-04 1.930964963083e-01
2.524221105528e-04 1.980237089495e-01 2.524221105528e-04 1.893652243838e-01 2.524221105528e-04 2.172013201832e-01 2.524221105528e-04 2.008607984747e-01 2.524221105528e-04 1.924658768735e-01
2.548492462312e-04 1.995850025167e-01 2.548492462312e-04 1.919837694376e-01 2.548492462312e-04 2.151398477736e-01 2.548492462312e-04 1.988169297592e-01 2.548492462312e-04 1.920529117146e-01
2.572763819095e-04 2.009876800826e-01 2.572763819095e-04 1.943440260321e-01 2.572763819095e-04 2.133607619935e-01 2.572763819095e-04 1.968801920842e-01 2.572763819095e-04 1.918712026912e-01
2.597035175879e-04 2.022487272490e-01 2.597035175879e-04 1.964452609957e-01 2.597035175879e-04 2.118550323515e-01 2.597035175879e-04 1.950487874157e-01 2.597035175879e-04 1.919235049542e-01
2.621306532663e-04 2.033834337902e-01 2.621306532663e-04 1.982949287955e-01 2.621306532663e-04 2.106019239209e-01 2.621306532663e-04 1.933199933228e-01 2.621306532663e-04 1.922017015052e-01
2.645577889447e-04 2.044053655316e-01 2.645577889447e-04 1.999068253972e-01 2.645577889447e-04 2.095737657010e-01 2.645577889447e-04 1.916903910327e-01 2.645577889447e-04 1.926876633103e-01
2.669849246231e-04 2.053264662321e-01 2.669849246231e-04 2.012991150392e-01 2.669849246231e-04 2.087400582207e-01 2.669849246231e-04 1.901560672130e-01 2.669849246231e-04 1.933548722423e-01
2.694120603015e-04 2.061572219508e-01 2.694120603015e-04 2.024924921920e-01 2.694120603015e-04 2.080705070933e-01 2.694120603015e-04 1.887127863819e-01 2.694120603015e-04 1.941705962609e-01
2.718391959799e-04 2.069068449616e-01 2.718391959799e-04 2.035086365121e-01 2.718391959799e-04 2.075369598405e-01 2.718391959799e-04 1.873561334989e-01 2.718391959799e-04 1.950983561081e-01
2.742663316583e-04 2.075834524168e-01 2.742663316583e-04 2.043690248941e-01 2.742663316583e-04 2.071144323233e-01 2.742663316583e-04 1.860816281799e-01 2.742663316583e-04 1.961004154983e-01
2.766934673367e-04 2.081942272775e-01 2.766934673367e-04 2.050940965844e-01 2.766934673367e-04 2.067814773798e-01 2.766934673367e-04 1.848848131942e-01 2.766934673367e-04 1.971400582884e-01
2.791206030151e-04 2.087455567823e-01 2.791206030151e-04 2.057027269920e-01 2.791206030151e-04 2.065201315238e-01 2.791206030151e-04 1.837613205536e-01 2.791206030151e-04 1.981834754553e-01
2.815477386935e-04 2.092431482093e-01 2.815477386935e-04 2.062119483687e-01 2.815477386935e-04 2.063156245081e-01 2.815477386935e-04 1.827069187239e-01 2.815477386935e-04 1.992011575559e-01
2.839748743719e-04 2.096921239980e-01 2.839748743719e-04 2.066368536507e-01 2.839748743719e-04 2.061559805950e-01 2.839748743719e-04 1.817175444127e-01 2.839748743719e-04 2.001687607332e-01
2.864020100503e-04 2.100970992463e-01 2.864020100503e-04 2.069906266649e-01 2.864020100503e-04 2.060315930221e-01 2.864020100503e-04 1.807893221153e-01 2.864020100503e-04 2.010674754476e-01
2.888291457286e-04 2.104622447694e-01 2.888291457286e-04 2.072846525445e-01 2.888291457286e-04 2.059348181896e-01 2.888291457286e-04 1.799185742197e-01 2.888291457286e-04 2.018839707039e-01
2.912562814070e-04 2.107913386569e-01 2.912562814070e-04 2.075286733781e-01 2.912562814070e-04 2.058596125928e-01 2.912562814070e-04 1.791018240564e-01 2.912562814070e-04 2.026100109051e-01
2.936834170854e-04 2.110878088460e-01 2.936834170854e-04 2.077309641298e-01 2.936834170854e-04 2.058012209250e-01 2.936834170854e-04 1.783357938552e-01 2.936834170854e-04 2.032418494490e-01
2.961105527638e-04 2.113547687580e-01 2.961105527638e-04 2.078985120320e-01 2.961105527638e-04 2.057559154218e-01 2.961105527638e-04 1.776173991840e-01 2.961105527638e-04 2.037794968078e-01
2.985376884422e-04 2.115950476081e-01 2.985376884422e-04 2.080371888837e-01 2.985376884422e-04 2.057207822237e-01 2.985376884422e-04 1.769437410989e-01 2.985376884422e-04 2.042259458539e-01
3.009648241206e-04 2.118112166149e-01 3.009648241206e-04 2.081519101992e-01 3.009648241206e-04 2.056935487278e-01 3.009648241206e-04 1.763120969379e-01 3.009648241206e-04 2.045864181094e-01
3.033919597990e-04 2.120056120282e-01 3.033919597990e-04 2.082467782666e-01 3.033919597990e-04 2.056724455065e-01 3.033919597990e-04 1.757199104486e-01 3.033919597990e-04 2.048676749459e-01
3.058190954774e-04 2.121803556464e-01 3.058190954774e-04 2.083252082267e-01 3.058190954774e-04 2.056560967268e-01 3.058190954774e-04 1.751647817423e-01 3.058190954774e-04 2.050774199786e-01
3.082462311558e-04 2.123373733109e-01 3.082462311558e-04 2.083900375565e-01 3.082462311558e-04 2.056434336967e-01 3.082462311558e-04 1.746444574117e-01 3.082462311558e-04 2.052238043002e-01
3.106733668342e-04 2.124784117264e-01 3.106733668342e-04 2.084436200771e-01 3.106733668342e-04 2.056336269569e-01 3.106733668342e-04 1.741568210333e-01 3.106733668342e-04 2.053150352468e-01
3.131005025126e-04 2.126050538587e-01 3.131005025126e-04 2.084879059711e-01 3.131005025126e-04 2.056260331229e-01 3.131005025126e-04 1.736998841837e-01 3.131005025126e-04 2.053590819348e-01
3.155276381910e-04 2.127187330886e-01 3.155276381910e-04 2.085245094307e-01 3.155276381910e-04 2.056201533795e-01 3.155276381910e-04 1.732717780388e-01 3.155276381910e-04 2.053634663544e-01
3.179547738693e-04 2.128207462548e-01 3.179547738693e-04 2.085547655408e-01 3.179547738693e-04 2.056156011375e-01 3.179547738693e-04 1.728707455753e-01 3.179547738693e-04 2.053351267153e-01
3.203819095477e-04 2.129122656865e-01 3.203819095477e-04 2.085797779095e-01 3.203819095477e-04 2.056120768703e-01 3.203819095477e-04 1.724951343686e-01 3.203819095477e-04 2.052803393540e-01
3.228090452261e-04 2.129943503030e-01 3.228090452261e-04 2.086004584164e-01 3.228090452261e-04 2.056093485576e-01 3.228090452261e-04 1.721433899562e-01 3.228090452261e-04 2.052046862585e-01
3.252361809045e-04 2.130679558464e-01 3.252361809045e-04 2.086175602952e-01 3.252361809045e-04 2.056072365019e-01 3.252361809045e-04 1.718140497298e-01 3.252361809045e-04 2.051130566685e-01
3.276633165829e-04 2.131339443030e-01 3.276633165829e-04 2.086317056092e-01 3.276633165829e-04 2.056056015472e-01 3.276633165829e-04 1.715057373103e-01 3.276633165829e-04 2.050096729202e-01
3.300904522613e-04 2.131930925654e-01 3.300904522613e-04 2.086434080337e-01 3.300904522613e-04 2.056043359438e-01 3.300904522613e-04 1.712171573599e-01 3.300904522613e-04 2.048981324780e-01
3.325175879397e-04 2.132461003824e-01 3.325175879397e-04 2.086530917202e-01 3.325175879397e-04 2.056033562666e-01 3.325175879397e-04 1.709470907869e-01 3.325175879397e-04 2.047814597744e-01
3.349447236181e-04 2.132935976424e-01 3.349447236181e-04 2.086611069009e-01 3.349447236181e-04 2.056025979276e-01 3.349447236181e-04 1.706943903010e-01 3.349447236181e-04 2.046621629814e-01
3.373718592965e-04 2.133361510348e-01 3.373718592965e-04 2.086677427872e-01 3.373718592965e-04 2.056020109253e-01 3.373718592965e-04 1.704579762818e-01 3.373718592965e-04 2.045422921107e-01
3.397989949749e-04 2.133742701312e-01 3.397989949749e-04 2.086732382231e-01 3.397989949749e-04 2.056015565516e-01 3.397989949749e-04 1.702368329259e-01 3.397989949749e-04 2.044234958973e-01
3.422261306533e-04 2.134084129282e-01 3.422261306533e-04 2.086777904818e-01 3.422261306533e-04 2.056012048420e-01 3.422261306533e-04 1.700300046427e-01 3.422261306533e-04 2.043070757564e-01
3.446532663317e-04 2.134389908909e-01 3.446532663317e-04 2.086815625266e-01 3.446532663317e-04 2.056009326010e-01 3.446532663317e-04 1.698365926750e-01 3.446532663317e-04 2.041940357539e-01
3.470804020101e-04 2.134663735359e-01 3.470804020101e-04 2.086846890014e-01 3.470804020101e-04 2.056007218734e-01 3.470804020101e-04 1.696557519199e-01 3.470804020101e-04 2.040851280200e-01
3.495075376884e-04 2.134908925893e-01 3.495075376884e-04 2.086872811742e-01 3.495075376884e-04 2.056005587605e-01 3.495075376884e-04 1.694866879327e-01 3.495075376884e-04 2.039808933867e-01
3.519346733668e-04 2.135128457548e-01 3.519346733668e-04 2.086894310154e-01 3.519346733668e-04 2.056004325039e-01 3.519346733668e-04 1.693286540983e-01 3.519346733668e-04 2.038816972860e-01
3.543618090452e-04 2.135325001239e-01 3.543618090452e-04 2.086912145614e-01 3.543618090452e-04 2.056003347758e-01 3.543618090452e-04 1.691809489548e-01 3.543618090452e-04 2.037877611055e-01
3.567889447236e-04 2.135500952597e-01 3.567889447236e-04 2.086926946910e-01 3.567889447236e-04 2.056002591301e-01 3.567889447236e-04 1.690429136601e-01 3.567889447236e-04 2.036991893090e-01
3.592160804020e-04 2.135658459814e-01 3.592160804020e-04 2.086939234153e-01 3.592160804020e-04 2.056002005772e-01 3.592160804020e-04 1.689139295899e-01 3.592160804020e-04 2.036159926832e-01
3.616432160804e-04 2.135799448782e-01 3.616432160804e-04 2.086949437669e-01 3.616432160804e-04 2.056001552548e-01 3.616432160804e-04 1.687934160598e-01 3.616432160804e-04 2.035381080993e-01
3.640703517588e-04 2.135925645748e-01 3.640703517588e-04 2.086957913600e-01 3.640703517588e-04 2.056001201735e-01 3.640703517588e-04 1.686808281644e-01 3.640703517588e-04 2.034654151792e-01
3.664974874372e-04 2.136038597729e-01 3.664974874372e-04 2.086964956773e-01 3.664974874372e-04 2.056000930191e-01 3.664974874372e-04 1.685756547258e-01 3.664974874372e-04 2.033977502422e-01
3.689246231156e-04 2.136139690899e-01 3.689246231156e-04 2.086970811326e-01 3.689246231156e-04 2.056000720005e-01 3.689246231156e-04 1.684774163481e-01 3.689246231156e-04 2.033349178849e-01
3.713517587940e-04 2.136230167126e-01 3.713517587940e-04 2.086975679482e-01 3.713517587940e-04 2.056000557312e-01 3.713517587940e-04 1.683856635707e-01 3.713517587940e-04 2.032767005178e-01
3.737788944724e-04 2.136311138847e-01 3.737788944724e-04 2.086979728795e-01 3.737788944724e-04 2.056000431382e-01 3.737788944724e-04 1.682999751169e-01 3.737788944724e-04 2.032228661516e-01
3.762060301508e-04 2.136383602438e-01 3.762060301508e-04 2.086983098137e-01 3.762060301508e-04 2.056000333907e-01 3.762060301508e-04 1.682199562339e-01 3.762060301508e-04 2.031731746930e-01
3.786331658291e-04 2.136448450225e-01 3.786331658291e-04 2.086985902642e-01 3.786331658291e-04 2.056000258457e-01 3.786331658291e-04 1.681452371194e-01 3.786331658291e-04 2.031273829809e-01
3.810603015075e-04 2.136506481272e-01 3.810603015075e-04 2.086988237794e-01 3.810603015075e-04 2.056000200056e-01 3.810603015075e-04 1.680754714315e-01 3.810603015075e-04 2.030852487621e-01
3.834874371859e-04 2.136558411067e-01 3.834874371859e-04 2.086990182805e-01 3.834874371859e-04 2.056000154851e-01 3.834874371859e-04 1.680103348786e-01 3.834874371859e-04 2.030465337831e-01
3.859145728643e-04 2.136604880211e-01 3.859145728643e-04 2.086991803411e-01 3.859145728643e-04 2.056000119861e-01 3.859145728643e-04 1.679495238850e-01 3.859145728643e-04 2.030110061450e-01
3.883417085427e-04 2.136646462214e-01 3.883417085427e-04 2.086993154180e-01 3.883417085427e-04 2.056000092777e-01 3.883417085427e-04 1.678927543300e-01 3.883417085427e-04 2.029784420519e-01
3.907688442211e-04 2.136683670490e-01 3.907688442211e-04 2.086994280426e-01 3.907688442211e-04 2.056000071813e-01 3.907688442211e-04 1.678397603561e-01 3.907688442211e-04 2.029486270620e-01
3.931959798995e-04 2.136716964627e-01 3.931959798995e-04 2.086995219789e-01 3.931959798995e-04 2.056000055586e-01 3.931959798995e-04 1.677902932446e-01 3.931959798995e-04 2.029213569322e-01
3.956231155779e-04 2.136746756009e-01 3.956231155779e-04 2.086996003546e-01 3.956231155779e-04 2.056000043026e-01 3.956231155779e-04 1.677441203537e-01 3.956231155779e-04 2.028964381364e-01
3.980502512563e-04 2.136773412854e-01 3.980502512563e-04 2.086996657697e-01 3.980502512563e-04 2.056000033304e-01 3.980502512563e-04 1.677010241181e-01 3.980502512563e-04 2.028736881213e-01
4.004773869347e-04 2.136797264730e-01 4.004773869347e-04 2.086997203857e-01 4.004773869347e-04 2.056000025778e-01 4.004773869347e-04 1.676608011057e-01 4.004773869347e-04 2.028529353555e-01
4.029045226131e-04 2.136818606599e-01 4.029045226131e-04 2.086997660010e-01 4.029045226131e-04 2.056000019954e-01 4.029045226131e-04 1.676232611296e-01 4.029045226131e-04 2.028340192163e-01
4.053316582915e-04 2.136837702445e-01 4.053316582915e-04 2.086998041116e-01 4.053316582915e-04 2.056000015445e-01 4.053316582915e-04 1.675882264117e-01 4.053316582915e-04 2.028167897530e-01
4.077587939698e-04 2.136854788516e-01 4.077587939698e-04 2.086998359629e-01 4.077587939698e-04 2.056000011955e-01 4.077587939698e-04 1.675555307964e-01 4.077587939698e-04 2.028011073570e-01
4.101859296482e-04 2.136870076235e-01 4.101859296482e-04 2.086998625917e-01 4.101859296482e-04 2.056000009254e-01 4.101859296482e-04 1.675250190109e-01 4.101859296482e-04 2.027868423630e-01
4.126130653266e-04 2.136883754804e-01 4.126130653266e-04 2.086998848617e-01 4.126130653266e-04 2.056000007163e-01 4.126130653266e-04 1.674965459703e-01 4.126130653266e-04 2.027738746049e-01
4.150402010050e-04 2.136895993534e-01 4.150402010050e-04 2.086999034925e-01 4.150402010050e-04 2.056000005544e-01 4.150402010050e-04 1.674699761246e-01 4.150402010050e-04 2.027620929394e-01
4.174673366834e-04 2.136906943935e-01 4.174673366834e-04 2.086999190838e-01 4.174673366834e-04 2.056000004291e-01 4.174673366834e-04 1.674451828458e-01 4.174673366834e-04 2.027513947539e-01
4.198944723618e-04 2.136916741584e-01 4.198944723618e-04 2.086999321357e-01 4.198944723618e-04 2.056000003322e-01 4.198944723618e-04 1.674220478521e-01 4.198944723618e-04 2.027416854662e-01
4.223216080402e-04 2.136925507798e-01 4.223216080402e-04 2.086999430654e-01 4.223216080402e-04 2.056000002571e-01 4.223216080402e-04 1.674004606687e-01 4.223216080402e-04 2.027328780279e-01
4.247487437186e-04 2.136933351132e-01 4.247487437186e-04 2.086999522208e-01 4.247487437186e-04 2.056000001990e-01 4.247487437186e-04 1.673803181214e-01 4.247487437186e-04 2.027248924340e-01
4.271758793970e-04 2.136940368725e-01 4.271758793970e-04 2.086999598922e-01 4.271758793970e-04 2.056000001540e-01 4.271758793970e-04 1.673615238617e-01 4.271758793970e-04 2.027176552470e-01
4.296030150754e-04 2.136946647491e-01 4.296030150754e-04 2.086999663224e-01 4.296030150754e-04 2.056000001192e-01 4.296030150754e-04 1.673439879225e-01 4.296030150754e-04 2.027110991370e-01
4.320301507538e-04 2.136952265203e-01 4.320301507538e-04 2.086999717136e-01 4.320301507538e-04 2.056000000923e-01 4.320301507538e-04 1.673276263013e-01 4.320301507538e-04 2.027051624410e-01
4.344572864322e-04 2.136957291447e-01 4.344572864322e-04 2.086999762352e-01 4.344572864322e-04 2.056000000714e-01 4.344572864322e-04 1.673123605697e-01 4.344572864322e-04 2.026997887430e-01
4.368844221106e-04 2.136961788489e-01 4.368844221106e-04 2.086999800286e-01 4.368844221106e-04 2.056000000553e-01 4.368844221106e-04 1.672981175085e-01 4.368844221106e-04 2.026949264767e-01
4.393115577889e-04 2.136965812039e-01 4.393115577889e-04 2.086999832120e-01 4.393115577889e-04 2.056000000428e-01 4.393115577889e-04 1.672848287652e-01 4.393115577889e-04 2.026905285500e-01
4.417386934673e-04 2.136969411945e-01 4.417386934673e-04 2.086999858842e-01 4.417386934673e-04 2.056000000331e-01 4.417386934673e-04 1.672724305340e-01 4.417386934673e-04 2.026865519923e-01
4.441658291457e-04 2.136972632810e-01 4.441658291457e-04 2.086999881280e-01 4.441658291457e-04 2.056000000256e-01 4.441658291457e-04 1.672608632566e-01 4.441658291457e-04 2.026829576243e-01
4.465929648241e-04 2.136975514538e-01 4.465929648241e-04 2.086999900126e-01 4.465929648241e-04 2.056000000198e-01 4.465929648241e-04 1.672500713417e-01 4.465929648241e-04 2.026797097499e-01
4.490201005025e-04 2.136978092837e-01 4.490201005025e-04 2.086999915960e-01 4.490201005025e-04 2.056000000154e-01 4.490201005025e-04 1.672400029030e-01 4.490201005025e-04 2.026767758680e-01
4.514472361809e-04 2.136980399653e-01 4.514472361809e-04 2.086999929266e-01 4.514472361809e-04 2.056000000119e-01 4.514472361809e-04 1.672306095144e-01 4.514472361809e-04 2.026741264069e-01
4.538743718593e-04 2.136982463569e-01 4.538743718593e-04 2.086999940451e-01 4.538743718593e-04 2.056000000092e-01 4.538743718593e-04 1.672218459807e-01 4.538743718593e-04 2.026717344760e-01
4.563015075377e-04 2.136984310162e-01 4.563015075377e-04 2.086999949855e-01 4.563015075377e-04 2.056000000071e-01 4.563015075377e-04 1.672136701236e-01 4.563015075377e-04 2.026695756370e-01
4.587286432161e-04 2.136985962313e-01 4.587286432161e-04 2.086999957765e-01 4.587286432161e-04 2.056000000055e-01 4.587286432161e-04 1.672060425815e-01 4.587286432161e-04 2.026676276928e-01
4.611557788945e-04 2.136987440495e-01 4.611557788945e-04 2.086999964419e-01 4.611557788945e-04 2.056000000043e-01 4.611557788945e-04 1.671989266223e-01 4.611557788945e-04 2.026658704926e-01
4.635829145729e-04 2.136988763026e-01 4.635829145729e-04 2.086999970018e-01 4.635829145729e-04 2.056000000033e-01 4.635829145729e-04 1.671922879692e-01 4.635829145729e-04 2.026642857520e-01
4.660100502513e-04 2.136989946296e-01 4.660100502513e-04 2.086999974730e-01 4.660100502513e-04 2.056000000026e-01 4.660100502513e-04 1.671860946366e-01 4.660100502513e-04 2.026628568882e-01
4.684371859296e-04 2.136991004968e-01 4.684371859296e-04 2.086999978698e-01 4.684371859296e-04 2.056000000020e-01 4.684371859296e-04 1.671803167786e-01 4.684371859296e-04 2.026615688686e-01
4.708643216080e-04 2.136991952162e-01 4.708643216080e-04 2.086999982039e-01 4.708643216080e-04 2.056000000015e-01 4.708643216080e-04 1.671749265453e-01 4.708643216080e-04 2.026604080716e-01
4.732914572864e-04 2.136992799616e-01 4.732914572864e-04 2.086999984852e-01 4.732914572864e-04 2.056000000012e-01 4.732914572864e-04 1.671698979511e-01 4.732914572864e-04 2.026593621595e-01
4.757185929648e-04 2.136993557832e-01 4.757185929648e-04 2.086999987223e-01 4.757185929648e-04 2.056000000009e-01 4.757185929648e-04 1.671652067491e-01 4.757185929648e-04 2.026584199615e-01
4.781457286432e-04 2.136994236207e-01 4.781457286432e-04 2.086999989220e-01 4.781457286432e-04 2.056000000007e-01 4.781457286432e-04 1.671608303162e-01 4.781457286432e-04 2.026575713677e-01
4.805728643216e-04 2.136994843149e-01 4.805728643216e-04 2.086999990904e-01 4.805728643216e-04 2.056000000006e-01 4.805728643216e-04 1.671567475440e-01 4.805728643216e-04 2.026568072315e-01
4.830000000000e-04 2.136995386178e-01 4.830000000000e-04 2.086999992323e-01 4.830000000000e-04 2.056000000004e-01 4.830000000000e-04 1.671529387380e-01 4.830000000000e-04 2.026561192803e-01
