0.000000000000e+00 3.100000000000e-01 0.000000000000e+00 3.019500000000e-01 0.000000000000e+00 1.949500000000e-01 0.000000000000e+00 1.935000000000e-01
1.884422110553e-06 3.100000000000e-01 1.884422110553e-06 3.019500000000e-01 1.884422110553e-06 1.949500000000e-01 1.884422110553e-06 1.935000000000e-01
3.768844221106e-06 3.100000000000e-01 3.768844221106e-06 3.019500000000e-01 3.768844221106e-06 1.949500000000e-01 3.768844221106e-06 1.935000000000e-01
5.653266331658e-06 3.100000000000e-01 5.653266331658e-06 3.019500000000e-01 5.653266331658e-06 1.949500000000e-01 5.653266331658e-06 1.935000000000e-01
7.537688442211e-06 3.100000000000e-01 7.537688442211e-06 3.019500000000e-01 7.537688442211e-06 1.949500000000e-01 7.537688442211e-06 1.935000000000e-01
9.422110552764e-06 3.100000000000e-01 9.422110552764e-06 3.019500000000e-01 9.422110552764e-06 1.949500000000e-01 9.422110552764e-06 1.935000000000e-01
1.130653266332e-05 3.100000000000e-01 1.130653266332e-05 3.019500000000e-01 1.130653266332e-05 1.949500000000e-01 1.130653266332e-05 1.935000000000e-01
1.319095477387e-05 3.099999999999e-01 1.319095477387e-05 3.019500000000e-01 1.319095477387e-05 1.949500000000e-01 1.319095477387e-05 1.935000000000e-01
1.507537688442e-05 3.099999999999e-01 1.507537688442e-05 3.019500000000e-01 1.507537688442e-05 1.949500000000e-01 1.507537688442e-05 1.935000000000e-01
1.695979899497e-05 3.099999999999e-01 1.695979899497e-05 3.019500000000e-01 1.695979899497e-05 1.949500000000e-01 1.695979899497e-05 1.935000000000e-01
1.884422110553e-05 3.099999999998e-01 1.884422110553e-05 3.019500000000e-01 1.884422110553e-05 1.949500000000e-01 1.884422110553e-05 1.935000000000e-01
2.072864321608e-05 3.099999999998e-01 2.072864321608e-05 3.019500000000e-01 2.072864321608e-05 1.949500000000e-01 2.072864321608e-05 1.935000000000e-01
2.261306532663e-05 3.099999999997e-01 2.261306532663e-05 3.019500000000e-01 2.261306532663e-05 1.949500000000e-01 2.261306532663e-05 1.935000000000e-01
2.449748743719e-05 3.099999999996e-01 2.449748743719e-05 3.019500000000e-01 2.449748743719e-05 1.949500000000e-01 2.449748743719e-05 1.935000000000e-01
2.638190954774e-05 3.099999999995e-01 2.638190954774e-05 3.019500000000e-01 2.638190954774e-05 1.949500000000e-01 2.638190954774e-05 1.935000000000e-01
2.826633165829e-05 3.099999999994e-01 2.826633165829e-05 3.019500000000e-01 2.826633165829e-05 1.949500000000e-01 2.826633165829e-05 1.935000000000e-01
3.015075376884e-05 3.099999999992e-01 3.015075376884e-05 3.019500000000e-01 3.015075376884e-05 1.949500000000e-01 3.015075376884e-05 1.935000000000e-01
3.203517587940e-05 3.099999999989e-01 3.203517587940e-05 3.019500000000e-01 3.203517587940e-05 1.949500000000e-01 3.203517587940e-05 1.935000000000e-01
3.391959798995e-05 3.099999999985e-01 3.391959798995e-05 3.019500000000e-01 3.391959798995e-05 1.949500000000e-01 3.391959798995e-05 1.935000000000e-01
3.580402010050e-05 3.099999999980e-01 3.580402010050e-05 3.019500000000e-01 3.580402010050e-05 1.949500000000e-01 3.580402010050e-05 1.935000000000e-01
3.768844221106e-05 3.099999999974e-01 3.768844221106e-05 3.019500000000e-01 3.768844221106e-05 1.949500000000e-01 3.768844221106e-05 1.935000000000e-01
3.957286432161e-05 3.099999999965e-01 3.957286432161e-05 3.019500000000e-01 3.957286432161e-05 1.949500000000e-01 3.957286432161e-05 1.935000000000e-01
4.145728643216e-05 3.099999999953e-01 4.145728643216e-05 3.019500000000e-01 4.145728643216e-05 1.949500000000e-01 4.145728643216e-05 1.935000000000e-01
4.334170854271e-05 3.099999999938e-01 4.334170854271e-05 3.019500000000e-01 4.334170854271e-05 1.949500000000e-01 4.334170854271e-05 1.935000000000e-01
4.522613065327e-05 3.099999999918e-01 4.522613065327e-05 3.019500000000e-01 4.522613065327e-05 1.949500000000e-01 4.522613065327e-05 1.935000000000e-01
4.711055276382e-05 3.099999999891e-01 4.711055276382e-05 3.019500000000e-01 4.711055276382e-05 1.949500000000e-01 4.711055276382e-05 1.935000000000e-01
4.899497487437e-05 3.099999999855e-01 4.899497487437e-05 3.019500000000e-01 4.899497487437e-05 1.949500000000e-01 4.899497487437e-05 1.935000000000e-01
5.087939698492e-05 3.099999999807e-01 5.087939698492e-05 3.019500000000e-01 5.087939698492e-05 1.949500000000e-01 5.087939698492e-05 1.935000000000e-01
5.276381909548e-05 3.099999999744e-01 5.276381909548e-05 3.019500000000e-01 5.276381909548e-05 1.949500000000e-01 5.276381909548e-05 1.935000000000e-01
5.464824120603e-05 3.099999999659e-01 5.464824120603e-05 3.019500000000e-01 5.464824120603e-05 1.949500000000e-01 5.464824120603e-05 1.935000000000e-01
5.653266331658e-05 3.099999999547e-01 5.653266331658e-05 3.019500000000e-01 5.653266331658e-05 1.949500000000e-01 5.653266331658e-05 1.935000000000e-01
5.841708542714e-05 3.099999999399e-01 5.841708542714e-05 3.019500000000e-01 5.841708542714e-05 1.949500000000e-01 5.841708542714e-05 1.935000000000e-01
6.030150753769e-05 3.099999999201e-01 6.030150753769e-05 3.019500000000e-01 6.030150753769e-05 1.949500000000e-01 6.030150753769e-05 1.935000000000e-01
6.218592964824e-05 3.099999998938e-01 6.218592964824e-05 3.019500000000e-01 6.218592964824e-05 1.949500000000e-01 6.218592964824e-05 1.935000000001e-01
6.407035175879e-05 3.099999998589e-01 6.407035175879e-05 3.019500000000e-01 6.407035175879e-05 1.949500000000e-01 6.407035175879e-05 1.935000000001e-01
6.595477386935e-05 3.099999998126e-01 6.595477386935e-05 3.019500000000e-01 6.595477386935e-05 1.949500000000e-01 6.595477386935e-05 1.935000000001e-01
6.783919597990e-05 3.099999997510e-01 6.783919597990e-05 3.019500000000e-01 6.783919597990e-05 1.949500000000e-01 6.783919597990e-05 1.935000000002e-01
6.972361809045e-05 3.099999996692e-01 6.972361809045e-05 3.019500000000e-01 6.972361809045e-05 1.949500000000e-01 6.972361809045e-05 1.935000000003e-01
7.160804020101e-05 3.099999995604e-01 7.160804020101e-05 3.019500000000e-01 7.160804020101e-05 1.949500000000e-01 7.160804020101e-05 1.935000000004e-01
7.349246231156e-05 3.099999994159e-01 7.349246231156e-05 3.019500000000e-01 7.349246231156e-05 1.949500000000e-01 7.349246231156e-05 1.935000000006e-01
7.537688442211e-05 3.099999992238e-01 7.537688442211e-05 3.019500000000e-01 7.537688442211e-05 1.949500000000e-01 7.537688442211e-05 1.935000000010e-01
7.726130653266e-05 3.099999989685e-01 7.726130653266e-05 3.019500000000e-01 7.726130653266e-05 1.949500000000e-01 7.726130653266e-05 1.935000000014e-01
7.914572864322e-05 3.099999986292e-01 7.914572864322e-05 3.019500000000e-01 7.914572864322e-05 1.949500000000e-01 7.914572864322e-05 1.935000000021e-01
8.103015075377e-05 3.099999981782e-01 8.103015075377e-05 3.019500000000e-01 8.103015075377e-05 1.949500000000e-01 8.103015075377e-05 1.935000000031e-01
8.291457286432e-05 3.099999975786e-01 8.291457286432e-05 3.019500000000e-01 8.291457286432e-05 1.949500000000e-01 8.291457286432e-05 1.935000000045e-01
8.479899497487e-05 3.099999967814e-01 8.479899497487e-05 3.019500000000e-01 8.479899497487e-05 1.949500000000e-01 8.479899497487e-05 1.935000000066e-01
8.668341708543e-05 3.099999957214e-01 8.668341708543e-05 3.019500000000e-01 8.668341708543e-05 1.949500000000e-01 8.668341708543e-05 1.935000000098e-01
8.856783919598e-05 3.099999943115e-01 8.856783919598e-05 3.019500000000e-01 8.856783919598e-05 1.949500000000e-01 8.856783919598e-05 1.935000000145e-01
9.045226130653e-05 3.099999924359e-01 9.045226130653e-05 3.019500000000e-01 9.045226130653e-05 1.949500000000e-01 9.045226130653e-05 1.935000000214e-01
9.233668341709e-05 3.099999899405e-01 9.233668341709e-05 3.019500000000e-01 9.233668341709e-05 1.949500000000e-01 9.233668341709e-05 1.935000000315e-01
9.422110552764e-05 3.099999866192e-01 9.422110552764e-05 3.019500000000e-01 9.422110552764e-05 1.949500000000e-01 9.422110552764e-05 1.935000000465e-01
9.610552763819e-05 3.099999821974e-01 9.610552763819e-05 3.019500000000e-01 9.610552763819e-05 1.949500000000e-01 9.610552763819e-05 1.935000000687e-01
9.798994974874e-05 3.099999763084e-01 9.798994974874e-05 3.019500000000e-01 9.798994974874e-05 1.949500000000e-01 9.798994974874e-05 1.935000001015e-01
9.987437185930e-05 3.099999684617e-01 9.987437185930e-05 3.019500000000e-01 9.987437185930e-05 1.949500000000e-01 9.987437185930e-05 1.935000001500e-01
1.017587939698e-04 3.099999580015e-01 1.017587939698e-04 3.019500000000e-01 1.017587939698e-04 1.949500000000e-01 1.017587939698e-04 1.935000002218e-01
1.036432160804e-04 3.099999440487e-01 1.036432160804e-04 3.019500000000e-01 1.036432160804e-04 1.949500000000e-01 1.036432160804e-04 1.935000003281e-01
1.055276381910e-04 3.099999254245e-01 1.055276381910e-04 3.019500000000e-01 1.055276381910e-04 1.949500000000e-01 1.055276381910e-04 1.935000004857e-01
1.074120603015e-04 3.099999005448e-01 1.074120603015e-04 3.019500000000e-01 1.074120603015e-04 1.949500000000e-01 1.074120603015e-04 1.935000007195e-01
1.092964824121e-04 3.099998672775e-01 1.092964824121e-04 3.019500000000e-01 1.092964824121e-04 1.949500000000e-01 1.092964824121e-04 1.935000010668e-01
1.111809045226e-04 3.099998227465e-01 1.111809045226e-04 3.019500000000e-01 1.111809045226e-04 1.949500000000e-01 1.111809045226e-04 1.935000015836e-01
1.130653266332e-04 3.099997630633e-01 1.130653266332e-04 3.019500000000e-01 1.130653266332e-04 1.949500000000e-01 1.130653266332e-04 1.935000023539e-01
1.149497487437e-04 3.099996829558e-01 1.149497487437e-04 3.019500000000e-01 1.149497487437e-04 1.949500000000e-01 1.149497487437e-04 1.935000035044e-01
1.168341708543e-04 3.099995752550e-01 1.168341708543e-04 3.019500000000e-01 1.168341708543e-04 1.949500000000e-01 1.168341708543e-04 1.935000052270e-01
1.187185929648e-04 3.099994301782e-01 1.187185929648e-04 3.019500000000e-01 1.187185929648e-04 1.949500000000e-01 1.187185929648e-04 1.935000078138e-01
1.206030150754e-04 3.099992343257e-01 1.206030150754e-04 3.019500000000e-01 1.206030150754e-04 1.949500000000e-01 1.206030150754e-04 1.935000117115e-01
1.224874371859e-04 3.099989692659e-01 1.224874371859e-04 3.019500000000e-01 1.224874371859e-04 1.949500000000e-01 1.224874371859e-04 1.935000176069e-01
1.243718592965e-04 3.099986095281e-01 1.243718592965e-04 3.019500000000e-01 1.243718592965e-04 1.949500000000e-01 1.243718592965e-04 1.935000265644e-01
1.262562814070e-04 3.099981197381e-01 1.262562814070e-04 3.019500000000e-01 1.262562814070e-04 1.949500000000e-01 1.262562814070e-04 1.935000402436e-01
1.281407035176e-04 3.099974505010e-01 1.281407035176e-04 3.019500000000e-01 1.281407035176e-04 1.949500000000e-01 1.281407035176e-04 1.935000612538e-01
1.300251256281e-04 3.099965324482e-01 1.300251256281e-04 3.019500000000e-01 1.300251256281e-04 1.949500000000e-01 1.300251256281e-04 1.935000937304e-01
1.319095477387e-04 3.099952675717e-01 1.319095477387e-04 3.019500000000e-01 1.319095477387e-04 1.949500000000e-01 1.319095477387e-04 1.935001442852e-01
1.337939698492e-04 3.099935165300e-01 1.337939698492e-04 3.019500000000e-01 1.337939698492e-04 1.949500000000e-01 1.337939698492e-04 1.935002235827e-01
1.356783919598e-04 3.099910799423e-01 1.356783919598e-04 3.019500000000e-01 1.356783919598e-04 1.949500000000e-01 1.356783919598e-04 1.935003489803e-01
1.375628140704e-04 3.099876706592e-01 1.375628140704e-04 3.019500000000e-01 1.375628140704e-04 1.949500000000e-01 1.375628140704e-04 1.935005489792e-01
1.394472361809e-04 3.099828724397e-01 1.394472361809e-04 3.019500000000e-01 1.394472361809e-04 1.949500000000e-01 1.394472361809e-04 1.935008707882e-01
1.413316582915e-04 3.099760780602e-01 1.413316582915e-04 3.019500000000e-01 1.413316582915e-04 1.949500000000e-01 1.413316582915e-04 1.935013932534e-01
1.432160804020e-04 3.099663962031e-01 1.432160804020e-04 3.019500000000e-01 1.432160804020e-04 1.949500000000e-01 1.432160804020e-04 1.935022490933e-01
1.451005025126e-04 3.099525108293e-01 1.451005025126e-04 3.019500000000e-01 1.451005025126e-04 1.949500000000e-01 1.451005025126e-04 1.935036633314e-01
1.469849246231e-04 3.099324680948e-01 1.469849246231e-04 3.019500000000e-01 1.469849246231e-04 1.949500000000e-01 1.469849246231e-04 1.935060200193e-01
1.488693467337e-04 3.099033526936e-01 1.488693467337e-04 3.019500000000e-01 1.488693467337e-04 1.949500000000e-01 1.488693467337e-04 1.935099785170e-01
1.507537688442e-04 3.098607955516e-01 1.507537688442e-04 3.019500000000e-01 1.507537688442e-04 1.949500000000e-01 1.507537688442e-04 1.935166767646e-01
1.526381909548e-04 3.097982249676e-01 1.526381909548e-04 3.019500000000e-01 1.526381909548e-04 1.949500000000e-01 1.526381909548e-04 1.935280874682e-01
1.545226130653e-04 3.097057296879e-01 1.545226130653e-04 3.019500000000e-01 1.545226130653e-04 1.949500000000e-01 1.545226130653e-04 1.935476431499e-01
1.564070351759e-04 3.095683411138e-01 1.564070351759e-04 3.019500000000e-01 1.564070351759e-04 1.949500000000e-01 1.564070351759e-04 1.935813333054e-01
1.582914572864e-04 3.093634618944e-01 1.582914572864e-04 3.019500000000e-01 1.582914572864e-04 1.949500000000e-01 1.582914572864e-04 1.936396272804e-01
1.601758793970e-04 3.090570796736e-01 1.601758793970e-04 3.019500000000e-01 1.601758793970e-04 1.949500000000e-01 1.601758793970e-04 1.937408290936e-01
1.620603015075e-04 3.085983490174e-01 1.620603015075e-04 3.019500000000e-01 1.620603015075e-04 1.949500000000e-01 1.620603015075e-04 1.939168742261e-01
1.639447236181e-04 3.079122179591e-01 1.639447236181e-04 3.019500000000e-01 1.639447236181e-04 1.949500000000e-01 1.639447236181e-04 1.942231574138e-01
1.658291457286e-04 3.068902917870e-01 1.658291457286e-04 3.019500000000e-01 1.658291457286e-04 1.949500000000e-01 1.658291457286e-04 1.947545943475e-01
1.677135678392e-04 3.053816061267e-01 1.677135678392e-04 3.019500000000e-01 1.677135678392e-04 1.949500000000e-01 1.677135678392e-04 1.956700258503e-01
1.695979899497e-04 3.031882278844e-01 1.695979899497e-04 3.019500000000e-01 1.695979899497e-04 1.949500000000e-01 1.695979899497e-04 1.972238241783e-01
1.714824120603e-04 3.000760487062e-01 1.714824120603e-04 3.019500000000e-01 1.714824120603e-04 1.949500000000e-01 1.714824120603e-04 1.997912246243e-01
1.733668341709e-04 2.958165154766e-01 1.733668341709e-04 3.019500000000e-01 1.733668341709e-04 1.949500000000e-01 1.733668341709e-04 2.038442159306e-01
1.752512562814e-04 2.902712394357e-01 1.752512562814e-04 3.019500000000e-01 1.752512562814e-04 1.949500000000e-01 1.752512562814e-04 2.097969565811e-01
1.771356783920e-04 2.835032218323e-01 1.771356783920e-04 3.019500000000e-01 1.771356783920e-04 1.949500000000e-01 1.771356783920e-04 2.176748117324e-01
1.790201005025e-04 2.758470132172e-01 1.790201005025e-04 3.019500000000e-01 1.790201005025e-04 1.949500000000e-01 1.790201005025e-04 2.268012784974e-01
1.809045226131e-04 2.678496982114e-01 1.809045226131e-04 3.019500000000e-01 1.809045226131e-04 1.949500000000e-01 1.809045226131e-04 2.359522495494e-01
1.827889447236e-04 2.600758586656e-01 1.827889447236e-04 3.019500000000e-01 1.827889447236e-04 1.949500000000e-01 1.827889447236e-04 2.440501455829e-01
1.846733668342e-04 2.529001934058e-01 1.846733668342e-04 3.019500000000e-01 1.846733668342e-04 1.949500000000e-01 1.846733668342e-04 2.507290812204e-01
1.865577889447e-04 2.464269035053e-01 1.865577889447e-04 3.019500000000e-01 1.865577889447e-04 1.949500000000e-01 1.865577889447e-04 2.562872578385e-01
1.884422110553e-04 2.405531100174e-01 1.884422110553e-04 3.019500000000e-01 1.884422110553e-04 1.949500000000e-01 1.884422110553e-04 2.613029129059e-01
1.903266331658e-04 2.350925773763e-01 1.903266331658e-04 3.019500000000e-01 1.903266331658e-04 1.949500000000e-01 1.903266331658e-04 2.663141207688e-01
1.922110552764e-04 2.298797346896e-01 1.922110552764e-04 3.019500000000e-01 1.922110552764e-04 1.949500000000e-01 1.922110552764e-04 2.716586331245e-01
1.940954773869e-04 2.248243776424e-01 1.940954773869e-04 3.019500000000e-01 1.940954773869e-04 1.949500000000e-01 1.940954773869e-04 2.774175553241e-01
1.959798994975e-04 2.199217875391e-01 1.959798994975e-04 3.019500000000e-01 1.959798994975e-04 1.949500000000e-01 1.959798994975e-04 2.834269387288e-01
1.978643216080e-04 2.152334138933e-01 1.978643216080e-04 3.019500000000e-01 1.978643216080e-04 1.949500000000e-01 1.978643216080e-04 2.893561350966e-01
1.997487437186e-04 2.108535296784e-01 1.997487437186e-04 3.019500000000e-01 1.997487437186e-04 1.949500000000e-01 1.997487437186e-04 2.948359355278e-01
2.016331658291e-04 2.068752614916e-01 2.016331658291e-04 3.019500000000e-01 2.016331658291e-04 1.949500000000e-01 2.016331658291e-04 2.995824007380e-01
2.035175879397e-04 2.033657460928e-01 2.035175879397e-04 3.019500000000e-01 2.035175879397e-04 1.949500000000e-01 2.035175879397e-04 3.034612745499e-01
2.054020100503e-04 2.003546984532e-01 2.054020100503e-04 3.019500000000e-01 2.054020100503e-04 1.949500000000e-01 2.054020100503e-04 3.064809370848e-01
2.072864321608e-04 1.978351699357e-01 2.072864321608e-04 3.019500000000e-01 2.072864321608e-04 1.949500000000e-01 2.072864321608e-04 3.087433616079e-01
2.091708542714e-04 1.957719507949e-01 2.091708542714e-04 3.019500000000e-01 2.091708542714e-04 1.949500000000e-01 2.091708542714e-04 3.103900314719e-01
2.110552763819e-04 1.941126073103e-01 2.110552763819e-04 3.019500000000e-01 2.110552763819e-04 1.949500000000e-01 2.110552763819e-04 3.115633596188e-01
2.129396984925e-04 1.927975718503e-01 2.129396984925e-04 3.019500000000e-01 2.129396984925e-04 1.949500000000e-01 2.129396984925e-04 3.123868016018e-01
2.148241206030e-04 1.917675995406e-01 2.148241206030e-04 3.019500000000e-01 2.148241206030e-04 1.949500000000e-01 2.148241206030e-04 3.129585448917e-01
2.167085427136e-04 1.909683505546e-01 2.167085427136e-04 3.019500000000e-01 2.167085427136e-04 1.949500000000e-01 2.167085427136e-04 3.133525826789e-01
2.185929648241e-04 1.903526122890e-01 2.185929648241e-04 3.019500000000e-01 2.185929648241e-04 1.949500000000e-01 2.185929648241e-04 3.136227581342e-01
2.204773869347e-04 1.898808942851e-01 2.204773869347e-04 3.019500000000e-01 2.204773869347e-04 1.949500000000e-01 2.204773869347e-04 3.138073555973e-01
2.223618090452e-04 1.895210569769e-01 2.223618090452e-04 3.019500000000e-01 2.223618090452e-04 1.949500000000e-01 2.223618090452e-04 3.139331792202e-01
2.242462311558e-04 1.892474616357e-01 2.242462311558e-04 3.019500000000e-01 2.242462311558e-04 1.949500000000e-01 2.242462311558e-04 3.140188018314e-01
2.261306532663e-04 1.890399552945e-01 2.261306532663e-04 3.019500000000e-01 2.261306532663e-04 1.949500000000e-01 2.261306532663e-04 3.140770031066e-01
2.280150753769e-04 1.888828696865e-01 2.280150753769e-04 3.019500000000e-01 2.280150753769e-04 1.949500000000e-01 2.280150753769e-04 3.141165351871e-01
2.298994974874e-04 1.887641223145e-01 2.298994974874e-04 3.019500000000e-01 2.298994974874e-04 1.949500000000e-01 2.298994974874e-04 3.141433729094e-01
2.317839195980e-04 1.886744524580e-01 2.317839195980e-04 3.019500000000e-01 2.317839195980e-04 1.949500000000e-01 2.317839195980e-04 3.141615863583e-01
2.336683417085e-04 1.886067944498e-01 2.336683417085e-04 3.019500000000e-01 2.336683417085e-04 1.949500000000e-01 2.336683417085e-04 3.141739440658e-01
2.355527638191e-04 1.885557757433e-01 2.355527638191e-04 3.019500000000e-01 2.355527638191e-04 1.949500000000e-01 2.355527638191e-04 3.141823273797e-01
2.374371859296e-04 1.885173216147e-01 2.374371859296e-04 3.019500000000e-01 2.374371859296e-04 1.949500000000e-01 2.374371859296e-04 3.141880139171e-01
2.393216080402e-04 1.884883475558e-01 2.393216080402e-04 3.019500000000e-01 2.393216080402e-04 1.949500000000e-01 2.393216080402e-04 3.141918709156e-01
2.412060301508e-04 1.884665219769e-01 2.412060301508e-04 3.019500000000e-01 2.412060301508e-04 1.949500000000e-01 2.412060301508e-04 3.141944868724e-01
2.430904522613e-04 1.884500843083e-01 2.430904522613e-04 3.019500000000e-01 2.430904522613e-04 1.949500000000e-01 2.430904522613e-04 3.141962610538e-01
2.449748743719e-04 1.884377062182e-01 2.449748743719e-04 3.019500000000e-01 2.449748743719e-04 1.949500000000e-01 2.449748743719e-04 3.141974643053e-01
2.468592964824e-04 1.884283860938e-01 2.468592964824e-04 3.019500000000e-01 2.468592964824e-04 1.949500000000e-01 2.468592964824e-04 3.141982803405e-01
2.487437185930e-04 1.884213690181e-01 2.487437185930e-04 3.019500000000e-01 2.487437185930e-04 1.949500000000e-01 2.487437185930e-04 3.141988337637e-01
2.506281407035e-04 1.884160861988e-01 2.506281407035e-04 3.019500000000e-01 2.506281407035e-04 1.949500000000e-01 2.506281407035e-04 3.141992090851e-01
2.525125628141e-04 1.884121091858e-01 2.525125628141e-04 3.019500000000e-01 2.525125628141e-04 1.949500000000e-01 2.525125628141e-04 3.141994636203e-01
2.543969849246e-04 1.884091153030e-01 2.543969849246e-04 3.019500000000e-01 2.543969849246e-04 1.949500000000e-01 2.543969849246e-04 3.141996362402e-01
2.562814070352e-04 1.884068615687e-01 2.562814070352e-04 3.019500000000e-01 2.562814070352e-04 1.949500000000e-01 2.562814070352e-04 3.141997533070e-01
2.581658291457e-04 1.884051650313e-01 2.581658291457e-04 3.019500000000e-01 2.581658291457e-04 1.949500000000e-01 2.581658291457e-04 3.141998326989e-01
2.600502512563e-04 1.884038879488e-01 2.600502512563e-04 3.019500000000e-01 2.600502512563e-04 1.949500000000e-01 2.600502512563e-04 3.141998865405e-01
2.619346733668e-04 1.884029266227e-01 2.619346733668e-04 3.019500000000e-01 2.619346733668e-04 1.949500000000e-01 2.619346733668e-04 3.141999230546e-01
2.638190954774e-04 1.884022029873e-01 2.638190954774e-04 3.019500000000e-01 2.638190954774e-04 1.949500000000e-01 2.638190954774e-04 3.141999478175e-01
2.657035175879e-04 1.884016582752e-01 2.657035175879e-04 3.019500000000e-01 2.657035175879e-04 1.949500000000e-01 2.657035175879e-04 3.141999646111e-01
2.675879396985e-04 1.884012482477e-01 2.675879396985e-04 3.019500000000e-01 2.675879396985e-04 1.949500000000e-01 2.675879396985e-04 3.141999760001e-01
2.694723618090e-04 1.884009396037e-01 2.694723618090e-04 3.019500000000e-01 2.694723618090e-04 1.949500000000e-01 2.694723618090e-04 3.141999837239e-01
2.713567839196e-04 1.884007072753e-01 2.713567839196e-04 3.019500000000e-01 2.713567839196e-04 1.949500000000e-01 2.713567839196e-04 3.141999889619e-01
2.732412060302e-04 1.884005323928e-01 2.732412060302e-04 3.019500000000e-01 2.732412060302e-04 1.949500000000e-01 2.732412060302e-04 3.141999925143e-01
2.751256281407e-04 1.884004007521e-01 2.751256281407e-04 3.019500000000e-01 2.751256281407e-04 1.949500000000e-01 2.751256281407e-04 3.141999949233e-01
2.770100502513e-04 1.884003016612e-01 2.770100502513e-04 3.019500000000e-01 2.770100502513e-04 1.949500000000e-01 2.770100502513e-04 3.141999965571e-01
2.788944723618e-04 1.884002270718e-01 2.788944723618e-04 3.019500000000e-01 2.788944723618e-04 1.949500000000e-01 2.788944723618e-04 3.141999976651e-01
2.807788944724e-04 1.884001709255e-01 2.807788944724e-04 3.019500000000e-01 2.807788944724e-04 1.949500000000e-01 2.807788944724e-04 3.141999984166e-01
2.826633165829e-04 1.884001286621e-01 2.826633165829e-04 3.019500000000e-01 2.826633165829e-04 1.949500000000e-01 2.826633165829e-04 3.141999989261e-01
2.845477386935e-04 1.884000968489e-01 2.845477386935e-04 3.019500000000e-01 2.845477386935e-04 1.949500000000e-01 2.845477386935e-04 3.141999992717e-01
2.864321608040e-04 1.884000729018e-01 2.864321608040e-04 3.019500000000e-01 2.864321608040e-04 1.949500000000e-01 2.864321608040e-04 3.141999995061e-01
2.883165829146e-04 1.884000548760e-01 2.883165829146e-04 3.019500000000e-01 2.883165829146e-04 1.949500000000e-01 2.883165829146e-04 3.141999996651e-01
2.902010050251e-04 1.884000413073e-01 2.902010050251e-04 3.019500000000e-01 2.902010050251e-04 1.949500000000e-01 2.902010050251e-04 3.141999997728e-01
2.920854271357e-04 1.884000310936e-01 2.920854271357e-04 3.019500000000e-01 2.920854271357e-04 1.949500000000e-01 2.920854271357e-04 3.141999998460e-01
2.939698492462e-04 1.884000234053e-01 2.939698492462e-04 3.019500000000e-01 2.939698492462e-04 1.949500000000e-01 2.939698492462e-04 3.141999998955e-01
2.958542713568e-04 1.884000176181e-01 2.958542713568e-04 3.019500000000e-01 2.958542713568e-04 1.949500000000e-01 2.958542713568e-04 3.141999999291e-01
2.977386934673e-04 1.884000132618e-01 2.977386934673e-04 3.019500000000e-01 2.977386934673e-04 1.949500000000e-01 2.977386934673e-04 3.141999999520e-01
2.996231155779e-04 1.884000099827e-01 2.996231155779e-04 3.019500000000e-01 2.996231155779e-04 1.949500000000e-01 2.996231155779e-04 3.141999999674e-01
3.015075376884e-04 1.884000075143e-01 3.015075376884e-04 3.019500000000e-01 3.015075376884e-04 1.949500000000e-01 3.015075376884e-04 3.141999999779e-01
3.033919597990e-04 1.884000056563e-01 3.033919597990e-04 3.019500000000e-01 3.033919597990e-04 1.949500000000e-01 3.033919597990e-04 3.141999999850e-01
3.052763819095e-04 1.884000042577e-01 3.052763819095e-04 3.019500000000e-01 3.052763819095e-04 1.949500000000e-01 3.052763819095e-04 3.141999999898e-01
3.071608040201e-04 1.884000032050e-01 3.071608040201e-04 3.019500000000e-01 3.071608040201e-04 1.949500000000e-01 3.071608040201e-04 3.141999999931e-01
3.090452261307e-04 1.884000024125e-01 3.090452261307e-04 3.019500000000e-01 3.090452261307e-04 1.949500000000e-01 3.090452261307e-04 3.141999999953e-01
3.109296482412e-04 1.884000018160e-01 3.109296482412e-04 3.019500000000e-01 3.109296482412e-04 1.949500000000e-01 3.109296482412e-04 3.141999999968e-01
3.128140703518e-04 1.884000013670e-01 3.128140703518e-04 3.019500000000e-01 3.128140703518e-04 1.949500000000e-01 3.128140703518e-04 3.141999999979e-01
3.146984924623e-04 1.884000010290e-01 3.146984924623e-04 3.019500000000e-01 3.146984924623e-04 1.949500000000e-01 3.146984924623e-04 3.141999999985e-01
3.165829145729e-04 1.884000007745e-01 3.165829145729e-04 3.019500000000e-01 3.165829145729e-04 1.949500000000e-01 3.165829145729e-04 3.141999999990e-01
3.184673366834e-04 1.884000005830e-01 3.184673366834e-04 3.019500000000e-01 3.184673366834e-04 1.949500000000e-01 3.184673366834e-04 3.141999999993e-01
3.203517587940e-04 1.884000004389e-01 3.203517587940e-04 3.019500000000e-01 3.203517587940e-04 1.949500000000e-01 3.203517587940e-04 3.141999999995e-01
3.222361809045e-04 1.884000003304e-01 3.222361809045e-04 3.019500000000e-01 3.222361809045e-04 1.949500000000e-01 3.222361809045e-04 3.141999999997e-01
3.241206030151e-04 1.884000002487e-01 3.241206030151e-04 3.019500000000e-01 3.241206030151e-04 1.949500000000e-01 3.241206030151e-04 3.141999999998e-01
3.260050251256e-04 1.884000001872e-01 3.260050251256e-04 3.019500000000e-01 3.260050251256e-04 1.949500000000e-01 3.260050251256e-04 3.141999999999e-01
3.278894472362e-04 1.884000001409e-01 3.278894472362e-04 3.019500000000e-01 3.278894472362e-04 1.949500000000e-01 3.278894472362e-04 3.141999999999e-01
3.297738693467e-04 1.884000001061e-01 3.297738693467e-04 3.019500000000e-01 3.297738693467e-04 1.949500000000e-01 3.297738693467e-04 3.141999999999e-01
3.316582914573e-04 1.884000000798e-01 3.316582914573e-04 3.019500000000e-01 3.316582914573e-04 1.949500000000e-01 3.316582914573e-04 3.142000000000e-01
3.335427135678e-04 1.884000000601e-01 3.335427135678e-04 3.019500000000e-01 3.335427135678e-04 1.949500000000e-01 3.335427135678e-04 3.142000000000e-01
3.354271356784e-04 1.884000000452e-01 3.354271356784e-04 3.019500000000e-01 3.354271356784e-04 1.949500000000e-01 3.354271356784e-04 3.142000000000e-01
3.373115577889e-04 1.884000000341e-01 3.373115577889e-04 3.019500000000e-01 3.373115577889e-04 1.949500000000e-01 3.373115577889e-04 3.142000000000e-01
3.391959798995e-04 1.884000000256e-01 3.391959798995e-04 3.019500000000e-01 3.391959798995e-04 1.949500000000e-01 3.391959798995e-04 3.142000000000e-01
3.410804020101e-04 1.884000000193e-01 3.410804020101e-04 3.019500000000e-01 3.410804020101e-04 1.949500000000e-01 3.410804020101e-04 3.142000000000e-01
3.429648241206e-04 1.884000000145e-01 3.429648241206e-04 3.019500000000e-01 3.429648241206e-04 1.949500000000e-01 3.429648241206e-04 3.142000000000e-01
3.448492462312e-04 1.884000000109e-01 3.448492462312e-04 3.019500000000e-01 3.448492462312e-04 1.949500000000e-01 3.448492462312e-04 3.142000000000e-01
3.467336683417e-04 1.884000000082e-01 3.467336683417e-04 3.019500000000e-01 3.467336683417e-04 1.949500000000e-01 3.467336683417e-04 3.142000000000e-01
3.486180904523e-04 1.884000000062e-01 3.486180904523e-04 3.019500000000e-01 3.486180904523e-04 1.949500000000e-01 3.486180904523e-04 3.142000000000e-01
3.505025125628e-04 1.884000000047e-01 3.505025125628e-04 3.019500000000e-01 3.505025125628e-04 1.949500000000e-01 3.505025125628e-04 3.142000000000e-01
3.523869346734e-04 1.884000000035e-01 3.523869346734e-04 3.019500000000e-01 3.523869346734e-04 1.949500000000e-01 3.523869346734e-04 3.142000000000e-01
3.542713567839e-04 1.884000000026e-01 3.542713567839e-04 3.019500000000e-01 3.542713567839e-04 1.949500000000e-01 3.542713567839e-04 3.142000000000e-01
3.561557788945e-04 1.884000000020e-01 3.561557788945e-04 3.019500000000e-01 3.561557788945e-04 1.949500000000e-01 3.561557788945e-04 3.142000000000e-01
3.580402010050e-04 1.884000000015e-01 3.580402010050e-04 3.019500000000e-01 3.580402010050e-04 1.949500000000e-01 3.580402010050e-04 3.142000000000e-01
3.599246231156e-04 1.884000000011e-01 3.599246231156e-04 3.019500000000e-01 3.599246231156e-04 1.949500000000e-01 3.599246231156e-04 3.142000000000e-01
3.618090452261e-04 1.884000000008e-01 3.618090452261e-04 3.019500000000e-01 3.618090452261e-04 1.949500000000e-01 3.618090452261e-04 3.142000000000e-01
3.636934673367e-04 1.884000000006e-01 3.636934673367e-04 3.019500000000e-01 3.636934673367e-04 1.949500000000e-01 3.636934673367e-04 3.142000000000e-01
3.655778894472e-04 1.884000000005e-01 3.655778894472e-04 3.019500000000e-01 3.655778894472e-04 1.949500000000e-01 3.655778894472e-04 3.142000000000e-01
3.674623115578e-04 1.884000000004e-01 3.674623115578e-04 3.019500000000e-01 3.674623115578e-04 1.949500000000e-01 3.674623115578e-04 3.142000000000e-01
3.693467336683e-04 1.884000000003e-01 3.693467336683e-04 3.019500000000e-01 3.693467336683e-04 1.949500000000e-01 3.693467336683e-04 3.142000000000e-01
3.712311557789e-04 1.884000000002e-01 3.712311557789e-04 3.019500000000e-01 3.712311557789e-04 1.949500000000e-01 3.712311557789e-04 3.142000000000e-01
3.731155778894e-04 1.884000000002e-01 3.731155778894e-04 3.019500000000e-01 3.731155778894e-04 1.949500000000e-01 3.731155778894e-04 3.142000000000e-01
3.750000000000e-04 1.884000000001e-01 3.750000000000e-04 3.019500000000e-01 3.750000000000e-04 1.949500000000e-01 3.750000000000e-04 3.142000000000e-01
