0.000000000000e+00 2.113999998425e-01 0.000000000000e+00 2.127000000000e-01 0.000000000000e+00 2.061000000005e-01 0.000000000000e+00 1.684000001737e-01 0.000000000000e+00 1.964000000000e-01
2.170854271357e-06 2.113999998075e-01 2.170854271357e-06 2.127000000000e-01 2.170854271357e-06 2.061000000007e-01 2.170854271357e-06 1.684000002115e-01 2.170854271357e-06 1.964000000000e-01
4.341708542714e-06 2.113999997648e-01 4.341708542714e-06 2.127000000000e-01 4.341708542714e-06 2.061000000009e-01 4.341708542714e-06 1.684000002576e-01 4.341708542714e-06 1.964000000000e-01
6.512562814070e-06 2.113999997125e-01 6.512562814070e-06 2.127000000000e-01 6.512562814070e-06 2.061000000012e-01 6.512562814070e-06 1.684000003138e-01 6.512562814070e-06 1.964000000000e-01
8.683417085427e-06 2.113999996486e-01 8.683417085427e-06 2.127000000000e-01 8.683417085427e-06 2.061000000015e-01 8.683417085427e-06 1.684000003822e-01 8.683417085427e-06 1.964000000000e-01
1.085427135678e-05 2.113999995706e-01 1.085427135678e-05 2.127000000000e-01 1.085427135678e-05 2.061000000020e-01 1.085427135678e-05 1.684000004655e-01 1.085427135678e-05 1.964000000000e-01
1.302512562814e-05 2.113999994752e-01 1.302512562814e-05 2.127000000000e-01 1.302512562814e-05 2.061000000025e-01 1.302512562814e-05 1.684000005671e-01 1.302512562814e-05 1.964000000000e-01
1.519597989950e-05 2.113999993586e-01 1.519597989950e-05 2.127000000000e-01 1.519597989950e-05 2.061000000033e-01 1.519597989950e-05 1.684000006907e-01 1.519597989950e-05 1.964000000000e-01
1.736683417085e-05 2.113999992161e-01 1.736683417085e-05 2.127000000000e-01 1.736683417085e-05 2.061000000042e-01 1.736683417085e-05 1.684000008414e-01 1.736683417085e-05 1.964000000000e-01
1.953768844221e-05 2.113999990420e-01 1.953768844221e-05 2.127000000000e-01 1.953768844221e-05 2.061000000055e-01 1.953768844221e-05 1.684000010251e-01 1.953768844221e-05 1.964000000000e-01
2.170854271357e-05 2.113999988292e-01 2.170854271357e-05 2.127000000000e-01 2.170854271357e-05 2.061000000070e-01 2.170854271357e-05 1.684000012488e-01 2.170854271357e-05 1.964000000000e-01
2.387939698492e-05 2.113999985691e-01 2.387939698492e-05 2.127000000000e-01 2.387939698492e-05 2.061000000091e-01 2.387939698492e-05 1.684000015214e-01 2.387939698492e-05 1.964000000000e-01
2.605025125628e-05 2.113999982513e-01 2.605025125628e-05 2.127000000000e-01 2.605025125628e-05 2.061000000118e-01 2.605025125628e-05 1.684000018537e-01 2.605025125628e-05 1.964000000000e-01
2.822110552764e-05 2.113999978628e-01 2.822110552764e-05 2.127000000000e-01 2.822110552764e-05 2.061000000152e-01 2.822110552764e-05 1.684000022586e-01 2.822110552764e-05 1.964000000000e-01
3.039195979899e-05 2.113999973880e-01 3.039195979899e-05 2.127000000000e-01 3.039195979899e-05 2.061000000196e-01 3.039195979899e-05 1.684000027521e-01 3.039195979899e-05 1.964000000000e-01
3.256281407035e-05 2.113999968078e-01 3.256281407035e-05 2.127000000000e-01 3.256281407035e-05 2.061000000254e-01 3.256281407035e-05 1.684000033537e-01 3.256281407035e-05 1.964000000000e-01
3.473366834171e-05 2.113999960986e-01 3.473366834171e-05 2.127000000000e-01 3.473366834171e-05 2.061000000328e-01 3.473366834171e-05 1.684000040870e-01 3.473366834171e-05 1.964000000000e-01
3.690452261307e-05 2.113999952319e-01 3.690452261307e-05 2.127000000000e-01 3.690452261307e-05 2.061000000423e-01 3.690452261307e-05 1.684000049810e-01 3.690452261307e-05 1.964000000000e-01
3.907537688442e-05 2.113999941727e-01 3.907537688442e-05 2.127000000000e-01 3.907537688442e-05 2.061000000547e-01 3.907537688442e-05 1.684000060711e-01 3.907537688442e-05 1.964000000000e-01
4.124623115578e-05 2.113999928782e-01 4.124623115578e-05 2.127000000000e-01 4.124623115578e-05 2.061000000706e-01 4.124623115578e-05 1.684000074003e-01 4.124623115578e-05 1.964000000000e-01
4.341708542714e-05 2.113999912962e-01 4.341708542714e-05 2.127000000000e-01 4.341708542714e-05 2.061000000913e-01 4.341708542714e-05 1.684000090214e-01 4.341708542714e-05 1.964000000000e-01
4.558793969849e-05 2.113999893627e-01 4.558793969849e-05 2.127000000000e-01 4.558793969849e-05 2.061000001179e-01 4.558793969849e-05 1.684000109987e-01 4.558793969849e-05 1.964000000000e-01
4.775879396985e-05 2.113999869996e-01 4.775879396985e-05 2.127000000000e-01 4.775879396985e-05 2.061000001523e-01 4.775879396985e-05 1.684000134107e-01 4.775879396985e-05 1.964000000000e-01
4.992964824121e-05 2.113999841117e-01 4.992964824121e-05 2.127000000000e-01 4.992964824121e-05 2.061000001968e-01 4.992964824121e-05 1.684000163536e-01 4.992964824121e-05 1.964000000000e-01
5.210050251256e-05 2.113999805821e-01 5.210050251256e-05 2.127000000000e-01 5.210050251256e-05 2.061000002542e-01 5.210050251256e-05 1.684000199447e-01 5.210050251256e-05 1.964000000000e-01
5.427135678392e-05 2.113999762685e-01 5.427135678392e-05 2.127000000000e-01 5.427135678392e-05 2.061000003284e-01 5.427135678392e-05 1.684000243275e-01 5.427135678392e-05 1.964000000000e-01
5.644221105528e-05 2.113999709967e-01 5.644221105528e-05 2.127000000000e-01 5.644221105528e-05 2.061000004243e-01 5.644221105528e-05 1.684000296778e-01 5.644221105528e-05 1.964000000000e-01
5.861306532663e-05 2.113999645538e-01 5.861306532663e-05 2.127000000000e-01 5.861306532663e-05 2.061000005482e-01 5.861306532663e-05 1.684000362102e-01 5.861306532663e-05 1.964000000000e-01
6.078391959799e-05 2.113999566796e-01 6.078391959799e-05 2.127000000000e-01 6.078391959799e-05 2.061000007082e-01 6.078391959799e-05 1.684000441877e-01 6.078391959799e-05 1.964000000000e-01
6.295477386935e-05 2.113999470561e-01 6.295477386935e-05 2.127000000000e-01 6.295477386935e-05 2.061000009149e-01 6.295477386935e-05 1.684000539325e-01 6.295477386935e-05 1.964000000000e-01
6.512562814070e-05 2.113999352949e-01 6.512562814070e-05 2.127000000000e-01 6.512562814070e-05 2.061000011819e-01 6.512562814070e-05 1.684000658388e-01 6.512562814070e-05 1.964000000000e-01
6.729648241206e-05 2.113999209210e-01 6.729648241206e-05 2.127000000000e-01 6.729648241206e-05 2.061000015269e-01 6.729648241206e-05 1.684000803903e-01 6.729648241206e-05 1.964000000000e-01
6.946733668342e-05 2.113999033540e-01 6.946733668342e-05 2.127000000000e-01 6.946733668342e-05 2.061000019726e-01 6.946733668342e-05 1.684000981798e-01 6.946733668342e-05 1.964000000000e-01
7.163819095477e-05 2.113998818846e-01 7.163819095477e-05 2.127000000000e-01 7.163819095477e-05 2.061000025484e-01 7.163819095477e-05 1.684001199345e-01 7.163819095477e-05 1.964000000000e-01
7.380904522613e-05 2.113998556460e-01 7.380904522613e-05 2.126999999999e-01 7.380904522613e-05 2.061000032923e-01 7.380904522613e-05 1.684001465474e-01 7.380904522613e-05 1.964000000000e-01
7.597989949749e-05 2.113998235785e-01 7.597989949749e-05 2.126999999999e-01 7.597989949749e-05 2.061000042533e-01 7.597989949749e-05 1.684001791151e-01 7.597989949749e-05 1.964000000000e-01
7.815075376884e-05 2.113997843875e-01 7.815075376884e-05 2.126999999999e-01 7.815075376884e-05 2.061000054948e-01 7.815075376884e-05 1.684002189854e-01 7.815075376884e-05 1.964000000000e-01
8.032160804020e-05 2.113997364905e-01 8.032160804020e-05 2.126999999998e-01 8.032160804020e-05 2.061000070987e-01 8.032160804020e-05 1.684002678162e-01 8.032160804020e-05 1.964000000000e-01
8.249246231156e-05 2.113996779535e-01 8.249246231156e-05 2.126999999996e-01 8.249246231156e-05 2.061000091708e-01 8.249246231156e-05 1.684003276477e-01 8.249246231156e-05 1.964000000000e-01
8.466331658291e-05 2.113996064130e-01 8.466331658291e-05 2.126999999995e-01 8.466331658291e-05 2.061000118477e-01 8.466331658291e-05 1.684004009929e-01 8.466331658291e-05 1.964000000000e-01
8.683417085427e-05 2.113995189804e-01 8.683417085427e-05 2.126999999992e-01 8.683417085427e-05 2.061000153059e-01 8.683417085427e-05 1.684004909497e-01 8.683417085427e-05 1.964000000000e-01
8.900502512563e-05 2.113994121256e-01 8.900502512563e-05 2.126999999987e-01 8.900502512563e-05 2.061000197736e-01 8.900502512563e-05 1.684006013400e-01 8.900502512563e-05 1.964000000000e-01
9.117587939698e-05 2.113992815342e-01 9.117587939698e-05 2.126999999980e-01 9.117587939698e-05 2.061000255454e-01 9.117587939698e-05 1.684007368830e-01 9.117587939698e-05 1.964000000000e-01
9.334673366834e-05 2.113991219336e-01 9.334673366834e-05 2.126999999969e-01 9.334673366834e-05 2.061000330020e-01 9.334673366834e-05 1.684009034121e-01 9.334673366834e-05 1.964000000000e-01
9.551758793970e-05 2.113989268800e-01 9.551758793970e-05 2.126999999952e-01 9.551758793970e-05 2.061000426351e-01 9.551758793970e-05 1.684011081440e-01 9.551758793970e-05 1.964000000000e-01
9.768844221106e-05 2.113986884985e-01 9.768844221106e-05 2.126999999926e-01 9.768844221106e-05 2.061000550800e-01 9.768844221106e-05 1.684013600168e-01 9.768844221106e-05 1.964000000000e-01
9.985929648241e-05 2.113983971653e-01 9.985929648241e-05 2.126999999886e-01 9.985929648241e-05 2.061000711574e-01 9.985929648241e-05 1.684016701121e-01 9.985929648241e-05 1.964000000000e-01
1.020301507538e-04 2.113980411188e-01 1.020301507538e-04 2.126999999823e-01 1.020301507538e-04 2.061000919278e-01 1.020301507538e-04 1.684020521848e-01 1.020301507538e-04 1.964000000000e-01
1.042010050251e-04 2.113976059861e-01 1.042010050251e-04 2.126999999725e-01 1.042010050251e-04 2.061001187609e-01 1.042010050251e-04 1.684025233277e-01 1.042010050251e-04 1.964000000000e-01
1.063718592965e-04 2.113970742022e-01 1.063718592965e-04 2.126999999574e-01 1.063718592965e-04 2.061001534264e-01 1.063718592965e-04 1.684031048080e-01 1.063718592965e-04 1.964000000000e-01
1.085427135678e-04 2.113964243021e-01 1.085427135678e-04 2.126999999337e-01 1.085427135678e-04 2.061001982105e-01 1.085427135678e-04 1.684038231194e-01 1.085427135678e-04 1.964000000000e-01
1.107135678392e-04 2.113956300550e-01 1.107135678392e-04 2.126999998969e-01 1.107135678392e-04 2.061002560666e-01 1.107135678392e-04 1.684047113102e-01 1.107135678392e-04 1.964000000000e-01
1.128844221106e-04 2.113946594071e-01 1.128844221106e-04 2.126999998392e-01 1.128844221106e-04 2.061003308103e-01 1.128844221106e-04 1.684058106597e-01 1.128844221106e-04 1.964000000000e-01
1.150552763819e-04 2.113934731901e-01 1.150552763819e-04 2.126999997490e-01 1.150552763819e-04 2.061004273708e-01 1.150552763819e-04 1.684071727999e-01 1.150552763819e-04 1.964000000000e-01
1.172261306533e-04 2.113920235428e-01 1.172261306533e-04 2.126999996074e-01 1.172261306533e-04 2.061005521162e-01 1.172261306533e-04 1.684088624031e-01 1.172261306533e-04 1.964000000000e-01
1.193969849246e-04 2.113902519849e-01 1.193969849246e-04 2.126999993849e-01 1.193969849246e-04 2.061007132728e-01 1.193969849246e-04 1.684109605915e-01 1.193969849246e-04 1.964000000000e-01
1.215678391960e-04 2.113880870636e-01 1.215678391960e-04 2.126999990342e-01 1.215678391960e-04 2.061009214682e-01 1.215678391960e-04 1.684135692711e-01 1.215678391960e-04 1.964000000000e-01
1.237386934673e-04 2.113854414802e-01 1.237386934673e-04 2.126999984803e-01 1.237386934673e-04 2.061011904314e-01 1.237386934673e-04 1.684168166461e-01 1.237386934673e-04 1.964000000000e-01
1.259095477387e-04 2.113822085834e-01 1.259095477387e-04 2.126999976032e-01 1.259095477387e-04 2.061015378983e-01 1.259095477387e-04 1.684208642482e-01 1.259095477387e-04 1.964000000000e-01
1.280804020101e-04 2.113782580880e-01 1.280804020101e-04 2.126999962102e-01 1.280804020101e-04 2.061019867799e-01 1.280804020101e-04 1.684259159053e-01 1.280804020101e-04 1.964000000000e-01
1.302512562814e-04 2.113734308513e-01 1.302512562814e-04 2.126999939920e-01 1.302512562814e-04 2.061025666729e-01 1.302512562814e-04 1.684322292052e-01 1.302512562814e-04 1.964000000000e-01
1.324221105528e-04 2.113675325012e-01 1.324221105528e-04 2.126999904489e-01 1.324221105528e-04 2.061033158090e-01 1.324221105528e-04 1.684401301616e-01 1.324221105528e-04 1.964000000000e-01
1.345929648241e-04 2.113603256641e-01 1.345929648241e-04 2.126999847722e-01 1.345929648241e-04 2.061042835731e-01 1.345929648241e-04 1.684500320018e-01 1.345929648241e-04 1.964000000000e-01
1.367638190955e-04 2.113515204907e-01 1.367638190955e-04 2.126999756480e-01 1.367638190955e-04 2.061055337546e-01 1.367638190955e-04 1.684624592591e-01 1.367638190955e-04 1.964000000000e-01
1.389346733668e-04 2.113407631081e-01 1.389346733668e-04 2.126999609345e-01 1.389346733668e-04 2.061071487445e-01 1.389346733668e-04 1.684780786936e-01 1.389346733668e-04 1.964000000000e-01
1.411055276382e-04 2.113276215508e-01 1.411055276382e-04 2.126999371290e-01 1.411055276382e-04 2.061092349541e-01 1.411055276382e-04 1.684977390086e-01 1.411055276382e-04 1.964000000000e-01
1.432763819095e-04 2.113115686242e-01 1.432763819095e-04 2.126998984834e-01 1.432763819095e-04 2.061119298059e-01 1.432763819095e-04 1.685225218860e-01 1.432763819095e-04 1.964000000000e-01
1.454472361809e-04 2.112919610377e-01 1.454472361809e-04 2.126998355347e-01 1.454472361809e-04 2.061154107543e-01 1.454472361809e-04 1.685538075835e-01 1.454472361809e-04 1.964000000000e-01
1.476180904523e-04 2.112680139973e-01 1.476180904523e-04 2.126997326530e-01 1.476180904523e-04 2.061199069172e-01 1.476180904523e-04 1.685933592325e-01 1.476180904523e-04 1.964000000000e-01
1.497889447236e-04 2.112387702656e-01 1.497889447236e-04 2.126995639442e-01 1.497889447236e-04 2.061257140708e-01 1.497889447236e-04 1.686434311007e-01 1.497889447236e-04 1.964000000000e-01
1.519597989950e-04 2.112030624649e-01 1.519597989950e-04 2.126992863799e-01 1.519597989950e-04 2.061332139664e-01 1.519597989950e-04 1.687069074564e-01 1.519597989950e-04 1.964000000000e-01
1.541306532663e-04 2.111594670981e-01 1.541306532663e-04 2.126988282553e-01 1.541306532663e-04 2.061428992023e-01 1.541306532663e-04 1.687874803142e-01 1.541306532663e-04 1.964000000000e-01
1.563015075377e-04 2.111062483548e-01 1.563015075377e-04 2.126980697522e-01 1.563015075377e-04 2.061554052239e-01 1.563015075377e-04 1.688898762296e-01 1.563015075377e-04 1.964000000000e-01
1.584723618090e-04 2.110412892074e-01 1.584723618090e-04 2.126968101414e-01 1.584723618090e-04 2.061715514702e-01 1.584723618090e-04 1.690201443341e-01 1.584723618090e-04 1.964000000000e-01
1.606432160804e-04 2.109620064892e-01 1.606432160804e-04 2.126947123363e-01 1.606432160804e-04 2.061923942532e-01 1.606432160804e-04 1.691860197224e-01 1.606432160804e-04 1.964000000000e-01
1.628140703518e-04 2.108652454253e-01 1.628140703518e-04 2.126912090071e-01 1.628140703518e-04 2.062192947196e-01 1.628140703518e-04 1.693973775892e-01 1.628140703518e-04 1.964000000000e-01
1.649849246231e-04 2.107471472036e-01 1.649849246231e-04 2.126853433907e-01 1.649849246231e-04 2.062540062920e-01 1.649849246231e-04 1.696667932056e-01 1.649849246231e-04 1.964000000000e-01
1.671557788945e-04 2.106029801716e-01 1.671557788945e-04 2.126754991159e-01 1.671557788945e-04 2.062987875470e-01 1.671557788945e-04 1.700102192280e-01 1.671557788945e-04 1.964000000000e-01
1.693266331658e-04 2.104269203908e-01 1.693266331658e-04 2.126589414764e-01 1.693266331658e-04 2.063565489988e-01 1.693266331658e-04 1.704477821260e-01 1.693266331658e-04 1.964000000000e-01
1.714974874372e-04 2.102117593140e-01 1.714974874372e-04 2.126310389132e-01 1.714974874372e-04 2.064310467259e-01 1.714974874372e-04 1.710046793312e-01 1.714974874372e-04 1.964000000000e-01
1.736683417085e-04 2.099485032594e-01 1.736683417085e-04 2.125839442149e-01 1.736683417085e-04 2.065271443998e-01 1.736683417085e-04 1.717121217505e-01 1.736683417085e-04 1.964000000000e-01
1.758391959799e-04 2.096258078883e-01 1.758391959799e-04 2.125043698604e-01 1.758391959799e-04 2.066511829428e-01 1.758391959799e-04 1.726082045493e-01 1.758391959799e-04 1.964000000000e-01
1.780100502513e-04 2.092291562093e-01 1.780100502513e-04 2.123698662181e-01 1.780100502513e-04 2.068115345842e-01 1.780100502513e-04 1.737384947022e-01 1.780100502513e-04 1.964000000000e-01
1.801809045226e-04 2.087396340834e-01 1.801809045226e-04 2.121426906977e-01 1.801809045226e-04 2.070194993052e-01 1.801809045226e-04 1.751559940253e-01 1.801809045226e-04 1.964000000000e-01
1.823517587940e-04 2.081320757832e-01 1.823517587940e-04 2.117599937727e-01 1.823517587940e-04 2.072908782789e-01 1.823517587940e-04 1.769199846380e-01 1.823517587940e-04 1.964000000000e-01
1.845226130653e-04 2.073722425710e-01 1.845226130653e-04 2.111189367947e-01 1.845226130653e-04 2.076489408581e-01 1.845226130653e-04 1.790931374045e-01 1.845226130653e-04 1.964000000000e-01
1.866934673367e-04 2.064125833221e-01 1.866934673367e-04 2.100564568721e-01 1.866934673367e-04 2.081303120412e-01 1.866934673367e-04 1.817362645902e-01 1.866934673367e-04 1.964000000000e-01
1.888643216080e-04 2.051861079761e-01 1.888643216080e-04 2.083281149778e-01 1.888643216080e-04 2.087969505357e-01 1.888643216080e-04 1.849003859566e-01 1.888643216080e-04 1.964000000000e-01
1.910351758794e-04 2.035982741553e-01 1.910351758794e-04 2.056029878179e-01 1.910351758794e-04 2.097603668045e-01 1.910351758794e-04 1.886165198653e-01 1.910351758794e-04 1.964000000000e-01
1.932060301508e-04 2.015182320904e-01 1.932060301508e-04 2.015131779174e-01 1.932060301508e-04 2.112280118666e-01 1.932060301508e-04 1.928848318999e-01 1.932060301508e-04 1.964000000000e-01
1.953768844221e-04 1.987745270489e-01 1.953768844221e-04 1.958061750237e-01 1.953768844221e-04 2.135790173603e-01 1.953768844221e-04 1.976661302470e-01 1.953768844221e-04 1.964000000000e-01
1.975477386935e-04 1.951675024748e-01 1.975477386935e-04 1.885804995885e-01 1.975477386935e-04 2.174347170772e-01 1.975477386935e-04 2.028793707958e-01 1.975477386935e-04 1.964000000000e-01
1.997185929648e-04 1.905184334760e-01 1.997185929648e-04 1.804107937286e-01 1.997185929648e-04 2.235390681758e-01 1.997185929648e-04 2.084078586768e-01 1.997185929648e-04 1.964000000000e-01
2.018894472362e-04 1.847695490211e-01 2.018894472362e-04 1.721186004357e-01 2.018894472362e-04 2.321046100151e-01 2.018894472362e-04 2.141139406357e-01 2.018894472362e-04 1.964000000000e-01
2.040603015075e-04 1.781051775644e-01 2.040603015075e-04 1.643029492059e-01 2.040603015075e-04 2.419262143007e-01 2.040603015075e-04 2.198583462195e-01 2.040603015075e-04 1.964000000000e-01
2.062311557789e-04 1.709932845653e-01 2.062311557789e-04 1.570852729233e-01 2.062311557789e-04 2.509050501181e-01 2.062311557789e-04 2.255181438858e-01 2.062311557789e-04 1.964000000000e-01
2.084020100503e-04 1.640523302345e-01 2.084020100503e-04 1.502594463382e-01 2.084020100503e-04 2.578615535781e-01 2.084020100503e-04 2.309980604107e-01 2.084020100503e-04 1.964000000000e-01
2.105728643216e-04 1.578050481904e-01 2.105728643216e-04 1.436120783098e-01 2.105728643216e-04 2.629773142810e-01 2.105728643216e-04 2.362331547835e-01 2.105728643216e-04 1.964000000000e-01
2.127437185930e-04 1.525116799580e-01 2.127437185930e-04 1.371395686520e-01 2.127437185930e-04 2.668998524264e-01 2.127437185930e-04 2.411844318505e-01 2.127437185930e-04 1.964000000000e-01
2.149145728643e-04 1.481801283887e-01 2.149145728643e-04 1.310626957902e-01 2.149145728643e-04 2.701281419121e-01 2.149145728643e-04 2.458310000272e-01 2.149145728643e-04 1.964000000000e-01
2.170854271357e-04 1.446778640115e-01 2.170854271357e-04 1.256869945945e-01 2.170854271357e-04 2.729220112104e-01 2.170854271357e-04 2.501623262158e-01 2.170854271357e-04 1.964000000000e-01
2.192562814070e-04 1.418365641285e-01 2.192562814070e-04 1.212366153087e-01 2.192562814070e-04 2.753871783756e-01 2.192562814070e-04 2.541727729520e-01 2.192562814070e-04 1.964000000000e-01
2.214271356784e-04 1.395073323211e-01 2.214271356784e-04 1.177719721197e-01 2.214271356784e-04 2.775579409989e-01 2.214271356784e-04 2.578589917414e-01 2.214271356784e-04 1.964000000000e-01
2.235979899497e-04 1.375762981062e-01 2.235979899497e-04 1.152087228854e-01 2.235979899497e-04 2.794454986958e-01 2.235979899497e-04 2.612196007357e-01 2.235979899497e-04 1.964000000000e-01
2.257688442211e-04 1.359613190835e-01 2.257688442211e-04 1.133851401507e-01 2.257688442211e-04 2.810601441555e-01 2.257688442211e-04 2.642560954025e-01 2.257688442211e-04 1.964000000000e-01
2.279396984925e-04 1.346034939188e-01 2.279396984925e-04 1.121242439480e-01 2.279396984925e-04 2.824186190241e-01 2.279396984925e-04 2.669739950305e-01 2.279396984925e-04 1.964000000000e-01
2.301105527638e-04 1.334593810176e-01 2.301105527638e-04 1.112696794900e-01 2.301105527638e-04 2.835443494709e-01 2.301105527638e-04 2.693835651082e-01 2.301105527638e-04 1.964000000000e-01
2.322814070352e-04 1.324954589482e-01 2.322814070352e-04 1.106983720464e-01 2.322814070352e-04 2.844650077897e-01 2.322814070352e-04 2.714998489275e-01 2.322814070352e-04 1.964000000000e-01
2.344522613065e-04 1.316846459853e-01 2.344522613065e-04 1.103199231753e-01 2.344522613065e-04 2.852096694494e-01 2.344522613065e-04 2.733420491573e-01 2.344522613065e-04 1.964000000000e-01
2.366231155779e-04 1.310042693459e-01 2.366231155779e-04 1.100707489970e-01 2.366231155779e-04 2.858065261135e-01 2.366231155779e-04 2.749324695696e-01 2.366231155779e-04 1.964000000000e-01
2.387939698492e-04 1.304349253565e-01 2.387939698492e-04 1.099073433915e-01 2.387939698492e-04 2.862814042430e-01 2.387939698492e-04 2.762952713180e-01 2.387939698492e-04 1.964000000000e-01
2.409648241206e-04 1.299598370235e-01 2.409648241206e-04 1.098004612237e-01 2.409648241206e-04 2.866570092085e-01 2.409648241206e-04 2.774552605947e-01 2.409648241206e-04 1.964000000000e-01
2.431356783920e-04 1.295644668850e-01 2.431356783920e-04 1.097306672002e-01 2.431356783920e-04 2.869527039624e-01 2.431356783920e-04 2.784368514168e-01 2.431356783920e-04 1.964000000000e-01
2.453065326633e-04 1.292362503435e-01 2.453065326633e-04 1.096851402746e-01 2.453065326633e-04 2.871846286760e-01 2.453065326633e-04 2.792632726273e-01 2.453065326633e-04 1.964000000000e-01
2.474773869347e-04 1.289643814609e-01 2.474773869347e-04 1.096554628254e-01 2.474773869347e-04 2.873660070523e-01 2.474773869347e-04 2.799560298855e-01 2.474773869347e-04 1.964000000000e-01
2.496482412060e-04 1.287396209779e-01 2.496482412060e-04 1.096361251673e-01 2.496482412060e-04 2.875075320074e-01 2.496482412060e-04 2.805345965631e-01 2.496482412060e-04 1.964000000000e-01
2.518190954774e-04 1.285541157828e-01 2.518190954774e-04 1.096235280338e-01 2.518190954774e-04 2.876177636627e-01 2.518190954774e-04 2.810162896322e-01 2.518190954774e-04 1.964000000000e-01
2.539899497487e-04 1.284012279399e-01 2.539899497487e-04 1.096153230845e-01 2.539899497487e-04 2.877035021937e-01 2.539899497487e-04 2.814162824352e-01 2.539899497487e-04 1.964000000000e-01
2.561608040201e-04 1.282753746493e-01 2.561608040201e-04 1.096099793429e-01 2.561608040201e-04 2.877701177925e-01 2.561608040201e-04 2.817477101472e-01 2.561608040201e-04 1.964000000000e-01
2.583316582915e-04 1.281718810774e-01 2.583316582915e-04 1.096064991883e-01 2.583316582915e-04 2.878218320880e-01 2.583316582915e-04 2.820218314592e-01 2.583316582915e-04 1.964000000000e-01
2.605025125628e-04 1.280868474616e-01 2.605025125628e-04 1.096042327369e-01 2.605025125628e-04 2.878619521551e-01 2.605025125628e-04 2.822482186791e-01 2.605025125628e-04 1.964000000000e-01
2.626733668342e-04 1.280170310702e-01 2.626733668342e-04 1.096027567050e-01 2.626733668342e-04 2.878930616223e-01 2.626733668342e-04 2.824349564529e-01 2.626733668342e-04 1.964000000000e-01
2.648442211055e-04 1.279597428369e-01 2.648442211055e-04 1.096017954239e-01 2.648442211055e-04 2.879171747072e-01 2.648442211055e-04 2.825888359619e-01 2.648442211055e-04 1.964000000000e-01
2.670150753769e-04 1.279127579218e-01 2.670150753769e-04 1.096011693690e-01 2.670150753769e-04 2.879358591705e-01 2.670150753769e-04 2.827155365782e-01 2.670150753769e-04 1.964000000000e-01
2.691859296482e-04 1.278742390864e-01 2.691859296482e-04 1.096007616297e-01 2.691859296482e-04 2.879503337487e-01 2.691859296482e-04 2.828197906834e-01 2.691859296482e-04 1.964000000000e-01
2.713567839196e-04 1.278426715838e-01 2.713567839196e-04 1.096004960705e-01 2.713567839196e-04 2.879615449393e-01 2.713567839196e-04 2.829055299227e-01 2.713567839196e-04 1.964000000000e-01
2.735276381910e-04 1.278168082045e-01 2.735276381910e-04 1.096003231095e-01 2.735276381910e-04 2.879702272636e-01 2.735276381910e-04 2.829760128329e-01 2.735276381910e-04 1.964000000000e-01
2.756984924623e-04 1.277956231514e-01 2.756984924623e-04 1.096002104565e-01 2.756984924623e-04 2.879769504104e-01 2.756984924623e-04 2.830339347977e-01 2.756984924623e-04 1.964000000000e-01
2.778693467337e-04 1.277782735003e-01 2.778693467337e-04 1.096001370820e-01 2.778693467337e-04 2.879821560281e-01 2.778693467337e-04 2.830815218368e-01 2.778693467337e-04 1.964000000000e-01
2.800402010050e-04 1.277640671191e-01 2.800402010050e-04 1.096000892902e-01 2.800402010050e-04 2.879861863837e-01 2.800402010050e-04 2.831206099797e-01 2.800402010050e-04 1.964000000000e-01
2.822110552764e-04 1.277524360456e-01 2.822110552764e-04 1.096000581610e-01 2.822110552764e-04 2.879893066548e-01 2.822110552764e-04 2.831527120219e-01 2.822110552764e-04 1.964000000000e-01
2.843819095477e-04 1.277429144497e-01 2.843819095477e-04 1.096000378847e-01 2.843819095477e-04 2.879917222499e-01 2.843819095477e-04 2.831790733935e-01 2.843819095477e-04 1.964000000000e-01
2.865527638191e-04 1.277351204291e-01 2.865527638191e-04 1.096000246774e-01 2.865527638191e-04 2.879935922546e-01 2.865527638191e-04 2.832007187290e-01 2.865527638191e-04 1.964000000000e-01
2.887236180905e-04 1.277287409974e-01 2.887236180905e-04 1.096000160745e-01 2.887236180905e-04 2.879950398627e-01 2.887236180905e-04 2.832184905631e-01 2.887236180905e-04 1.964000000000e-01
2.908944723618e-04 1.277235197209e-01 2.908944723618e-04 1.096000104708e-01 2.908944723618e-04 2.879961604645e-01 2.908944723618e-04 2.832330814028e-01 2.908944723618e-04 1.964000000000e-01
2.930653266332e-04 1.277192465504e-01 2.930653266332e-04 1.096000068206e-01 2.930653266332e-04 2.879970279167e-01 2.930653266332e-04 2.832450602541e-01 2.930653266332e-04 1.964000000000e-01
2.952361809045e-04 1.277157494636e-01 2.952361809045e-04 1.096000044430e-01 2.952361809045e-04 2.879976993995e-01 2.952361809045e-04 2.832548945263e-01 2.952361809045e-04 1.964000000000e-01
2.974070351759e-04 1.277128876039e-01 2.974070351759e-04 1.096000028942e-01 2.974070351759e-04 2.879982191809e-01 2.974070351759e-04 2.832629680960e-01 2.974070351759e-04 1.964000000000e-01
2.995778894472e-04 1.277105456487e-01 2.995778894472e-04 1.096000018853e-01 2.995778894472e-04 2.879986215304e-01 2.995778894472e-04 2.832695961875e-01 2.995778894472e-04 1.964000000000e-01
3.017487437186e-04 1.277086291911e-01 3.017487437186e-04 1.096000012281e-01 3.017487437186e-04 2.879989329775e-01 3.017487437186e-04 2.832750376217e-01 3.017487437186e-04 1.964000000000e-01
3.039195979899e-04 1.277070609529e-01 3.039195979899e-04 1.096000008000e-01 3.039195979899e-04 2.879991740586e-01 3.039195979899e-04 2.832795048905e-01 3.039195979899e-04 1.964000000000e-01
3.060904522613e-04 1.277057776819e-01 3.060904522613e-04 1.096000005211e-01 3.060904522613e-04 2.879993606711e-01 3.060904522613e-04 2.832831724398e-01 3.060904522613e-04 1.964000000000e-01
3.082613065327e-04 1.277047276090e-01 3.082613065327e-04 1.096000003395e-01 3.082613065327e-04 2.879995051211e-01 3.082613065327e-04 2.832861834759e-01 3.082613065327e-04 1.964000000000e-01
3.104321608040e-04 1.277038683657e-01 3.104321608040e-04 1.096000002211e-01 3.104321608040e-04 2.879996169343e-01 3.104321608040e-04 2.832886555571e-01 3.104321608040e-04 1.964000000000e-01
3.126030150754e-04 1.277031652783e-01 3.126030150754e-04 1.096000001440e-01 3.126030150754e-04 2.879997034846e-01 3.126030150754e-04 2.832906851862e-01 3.126030150754e-04 1.964000000000e-01
3.147738693467e-04 1.277025899713e-01 3.147738693467e-04 1.096000000938e-01 3.147738693467e-04 2.879997704797e-01 3.147738693467e-04 2.832923515814e-01 3.147738693467e-04 1.964000000000e-01
3.169447236181e-04 1.277021192244e-01 3.169447236181e-04 1.096000000611e-01 3.169447236181e-04 2.879998223379e-01 3.169447236181e-04 2.832937197725e-01 3.169447236181e-04 1.964000000000e-01
3.191155778894e-04 1.277017340357e-01 3.191155778894e-04 1.096000000398e-01 3.191155778894e-04 2.879998624793e-01 3.191155778894e-04 2.832948431427e-01 3.191155778894e-04 1.964000000000e-01
3.212864321608e-04 1.277014188563e-01 3.212864321608e-04 1.096000000259e-01 3.212864321608e-04 2.879998935510e-01 3.212864321608e-04 2.832957655151e-01 3.212864321608e-04 1.964000000000e-01
3.234572864322e-04 1.277011609626e-01 3.234572864322e-04 1.096000000169e-01 3.234572864322e-04 2.879999176023e-01 3.234572864322e-04 2.832965228652e-01 3.234572864322e-04 1.964000000000e-01
3.256281407035e-04 1.277009499429e-01 3.256281407035e-04 1.096000000110e-01 3.256281407035e-04 2.879999362194e-01 3.256281407035e-04 2.832971447269e-01 3.256281407035e-04 1.964000000000e-01
3.277989949749e-04 1.277007772781e-01 3.277989949749e-04 1.096000000072e-01 3.277989949749e-04 2.879999506302e-01 3.277989949749e-04 2.832976553466e-01 3.277989949749e-04 1.964000000000e-01
3.299698492462e-04 1.277006359969e-01 3.299698492462e-04 1.096000000047e-01 3.299698492462e-04 2.879999617849e-01 3.299698492462e-04 2.832980746298e-01 3.299698492462e-04 1.964000000000e-01
3.321407035176e-04 1.277005203953e-01 3.321407035176e-04 1.096000000030e-01 3.321407035176e-04 2.879999704193e-01 3.321407035176e-04 2.832984189188e-01 3.321407035176e-04 1.964000000000e-01
3.343115577889e-04 1.277004258057e-01 3.343115577889e-04 1.096000000020e-01 3.343115577889e-04 2.879999771029e-01 3.343115577889e-04 2.832987016310e-01 3.343115577889e-04 1.964000000000e-01
3.364824120603e-04 1.277003484090e-01 3.364824120603e-04 1.096000000013e-01 3.364824120603e-04 2.879999822763e-01 3.364824120603e-04 2.832989337822e-01 3.364824120603e-04 1.964000000000e-01
3.386532663317e-04 1.277002850803e-01 3.386532663317e-04 1.096000000008e-01 3.386532663317e-04 2.879999862808e-01 3.386532663317e-04 2.832991244172e-01 3.386532663317e-04 1.964000000000e-01
3.408241206030e-04 1.277002332624e-01 3.408241206030e-04 1.096000000005e-01 3.408241206030e-04 2.879999893806e-01 3.408241206030e-04 2.832992809620e-01 3.408241206030e-04 1.964000000000e-01
3.429949748744e-04 1.277001908633e-01 3.429949748744e-04 1.096000000004e-01 3.429949748744e-04 2.879999917800e-01 3.429949748744e-04 2.832994095141e-01 3.429949748744e-04 1.964000000000e-01
3.451658291457e-04 1.277001561708e-01 3.451658291457e-04 1.096000000002e-01 3.451658291457e-04 2.879999936372e-01 3.451658291457e-04 2.832995150800e-01 3.451658291457e-04 1.964000000000e-01
3.473366834171e-04 1.277001277842e-01 3.473366834171e-04 1.096000000002e-01 3.473366834171e-04 2.879999950748e-01 3.473366834171e-04 2.832996017706e-01 3.473366834171e-04 1.964000000000e-01
3.495075376884e-04 1.277001045574e-01 3.495075376884e-04 1.096000000001e-01 3.495075376884e-04 2.879999961876e-01 3.495075376884e-04 2.832996729614e-01 3.495075376884e-04 1.964000000000e-01
3.516783919598e-04 1.277000855524e-01 3.516783919598e-04 1.096000000001e-01 3.516783919598e-04 2.879999970490e-01 3.516783919598e-04 2.832997314241e-01 3.516783919598e-04 1.964000000000e-01
3.538492462312e-04 1.277000700018e-01 3.538492462312e-04 1.096000000000e-01 3.538492462312e-04 2.879999977158e-01 3.538492462312e-04 2.832997794347e-01 3.538492462312e-04 1.964000000000e-01
3.560201005025e-04 1.277000572778e-01 3.560201005025e-04 1.096000000000e-01 3.560201005025e-04 2.879999982319e-01 3.560201005025e-04 2.832998188621e-01 3.560201005025e-04 1.964000000000e-01
3.581909547739e-04 1.277000468666e-01 3.581909547739e-04 1.096000000000e-01 3.581909547739e-04 2.879999986314e-01 3.581909547739e-04 2.832998512410e-01 3.581909547739e-04 1.964000000000e-01
3.603618090452e-04 1.277000383478e-01 3.603618090452e-04 1.096000000000e-01 3.603618090452e-04 2.879999989406e-01 3.603618090452e-04 2.832998778316e-01 3.603618090452e-04 1.964000000000e-01
3.625326633166e-04 1.277000313775e-01 3.625326633166e-04 1.096000000000e-01 3.625326633166e-04 2.879999991800e-01 3.625326633166e-04 2.832998996688e-01 3.625326633166e-04 1.964000000000e-01
3.647035175879e-04 1.277000256741e-01 3.647035175879e-04 1.096000000000e-01 3.647035175879e-04 2.879999993652e-01 3.647035175879e-04 2.832999176023e-01 3.647035175879e-04 1.964000000000e-01
3.668743718593e-04 1.277000210074e-01 3.668743718593e-04 1.096000000000e-01 3.668743718593e-04 2.879999995087e-01 3.668743718593e-04 2.832999323302e-01 3.668743718593e-04 1.964000000000e-01
3.690452261307e-04 1.277000171890e-01 3.690452261307e-04 1.096000000000e-01 3.690452261307e-04 2.879999996197e-01 3.690452261307e-04 2.832999444254e-01 3.690452261307e-04 1.964000000000e-01
3.712160804020e-04 1.277000140646e-01 3.712160804020e-04 1.096000000000e-01 3.712160804020e-04 2.879999997056e-01 3.712160804020e-04 2.832999543586e-01 3.712160804020e-04 1.964000000000e-01
3.733869346734e-04 1.277000115081e-01 3.733869346734e-04 1.096000000000e-01 3.733869346734e-04 2.879999997721e-01 3.733869346734e-04 2.832999625163e-01 3.733869346734e-04 1.964000000000e-01
3.755577889447e-04 1.277000094163e-01 3.755577889447e-04 1.096000000000e-01 3.755577889447e-04 2.879999998236e-01 3.755577889447e-04 2.832999692159e-01 3.755577889447e-04 1.964000000000e-01
3.777286432161e-04 1.277000077047e-01 3.777286432161e-04 1.096000000000e-01 3.777286432161e-04 2.879999998635e-01 3.777286432161e-04 2.832999747179e-01 3.777286432161e-04 1.964000000000e-01
3.798994974874e-04 1.277000063043e-01 3.798994974874e-04 1.096000000000e-01 3.798994974874e-04 2.879999998943e-01 3.798994974874e-04 2.832999792366e-01 3.798994974874e-04 1.964000000000e-01
3.820703517588e-04 1.277000051584e-01 3.820703517588e-04 1.096000000000e-01 3.820703517588e-04 2.879999999182e-01 3.820703517588e-04 2.832999829476e-01 3.820703517588e-04 1.964000000000e-01
3.842412060302e-04 1.277000042208e-01 3.842412060302e-04 1.096000000000e-01 3.842412060302e-04 2.879999999367e-01 3.842412060302e-04 2.832999859953e-01 3.842412060302e-04 1.964000000000e-01
3.864120603015e-04 1.277000034536e-01 3.864120603015e-04 1.096000000000e-01 3.864120603015e-04 2.879999999510e-01 3.864120603015e-04 2.832999884983e-01 3.864120603015e-04 1.964000000000e-01
3.885829145729e-04 1.277000028258e-01 3.885829145729e-04 1.096000000000e-01 3.885829145729e-04 2.879999999621e-01 3.885829145729e-04 2.832999905539e-01 3.885829145729e-04 1.964000000000e-01
3.907537688442e-04 1.277000023122e-01 3.907537688442e-04 1.096000000000e-01 3.907537688442e-04 2.879999999706e-01 3.907537688442e-04 2.832999922422e-01 3.907537688442e-04 1.964000000000e-01
3.929246231156e-04 1.277000018919e-01 3.929246231156e-04 1.096000000000e-01 3.929246231156e-04 2.879999999773e-01 3.929246231156e-04 2.832999936287e-01 3.929246231156e-04 1.964000000000e-01
3.950954773869e-04 1.277000015480e-01 3.950954773869e-04 1.096000000000e-01 3.950954773869e-04 2.879999999824e-01 3.950954773869e-04 2.832999947673e-01 3.950954773869e-04 1.964000000000e-01
3.972663316583e-04 1.277000012666e-01 3.972663316583e-04 1.096000000000e-01 3.972663316583e-04 2.879999999864e-01 3.972663316583e-04 2.832999957025e-01 3.972663316583e-04 1.964000000000e-01
3.994371859296e-04 1.277000010364e-01 3.994371859296e-04 1.096000000000e-01 3.994371859296e-04 2.879999999895e-01 3.994371859296e-04 2.832999964706e-01 3.994371859296e-04 1.964000000000e-01
4.016080402010e-04 1.277000008480e-01 4.016080402010e-04 1.096000000000e-01 4.016080402010e-04 2.879999999918e-01 4.016080402010e-04 2.832999971013e-01 4.016080402010e-04 1.964000000000e-01
4.037788944724e-04 1.277000006939e-01 4.037788944724e-04 1.096000000000e-01 4.037788944724e-04 2.879999999937e-01 4.037788944724e-04 2.832999976194e-01 4.037788944724e-04 1.964000000000e-01
4.059497487437e-04 1.277000005678e-01 4.059497487437e-04 1.096000000000e-01 4.059497487437e-04 2.879999999951e-01 4.059497487437e-04 2.832999980448e-01 4.059497487437e-04 1.964000000000e-01
4.081206030151e-04 1.277000004646e-01 4.081206030151e-04 1.096000000000e-01 4.081206030151e-04 2.879999999962e-01 4.081206030151e-04 2.832999983943e-01 4.081206030151e-04 1.964000000000e-01
4.102914572864e-04 1.277000003801e-01 4.102914572864e-04 1.096000000000e-01 4.102914572864e-04 2.879999999971e-01 4.102914572864e-04 2.832999986812e-01 4.102914572864e-04 1.964000000000e-01
4.124623115578e-04 1.277000003110e-01 4.124623115578e-04 1.096000000000e-01 4.124623115578e-04 2.879999999977e-01 4.124623115578e-04 2.832999989169e-01 4.124623115578e-04 1.964000000000e-01
4.146331658291e-04 1.277000002545e-01 4.146331658291e-04 1.096000000000e-01 4.146331658291e-04 2.879999999982e-01 4.146331658291e-04 2.832999991105e-01 4.146331658291e-04 1.964000000000e-01
4.168040201005e-04 1.277000002082e-01 4.168040201005e-04 1.096000000000e-01 4.168040201005e-04 2.879999999986e-01 4.168040201005e-04 2.832999992695e-01 4.168040201005e-04 1.964000000000e-01
4.189748743719e-04 1.277000001704e-01 4.189748743719e-04 1.096000000000e-01 4.189748743719e-04 2.879999999989e-01 4.189748743719e-04 2.832999994000e-01 4.189748743719e-04 1.964000000000e-01
4.211457286432e-04 1.277000001394e-01 4.211457286432e-04 1.096000000000e-01 4.211457286432e-04 2.879999999992e-01 4.211457286432e-04 2.832999995072e-01 4.211457286432e-04 1.964000000000e-01
4.233165829146e-04 1.277000001141e-01 4.233165829146e-04 1.096000000000e-01 4.233165829146e-04 2.879999999994e-01 4.233165829146e-04 2.832999995953e-01 4.233165829146e-04 1.964000000000e-01
4.254874371859e-04 1.277000000933e-01 4.254874371859e-04 1.096000000000e-01 4.254874371859e-04 2.879999999995e-01 4.254874371859e-04 2.832999996676e-01 4.254874371859e-04 1.964000000000e-01
4.276582914573e-04 1.277000000764e-01 4.276582914573e-04 1.096000000000e-01 4.276582914573e-04 2.879999999996e-01 4.276582914573e-04 2.832999997270e-01 4.276582914573e-04 1.964000000000e-01
4.298291457286e-04 1.277000000625e-01 4.298291457286e-04 1.096000000000e-01 4.298291457286e-04 2.879999999997e-01 4.298291457286e-04 2.832999997758e-01 4.298291457286e-04 1.964000000000e-01
4.320000000000e-04 1.277000000511e-01 4.320000000000e-04 1.096000000000e-01 4.320000000000e-04 2.879999999998e-01 4.320000000000e-04 2.832999998159e-01 4.320000000000e-04 1.964000000000e-01
