0.000000000000e+00 1.957000000000e-01 0.000000000000e+00 3.129000000000e-01 0.000000000000e+00 1.863000000005e-01 0.000000000000e+00 3.051000000000e-01
2.412060301508e-06 1.957000000000e-01 2.412060301508e-06 3.129000000000e-01 2.412060301508e-06 1.863000000006e-01 2.412060301508e-06 3.051000000000e-01
4.824120603015e-06 1.957000000000e-01 4.824120603015e-06 3.129000000000e-01 4.824120603015e-06 1.863000000008e-01 4.824120603015e-06 3.051000000000e-01
7.236180904523e-06 1.957000000000e-01 7.236180904523e-06 3.129000000000e-01 7.236180904523e-06 1.863000000010e-01 7.236180904523e-06 3.051000000000e-01
9.648241206030e-06 1.957000000000e-01 9.648241206030e-06 3.129000000000e-01 9.648241206030e-06 1.863000000013e-01 9.648241206030e-06 3.051000000000e-01
1.206030150754e-05 1.957000000000e-01 1.206030150754e-05 3.129000000000e-01 1.206030150754e-05 1.863000000017e-01 1.206030150754e-05 3.051000000000e-01
1.447236180905e-05 1.957000000000e-01 1.447236180905e-05 3.129000000000e-01 1.447236180905e-05 1.863000000022e-01 1.447236180905e-05 3.051000000000e-01
1.688442211055e-05 1.957000000000e-01 1.688442211055e-05 3.129000000000e-01 1.688442211055e-05 1.863000000029e-01 1.688442211055e-05 3.051000000000e-01
1.929648241206e-05 1.957000000000e-01 1.929648241206e-05 3.129000000000e-01 1.929648241206e-05 1.863000000038e-01 1.929648241206e-05 3.051000000000e-01
2.170854271357e-05 1.957000000000e-01 2.170854271357e-05 3.129000000000e-01 2.170854271357e-05 1.863000000050e-01 2.170854271357e-05 3.051000000000e-01
2.412060301508e-05 1.957000000000e-01 2.412060301508e-05 3.129000000000e-01 2.412060301508e-05 1.863000000065e-01 2.412060301508e-05 3.051000000000e-01
2.653266331658e-05 1.957000000000e-01 2.653266331658e-05 3.129000000000e-01 2.653266331658e-05 1.863000000085e-01 2.653266331658e-05 3.051000000000e-01
2.894472361809e-05 1.957000000000e-01 2.894472361809e-05 3.129000000000e-01 2.894472361809e-05 1.863000000110e-01 2.894472361809e-05 3.051000000000e-01
3.135678391960e-05 1.957000000000e-01 3.135678391960e-05 3.129000000000e-01 3.135678391960e-05 1.863000000144e-01 3.135678391960e-05 3.051000000000e-01
3.376884422111e-05 1.957000000000e-01 3.376884422111e-05 3.129000000000e-01 3.376884422111e-05 1.863000000188e-01 3.376884422111e-05 3.051000000000e-01
3.618090452261e-05 1.957000000000e-01 3.618090452261e-05 3.129000000000e-01 3.618090452261e-05 1.863000000245e-01 3.618090452261e-05 3.051000000000e-01
3.859296482412e-05 1.957000000000e-01 3.859296482412e-05 3.129000000000e-01 3.859296482412e-05 1.863000000320e-01 3.859296482412e-05 3.051000000000e-01
4.100502512563e-05 1.957000000000e-01 4.100502512563e-05 3.129000000000e-01 4.100502512563e-05 1.863000000417e-01 4.100502512563e-05 3.051000000000e-01
4.341708542714e-05 1.957000000000e-01 4.341708542714e-05 3.129000000000e-01 4.341708542714e-05 1.863000000544e-01 4.341708542714e-05 3.051000000000e-01
4.582914572864e-05 1.957000000000e-01 4.582914572864e-05 3.129000000000e-01 4.582914572864e-05 1.863000000710e-01 4.582914572864e-05 3.051000000000e-01
4.824120603015e-05 1.957000000000e-01 4.824120603015e-05 3.129000000000e-01 4.824120603015e-05 1.863000000927e-01 4.824120603015e-05 3.051000000000e-01
5.065326633166e-05 1.957000000000e-01 5.065326633166e-05 3.129000000000e-01 5.065326633166e-05 1.863000001209e-01 5.065326633166e-05 3.051000000000e-01
5.306532663317e-05 1.957000000000e-01 5.306532663317e-05 3.129000000000e-01 5.306532663317e-05 1.863000001577e-01 5.306532663317e-05 3.051000000000e-01
5.547738693467e-05 1.957000000000e-01 5.547738693467e-05 3.129000000000e-01 5.547738693467e-05 1.863000002057e-01 5.547738693467e-05 3.051000000000e-01
5.788944723618e-05 1.957000000000e-01 5.788944723618e-05 3.129000000000e-01 5.788944723618e-05 1.863000002683e-01 5.788944723618e-05 3.051000000000e-01
6.030150753769e-05 1.957000000000e-01 6.030150753769e-05 3.129000000000e-01 6.030150753769e-05 1.863000003500e-01 6.030150753769e-05 3.051000000000e-01
6.271356783920e-05 1.957000000000e-01 6.271356783920e-05 3.129000000000e-01 6.271356783920e-05 1.863000004566e-01 6.271356783920e-05 3.051000000000e-01
6.512562814070e-05 1.957000000000e-01 6.512562814070e-05 3.129000000000e-01 6.512562814070e-05 1.863000005956e-01 6.512562814070e-05 3.051000000000e-01
6.753768844221e-05 1.957000000000e-01 6.753768844221e-05 3.129000000000e-01 6.753768844221e-05 1.863000007770e-01 6.753768844221e-05 3.051000000000e-01
6.994974874372e-05 1.957000000000e-01 6.994974874372e-05 3.129000000000e-01 6.994974874372e-05 1.863000010136e-01 6.994974874372e-05 3.051000000000e-01
7.236180904523e-05 1.957000000000e-01 7.236180904523e-05 3.129000000000e-01 7.236180904523e-05 1.863000013223e-01 7.236180904523e-05 3.051000000000e-01
7.477386934673e-05 1.957000000000e-01 7.477386934673e-05 3.129000000000e-01 7.477386934673e-05 1.863000017250e-01 7.477386934673e-05 3.051000000000e-01
7.718592964824e-05 1.957000000000e-01 7.718592964824e-05 3.129000000000e-01 7.718592964824e-05 1.863000022502e-01 7.718592964824e-05 3.051000000000e-01
7.959798994975e-05 1.957000000000e-01 7.959798994975e-05 3.129000000000e-01 7.959798994975e-05 1.863000029355e-01 7.959798994975e-05 3.051000000000e-01
8.201005025126e-05 1.957000000000e-01 8.201005025126e-05 3.129000000000e-01 8.201005025126e-05 1.863000038293e-01 8.201005025126e-05 3.051000000000e-01
8.442211055276e-05 1.957000000000e-01 8.442211055276e-05 3.129000000000e-01 8.442211055276e-05 1.863000049954e-01 8.442211055276e-05 3.051000000000e-01
8.683417085427e-05 1.957000000000e-01 8.683417085427e-05 3.129000000000e-01 8.683417085427e-05 1.863000065166e-01 8.683417085427e-05 3.051000000000e-01
8.924623115578e-05 1.957000000000e-01 8.924623115578e-05 3.128999999999e-01 8.924623115578e-05 1.863000085010e-01 8.924623115578e-05 3.051000000000e-01
9.165829145729e-05 1.957000000000e-01 9.165829145729e-05 3.128999999999e-01 9.165829145729e-05 1.863000110896e-01 9.165829145729e-05 3.051000000000e-01
9.407035175879e-05 1.957000000000e-01 9.407035175879e-05 3.128999999998e-01 9.407035175879e-05 1.863000144665e-01 9.407035175879e-05 3.051000000000e-01
9.648241206030e-05 1.957000000000e-01 9.648241206030e-05 3.128999999997e-01 9.648241206030e-05 1.863000188717e-01 9.648241206030e-05 3.051000000000e-01
9.889447236181e-05 1.957000000000e-01 9.889447236181e-05 3.128999999995e-01 9.889447236181e-05 1.863000246184e-01 9.889447236181e-05 3.051000000000e-01
1.013065326633e-04 1.957000000000e-01 1.013065326633e-04 3.128999999992e-01 1.013065326633e-04 1.863000321150e-01 1.013065326633e-04 3.051000000000e-01
1.037185929648e-04 1.957000000000e-01 1.037185929648e-04 3.128999999986e-01 1.037185929648e-04 1.863000418943e-01 1.037185929648e-04 3.051000000000e-01
1.061306532663e-04 1.957000000000e-01 1.061306532663e-04 3.128999999977e-01 1.061306532663e-04 1.863000546516e-01 1.061306532663e-04 3.051000000000e-01
1.085427135678e-04 1.957000000000e-01 1.085427135678e-04 3.128999999963e-01 1.085427135678e-04 1.863000712936e-01 1.085427135678e-04 3.051000000000e-01
1.109547738693e-04 1.957000000000e-01 1.109547738693e-04 3.128999999940e-01 1.109547738693e-04 1.863000930034e-01 1.109547738693e-04 3.051000000000e-01
1.133668341709e-04 1.957000000000e-01 1.133668341709e-04 3.128999999902e-01 1.133668341709e-04 1.863001213239e-01 1.133668341709e-04 3.051000000000e-01
1.157788944724e-04 1.957000000000e-01 1.157788944724e-04 3.128999999840e-01 1.157788944724e-04 1.863001582684e-01 1.157788944724e-04 3.051000000000e-01
1.181909547739e-04 1.957000000000e-01 1.181909547739e-04 3.128999999739e-01 1.181909547739e-04 1.863002064628e-01 1.181909547739e-04 3.051000000000e-01
1.206030150754e-04 1.957000000000e-01 1.206030150754e-04 3.128999999574e-01 1.206030150754e-04 1.863002693330e-01 1.206030150754e-04 3.051000000000e-01
1.230150753769e-04 1.957000000000e-01 1.230150753769e-04 3.128999999305e-01 1.230150753769e-04 1.863003513478e-01 1.230150753769e-04 3.051000000000e-01
1.254271356784e-04 1.957000000000e-01 1.254271356784e-04 3.128999998865e-01 1.254271356784e-04 1.863004583370e-01 1.254271356784e-04 3.051000000000e-01
1.278391959799e-04 1.957000000000e-01 1.278391959799e-04 3.128999998149e-01 1.278391959799e-04 1.863005979054e-01 1.278391959799e-04 3.051000000000e-01
1.302512562814e-04 1.957000000000e-01 1.302512562814e-04 3.128999996979e-01 1.302512562814e-04 1.863007799736e-01 1.302512562814e-04 3.051000000000e-01
1.326633165829e-04 1.957000000000e-01 1.326633165829e-04 3.128999995070e-01 1.326633165829e-04 1.863010174832e-01 1.326633165829e-04 3.051000000000e-01
1.350753768844e-04 1.957000000000e-01 1.350753768844e-04 3.128999991956e-01 1.350753768844e-04 1.863013273163e-01 1.350753768844e-04 3.051000000000e-01
1.374874371859e-04 1.957000000000e-01 1.374874371859e-04 3.128999986873e-01 1.374874371859e-04 1.863017314954e-01 1.374874371859e-04 3.051000000000e-01
1.398994974874e-04 1.957000000000e-01 1.398994974874e-04 3.128999978580e-01 1.398994974874e-04 1.863022587490e-01 1.398994974874e-04 3.051000000000e-01
1.423115577889e-04 1.957000000000e-01 1.423115577889e-04 3.128999965046e-01 1.423115577889e-04 1.863029465525e-01 1.423115577889e-04 3.051000000000e-01
1.447236180905e-04 1.957000000000e-01 1.447236180905e-04 3.128999942962e-01 1.447236180905e-04 1.863038437916e-01 1.447236180905e-04 3.051000000000e-01
1.471356783920e-04 1.957000000000e-01 1.471356783920e-04 3.128999906923e-01 1.471356783920e-04 1.863050142359e-01 1.471356783920e-04 3.051000000000e-01
1.495477386935e-04 1.957000000001e-01 1.495477386935e-04 3.128999848113e-01 1.495477386935e-04 1.863065410685e-01 1.495477386935e-04 3.051000000000e-01
1.519597989950e-04 1.957000000002e-01 1.519597989950e-04 3.128999752143e-01 1.519597989950e-04 1.863085327952e-01 1.519597989950e-04 3.051000000000e-01
1.543718592965e-04 1.957000000004e-01 1.543718592965e-04 3.128999595534e-01 1.543718592965e-04 1.863111309491e-01 1.543718592965e-04 3.051000000000e-01
1.567839195980e-04 1.957000000009e-01 1.567839195980e-04 3.128999339967e-01 1.567839195980e-04 1.863145201380e-01 1.567839195980e-04 3.051000000000e-01
1.591959798995e-04 1.957000000019e-01 1.591959798995e-04 3.128998922914e-01 1.591959798995e-04 1.863189411432e-01 1.591959798995e-04 3.051000000000e-01
1.616080402010e-04 1.957000000041e-01 1.616080402010e-04 3.128998242331e-01 1.616080402010e-04 1.863247079953e-01 1.616080402010e-04 3.051000000000e-01
1.640201005025e-04 1.957000000088e-01 1.640201005025e-04 3.128997131697e-01 1.640201005025e-04 1.863322302266e-01 1.640201005025e-04 3.051000000000e-01
1.664321608040e-04 1.957000000192e-01 1.664321608040e-04 3.128995319260e-01 1.664321608040e-04 1.863420418616e-01 1.664321608040e-04 3.051000000000e-01
1.688442211055e-04 1.957000000418e-01 1.688442211055e-04 3.128992361556e-01 1.688442211055e-04 1.863548391708e-01 1.688442211055e-04 3.051000000000e-01
1.712562814070e-04 1.957000000918e-01 1.712562814070e-04 3.128987534898e-01 1.712562814070e-04 1.863715298064e-01 1.712562814070e-04 3.051000000000e-01
1.736683417085e-04 1.957000002026e-01 1.736683417085e-04 3.128979658333e-01 1.736683417085e-04 1.863932967066e-01 1.736683417085e-04 3.051000000000e-01
1.760804020101e-04 1.957000004499e-01 1.760804020101e-04 3.128966804762e-01 1.760804020101e-04 1.864216811262e-01 1.760804020101e-04 3.051000000000e-01
1.784924623116e-04 1.957000010056e-01 1.784924623116e-04 3.128945829656e-01 1.784924623116e-04 1.864586903789e-01 1.784924623116e-04 3.051000000000e-01
1.809045226131e-04 1.957000022632e-01 1.809045226131e-04 3.128911602348e-01 1.809045226131e-04 1.865069374142e-01 1.809045226131e-04 3.051000000000e-01
1.833165829146e-04 1.957000051309e-01 1.833165829146e-04 3.128855752627e-01 1.833165829146e-04 1.865698212373e-01 1.833165829146e-04 3.051000000000e-01
1.857286432161e-04 1.957000117203e-01 1.857286432161e-04 3.128764628134e-01 1.857286432161e-04 1.866517594588e-01 1.857286432161e-04 3.051000000000e-01
1.881407035176e-04 1.957000269797e-01 1.881407035176e-04 3.128615968696e-01 1.881407035176e-04 1.867584869207e-01 1.881407035176e-04 3.050999999999e-01
1.905527638191e-04 1.957000625896e-01 1.905527638191e-04 3.128373499702e-01 1.905527638191e-04 1.868974373326e-01 1.905527638191e-04 3.050999999994e-01
1.929648241206e-04 1.957001463180e-01 1.929648241206e-04 3.127978163899e-01 1.929648241206e-04 1.870782279800e-01 1.929648241206e-04 3.050999999971e-01
1.953768844221e-04 1.957003446184e-01 1.953768844221e-04 3.127333958633e-01 1.953768844221e-04 1.873132705099e-01 1.953768844221e-04 3.050999999859e-01
1.977889447236e-04 1.957008175114e-01 1.977889447236e-04 3.126285211016e-01 1.977889447236e-04 1.876185330226e-01 1.977889447236e-04 3.050999999318e-01
2.002010050251e-04 1.957019525173e-01 2.002010050251e-04 3.124580515020e-01 2.002010050251e-04 1.880144795483e-01 2.002010050251e-04 3.050999996702e-01
2.026130653266e-04 1.957046929018e-01 2.026130653266e-04 3.121816553959e-01 2.026130653266e-04 1.885272119991e-01 2.026130653266e-04 3.050999984052e-01
2.050251256281e-04 1.957113450602e-01 2.050251256281e-04 3.117353332933e-01 2.050251256281e-04 1.891898375040e-01 2.050251256281e-04 3.050999922875e-01
2.074371859296e-04 1.957275699137e-01 2.074371859296e-04 3.110193340177e-01 2.074371859296e-04 1.900440844975e-01 2.074371859296e-04 3.050999627029e-01
2.098492462312e-04 1.957673011525e-01 2.098492462312e-04 3.098827199960e-01 2.098492462312e-04 1.911422048783e-01 2.098492462312e-04 3.050998196341e-01
2.122613065327e-04 1.958648724293e-01 2.122613065327e-04 3.081081118949e-01 2.122613065327e-04 1.925492501012e-01 2.122613065327e-04 3.050991277717e-01
2.146733668342e-04 1.961046674518e-01 2.146733668342e-04 3.054077587264e-01 2.146733668342e-04 1.943459338669e-01 2.146733668342e-04 3.050957821868e-01
2.170854271357e-04 1.966917751870e-01 2.170854271357e-04 3.014545504233e-01 2.170854271357e-04 1.966325272985e-01 2.170854271357e-04 3.050796083239e-01
2.194974874372e-04 1.981087850604e-01 2.194974874372e-04 2.959797008371e-01 2.194974874372e-04 1.995345187533e-01 2.194974874372e-04 3.050015143449e-01
2.219095477387e-04 2.013984397666e-01 2.219095477387e-04 2.889425025809e-01 2.219095477387e-04 2.032107103100e-01 2.219095477387e-04 3.046266928401e-01
2.243216080402e-04 2.083664941214e-01 2.243216080402e-04 2.806864196210e-01 2.243216080402e-04 2.078627284803e-01 2.243216080402e-04 3.028780622570e-01
2.267336683417e-04 2.206365771466e-01 2.267336683417e-04 2.719047322878e-01 2.267336683417e-04 2.137387771005e-01 2.267336683417e-04 2.956868196124e-01
2.291457286432e-04 2.368321770558e-01 2.291457286432e-04 2.633345024263e-01 2.291457286432e-04 2.211105227405e-01 2.291457286432e-04 2.766377687664e-01
2.315577889447e-04 2.527733677904e-01 2.315577889447e-04 2.553782410000e-01 2.315577889447e-04 2.301845775834e-01 2.315577889447e-04 2.561028868873e-01
2.339698492462e-04 2.668269693133e-01 2.339698492462e-04 2.479513096038e-01 2.339698492462e-04 2.409204560227e-01 2.339698492462e-04 2.469655018740e-01
2.363819095477e-04 2.802814479032e-01 2.363819095477e-04 2.406264407906e-01 2.363819095477e-04 2.528215484425e-01 2.363819095477e-04 2.403699937993e-01
2.387939698492e-04 2.932709119784e-01 2.387939698492e-04 2.329368410008e-01 2.387939698492e-04 2.649119046440e-01 2.387939698492e-04 2.190234297155e-01
2.412060301508e-04 3.040375375467e-01 2.412060301508e-04 2.246844218834e-01 2.412060301508e-04 2.760608547053e-01 2.412060301508e-04 1.930642031383e-01
2.436180904523e-04 3.113591316338e-01 2.436180904523e-04 2.161199423189e-01 2.436180904523e-04 2.854563600177e-01 2.436180904523e-04 1.858656033882e-01
2.460301507538e-04 3.156124174747e-01 2.460301507538e-04 2.078694343301e-01 2.460301507538e-04 2.928334129845e-01 2.460301507538e-04 1.848453587845e-01
2.484422110553e-04 3.178506412833e-01 2.484422110553e-04 2.006209819806e-01 2.484422110553e-04 2.983599955487e-01 2.484422110553e-04 1.847178964618e-01
2.508542713568e-04 3.189663151430e-01 2.508542713568e-04 1.948027969860e-01 2.508542713568e-04 3.023956895403e-01 2.508542713568e-04 1.847022070612e-01
2.532663316583e-04 3.195073265129e-01 2.532663316583e-04 1.904777912105e-01 2.532663316583e-04 3.053135407732e-01 2.532663316583e-04 1.847002737078e-01
2.556783919598e-04 3.197661781488e-01 2.556783919598e-04 1.874471773524e-01 2.556783919598e-04 3.074227751946e-01 2.556783919598e-04 1.847000342679e-01
2.580904522613e-04 3.198892439546e-01 2.580904522613e-04 1.854115735586e-01 2.580904522613e-04 3.089550633120e-01 2.580904522613e-04 1.847000043565e-01
2.605025125628e-04 3.199475818338e-01 2.605025125628e-04 1.840831781054e-01 2.605025125628e-04 3.100761338113e-01 2.605025125628e-04 1.847000005672e-01
2.629145728643e-04 3.199752001019e-01 2.629145728643e-04 1.832326151667e-01 2.629145728643e-04 3.109024888911e-01 2.629145728643e-04 1.847000000765e-01
2.653266331658e-04 3.199882679876e-01 2.653266331658e-04 1.826946347396e-01 2.653266331658e-04 3.115158595810e-01 2.653266331658e-04 1.847000000108e-01
2.677386934673e-04 3.199944499910e-01 2.677386934673e-04 1.823569989928e-01 2.677386934673e-04 3.119739220891e-01 2.677386934673e-04 1.847000000016e-01
2.701507537688e-04 3.199973743848e-01 2.701507537688e-04 1.821461338804e-01 2.701507537688e-04 3.123177633640e-01 2.701507537688e-04 1.847000000003e-01
2.725628140704e-04 3.199987578035e-01 2.725628140704e-04 1.820148439671e-01 2.725628140704e-04 3.125769611437e-01 2.725628140704e-04 1.847000000000e-01
2.749748743719e-04 3.199994122782e-01 2.749748743719e-04 1.819332553872e-01 2.749748743719e-04 3.127730259418e-01 2.749748743719e-04 1.847000000000e-01
2.773869346734e-04 3.199997219174e-01 2.773869346734e-04 1.818826132144e-01 2.773869346734e-04 3.129217464938e-01 2.773869346734e-04 1.847000000000e-01
2.797989949749e-04 3.199998684188e-01 2.797989949749e-04 1.818512026502e-01 2.797989949749e-04 3.130348051695e-01 2.797989949749e-04 1.847000000000e-01
2.822110552764e-04 3.199999377371e-01 2.822110552764e-04 1.818317292761e-01 2.822110552764e-04 3.131209048852e-01 2.822110552764e-04 1.847000000000e-01
2.846231155779e-04 3.199999705369e-01 2.846231155779e-04 1.818196599149e-01 2.846231155779e-04 3.131865656538e-01 2.846231155779e-04 1.847000000000e-01
2.870351758794e-04 3.199999860576e-01 2.870351758794e-04 1.818121807716e-01 2.870351758794e-04 3.132366947350e-01 2.870351758794e-04 1.847000000000e-01
2.894472361809e-04 3.199999934021e-01 2.894472361809e-04 1.818075465906e-01 2.894472361809e-04 3.132749994292e-01 2.894472361809e-04 1.847000000000e-01
2.918592964824e-04 3.199999968776e-01 2.918592964824e-04 1.818046753756e-01 2.918592964824e-04 3.133042889663e-01 2.918592964824e-04 1.847000000000e-01
2.942713567839e-04 3.199999985224e-01 2.942713567839e-04 1.818028965179e-01 2.942713567839e-04 3.133266972076e-01 2.942713567839e-04 1.847000000000e-01
2.966834170854e-04 3.199999993007e-01 2.966834170854e-04 1.818017944549e-01 2.966834170854e-04 3.133438481364e-01 2.966834170854e-04 1.847000000000e-01
2.990954773869e-04 3.199999996691e-01 2.990954773869e-04 1.818011116989e-01 2.990954773869e-04 3.133569795829e-01 2.990954773869e-04 1.847000000000e-01
3.015075376884e-04 3.199999998434e-01 3.015075376884e-04 1.818006887174e-01 3.015075376884e-04 3.133670361879e-01 3.015075376884e-04 1.847000000000e-01
3.039195979899e-04 3.199999999259e-01 3.039195979899e-04 1.818004266727e-01 3.039195979899e-04 3.133747395375e-01 3.039195979899e-04 1.847000000000e-01
3.063316582915e-04 3.199999999649e-01 3.063316582915e-04 1.818002643315e-01 3.063316582915e-04 3.133806412488e-01 3.063316582915e-04 1.847000000000e-01
3.087437185930e-04 3.199999999834e-01 3.087437185930e-04 1.818001637584e-01 3.087437185930e-04 3.133851632565e-01 3.087437185930e-04 1.847000000000e-01
3.111557788945e-04 3.199999999921e-01 3.111557788945e-04 1.818001014516e-01 3.111557788945e-04 3.133886284521e-01 3.111557788945e-04 1.847000000000e-01
3.135678391960e-04 3.199999999963e-01 3.135678391960e-04 1.818000628514e-01 3.135678391960e-04 3.133912840235e-01 3.135678391960e-04 1.847000000000e-01
3.159798994975e-04 3.199999999982e-01 3.159798994975e-04 1.818000389378e-01 3.159798994975e-04 3.133933192591e-01 3.159798994975e-04 1.847000000000e-01
3.183919597990e-04 3.199999999992e-01 3.183919597990e-04 1.818000241229e-01 3.183919597990e-04 3.133948791425e-01 3.183919597990e-04 1.847000000000e-01
3.208040201005e-04 3.199999999996e-01 3.208040201005e-04 1.818000149447e-01 3.208040201005e-04 3.133960747423e-01 3.208040201005e-04 1.847000000000e-01
3.232160804020e-04 3.199999999998e-01 3.232160804020e-04 1.818000092586e-01 3.232160804020e-04 3.133969911574e-01 3.232160804020e-04 1.847000000000e-01
3.256281407035e-04 3.199999999999e-01 3.256281407035e-04 1.818000057360e-01 3.256281407035e-04 3.133976935964e-01 3.256281407035e-04 1.847000000000e-01
3.280402010050e-04 3.200000000000e-01 3.280402010050e-04 1.818000035536e-01 3.280402010050e-04 3.133982320307e-01 3.280402010050e-04 1.847000000000e-01
3.304522613065e-04 3.200000000000e-01 3.304522613065e-04 1.818000022016e-01 3.304522613065e-04 3.133986447579e-01 3.304522613065e-04 1.847000000000e-01
3.328643216080e-04 3.200000000000e-01 3.328643216080e-04 1.818000013639e-01 3.328643216080e-04 3.133989611299e-01 3.328643216080e-04 1.847000000000e-01
3.352763819095e-04 3.200000000000e-01 3.352763819095e-04 1.818000008450e-01 3.352763819095e-04 3.133992036439e-01 3.352763819095e-04 1.847000000000e-01
3.376884422111e-04 3.200000000000e-01 3.376884422111e-04 1.818000005235e-01 3.376884422111e-04 3.133993895435e-01 3.376884422111e-04 1.847000000000e-01
3.401005025126e-04 3.200000000000e-01 3.401005025126e-04 1.818000003243e-01 3.401005025126e-04 3.133995320460e-01 3.401005025126e-04 1.847000000000e-01
3.425125628141e-04 3.200000000000e-01 3.425125628141e-04 1.818000002009e-01 3.425125628141e-04 3.133996412826e-01 3.425125628141e-04 1.847000000000e-01
3.449246231156e-04 3.200000000000e-01 3.449246231156e-04 1.818000001245e-01 3.449246231156e-04 3.133997250192e-01 3.449246231156e-04 1.847000000000e-01
3.473366834171e-04 3.200000000000e-01 3.473366834171e-04 1.818000000771e-01 3.473366834171e-04 3.133997892087e-01 3.473366834171e-04 1.847000000000e-01
3.497487437186e-04 3.200000000000e-01 3.497487437186e-04 1.818000000478e-01 3.497487437186e-04 3.133998384141e-01 3.497487437186e-04 1.847000000000e-01
3.521608040201e-04 3.200000000000e-01 3.521608040201e-04 1.818000000296e-01 3.521608040201e-04 3.133998761333e-01 3.521608040201e-04 1.847000000000e-01
3.545728643216e-04 3.200000000000e-01 3.545728643216e-04 1.818000000183e-01 3.545728643216e-04 3.133999050476e-01 3.545728643216e-04 1.847000000000e-01
3.569849246231e-04 3.200000000000e-01 3.569849246231e-04 1.818000000114e-01 3.569849246231e-04 3.133999272124e-01 3.569849246231e-04 1.847000000000e-01
3.593969849246e-04 3.200000000000e-01 3.593969849246e-04 1.818000000070e-01 3.593969849246e-04 3.133999442032e-01 3.593969849246e-04 1.847000000000e-01
3.618090452261e-04 3.200000000000e-01 3.618090452261e-04 1.818000000044e-01 3.618090452261e-04 3.133999572279e-01 3.618090452261e-04 1.847000000000e-01
3.642211055276e-04 3.200000000000e-01 3.642211055276e-04 1.818000000027e-01 3.642211055276e-04 3.133999672122e-01 3.642211055276e-04 1.847000000000e-01
3.666331658291e-04 3.200000000000e-01 3.666331658291e-04 1.818000000017e-01 3.666331658291e-04 3.133999748658e-01 3.666331658291e-04 1.847000000000e-01
3.690452261307e-04 3.200000000000e-01 3.690452261307e-04 1.818000000010e-01 3.690452261307e-04 3.133999807329e-01 3.690452261307e-04 1.847000000000e-01
3.714572864322e-04 3.200000000000e-01 3.714572864322e-04 1.818000000006e-01 3.714572864322e-04 3.133999852304e-01 3.714572864322e-04 1.847000000000e-01
3.738693467337e-04 3.200000000000e-01 3.738693467337e-04 1.818000000004e-01 3.738693467337e-04 3.133999886781e-01 3.738693467337e-04 1.847000000000e-01
3.762814070352e-04 3.200000000000e-01 3.762814070352e-04 1.818000000002e-01 3.762814070352e-04 3.133999913209e-01 3.762814070352e-04 1.847000000000e-01
3.786934673367e-04 3.200000000000e-01 3.786934673367e-04 1.818000000002e-01 3.786934673367e-04 3.133999933469e-01 3.786934673367e-04 1.847000000000e-01
3.811055276382e-04 3.200000000000e-01 3.811055276382e-04 1.818000000001e-01 3.811055276382e-04 3.133999948999e-01 3.811055276382e-04 1.847000000000e-01
3.835175879397e-04 3.200000000000e-01 3.835175879397e-04 1.818000000001e-01 3.835175879397e-04 3.133999960904e-01 3.835175879397e-04 1.847000000000e-01
3.859296482412e-04 3.200000000000e-01 3.859296482412e-04 1.818000000000e-01 3.859296482412e-04 3.133999970030e-01 3.859296482412e-04 1.847000000000e-01
3.883417085427e-04 3.200000000000e-01 3.883417085427e-04 1.818000000000e-01 3.883417085427e-04 3.133999977026e-01 3.883417085427e-04 1.847000000000e-01
3.907537688442e-04 3.200000000000e-01 3.907537688442e-04 1.818000000000e-01 3.907537688442e-04 3.133999982389e-01 3.907537688442e-04 1.847000000000e-01
3.931658291457e-04 3.200000000000e-01 3.931658291457e-04 1.818000000000e-01 3.931658291457e-04 3.133999986500e-01 3.931658291457e-04 1.847000000000e-01
3.955778894472e-04 3.200000000000e-01 3.955778894472e-04 1.818000000000e-01 3.955778894472e-04 3.133999989651e-01 3.955778894472e-04 1.847000000000e-01
3.979899497487e-04 3.200000000000e-01 3.979899497487e-04 1.818000000000e-01 3.979899497487e-04 3.133999992067e-01 3.979899497487e-04 1.847000000000e-01
4.004020100503e-04 3.200000000000e-01 4.004020100503e-04 1.818000000000e-01 4.004020100503e-04 3.133999993919e-01 4.004020100503e-04 1.847000000000e-01
4.028140703518e-04 3.200000000000e-01 4.028140703518e-04 1.818000000000e-01 4.028140703518e-04 3.133999995338e-01 4.028140703518e-04 1.847000000000e-01
4.052261306533e-04 3.200000000000e-01 4.052261306533e-04 1.818000000000e-01 4.052261306533e-04 3.133999996426e-01 4.052261306533e-04 1.847000000000e-01
4.076381909548e-04 3.200000000000e-01 4.076381909548e-04 1.818000000000e-01 4.076381909548e-04 3.133999997261e-01 4.076381909548e-04 1.847000000000e-01
4.100502512563e-04 3.200000000000e-01 4.100502512563e-04 1.818000000000e-01 4.100502512563e-04 3.133999997900e-01 4.100502512563e-04 1.847000000000e-01
4.124623115578e-04 3.200000000000e-01 4.124623115578e-04 1.818000000000e-01 4.124623115578e-04 3.133999998390e-01 4.124623115578e-04 1.847000000000e-01
4.148743718593e-04 3.200000000000e-01 4.148743718593e-04 1.818000000000e-01 4.148743718593e-04 3.133999998766e-01 4.148743718593e-04 1.847000000000e-01
4.172864321608e-04 3.200000000000e-01 4.172864321608e-04 1.818000000000e-01 4.172864321608e-04 3.133999999054e-01 4.172864321608e-04 1.847000000000e-01
4.196984924623e-04 3.200000000000e-01 4.196984924623e-04 1.818000000000e-01 4.196984924623e-04 3.133999999275e-01 4.196984924623e-04 1.847000000000e-01
4.221105527638e-04 3.200000000000e-01 4.221105527638e-04 1.818000000000e-01 4.221105527638e-04 3.133999999444e-01 4.221105527638e-04 1.847000000000e-01
4.245226130653e-04 3.200000000000e-01 4.245226130653e-04 1.818000000000e-01 4.245226130653e-04 3.133999999574e-01 4.245226130653e-04 1.847000000000e-01
4.269346733668e-04 3.200000000000e-01 4.269346733668e-04 1.818000000000e-01 4.269346733668e-04 3.133999999673e-01 4.269346733668e-04 1.847000000000e-01
4.293467336683e-04 3.200000000000e-01 4.293467336683e-04 1.818000000000e-01 4.293467336683e-04 3.133999999750e-01 4.293467336683e-04 1.847000000000e-01
4.317587939698e-04 3.200000000000e-01 4.317587939698e-04 1.818000000000e-01 4.317587939698e-04 3.133999999808e-01 4.317587939698e-04 1.847000000000e-01
4.341708542714e-04 3.200000000000e-01 4.341708542714e-04 1.818000000000e-01 4.341708542714e-04 3.133999999853e-01 4.341708542714e-04 1.847000000000e-01
4.365829145729e-04 3.200000000000e-01 4.365829145729e-04 1.818000000000e-01 4.365829145729e-04 3.133999999887e-01 4.365829145729e-04 1.847000000000e-01
4.389949748744e-04 3.200000000000e-01 4.389949748744e-04 1.818000000000e-01 4.389949748744e-04 3.133999999914e-01 4.389949748744e-04 1.847000000000e-01
4.414070351759e-04 3.200000000000e-01 4.414070351759e-04 1.818000000000e-01 4.414070351759e-04 3.133999999934e-01 4.414070351759e-04 1.847000000000e-01
4.438190954774e-04 3.200000000000e-01 4.438190954774e-04 1.818000000000e-01 4.438190954774e-04 3.133999999949e-01 4.438190954774e-04 1.847000000000e-01
4.462311557789e-04 3.200000000000e-01 4.462311557789e-04 1.818000000000e-01 4.462311557789e-04 3.133999999961e-01 4.462311557789e-04 1.847000000000e-01
4.486432160804e-04 3.200000000000e-01 4.486432160804e-04 1.818000000000e-01 4.486432160804e-04 3.133999999970e-01 4.486432160804e-04 1.847000000000e-01
4.510552763819e-04 3.200000000000e-01 4.510552763819e-04 1.818000000000e-01 4.510552763819e-04 3.133999999977e-01 4.510552763819e-04 1.847000000000e-01
4.534673366834e-04 3.200000000000e-01 4.534673366834e-04 1.818000000000e-01 4.534673366834e-04 3.133999999982e-01 4.534673366834e-04 1.847000000000e-01
4.558793969849e-04 3.200000000000e-01 4.558793969849e-04 1.818000000000e-01 4.558793969849e-04 3.133999999987e-01 4.558793969849e-04 1.847000000000e-01
4.582914572864e-04 3.200000000000e-01 4.582914572864e-04 1.818000000000e-01 4.582914572864e-04 3.133999999990e-01 4.582914572864e-04 1.847000000000e-01
4.607035175879e-04 3.200000000000e-01 4.607035175879e-04 1.818000000000e-01 4.607035175879e-04 3.133999999992e-01 4.607035175879e-04 1.847000000000e-01
4.631155778894e-04 3.200000000000e-01 4.631155778894e-04 1.818000000000e-01 4.631155778894e-04 3.133999999994e-01 4.631155778894e-04 1.847000000000e-01
4.655276381910e-04 3.200000000000e-01 4.655276381910e-04 1.818000000000e-01 4.655276381910e-04 3.133999999995e-01 4.655276381910e-04 1.847000000000e-01
4.679396984925e-04 3.200000000000e-01 4.679396984925e-04 1.818000000000e-01 4.679396984925e-04 3.133999999996e-01 4.679396984925e-04 1.847000000000e-01
4.703517587940e-04 3.200000000000e-01 4.703517587940e-04 1.818000000000e-01 4.703517587940e-04 3.133999999997e-01 4.703517587940e-04 1.847000000000e-01
4.727638190955e-04 3.200000000000e-01 4.727638190955e-04 1.818000000000e-01 4.727638190955e-04 3.133999999998e-01 4.727638190955e-04 1.847000000000e-01
4.751758793970e-04 3.200000000000e-01 4.751758793970e-04 1.818000000000e-01 4.751758793970e-04 3.133999999998e-01 4.751758793970e-04 1.847000000000e-01
4.775879396985e-04 3.200000000000e-01 4.775879396985e-04 1.818000000000e-01 4.775879396985e-04 3.133999999999e-01 4.775879396985e-04 1.847000000000e-01
4.800000000000e-04 3.200000000000e-01 4.800000000000e-04 1.818000000000e-01 4.800000000000e-04 3.133999999999e-01 4.800000000000e-04 1.847000000000e-01
