0.000000000000e+00 1.991000000072e-01 0.000000000000e+00 1.933000108777e-01 0.000000000000e+00 2.962663109022e-01 0.000000000000e+00 3.110000000000e-01
2.402010050251e-06 1.991000000092e-01 2.402010050251e-06 1.933000128301e-01 2.402010050251e-06 2.962469184501e-01 2.402010050251e-06 3.110000000000e-01
4.804020100503e-06 1.991000000117e-01 4.804020100503e-06 1.933000151331e-01 4.804020100503e-06 2.962264057232e-01 4.804020100503e-06 3.110000000000e-01
7.206030150754e-06 1.991000000150e-01 7.206030150754e-06 1.933000178495e-01 7.206030150754e-06 2.962047088083e-01 7.206030150754e-06 3.110000000000e-01
9.608040201005e-06 1.991000000191e-01 9.608040201005e-06 1.933000210536e-01 9.608040201005e-06 2.961817602421e-01 9.608040201005e-06 3.110000000000e-01
1.201005025126e-05 1.991000000244e-01 1.201005025126e-05 1.933000248329e-01 1.201005025126e-05 2.961574888247e-01 1.201005025126e-05 3.110000000000e-01
1.441206030151e-05 1.991000000312e-01 1.441206030151e-05 1.933000292908e-01 1.441206030151e-05 2.961318194264e-01 1.441206030151e-05 3.110000000000e-01
1.681407035176e-05 1.991000000399e-01 1.681407035176e-05 1.933000345492e-01 1.681407035176e-05 2.961046727846e-01 1.681407035176e-05 3.110000000000e-01
1.921608040201e-05 1.991000000510e-01 1.921608040201e-05 1.933000407519e-01 1.921608040201e-05 2.960759652926e-01 1.921608040201e-05 3.110000000000e-01
2.161809045226e-05 1.991000000652e-01 2.161809045226e-05 1.933000480683e-01 2.161809045226e-05 2.960456087796e-01 2.161809045226e-05 3.110000000000e-01
2.402010050251e-05 1.991000000833e-01 2.402010050251e-05 1.933000566987e-01 2.402010050251e-05 2.960135102814e-01 2.402010050251e-05 3.110000000000e-01
2.642211055276e-05 1.991000001064e-01 2.642211055276e-05 1.933000668790e-01 2.642211055276e-05 2.959795718020e-01 2.642211055276e-05 3.110000000000e-01
2.882412060302e-05 1.991000001360e-01 2.882412060302e-05 1.933000788878e-01 2.882412060302e-05 2.959436900667e-01 2.882412060302e-05 3.110000000000e-01
3.122613065327e-05 1.991000001738e-01 3.122613065327e-05 1.933000930536e-01 3.122613065327e-05 2.959057562654e-01 3.122613065327e-05 3.110000000000e-01
3.362814070352e-05 1.991000002222e-01 3.362814070352e-05 1.933001097639e-01 3.362814070352e-05 2.958656557871e-01 3.362814070352e-05 3.110000000000e-01
3.603015075377e-05 1.991000002839e-01 3.603015075377e-05 1.933001294761e-01 3.603015075377e-05 2.958232679452e-01 3.603015075377e-05 3.110000000000e-01
3.843216080402e-05 1.991000003629e-01 3.843216080402e-05 1.933001527297e-01 3.843216080402e-05 2.957784656948e-01 3.843216080402e-05 3.110000000000e-01
4.083417085427e-05 1.991000004637e-01 4.083417085427e-05 1.933001801613e-01 4.083417085427e-05 2.957311153404e-01 4.083417085427e-05 3.110000000000e-01
4.323618090452e-05 1.991000005926e-01 4.323618090452e-05 1.933002125219e-01 4.323618090452e-05 2.956810762368e-01 4.323618090452e-05 3.110000000000e-01
4.563819095477e-05 1.991000007574e-01 4.563819095477e-05 1.933002506977e-01 4.563819095477e-05 2.956282004809e-01 4.563819095477e-05 3.110000000000e-01
4.804020100503e-05 1.991000009679e-01 4.804020100503e-05 1.933002957344e-01 4.804020100503e-05 2.955723325982e-01 4.804020100503e-05 3.110000000000e-01
5.044221105528e-05 1.991000012370e-01 5.044221105528e-05 1.933003488658e-01 5.044221105528e-05 2.955133092214e-01 5.044221105528e-05 3.110000000000e-01
5.284422110553e-05 1.991000015809e-01 5.284422110553e-05 1.933004115479e-01 5.284422110553e-05 2.954509587649e-01 5.284422110553e-05 3.110000000000e-01
5.524623115578e-05 1.991000020203e-01 5.524623115578e-05 1.933004854987e-01 5.524623115578e-05 2.953851010945e-01 5.524623115578e-05 3.110000000000e-01
5.764824120603e-05 1.991000025819e-01 5.764824120603e-05 1.933005727456e-01 5.764824120603e-05 2.953155471942e-01 5.764824120603e-05 3.110000000000e-01
6.005025125628e-05 1.991000032997e-01 6.005025125628e-05 1.933006756811e-01 6.005025125628e-05 2.952420988310e-01 6.005025125628e-05 3.110000000000e-01
6.245226130653e-05 1.991000042170e-01 6.245226130653e-05 1.933007971290e-01 6.245226130653e-05 2.951645482210e-01 6.245226130653e-05 3.110000000000e-01
6.485427135678e-05 1.991000053892e-01 6.485427135678e-05 1.933009404217e-01 6.485427135678e-05 2.950826776964e-01 6.485427135678e-05 3.110000000000e-01
6.725628140704e-05 1.991000068874e-01 6.725628140704e-05 1.933011094920e-01 6.725628140704e-05 2.949962593777e-01 6.725628140704e-05 3.110000000000e-01
6.965829145729e-05 1.991000088020e-01 6.965829145729e-05 1.933013089823e-01 6.965829145729e-05 2.949050548522e-01 6.965829145729e-05 3.110000000000e-01
7.206030150754e-05 1.991000112488e-01 7.206030150754e-05 1.933015443717e-01 7.206030150754e-05 2.948088148631e-01 7.206030150754e-05 3.110000000000e-01
7.446231155779e-05 1.991000143758e-01 7.446231155779e-05 1.933018221278e-01 7.446231155779e-05 2.947072790102e-01 7.446231155779e-05 3.110000000000e-01
7.686432160804e-05 1.991000183722e-01 7.686432160804e-05 1.933021498854e-01 7.686432160804e-05 2.946001754687e-01 7.686432160804e-05 3.110000000000e-01
7.926633165829e-05 1.991000234794e-01 7.926633165829e-05 1.933025366572e-01 7.926633165829e-05 2.944872207273e-01 7.926633165829e-05 3.110000000000e-01
8.166834170854e-05 1.991000300064e-01 8.166834170854e-05 1.933029930833e-01 8.166834170854e-05 2.943681193513e-01 8.166834170854e-05 3.110000000000e-01
8.407035175879e-05 1.991000383479e-01 8.407035175879e-05 1.933035317257e-01 8.407035175879e-05 2.942425637759e-01 8.407035175879e-05 3.110000000000e-01
8.647236180905e-05 1.991000490083e-01 8.647236180905e-05 1.933041674161e-01 8.647236180905e-05 2.941102341338e-01 8.647236180905e-05 3.109999999999e-01
8.887437185930e-05 1.991000626321e-01 8.887437185930e-05 1.933049176672e-01 8.887437185930e-05 2.939707981232e-01 8.887437185930e-05 3.109999999999e-01
9.127638190955e-05 1.991000800433e-01 9.127638190955e-05 1.933058031583e-01 9.127638190955e-05 2.938239109227e-01 9.127638190955e-05 3.109999999998e-01
9.367839195980e-05 1.991001022948e-01 9.367839195980e-05 1.933068483099e-01 9.367839195980e-05 2.936692151588e-01 9.367839195980e-05 3.109999999997e-01
9.608040201005e-05 1.991001307320e-01 9.608040201005e-05 1.933080819615e-01 9.608040201005e-05 2.935063409337e-01 9.608040201005e-05 3.109999999995e-01
9.848241206030e-05 1.991001670748e-01 9.848241206030e-05 1.933095381743e-01 9.848241206030e-05 2.933349059196e-01 9.848241206030e-05 3.109999999992e-01
1.008844221106e-04 1.991002135207e-01 1.008844221106e-04 1.933112571789e-01 1.008844221106e-04 2.931545155285e-01 1.008844221106e-04 3.109999999988e-01
1.032864321608e-04 1.991002728786e-01 1.032864321608e-04 1.933132864958e-01 1.032864321608e-04 2.929647631627e-01 1.032864321608e-04 3.109999999980e-01
1.056884422111e-04 1.991003487381e-01 1.056884422111e-04 1.933156822605e-01 1.056884422111e-04 2.927652305564e-01 1.056884422111e-04 3.109999999968e-01
1.080904522613e-04 1.991004456869e-01 1.080904522613e-04 1.933185107893e-01 1.080904522613e-04 2.925554882137e-01 1.080904522613e-04 3.109999999948e-01
1.104924623116e-04 1.991005695878e-01 1.104924623116e-04 1.933218504316e-01 1.104924623116e-04 2.923350959512e-01 1.104924623116e-04 3.109999999917e-01
1.128944723618e-04 1.991007279341e-01 1.128944723618e-04 1.933257937586e-01 1.128944723618e-04 2.921036035513e-01 1.128944723618e-04 3.109999999866e-01
1.152964824121e-04 1.991009303022e-01 1.152964824121e-04 1.933304501517e-01 1.152964824121e-04 2.918605515314e-01 1.152964824121e-04 3.109999999785e-01
1.176984924623e-04 1.991011889308e-01 1.176984924623e-04 1.933359488629e-01 1.176984924623e-04 2.916054720330e-01 1.176984924623e-04 3.109999999654e-01
1.201005025126e-04 1.991015194617e-01 1.201005025126e-04 1.933424426323e-01 1.201005025126e-04 2.913378898316e-01 1.201005025126e-04 3.109999999444e-01
1.225025125628e-04 1.991019418852e-01 1.225025125628e-04 1.933501119642e-01 1.225025125628e-04 2.910573234677e-01 1.225025125628e-04 3.109999999106e-01
1.249045226131e-04 1.991024817497e-01 1.249045226131e-04 1.933591701812e-01 1.249045226131e-04 2.907632864915e-01 1.249045226131e-04 3.109999998564e-01
1.273065326633e-04 1.991031717064e-01 1.273065326633e-04 1.933698693969e-01 1.273065326633e-04 2.904552888130e-01 1.273065326633e-04 3.109999997691e-01
1.297085427136e-04 1.991040534843e-01 1.297085427136e-04 1.933825075707e-01 1.297085427136e-04 2.901328381402e-01 1.297085427136e-04 3.109999996289e-01
1.321105527638e-04 1.991051804131e-01 1.321105527638e-04 1.933974368399e-01 1.321105527638e-04 2.897954414799e-01 1.321105527638e-04 3.109999994034e-01
1.345125628141e-04 1.991066206479e-01 1.345125628141e-04 1.934150733546e-01 1.345125628141e-04 2.894426066668e-01 1.345125628141e-04 3.109999990411e-01
1.369145728643e-04 1.991084612880e-01 1.369145728643e-04 1.934359088804e-01 1.369145728643e-04 2.890738438717e-01 1.369145728643e-04 3.109999984586e-01
1.393165829146e-04 1.991108136409e-01 1.393165829146e-04 1.934605244763e-01 1.393165829146e-04 2.886886670228e-01 1.393165829146e-04 3.109999975224e-01
1.417185929648e-04 1.991138199443e-01 1.417185929648e-04 1.934896066068e-01 1.417185929648e-04 2.882865950556e-01 1.417185929648e-04 3.109999960175e-01
1.441206030151e-04 1.991176619524e-01 1.441206030151e-04 1.935239660986e-01 1.441206030151e-04 2.878671528763e-01 1.441206030151e-04 3.109999935984e-01
1.465226130653e-04 1.991225718979e-01 1.465226130653e-04 1.935645604171e-01 1.465226130653e-04 2.874298718956e-01 1.465226130653e-04 3.109999897099e-01
1.489246231156e-04 1.991288464849e-01 1.489246231156e-04 1.936125198011e-01 1.489246231156e-04 2.869742899449e-01 1.489246231156e-04 3.109999834595e-01
1.513266331658e-04 1.991368647397e-01 1.513266331658e-04 1.936691778664e-01 1.513266331658e-04 2.864999503371e-01 1.513266331658e-04 3.109999734124e-01
1.537286432161e-04 1.991471107734e-01 1.537286432161e-04 1.937361073573e-01 1.537286432161e-04 2.860063997698e-01 1.537286432161e-04 3.109999572623e-01
1.561306532663e-04 1.991602027842e-01 1.561306532663e-04 1.938151617956e-01 1.561306532663e-04 2.854931846895e-01 1.561306532663e-04 3.109999313020e-01
1.585326633166e-04 1.991769299746e-01 1.585326633166e-04 1.939085238346e-01 1.585326633166e-04 2.849598456331e-01 1.585326633166e-04 3.109998895722e-01
1.609346733668e-04 1.991982994851e-01 1.609346733668e-04 1.940187611663e-01 1.609346733668e-04 2.844059089422e-01 1.609346733668e-04 3.109998224937e-01
1.633366834171e-04 1.992255959632e-01 1.633366834171e-04 1.941488908393e-01 1.633366834171e-04 2.838308750875e-01 1.633366834171e-04 3.109997146678e-01
1.657386934673e-04 1.992604570108e-01 1.657386934673e-04 1.943024528063e-01 1.657386934673e-04 2.832342026529e-01 1.657386934673e-04 3.109995413416e-01
1.681407035176e-04 1.993049684770e-01 1.681407035176e-04 1.944835934037e-01 1.681407035176e-04 2.826152867890e-01 1.681407035176e-04 3.109992627252e-01
1.705427135678e-04 1.993617843855e-01 1.705427135678e-04 1.946971592489e-01 1.705427135678e-04 2.819734306589e-01 1.705427135678e-04 3.109988148567e-01
1.729447236181e-04 1.994342771576e-01 1.729447236181e-04 1.949488016730e-01 1.729447236181e-04 2.813078080440e-01 1.729447236181e-04 3.109980949190e-01
1.753467336683e-04 1.995267246264e-01 1.753467336683e-04 1.952450912476e-01 1.753467336683e-04 2.806174148534e-01 1.753467336683e-04 3.109969376388e-01
1.777487437186e-04 1.996445409706e-01 1.777487437186e-04 1.955936411525e-01 1.777487437186e-04 2.799010067773e-01 1.777487437186e-04 3.109950773562e-01
1.801507537688e-04 1.997945588131e-01 1.801507537688e-04 1.960032370098e-01 1.801507537688e-04 2.791570197432e-01 1.801507537688e-04 3.109920870764e-01
1.825527638191e-04 1.999853688403e-01 1.825527638191e-04 1.964839693207e-01 1.825527638191e-04 2.783834691813e-01 1.825527638191e-04 3.109872805626e-01
1.849547738693e-04 2.002277205919e-01 1.849547738693e-04 1.970473627512e-01 1.849547738693e-04 2.775778234252e-01 1.849547738693e-04 3.109795551411e-01
1.873567839196e-04 2.005349823549e-01 1.873567839196e-04 1.977064942183e-01 1.873567839196e-04 2.767368459194e-01 1.873567839196e-04 3.109671395217e-01
1.897587939698e-04 2.009236476530e-01 1.897587939698e-04 1.984760890970e-01 1.897587939698e-04 2.758564004269e-01 1.897587939698e-04 3.109471897894e-01
1.921608040201e-04 2.014138584624e-01 1.921608040201e-04 1.993725820631e-01 1.921608040201e-04 2.749312133428e-01 1.921608040201e-04 3.109151435764e-01
1.945628140704e-04 2.020298885331e-01 1.945628140704e-04 2.004141264032e-01 1.945628140704e-04 2.739545879155e-01 1.945628140704e-04 3.108636913725e-01
1.969648241206e-04 2.028004921354e-01 1.969648241206e-04 2.016205334873e-01 1.969648241206e-04 2.729180672617e-01 1.969648241206e-04 3.107811475599e-01
1.993668341709e-04 2.037589745914e-01 1.993668341709e-04 2.030131230537e-01 1.993668341709e-04 2.718110474500e-01 1.993668341709e-04 3.106488954905e-01
2.017688442211e-04 2.049427870662e-01 2.017688442211e-04 2.046144655271e-01 2.017688442211e-04 2.706203499578e-01 2.017688442211e-04 3.104374432519e-01
2.041708542714e-04 2.063924058164e-01 2.041708542714e-04 2.064480000828e-01 2.041708542714e-04 2.693297762636e-01 2.041708542714e-04 3.101004947578e-01
2.065728643216e-04 2.081492579148e-01 2.065728643216e-04 2.085375162929e-01 2.065728643216e-04 2.679196884012e-01 2.065728643216e-04 3.095664403321e-01
2.089748743719e-04 2.102525518930e-01 2.089748743719e-04 2.109064917211e-01 2.089748743719e-04 2.663666901656e-01 2.089748743719e-04 3.087271431686e-01
2.113768844221e-04 2.127351216076e-01 2.113768844221e-04 2.135772803226e-01 2.113768844221e-04 2.646435255488e-01 2.113768844221e-04 3.074256046961e-01
2.137788944724e-04 2.156188298457e-01 2.137788944724e-04 2.165701436791e-01 2.137788944724e-04 2.627193621982e-01 2.137788944724e-04 3.054483438157e-01
2.161809045226e-04 2.189106567615e-01 2.161809045226e-04 2.199021062107e-01 2.161809045226e-04 2.605606803413e-01 2.161809045226e-04 3.025362344926e-01
2.185829145729e-04 2.226011212214e-01 2.185829145729e-04 2.235855971938e-01 2.185829145729e-04 2.581330231874e-01 2.185829145729e-04 2.984363667164e-01
2.209849246231e-04 2.266667947304e-01 2.209849246231e-04 2.276268247446e-01 2.209849246231e-04 2.554038501943e-01 2.209849246231e-04 2.930128763054e-01
2.233869346734e-04 2.310779654098e-01 2.233869346734e-04 2.320238287528e-01 2.233869346734e-04 2.523466228744e-01 2.233869346734e-04 2.863903410968e-01
2.257889447236e-04 2.358107852493e-01 2.257889447236e-04 2.367642099121e-01 2.257889447236e-04 2.489459962623e-01 2.257889447236e-04 2.790218866831e-01
2.281909547739e-04 2.408607044093e-01 2.281909547739e-04 2.418226592982e-01 2.281909547739e-04 2.452035716536e-01 2.281909547739e-04 2.715537720125e-01
2.305929648241e-04 2.462513493701e-01 2.305929648241e-04 2.471586243981e-01 2.305929648241e-04 2.411431530087e-01 2.305929648241e-04 2.645076408357e-01
2.329949748744e-04 2.520313158941e-01 2.329949748744e-04 2.527147001077e-01 2.329949748744e-04 2.368140271733e-01 2.329949748744e-04 2.579897027506e-01
2.353969849246e-04 2.582522180388e-01 2.353969849246e-04 2.584165181908e-01 2.353969849246e-04 2.322907405898e-01 2.353969849246e-04 2.516109788862e-01
2.377989949749e-04 2.649270610269e-01 2.377989949749e-04 2.641748754812e-01 2.377989949749e-04 2.276684166575e-01 2.377989949749e-04 2.446445741767e-01
2.402010050251e-04 2.719801796544e-01 2.402010050251e-04 2.698904760820e-01 2.402010050251e-04 2.230538383395e-01 2.402010050251e-04 2.364091433177e-01
2.426030150754e-04 2.792146025438e-01 2.426030150754e-04 2.754609931227e-01 2.426030150754e-04 2.185539137195e-01 2.426030150754e-04 2.268407219096e-01
2.450050251256e-04 2.863260632951e-01 2.450050251256e-04 2.807893996809e-01 2.450050251256e-04 2.142641004049e-01 2.450050251256e-04 2.168668164965e-01
2.474070351759e-04 2.929711508046e-01 2.474070351759e-04 2.857920089375e-01 2.474070351759e-04 2.102593805056e-01 2.474070351759e-04 2.079643519167e-01
2.498090452261e-04 2.988596344167e-01 2.498090452261e-04 2.904046602397e-01 2.498090452261e-04 2.065894426763e-01 2.498090452261e-04 2.011611001353e-01
2.522110552764e-04 3.038223433742e-01 2.522110552764e-04 2.945860081543e-01 2.522110552764e-04 2.032783378213e-01 2.522110552764e-04 1.965762244198e-01
2.546130653266e-04 3.078260127396e-01 2.546130653266e-04 2.983176773632e-01 2.546130653266e-04 2.003276803745e-01 2.546130653266e-04 1.937455220381e-01
2.570150753769e-04 3.109431601806e-01 2.570150753769e-04 3.016017955960e-01 2.570150753769e-04 1.977218751388e-01 2.570150753769e-04 1.920912756097e-01
2.594170854271e-04 3.133046927722e-01 2.594170854271e-04 3.044568589440e-01 2.594170854271e-04 1.954338812074e-01 2.594170854271e-04 1.911550426802e-01
2.618190954774e-04 3.150584456386e-01 2.618190954774e-04 3.069129578274e-01 2.618190954774e-04 1.934304397942e-01 2.618190954774e-04 1.906344898818e-01
2.642211055276e-04 3.163429203643e-01 2.642211055276e-04 3.090071942003e-01 2.642211055276e-04 1.916762066377e-01 2.642211055276e-04 1.903477419045e-01
2.666231155779e-04 3.172751845243e-01 2.666231155779e-04 3.107798068029e-01 2.666231155779e-04 1.901366515543e-01 2.666231155779e-04 1.901904965552e-01
2.690251256281e-04 3.179481281880e-01 2.690251256281e-04 3.122712205719e-01 2.690251256281e-04 1.887798491951e-01 2.690251256281e-04 1.901044209732e-01
2.714271356784e-04 3.184325321727e-01 2.714271356784e-04 3.135200166207e-01 2.714271356784e-04 1.875774005190e-01 2.714271356784e-04 1.900573137764e-01
2.738291457286e-04 3.187809310084e-01 2.738291457286e-04 3.145616938644e-01 2.738291457286e-04 1.865047413298e-01 2.738291457286e-04 1.900315144997e-01
2.762311557789e-04 3.190316598736e-01 2.762311557789e-04 3.154280447011e-01 2.762311557789e-04 1.855410596207e-01 2.762311557789e-04 1.900173662155e-01
2.786331658291e-04 3.192123938612e-01 2.786331658291e-04 3.161469679223e-01 2.786331658291e-04 1.846689910189e-01 2.786331658291e-04 1.900095936574e-01
2.810351758794e-04 3.193429836813e-01 2.810351758794e-04 3.167425679270e-01 2.810351758794e-04 1.838742102155e-01 2.810351758794e-04 1.900053146923e-01
2.834371859296e-04 3.194376181048e-01 2.834371859296e-04 3.172354235546e-01 2.834371859296e-04 1.831449940738e-01 2.834371859296e-04 1.900029533372e-01
2.858391959799e-04 3.195064245396e-01 2.858391959799e-04 3.176429428709e-01 2.858391959799e-04 1.824718009350e-01 2.858391959799e-04 1.900016466925e-01
2.882412060302e-04 3.195566320088e-01 2.882412060302e-04 3.179797477935e-01 2.882412060302e-04 1.818468893321e-01 2.882412060302e-04 1.900009215042e-01
2.906432160804e-04 3.195934065043e-01 2.906432160804e-04 3.182580534452e-01 2.906432160804e-04 1.812639856853e-01 2.906432160804e-04 1.900005177069e-01
2.930452261307e-04 3.196204468412e-01 2.930452261307e-04 3.184880221212e-01 2.930452261307e-04 1.807180024102e-01 2.930452261307e-04 1.900002920670e-01
2.954472361809e-04 3.196404080047e-01 2.954472361809e-04 3.186780818878e-01 2.954472361809e-04 1.802048034048e-01 2.954472361809e-04 1.900001654982e-01
2.978492462312e-04 3.196552013687e-01 2.978492462312e-04 3.188352063202e-01 2.978492462312e-04 1.797210117634e-01 2.978492462312e-04 1.900000942117e-01
3.002512562814e-04 3.196662075119e-01 3.002512562814e-04 3.189651558024e-01 3.002512562814e-04 1.792638538508e-01 3.002512562814e-04 1.900000538877e-01
3.026532663317e-04 3.196744271731e-01 3.026532663317e-04 3.190726829875e-01 3.026532663317e-04 1.788310339534e-01 3.026532663317e-04 1.900000309745e-01
3.050552763819e-04 3.196805884795e-01 3.050552763819e-04 3.191617060615e-01 3.050552763819e-04 1.784206342048e-01 3.050552763819e-04 1.900000178930e-01
3.074572864322e-04 3.196852232697e-01 3.074572864322e-04 3.192354538045e-01 3.074572864322e-04 1.780310351424e-01 3.074572864322e-04 1.900000103882e-01
3.098592964824e-04 3.196887215523e-01 3.098592964824e-04 3.192965863804e-01 3.098592964824e-04 1.776608529418e-01 3.098592964824e-04 1.900000060613e-01
3.122613065327e-04 3.196913704772e-01 3.122613065327e-04 3.193472955065e-01 3.122613065327e-04 1.773088900295e-01 3.122613065327e-04 1.900000035542e-01
3.146633165829e-04 3.196933823105e-01 3.146633165829e-04 3.193893872696e-01 3.146633165829e-04 1.769740963651e-01 3.146633165829e-04 1.900000020941e-01
3.170653266332e-04 3.196949145859e-01 3.170653266332e-04 3.194243504415e-01 3.170653266332e-04 1.766555391878e-01 3.170653266332e-04 1.900000012396e-01
3.194673366834e-04 3.196960846724e-01 3.194673366834e-04 3.194534127410e-01 3.194673366834e-04 1.763523794495e-01 3.194673366834e-04 1.900000007371e-01
3.218693467337e-04 3.196969803458e-01 3.218693467337e-04 3.194775871166e-01 3.218693467337e-04 1.760638535101e-01 3.218693467337e-04 1.900000004401e-01
3.242713567839e-04 3.196976674900e-01 3.242713567839e-04 3.194977097922e-01 3.242713567839e-04 1.757892589605e-01 3.242713567839e-04 1.900000002639e-01
3.266733668342e-04 3.196981957301e-01 3.266733668342e-04 3.195144715274e-01 3.266733668342e-04 1.755279436696e-01 3.266733668342e-04 1.900000001588e-01
3.290753768844e-04 3.196986025687e-01 3.290753768844e-04 3.195284432991e-01 3.290753768844e-04 1.752792973446e-01 3.290753768844e-04 1.900000000959e-01
3.314773869347e-04 3.196989164363e-01 3.314773869347e-04 3.195400973986e-01 3.314773869347e-04 1.750427450407e-01 3.314773869347e-04 1.900000000581e-01
3.338793969849e-04 3.196991589494e-01 3.338793969849e-04 3.195498247676e-01 3.338793969849e-04 1.748177421782e-01 3.338793969849e-04 1.900000000353e-01
3.362814070352e-04 3.196993465887e-01 3.362814070352e-04 3.195579492462e-01 3.362814070352e-04 1.746037707210e-01 3.362814070352e-04 1.900000000215e-01
3.386834170854e-04 3.196994919510e-01 3.386834170854e-04 3.195647392892e-01 3.386834170854e-04 1.744003362445e-01 3.386834170854e-04 1.900000000131e-01
3.410854271357e-04 3.196996046876e-01 3.410854271357e-04 3.195704176048e-01 3.410854271357e-04 1.742069656826e-01 3.410854271357e-04 1.900000000080e-01
3.434874371859e-04 3.196996922087e-01 3.434874371859e-04 3.195751690875e-01 3.434874371859e-04 1.740232055884e-01 3.434874371859e-04 1.900000000049e-01
3.458894472362e-04 3.196997602149e-01 3.458894472362e-04 3.195791473539e-01 3.458894472362e-04 1.738486207822e-01 3.458894472362e-04 1.900000000030e-01
3.482914572864e-04 3.196998130997e-01 3.482914572864e-04 3.195824801277e-01 3.482914572864e-04 1.736827932881e-01 3.482914572864e-04 1.900000000019e-01
3.506934673367e-04 3.196998542547e-01 3.506934673367e-04 3.195852736824e-01 3.506934673367e-04 1.735253214847e-01 3.506934673367e-04 1.900000000011e-01
3.530954773869e-04 3.196998863018e-01 3.530954773869e-04 3.195876165076e-01 3.530954773869e-04 1.733758194112e-01 3.530954773869e-04 1.900000000007e-01
3.554974874372e-04 3.196999112707e-01 3.554974874372e-04 3.195895823372e-01 3.554974874372e-04 1.732339161866e-01 3.554974874372e-04 1.900000000004e-01
3.578994974874e-04 3.196999307345e-01 3.578994974874e-04 3.195912326531e-01 3.578994974874e-04 1.730992555077e-01 3.578994974874e-04 1.900000000003e-01
3.603015075377e-04 3.196999459136e-01 3.603015075377e-04 3.195926187564e-01 3.603015075377e-04 1.729714952030e-01 3.603015075377e-04 1.900000000002e-01
3.627035175879e-04 3.196999577560e-01 3.627035175879e-04 3.195937834813e-01 3.627035175879e-04 1.728503068230e-01 3.627035175879e-04 1.900000000001e-01
3.651055276382e-04 3.196999669982e-01 3.651055276382e-04 3.195947626162e-01 3.651055276382e-04 1.727353752550e-01 3.651055276382e-04 1.900000000001e-01
3.675075376884e-04 3.196999742135e-01 3.675075376884e-04 3.195955860818e-01 3.675075376884e-04 1.726263983523e-01 3.675075376884e-04 1.900000000000e-01
3.699095477387e-04 3.196999798479e-01 3.699095477387e-04 3.195962789084e-01 3.699095477387e-04 1.725230865721e-01 3.699095477387e-04 1.900000000000e-01
3.723115577889e-04 3.196999842488e-01 3.723115577889e-04 3.195968620477e-01 3.723115577889e-04 1.724251626171e-01 3.723115577889e-04 1.900000000000e-01
3.747135678392e-04 3.196999876870e-01 3.747135678392e-04 3.195973530476e-01 3.747135678392e-04 1.723323610792e-01 3.747135678392e-04 1.900000000000e-01
3.771155778894e-04 3.196999903735e-01 3.771155778894e-04 3.195977666138e-01 3.771155778894e-04 1.722444280824e-01 3.771155778894e-04 1.900000000000e-01
3.795175879397e-04 3.196999924732e-01 3.795175879397e-04 3.195981150763e-01 3.795175879397e-04 1.721611209263e-01 3.795175879397e-04 1.900000000000e-01
3.819195979899e-04 3.196999941143e-01 3.819195979899e-04 3.195984087790e-01 3.819195979899e-04 1.720822077279e-01 3.819195979899e-04 1.900000000000e-01
3.843216080402e-04 3.196999953973e-01 3.843216080402e-04 3.195986564038e-01 3.843216080402e-04 1.720074670645e-01 3.843216080402e-04 1.900000000000e-01
3.867236180905e-04 3.196999964003e-01 3.867236180905e-04 3.195988652412e-01 3.867236180905e-04 1.719366876159e-01 3.867236180905e-04 1.900000000000e-01
3.891256281407e-04 3.196999971846e-01 3.891256281407e-04 3.195990414164e-01 3.891256281407e-04 1.718696678095e-01 3.891256281407e-04 1.900000000000e-01
3.915276381910e-04 3.196999977979e-01 3.915276381910e-04 3.195991900774e-01 3.915276381910e-04 1.718062154665e-01 3.915276381910e-04 1.900000000000e-01
3.939296482412e-04 3.196999982775e-01 3.939296482412e-04 3.195993155533e-01 3.939296482412e-04 1.717461474522e-01 3.939296482412e-04 1.900000000000e-01
3.963316582915e-04 3.196999986526e-01 3.963316582915e-04 3.195994214857e-01 3.963316582915e-04 1.716892893302e-01 3.963316582915e-04 1.900000000000e-01
3.987336683417e-04 3.196999989460e-01 3.987336683417e-04 3.195995109391e-01 3.987336683417e-04 1.716354750216e-01 3.987336683417e-04 1.900000000000e-01
4.011356783920e-04 3.196999991754e-01 4.011356783920e-04 3.195995864935e-01 4.011356783920e-04 1.715845464707e-01 4.011356783920e-04 1.900000000000e-01
4.035376884422e-04 3.196999993549e-01 4.035376884422e-04 3.195996503219e-01 4.035376884422e-04 1.715363533163e-01 4.035376884422e-04 1.900000000000e-01
4.059396984925e-04 3.196999994953e-01 4.059396984925e-04 3.195997042547e-01 4.059396984925e-04 1.714907525707e-01 4.059396984925e-04 1.900000000000e-01
4.083417085427e-04 3.196999996052e-01 4.083417085427e-04 3.195997498346e-01 4.083417085427e-04 1.714476083071e-01 4.083417085427e-04 1.900000000000e-01
4.107437185930e-04 3.196999996911e-01 4.107437185930e-04 3.195997883622e-01 4.107437185930e-04 1.714067913536e-01 4.107437185930e-04 1.900000000000e-01
4.131457286432e-04 3.196999997583e-01 4.131457286432e-04 3.195998209340e-01 4.131457286432e-04 1.713681789975e-01 4.131457286432e-04 1.900000000000e-01
4.155477386935e-04 3.196999998109e-01 4.155477386935e-04 3.195998484752e-01 4.155477386935e-04 1.713316546970e-01 4.155477386935e-04 1.900000000000e-01
4.179497487437e-04 3.196999998521e-01 4.179497487437e-04 3.195998717662e-01 4.179497487437e-04 1.712971078031e-01 4.179497487437e-04 1.900000000000e-01
4.203517587940e-04 3.196999998842e-01 4.203517587940e-04 3.195998914658e-01 4.203517587940e-04 1.712644332896e-01 4.203517587940e-04 1.900000000000e-01
4.227537688442e-04 3.196999999094e-01 4.227537688442e-04 3.195999081299e-01 4.227537688442e-04 1.712335314932e-01 4.227537688442e-04 1.900000000000e-01
4.251557788945e-04 3.196999999291e-01 4.251557788945e-04 3.195999222282e-01 4.251557788945e-04 1.712043078624e-01 4.251557788945e-04 1.900000000000e-01
4.275577889447e-04 3.196999999446e-01 4.275577889447e-04 3.195999341572e-01 4.275577889447e-04 1.711766727163e-01 4.275577889447e-04 1.900000000000e-01
4.299597989950e-04 3.196999999566e-01 4.299597989950e-04 3.195999442517e-01 4.299597989950e-04 1.711505410114e-01 4.299597989950e-04 1.900000000000e-01
4.323618090452e-04 3.196999999661e-01 4.323618090452e-04 3.195999527949e-01 4.323618090452e-04 1.711258321191e-01 4.323618090452e-04 1.900000000000e-01
4.347638190955e-04 3.196999999734e-01 4.347638190955e-04 3.195999600260e-01 4.347638190955e-04 1.711024696106e-01 4.347638190955e-04 1.900000000000e-01
4.371658291457e-04 3.196999999792e-01 4.371658291457e-04 3.195999661469e-01 4.371658291457e-04 1.710803810518e-01 4.371658291457e-04 1.900000000000e-01
4.395678391960e-04 3.196999999837e-01 4.395678391960e-04 3.195999713287e-01 4.395678391960e-04 1.710594978064e-01 4.395678391960e-04 1.900000000000e-01
4.419698492462e-04 3.196999999873e-01 4.419698492462e-04 3.195999757158e-01 4.419698492462e-04 1.710397548470e-01 4.419698492462e-04 1.900000000000e-01
4.443718592965e-04 3.196999999900e-01 4.443718592965e-04 3.195999794304e-01 4.443718592965e-04 1.710210905753e-01 4.443718592965e-04 1.900000000000e-01
4.467738693467e-04 3.196999999922e-01 4.467738693467e-04 3.195999825758e-01 4.467738693467e-04 1.710034466495e-01 4.467738693467e-04 1.900000000000e-01
4.491758793970e-04 3.196999999939e-01 4.491758793970e-04 3.195999852394e-01 4.491758793970e-04 1.709867678197e-01 4.491758793970e-04 1.900000000000e-01
4.515778894472e-04 3.196999999952e-01 4.515778894472e-04 3.195999874952e-01 4.515778894472e-04 1.709710017711e-01 4.515778894472e-04 1.900000000000e-01
4.539798994975e-04 3.196999999963e-01 4.539798994975e-04 3.195999894058e-01 4.539798994975e-04 1.709560989739e-01 4.539798994975e-04 1.900000000000e-01
4.563819095477e-04 3.196999999971e-01 4.563819095477e-04 3.195999910241e-01 4.563819095477e-04 1.709420125406e-01 4.563819095477e-04 1.900000000000e-01
4.587839195980e-04 3.196999999977e-01 4.587839195980e-04 3.195999923948e-01 4.587839195980e-04 1.709286980898e-01 4.587839195980e-04 1.900000000000e-01
4.611859296482e-04 3.196999999982e-01 4.611859296482e-04 3.195999935560e-01 4.611859296482e-04 1.709161136168e-01 4.611859296482e-04 1.900000000000e-01
4.635879396985e-04 3.196999999986e-01 4.635879396985e-04 3.195999945397e-01 4.635879396985e-04 1.709042193700e-01 4.635879396985e-04 1.900000000000e-01
4.659899497487e-04 3.196999999989e-01 4.659899497487e-04 3.195999953730e-01 4.659899497487e-04 1.708929777336e-01 4.659899497487e-04 1.900000000000e-01
4.683919597990e-04 3.196999999991e-01 4.683919597990e-04 3.195999960791e-01 4.683919597990e-04 1.708823531158e-01 4.683919597990e-04 1.900000000000e-01
4.707939698492e-04 3.196999999993e-01 4.707939698492e-04 3.195999966772e-01 4.707939698492e-04 1.708723118431e-01 4.707939698492e-04 1.900000000000e-01
4.731959798995e-04 3.196999999995e-01 4.731959798995e-04 3.195999971841e-01 4.731959798995e-04 1.708628220588e-01 4.731959798995e-04 1.900000000000e-01
4.755979899497e-04 3.196999999996e-01 4.755979899497e-04 3.195999976136e-01 4.755979899497e-04 1.708538536277e-01 4.755979899497e-04 1.900000000000e-01
4.780000000000e-04 3.196999999997e-01 4.780000000000e-04 3.195999979775e-01 4.780000000000e-04 1.708453780446e-01 4.780000000000e-04 1.900000000000e-01
