0.000000000000e+00 3.276998332973e-01 0.000000000000e+00 1.994999999825e-01 0.000000000000e+00 2.697943529930e-01 0.000000000000e+00 2.030000879804e-01
6.281407035176e-07 3.276998231754e-01 6.281407035176e-07 1.994999999784e-01 6.281407035176e-07 2.697937359967e-01 6.281407035176e-07 2.030001009261e-01
1.256281407035e-06 3.276998132572e-01 1.256281407035e-06 1.994999999733e-01 1.256281407035e-06 2.697930516054e-01 1.256281407035e-06 2.030001157768e-01
1.884422110553e-06 3.276998037690e-01 1.884422110553e-06 1.994999999670e-01 1.884422110553e-06 2.697922924620e-01 1.884422110553e-06 2.030001328125e-01
2.512562814070e-06 3.276997949929e-01 2.512562814070e-06 1.994999999593e-01 2.512562814070e-06 2.697914504070e-01 2.512562814070e-06 2.030001523550e-01
3.140703517588e-06 3.276997872775e-01 3.140703517588e-06 1.994999999496e-01 3.140703517588e-06 2.697905163915e-01 3.140703517588e-06 2.030001747730e-01
3.768844221106e-06 3.276997810503e-01 3.768844221106e-06 1.994999999378e-01 3.768844221106e-06 2.697894803805e-01 3.768844221106e-06 2.030002004897e-01
4.396984924623e-06 3.276997768325e-01 4.396984924623e-06 1.994999999231e-01 4.396984924623e-06 2.697883312458e-01 4.396984924623e-06 2.030002299903e-01
5.025125628141e-06 3.276997752561e-01 5.025125628141e-06 1.994999999049e-01 5.025125628141e-06 2.697870566475e-01 5.025125628141e-06 2.030002638318e-01
5.653266331658e-06 3.276997770842e-01 5.653266331658e-06 1.994999998825e-01 5.653266331658e-06 2.697856429022e-01 5.653266331658e-06 2.030003026528e-01
6.281407035176e-06 3.276997832340e-01 6.281407035176e-06 1.994999998547e-01 6.281407035176e-06 2.697840748376e-01 6.281407035176e-06 2.030003471860e-01
6.909547738693e-06 3.276997948048e-01 6.909547738693e-06 1.994999998204e-01 6.909547738693e-06 2.697823356314e-01 6.909547738693e-06 2.030003982719e-01
7.537688442211e-06 3.276998131089e-01 7.537688442211e-06 1.994999997780e-01 7.537688442211e-06 2.697804066326e-01 7.537688442211e-06 2.030004568746e-01
8.165829145729e-06 3.276998397098e-01 8.165829145729e-06 1.994999997257e-01 8.165829145729e-06 2.697782671641e-01 8.165829145729e-06 2.030005241003e-01
8.793969849246e-06 3.276998764640e-01 8.793969849246e-06 1.994999996609e-01 8.793969849246e-06 2.697758943040e-01 8.793969849246e-06 2.030006012177e-01
9.422110552764e-06 3.276999255721e-01 9.422110552764e-06 1.994999995809e-01 9.422110552764e-06 2.697732626437e-01 9.422110552764e-06 2.030006896821e-01
1.005025125628e-05 3.276999896364e-01 1.005025125628e-05 1.994999994820e-01 1.005025125628e-05 2.697703440202e-01 1.005025125628e-05 2.030007911633e-01
1.067839195980e-05 3.277000717284e-01 1.067839195980e-05 1.994999993597e-01 1.067839195980e-05 2.697671072206e-01 1.067839195980e-05 2.030009075764e-01
1.130653266332e-05 3.277001754669e-01 1.130653266332e-05 1.994999992086e-01 1.130653266332e-05 2.697635176552e-01 1.130653266332e-05 2.030010411185e-01
1.193467336683e-05 3.277003051088e-01 1.193467336683e-05 1.994999990218e-01 1.193467336683e-05 2.697595369959e-01 1.193467336683e-05 2.030011943098e-01
1.256281407035e-05 3.277004656537e-01 1.256281407035e-05 1.994999987909e-01 1.256281407035e-05 2.697551227776e-01 1.256281407035e-05 2.030013700414e-01
1.319095477387e-05 3.277006629655e-01 1.319095477387e-05 1.994999985055e-01 1.319095477387e-05 2.697502279583e-01 1.319095477387e-05 2.030015716297e-01
1.381909547739e-05 3.277009039128e-01 1.381909547739e-05 1.994999981528e-01 1.381909547739e-05 2.697448004327e-01 1.381909547739e-05 2.030018028790e-01
1.444723618090e-05 3.277011965307e-01 1.444723618090e-05 1.994999977169e-01 1.444723618090e-05 2.697387824978e-01 1.444723618090e-05 2.030020681534e-01
1.507537688442e-05 3.277015502087e-01 1.507537688442e-05 1.994999971780e-01 1.507537688442e-05 2.697321102625e-01 1.507537688442e-05 2.030023724587e-01
1.570351758794e-05 3.277019759071e-01 1.570351758794e-05 1.994999965120e-01 1.570351758794e-05 2.697247129988e-01 1.570351758794e-05 2.030027215373e-01
1.633165829146e-05 3.277024864064e-01 1.633165829146e-05 1.994999956888e-01 1.633165829146e-05 2.697165124282e-01 1.633165829146e-05 2.030031219764e-01
1.695979899497e-05 3.277030965956e-01 1.695979899497e-05 1.994999946713e-01 1.695979899497e-05 2.697074219371e-01 1.695979899497e-05 2.030035813319e-01
1.758793969849e-05 3.277038238041e-01 1.758793969849e-05 1.994999934136e-01 1.758793969849e-05 2.696973457167e-01 1.758793969849e-05 2.030041082714e-01
1.821608040201e-05 3.277046881841e-01 1.821608040201e-05 1.994999918592e-01 1.821608040201e-05 2.696861778196e-01 1.821608040201e-05 2.030047127369e-01
1.884422110553e-05 3.277057131512e-01 1.884422110553e-05 1.994999899378e-01 1.884422110553e-05 2.696738011281e-01 1.884422110553e-05 2.030054061330e-01
1.947236180905e-05 3.277069258911e-01 1.947236180905e-05 1.994999875630e-01 1.947236180905e-05 2.696600862267e-01 1.947236180905e-05 2.030062015411e-01
2.010050251256e-05 3.277083579426e-01 2.010050251256e-05 1.994999846277e-01 2.010050251256e-05 2.696448901723e-01 2.010050251256e-05 2.030071139664e-01
2.072864321608e-05 3.277100458677e-01 2.072864321608e-05 1.994999809996e-01 2.072864321608e-05 2.696280551569e-01 2.072864321608e-05 2.030081606203e-01
2.135678391960e-05 3.277120320215e-01 2.135678391960e-05 1.994999765153e-01 2.135678391960e-05 2.696094070547e-01 2.135678391960e-05 2.030093612445e-01
2.198492462312e-05 3.277143654358e-01 2.198492462312e-05 1.994999709726e-01 2.198492462312e-05 2.695887538506e-01 2.198492462312e-05 2.030107384828e-01
2.261306532663e-05 3.277171028332e-01 2.261306532663e-05 1.994999641218e-01 2.261306532663e-05 2.695658839436e-01 2.261306532663e-05 2.030123183068e-01
2.324120603015e-05 3.277203097894e-01 2.324120603015e-05 1.994999556541e-01 2.324120603015e-05 2.695405643237e-01 2.324120603015e-05 2.030141305051e-01
2.386934673367e-05 3.277240620655e-01 2.386934673367e-05 1.994999451879e-01 2.386934673367e-05 2.695125386203e-01 2.386934673367e-05 2.030162092424e-01
2.449748743719e-05 3.277284471315e-01 2.449748743719e-05 1.994999322515e-01 2.449748743719e-05 2.694815250243e-01 2.449748743719e-05 2.030185937024e-01
2.512562814070e-05 3.277335659106e-01 2.512562814070e-05 1.994999162620e-01 2.512562814070e-05 2.694472140883e-01 2.512562814070e-05 2.030213288227e-01
2.575376884422e-05 3.277395347703e-01 2.575376884422e-05 1.994998964988e-01 2.575376884422e-05 2.694092664161e-01 2.575376884422e-05 2.030244661382e-01
2.638190954774e-05 3.277464877961e-01 2.638190954774e-05 1.994998720713e-01 2.638190954774e-05 2.693673102552e-01 2.638190954774e-05 2.030280647473e-01
2.701005025126e-05 3.277545793827e-01 2.701005025126e-05 1.994998418786e-01 2.701005025126e-05 2.693209390165e-01 2.701005025126e-05 2.030321924183e-01
2.763819095477e-05 3.277639871846e-01 2.763819095477e-05 1.994998045601e-01 2.763819095477e-05 2.692697087537e-01 2.763819095477e-05 2.030369268570e-01
2.826633165829e-05 3.277749154690e-01 2.826633165829e-05 1.994997584341e-01 2.826633165829e-05 2.692131356446e-01 2.826633165829e-05 2.030423571585e-01
2.889447236181e-05 3.277875989224e-01 2.889447236181e-05 1.994997014220e-01 2.889447236181e-05 2.691506935334e-01 2.889447236181e-05 2.030485854683e-01
2.952261306533e-05 3.278023069617e-01 2.952261306533e-05 1.994996309547e-01 2.952261306533e-05 2.690818116088e-01 2.952261306533e-05 2.030557288847e-01
3.015075376884e-05 3.278193486070e-01 3.015075376884e-05 1.994995438566e-01 3.015075376884e-05 2.690058723126e-01 3.015075376884e-05 2.030639216339e-01
3.077889447236e-05 3.278390779764e-01 3.077889447236e-05 1.994994362031e-01 3.077889447236e-05 2.689222095984e-01 3.077889447236e-05 2.030733175586e-01
3.140703517588e-05 3.278619004648e-01 3.140703517588e-05 1.994993031431e-01 3.140703517588e-05 2.688301076902e-01 3.140703517588e-05 2.030840929618e-01
3.203517587940e-05 3.278882796684e-01 3.203517587940e-05 1.994991386810e-01 3.203517587940e-05 2.687288005194e-01 3.203517587940e-05 2.030964498564e-01
3.266331658291e-05 3.279187451167e-01 3.266331658291e-05 1.994989354066e-01 3.266331658291e-05 2.686174720602e-01 3.266331658291e-05 2.031106196752e-01
3.329145728643e-05 3.279539008686e-01 3.329145728643e-05 1.994986841611e-01 3.329145728643e-05 2.684952578211e-01 3.329145728643e-05 2.031268675037e-01
3.391959798995e-05 3.279944350182e-01 3.391959798995e-05 1.994983736249e-01 3.391959798995e-05 2.683612477939e-01 3.391959798995e-05 2.031454969065e-01
3.454773869347e-05 3.280411301439e-01 3.454773869347e-05 1.994979898083e-01 3.454773869347e-05 2.682144912033e-01 3.454773869347e-05 2.031668554232e-01
3.517587939698e-05 3.280948747071e-01 3.517587939698e-05 1.994975154214e-01 3.517587939698e-05 2.680540034405e-01 3.517587939698e-05 2.031913408226e-01
3.580402010050e-05 3.281566753769e-01 3.580402010050e-05 1.994969290966e-01 3.580402010050e-05 2.678787755876e-01 3.580402010050e-05 2.032194082086e-01
3.643216080402e-05 3.282276702052e-01 3.643216080402e-05 1.994962044273e-01 3.643216080402e-05 2.676877869476e-01 3.643216080402e-05 2.032515780832e-01
3.706030150754e-05 3.283091425145e-01 3.706030150754e-05 1.994953087815e-01 3.706030150754e-05 2.674800209589e-01 3.706030150754e-05 2.032884454805e-01
3.768844221106e-05 3.284025352680e-01 3.768844221106e-05 1.994942018350e-01 3.768844221106e-05 2.672544847815e-01 3.768844221106e-05 2.033306902923e-01
3.831658291457e-05 3.285094655772e-01 3.831658291457e-05 1.994928337618e-01 3.831658291457e-05 2.670102326496e-01 3.831658291457e-05 2.033790889158e-01
3.894472361809e-05 3.286317388456e-01 3.894472361809e-05 1.994911429985e-01 3.894472361809e-05 2.667463927470e-01 3.894472361809e-05 2.034345273571e-01
3.957286432161e-05 3.287713618480e-01 3.957286432161e-05 1.994890534863e-01 3.957286432161e-05 2.664621968085e-01 3.957286432161e-05 2.034980159281e-01
4.020100502513e-05 3.289305537943e-01 4.020100502513e-05 1.994864712663e-01 4.020100502513e-05 2.661570107697e-01 4.020100502513e-05 2.035707056695e-01
4.082914572864e-05 3.291117541006e-01 4.082914572864e-05 1.994832802805e-01 4.082914572864e-05 2.658303634522e-01 4.082914572864e-05 2.036539066296e-01
4.145728643216e-05 3.293176251950e-01 4.145728643216e-05 1.994793371933e-01 4.145728643216e-05 2.654819682697e-01 4.145728643216e-05 2.037491081059e-01
4.208542713568e-05 3.295510481875e-01 4.208542713568e-05 1.994744650073e-01 4.208542713568e-05 2.651117300312e-01 4.208542713568e-05 2.038580009394e-01
4.271356783920e-05 3.298151086213e-01 4.271356783920e-05 1.994684451958e-01 4.271356783920e-05 2.647197247531e-01 4.271356783920e-05 2.039825019094e-01
4.334170854271e-05 3.301130687792e-01 4.334170854271e-05 1.994610080079e-01 4.334170854271e-05 2.643061346029e-01 4.334170854271e-05 2.041247802407e-01
4.396984924623e-05 3.304483220922e-01 4.396984924623e-05 1.994518205215e-01 4.396984924623e-05 2.638711122989e-01 4.396984924623e-05 2.042872861861e-01
4.459798994975e-05 3.308243240551e-01 4.459798994975e-05 1.994404719134e-01 4.459798994975e-05 2.634145393381e-01 4.459798994975e-05 2.044727816270e-01
4.522613065327e-05 3.312444925886e-01 4.522613065327e-05 1.994264552717e-01 4.522613065327e-05 2.629356308586e-01 4.522613065327e-05 2.046843726690e-01
4.585427135678e-05 3.317120688331e-01 4.585427135678e-05 1.994091450769e-01 4.585427135678e-05 2.624323290568e-01 4.585427135678e-05 2.049255443971e-01
4.648241206030e-05 3.322299266124e-01 4.648241206030e-05 1.993877691766e-01 4.648241206030e-05 2.619004230969e-01 4.648241206030e-05 2.052001984727e-01
4.711055276382e-05 3.328003146612e-01 4.711055276382e-05 1.993613735986e-01 4.711055276382e-05 2.613323504566e-01 4.711055276382e-05 2.055126954620e-01
4.773869346734e-05 3.334245091000e-01 4.773869346734e-05 1.993287777381e-01 4.773869346734e-05 2.607157010281e-01 4.773869346734e-05 2.058679063738e-01
4.836683417085e-05 3.341023425600e-01 4.836683417085e-05 1.992885160171e-01 4.836683417085e-05 2.600316111193e-01 4.836683417085e-05 2.062712832106e-01
4.899497487437e-05 3.348315572228e-01 4.899497487437e-05 1.992387594774e-01 4.899497487437e-05 2.592535717077e-01 4.899497487437e-05 2.067289689910e-01
4.962311557789e-05 3.356068955135e-01 4.962311557789e-05 1.991772058230e-01 4.962311557789e-05 2.583477442067e-01 4.962311557789e-05 2.072479886804e-01
5.025125628141e-05 3.364187833495e-01 5.025125628141e-05 1.991009170294e-01 5.025125628141e-05 2.572766047701e-01 5.025125628141e-05 2.078366032753e-01
5.087939698492e-05 3.372513586596e-01 5.087939698492e-05 1.990060656688e-01 5.087939698492e-05 2.560081564715e-01 5.087939698492e-05 2.085049879918e-01
5.150753768844e-05 3.380794245005e-01 5.150753768844e-05 1.988875167269e-01 5.150753768844e-05 2.545319182198e-01 5.150753768844e-05 2.092665458978e-01
5.213567839196e-05 3.388636245972e-01 5.213567839196e-05 1.987381062565e-01 5.213567839196e-05 2.528789862059e-01 5.213567839196e-05 2.101404521184e-01
5.276381909548e-05 3.395427202441e-01 5.276381909548e-05 1.985473551872e-01 5.276381909548e-05 2.511370250618e-01 5.276381909548e-05 2.111565477957e-01
5.339195979899e-05 3.400213405367e-01 5.339195979899e-05 1.982991311830e-01 5.339195979899e-05 2.494471491056e-01 5.339195979899e-05 2.123646303740e-01
5.402010050251e-05 3.401513384348e-01 5.402010050251e-05 1.979673800900e-01 5.402010050251e-05 2.479760838142e-01 5.402010050251e-05 2.138516812363e-01
5.464824120603e-05 3.397061758327e-01 5.464824120603e-05 1.975084487038e-01 5.464824120603e-05 2.468734694064e-01 5.464824120603e-05 2.157724380635e-01
5.527638190955e-05 3.383539409856e-01 5.527638190955e-05 1.968478966473e-01 5.527638190955e-05 2.462361588991e-01 5.527638190955e-05 2.183989809862e-01
5.590452261307e-05 3.356519469629e-01 5.590452261307e-05 1.958602024033e-01 5.590452261307e-05 2.460956361589e-01 5.590452261307e-05 2.221856808380e-01
5.653266331658e-05 3.311175401599e-01 5.653266331658e-05 1.943455074542e-01 5.653266331658e-05 2.464277522330e-01 5.653266331658e-05 2.278055654259e-01
5.716080402010e-05 3.244471653843e-01 5.716080402010e-05 1.920278946282e-01 5.716080402010e-05 2.471727594223e-01 5.716080402010e-05 2.360177945963e-01
5.778894472362e-05 3.158607411407e-01 5.778894472362e-05 1.886390478771e-01 5.778894472362e-05 2.482542724381e-01 5.778894472362e-05 2.471565970266e-01
5.841708542714e-05 3.062888776858e-01 5.841708542714e-05 1.841506336794e-01 5.841708542714e-05 2.495921160476e-01 5.841708542714e-05 2.603756200716e-01
5.904522613065e-05 2.970408778789e-01 5.904522613065e-05 1.790208080107e-01 5.904522613065e-05 2.511091429260e-01 5.904522613065e-05 2.736112615636e-01
5.967336683417e-05 2.891227893369e-01 5.967336683417e-05 1.740587643641e-01 5.967336683417e-05 2.527340871446e-01 5.967336683417e-05 2.848618263761e-01
6.030150753769e-05 2.828555313024e-01 6.030150753769e-05 1.698891934391e-01 6.030150753769e-05 2.544024575618e-01 6.030150753769e-05 2.933872817076e-01
6.092964824121e-05 2.780255293848e-01 6.092964824121e-05 1.666450872391e-01 6.092964824121e-05 2.560567498901e-01 6.092964824121e-05 2.995704087346e-01
6.155778894472e-05 2.742276019577e-01 6.155778894472e-05 1.641320553358e-01 6.155778894472e-05 2.576465825937e-01 6.155778894472e-05 3.041561821826e-01
6.218592964824e-05 2.710947415331e-01 6.218592964824e-05 1.620952871923e-01 6.218592964824e-05 2.591289321515e-01 6.218592964824e-05 3.077769955820e-01
6.281407035176e-05 2.683746667460e-01 6.281407035176e-05 1.603467263282e-01 6.281407035176e-05 2.604684290048e-01 6.281407035176e-05 3.108432535721e-01
6.344221105528e-05 2.659235755012e-01 6.344221105528e-05 1.587793934375e-01 6.344221105528e-05 2.616376005567e-01 6.344221105528e-05 3.135869223943e-01
6.407035175879e-05 2.636750908977e-01 6.407035175879e-05 1.573438049190e-01 6.407035175879e-05 2.626169487310e-01 6.407035175879e-05 3.161272270056e-01
6.469849246231e-05 2.616099848963e-01 6.469849246231e-05 1.560229247018e-01 6.469849246231e-05 2.633947855743e-01 6.469849246231e-05 3.185196972066e-01
6.532663316583e-05 2.597335641038e-01 6.532663316583e-05 1.548146768266e-01 6.532663316583e-05 2.639667968919e-01 6.532663316583e-05 3.207863697842e-01
6.595477386935e-05 2.580606301523e-01 6.595477386935e-05 1.537216176149e-01 6.595477386935e-05 2.643353473110e-01 6.595477386935e-05 3.229329347073e-01
6.658291457286e-05 2.566062595113e-01 6.658291457286e-05 1.527456081338e-01 6.658291457286e-05 2.645085735315e-01 6.658291457286e-05 3.249580691757e-01
6.721105527638e-05 2.553806963345e-01 6.721105527638e-05 1.518856105879e-01 6.721105527638e-05 2.644993331458e-01 6.721105527638e-05 3.268583569313e-01
6.783919597990e-05 2.543870481763e-01 6.783919597990e-05 1.511372806804e-01 6.783919597990e-05 2.643240844283e-01 6.783919597990e-05 3.286307638546e-01
6.846733668342e-05 2.536208301115e-01 6.846733668342e-05 1.504934740369e-01 6.846733668342e-05 2.640017698561e-01 6.846733668342e-05 3.302737676022e-01
6.909547738693e-05 2.530706608928e-01 6.909547738693e-05 1.499451097325e-01 6.909547738693e-05 2.635527657472e-01 6.909547738693e-05 3.317877479009e-01
6.972361809045e-05 2.527195995549e-01 6.972361809045e-05 1.494820662638e-01 6.972361809045e-05 2.629979454392e-01 6.972361809045e-05 3.331749765163e-01
7.035175879397e-05 2.525467509623e-01 7.035175879397e-05 1.490939459418e-01 7.035175879397e-05 2.623578868113e-01 7.035175879397e-05 3.344394004934e-01
7.097989949749e-05 2.525288813356e-01 7.097989949749e-05 1.487706473607e-01 7.097989949749e-05 2.616522389987e-01 7.097989949749e-05 3.355863317005e-01
7.160804020101e-05 2.526418769953e-01 7.160804020101e-05 1.485027456477e-01 7.160804020101e-05 2.608992494232e-01 7.160804020101e-05 3.366221094159e-01
7.223618090452e-05 2.528619535997e-01 7.223618090452e-05 1.482817094650e-01 7.223618090452e-05 2.601154416494e-01 7.223618090452e-05 3.375537748674e-01
7.286432160804e-05 2.531665796275e-01 7.286432160804e-05 1.480999934563e-01 7.286432160804e-05 2.593154272741e-01 7.286432160804e-05 3.383887791841e-01
7.349246231156e-05 2.535351177923e-01 7.349246231156e-05 1.479510437017e-01 7.349246231156e-05 2.585118308910e-01 7.349246231156e-05 3.391347349961e-01
7.412060301508e-05 2.539492133886e-01 7.412060301508e-05 1.478292476700e-01 7.412060301508e-05 2.577153056195e-01 7.412060301508e-05 3.397992146916e-01
7.474874371859e-05 2.543929719408e-01 7.474874371859e-05 1.477298527125e-01 7.474874371859e-05 2.569346171598e-01 7.474874371859e-05 3.403895938168e-01
7.537688442211e-05 2.548529729620e-01 7.537688442211e-05 1.476488701633e-01 7.537688442211e-05 2.561767761799e-01 7.537688442211e-05 3.409129354763e-01
7.600502512563e-05 2.553181649799e-01 7.600502512563e-05 1.475829763718e-01 7.600502512563e-05 2.554472015223e-01 7.600502512563e-05 3.413759102646e-01
7.663316582915e-05 2.557796817372e-01 7.663316582915e-05 1.475294176446e-01 7.663316582915e-05 2.547498997501e-01 7.663316582915e-05 3.417847458341e-01
7.726130653266e-05 2.562306125070e-01 7.726130653266e-05 1.474859229756e-01 7.726130653266e-05 2.540876496231e-01 7.726130653266e-05 3.421452003440e-01
7.788944723618e-05 2.566657521382e-01 7.788944723618e-05 1.474506263529e-01 7.788944723618e-05 2.534621829473e-01 7.788944723618e-05 3.424625545225e-01
7.851758793970e-05 2.570813495959e-01 7.851758793970e-05 1.474219990960e-01 7.851758793970e-05 2.528743557603e-01 7.851758793970e-05 3.427416177320e-01
7.914572864322e-05 2.574748678529e-01 7.914572864322e-05 1.473987918779e-01 7.914572864322e-05 2.523243059238e-01 7.914572864322e-05 3.429867441433e-01
7.977386934673e-05 2.578447631815e-01 7.977386934673e-05 1.473799856520e-01 7.977386934673e-05 2.518115948924e-01 7.977386934673e-05 3.432018558335e-01
8.040201005025e-05 2.581902882004e-01 8.040201005025e-05 1.473647505045e-01 8.040201005025e-05 2.513353327326e-01 8.040201005025e-05 3.433904702666e-01
8.103015075377e-05 2.585113203207e-01 8.103015075377e-05 1.473524114044e-01 8.103015075377e-05 2.508942864288e-01 8.103015075377e-05 3.435557301839e-01
8.165829145729e-05 2.588082153663e-01 8.165829145729e-05 1.473424198590e-01 8.165829145729e-05 2.504869721839e-01 8.165829145729e-05 3.437004344174e-01
8.228643216080e-05 2.590816849322e-01 8.228643216080e-05 1.473343305602e-01 8.228643216080e-05 2.501117328556e-01 8.228643216080e-05 3.438270685328e-01
8.291457286432e-05 2.593326953411e-01 8.291457286432e-05 1.473277822140e-01 8.291457286432e-05 2.497668019217e-01 8.291457286432e-05 3.439378345325e-01
8.354271356784e-05 2.595623857226e-01 8.354271356784e-05 1.473224818478e-01 8.354271356784e-05 2.494503554784e-01 8.354271356784e-05 3.440346791005e-01
8.417085427136e-05 2.597720026513e-01 8.417085427136e-05 1.473181919944e-01 8.417085427136e-05 2.491605537909e-01 8.417085427136e-05 3.441193200637e-01
8.479899497487e-05 2.599628488680e-01 8.479899497487e-05 1.473147202434e-01 8.479899497487e-05 2.488955738592e-01 8.479899497487e-05 3.441932708947e-01
8.542713567839e-05 2.601362437844e-01 8.542713567839e-05 1.473119107370e-01 8.542713567839e-05 2.486536343616e-01 8.542713567839e-05 3.442578631864e-01
8.605527638191e-05 2.602934937123e-01 8.605527638191e-05 1.473096372551e-01 8.605527638191e-05 2.484330142179e-01 8.605527638191e-05 3.443142671073e-01
8.668341708543e-05 2.604358700092e-01 8.668341708543e-05 1.473077975981e-01 8.668341708543e-05 2.482320658762e-01 8.668341708543e-05 3.443635099013e-01
8.731155778894e-05 2.605645935902e-01 8.731155778894e-05 1.473063090286e-01 8.731155778894e-05 2.480492242915e-01 8.731155778894e-05 3.444064925280e-01
8.793969849246e-05 2.606808244919e-01 8.793969849246e-05 1.473051045730e-01 8.793969849246e-05 2.478830124328e-01 8.793969849246e-05 3.444440045660e-01
8.856783919598e-05 2.607856553947e-01 8.856783919598e-05 1.473041300234e-01 8.856783919598e-05 2.477320440314e-01 8.856783919598e-05 3.444767375081e-01
8.919597989950e-05 2.608801082003e-01 8.919597989950e-05 1.473033415080e-01 8.919597989950e-05 2.475950241725e-01 8.919597989950e-05 3.445052965853e-01
8.982412060302e-05 2.609651329298e-01 8.982412060302e-05 1.473027035225e-01 8.982412060302e-05 2.474707482302e-01 8.982412060302e-05 3.445302112523e-01
9.045226130653e-05 2.610416083484e-01 9.045226130653e-05 1.473021873358e-01 9.045226130653e-05 2.473580995619e-01 9.045226130653e-05 3.445519444656e-01
9.108040201005e-05 2.611103438432e-01 9.108040201005e-05 1.473017696985e-01 9.108040201005e-05 2.472560462986e-01 9.108040201005e-05 3.445709008763e-01
9.170854271357e-05 2.611720821797e-01 9.170854271357e-05 1.473014317981e-01 9.170854271357e-05 2.471636375065e-01 9.170854271357e-05 3.445874340518e-01
9.233668341709e-05 2.612275028436e-01 9.233668341709e-05 1.473011584124e-01 9.233668341709e-05 2.470799989384e-01 9.233668341709e-05 3.446018528323e-01
9.296482412060e-05 2.612772257420e-01 9.296482412060e-05 1.473009372248e-01 9.296482412060e-05 2.470043285473e-01 9.296482412060e-05 3.446144269188e-01
9.359296482412e-05 2.613218150909e-01 9.359296482412e-05 1.473007582695e-01 9.359296482412e-05 2.469358918990e-01 9.359296482412e-05 3.446253917798e-01
9.422110552764e-05 2.613617833598e-01 9.422110552764e-05 1.473006134835e-01 9.422110552764e-05 2.468740175856e-01 9.422110552764e-05 3.446349529557e-01
9.484924623116e-05 2.613975951760e-01 9.484924623116e-05 1.473004963428e-01 9.484924623116e-05 2.468180927198e-01 9.484924623116e-05 3.446432898317e-01
9.547738693467e-05 2.614296711230e-01 9.547738693467e-05 1.473004015690e-01 9.547738693467e-05 2.467675585655e-01 9.547738693467e-05 3.446505589427e-01
9.610552763819e-05 2.614583913826e-01 9.610552763819e-05 1.473003248915e-01 9.610552763819e-05 2.467219063470e-01 9.610552763819e-05 3.446568968662e-01
9.673366834171e-05 2.614840991904e-01 9.673366834171e-05 1.473002628550e-01 9.673366834171e-05 2.466806732632e-01 9.673366834171e-05 3.446624227529e-01
9.736180904523e-05 2.615071040866e-01 9.736180904523e-05 1.473002126640e-01 9.736180904523e-05 2.466434387235e-01 9.736180904523e-05 3.446672405404e-01
9.798994974874e-05 2.615276849513e-01 9.798994974874e-05 1.473001720567e-01 9.798994974874e-05 2.466098208151e-01 9.798994974874e-05 3.446714408874e-01
9.861809045226e-05 2.615460928230e-01 9.861809045226e-05 1.473001392031e-01 9.861809045226e-05 2.465794730037e-01 9.861809045226e-05 3.446751028643e-01
9.924623115578e-05 2.615625535022e-01 9.924623115578e-05 1.473001126228e-01 9.924623115578e-05 2.465520810648e-01 9.924623115578e-05 3.446782954301e-01
9.987437185930e-05 2.615772699476e-01 9.987437185930e-05 1.473000911178e-01 9.987437185930e-05 2.465273602410e-01 9.987437185930e-05 3.446810787217e-01
1.005025125628e-04 2.615904244721e-01 1.005025125628e-04 1.473000737192e-01 1.005025125628e-04 2.465050526166e-01 1.005025125628e-04 3.446835051803e-01
1.011306532663e-04 2.616021807507e-01 1.011306532663e-04 1.473000596428e-01 1.011306532663e-04 2.464849246989e-01 1.011306532663e-04 3.446856205338e-01
1.017587939698e-04 2.616126856510e-01 1.017587939698e-04 1.473000482542e-01 1.017587939698e-04 2.464667651968e-01 1.017587939698e-04 3.446874646550e-01
1.023869346734e-04 2.616220708986e-01 1.023869346734e-04 1.473000390402e-01 1.023869346734e-04 2.464503829831e-01 1.023869346734e-04 3.446890723099e-01
1.030150753769e-04 2.616304545878e-01 1.030150753769e-04 1.473000315856e-01 1.030150753769e-04 2.464356052305e-01 1.030150753769e-04 3.446904738112e-01
1.036432160804e-04 2.616379425527e-01 1.036432160804e-04 1.473000255544e-01 1.036432160804e-04 2.464222757081e-01 1.036432160804e-04 3.446916955878e-01
1.042713567839e-04 2.616446296065e-01 1.042713567839e-04 1.473000206749e-01 1.042713567839e-04 2.464102532269e-01 1.042713567839e-04 3.446927606821e-01
1.048994974874e-04 2.616506006617e-01 1.048994974874e-04 1.473000167271e-01 1.048994974874e-04 2.463994102239e-01 1.048994974874e-04 3.446936891834e-01
1.055276381910e-04 2.616559317422e-01 1.055276381910e-04 1.473000135331e-01 1.055276381910e-04 2.463896314735e-01 1.055276381910e-04 3.446944986061e-01
1.061557788945e-04 2.616606908950e-01 1.061557788945e-04 1.473000109490e-01 1.061557788945e-04 2.463808129147e-01 1.061557788945e-04 3.446952042196e-01
1.067839195980e-04 2.616649390118e-01 1.067839195980e-04 1.473000088583e-01 1.067839195980e-04 2.463728605873e-01 1.067839195980e-04 3.446958193358e-01
1.074120603015e-04 2.616687305691e-01 1.074120603015e-04 1.473000071668e-01 1.074120603015e-04 2.463656896650e-01 1.074120603015e-04 3.446963555601e-01
1.080402010050e-04 2.616721142934e-01 1.080402010050e-04 1.473000057983e-01 1.080402010050e-04 2.463592235791e-01 1.080402010050e-04 3.446968230098e-01
1.086683417085e-04 2.616751337590e-01 1.086683417085e-04 1.473000046912e-01 1.086683417085e-04 2.463533932239e-01 1.086683417085e-04 3.446972305049e-01
1.092964824121e-04 2.616778279262e-01 1.092964824121e-04 1.473000037954e-01 1.092964824121e-04 2.463481362363e-01 1.092964824121e-04 3.446975857347e-01
1.099246231156e-04 2.616802316229e-01 1.099246231156e-04 1.473000030707e-01 1.099246231156e-04 2.463433963449e-01 1.099246231156e-04 3.446978954022e-01
1.105527638191e-04 2.616823759783e-01 1.105527638191e-04 1.473000024843e-01 1.105527638191e-04 2.463391227792e-01 1.105527638191e-04 3.446981653510e-01
1.111809045226e-04 2.616842888112e-01 1.111809045226e-04 1.473000020100e-01 1.111809045226e-04 2.463352697360e-01 1.111809045226e-04 3.446984006752e-01
1.118090452261e-04 2.616859949781e-01 1.118090452261e-04 1.473000016262e-01 1.118090452261e-04 2.463317958971e-01 1.118090452261e-04 3.446986058158e-01
1.124371859296e-04 2.616875166859e-01 1.124371859296e-04 1.473000013157e-01 1.124371859296e-04 2.463286639923e-01 1.124371859296e-04 3.446987846441e-01
1.130653266332e-04 2.616888737714e-01 1.130653266332e-04 1.473000010644e-01 1.130653266332e-04 2.463258404050e-01 1.130653266332e-04 3.446989405349e-01
1.136934673367e-04 2.616900839522e-01 1.136934673367e-04 1.473000008612e-01 1.136934673367e-04 2.463232948163e-01 1.136934673367e-04 3.446990764303e-01
1.143216080402e-04 2.616911630510e-01 1.143216080402e-04 1.473000006967e-01 1.143216080402e-04 2.463209998824e-01 1.143216080402e-04 3.446991948948e-01
1.149497487437e-04 2.616921251967e-01 1.149497487437e-04 1.473000005637e-01 1.149497487437e-04 2.463189309439e-01 1.149497487437e-04 3.446992981642e-01
1.155778894472e-04 2.616929830043e-01 1.155778894472e-04 1.473000004561e-01 1.155778894472e-04 2.463170657635e-01 1.155778894472e-04 3.446993881876e-01
1.162060301508e-04 2.616937477359e-01 1.162060301508e-04 1.473000003690e-01 1.162060301508e-04 2.463153842885e-01 1.162060301508e-04 3.446994666639e-01
1.168341708543e-04 2.616944294449e-01 1.168341708543e-04 1.473000002985e-01 1.168341708543e-04 2.463138684372e-01 1.168341708543e-04 3.446995350742e-01
1.174623115578e-04 2.616950371043e-01 1.174623115578e-04 1.473000002415e-01 1.174623115578e-04 2.463125019052e-01 1.174623115578e-04 3.446995947097e-01
1.180904522613e-04 2.616955787229e-01 1.180904522613e-04 1.473000001954e-01 1.180904522613e-04 2.463112699915e-01 1.180904522613e-04 3.446996466958e-01
1.187185929648e-04 2.616960614473e-01 1.187185929648e-04 1.473000001581e-01 1.187185929648e-04 2.463101594411e-01 1.187185929648e-04 3.446996920138e-01
1.193467336683e-04 2.616964916549e-01 1.193467336683e-04 1.473000001279e-01 1.193467336683e-04 2.463091583027e-01 1.193467336683e-04 3.446997315189e-01
1.199748743719e-04 2.616968750358e-01 1.199748743719e-04 1.473000001035e-01 1.199748743719e-04 2.463082558012e-01 1.199748743719e-04 3.446997659567e-01
1.206030150754e-04 2.616972166665e-01 1.206030150754e-04 1.473000000837e-01 1.206030150754e-04 2.463074422218e-01 1.206030150754e-04 3.446997959773e-01
1.212311557789e-04 2.616975210757e-01 1.212311557789e-04 1.473000000677e-01 1.212311557789e-04 2.463067088059e-01 1.212311557789e-04 3.446998221471e-01
1.218592964824e-04 2.616977923032e-01 1.218592964824e-04 1.473000000548e-01 1.218592964824e-04 2.463060476570e-01 1.218592964824e-04 3.446998449602e-01
1.224874371859e-04 2.616980339521e-01 1.224874371859e-04 1.473000000443e-01 1.224874371859e-04 2.463054516561e-01 1.224874371859e-04 3.446998648470e-01
1.231155778894e-04 2.616982492362e-01 1.231155778894e-04 1.473000000359e-01 1.231155778894e-04 2.463049143851e-01 1.231155778894e-04 3.446998821830e-01
1.237437185930e-04 2.616984410214e-01 1.237437185930e-04 1.473000000290e-01 1.237437185930e-04 2.463044300580e-01 1.237437185930e-04 3.446998972953e-01
1.243718592965e-04 2.616986118635e-01 1.243718592965e-04 1.473000000235e-01 1.243718592965e-04 2.463039934586e-01 1.243718592965e-04 3.446999104692e-01
1.250000000000e-04 2.616987640414e-01 1.250000000000e-04 1.473000000190e-01 1.250000000000e-04 2.463035998844e-01 1.250000000000e-04 3.446999219532e-01
