0.000000000000e+00 3.163000000000e-01 0.000000000000e+00 1.826000001438e-01 0.000000000000e+00 3.129999999729e-01 0.000000000000e+00 1.883000000000e-01
2.045226130653e-06 3.163000000000e-01 2.045226130653e-06 1.826000001789e-01 2.045226130653e-06 3.129999999658e-01 2.045226130653e-06 1.883000000000e-01
4.090452261307e-06 3.163000000000e-01 4.090452261307e-06 1.826000002225e-01 4.090452261307e-06 3.129999999568e-01 4.090452261307e-06 1.883000000000e-01
6.135678391960e-06 3.163000000000e-01 6.135678391960e-06 1.826000002768e-01 6.135678391960e-06 3.129999999455e-01 6.135678391960e-06 1.883000000000e-01
8.180904522613e-06 3.163000000000e-01 8.180904522613e-06 1.826000003443e-01 8.180904522613e-06 3.129999999312e-01 8.180904522613e-06 1.883000000000e-01
1.022613065327e-05 3.163000000000e-01 1.022613065327e-05 1.826000004282e-01 1.022613065327e-05 3.129999999132e-01 1.022613065327e-05 1.883000000000e-01
1.227135678392e-05 3.163000000000e-01 1.227135678392e-05 1.826000005327e-01 1.227135678392e-05 3.129999998904e-01 1.227135678392e-05 1.883000000000e-01
1.431658291457e-05 3.163000000000e-01 1.431658291457e-05 1.826000006627e-01 1.431658291457e-05 3.129999998617e-01 1.431658291457e-05 1.883000000000e-01
1.636180904523e-05 3.163000000000e-01 1.636180904523e-05 1.826000008244e-01 1.636180904523e-05 3.129999998254e-01 1.636180904523e-05 1.883000000000e-01
1.840703517588e-05 3.163000000000e-01 1.840703517588e-05 1.826000010256e-01 1.840703517588e-05 3.129999997796e-01 1.840703517588e-05 1.883000000000e-01
2.045226130653e-05 3.163000000000e-01 2.045226130653e-05 1.826000012760e-01 2.045226130653e-05 3.129999997218e-01 2.045226130653e-05 1.883000000000e-01
2.249748743719e-05 3.163000000000e-01 2.249748743719e-05 1.826000015875e-01 2.249748743719e-05 3.129999996488e-01 2.249748743719e-05 1.883000000000e-01
2.454271356784e-05 3.163000000000e-01 2.454271356784e-05 1.826000019750e-01 2.454271356784e-05 3.129999995567e-01 2.454271356784e-05 1.883000000000e-01
2.658793969849e-05 3.163000000000e-01 2.658793969849e-05 1.826000024573e-01 2.658793969849e-05 3.129999994403e-01 2.658793969849e-05 1.883000000000e-01
2.863316582915e-05 3.163000000000e-01 2.863316582915e-05 1.826000030575e-01 2.863316582915e-05 3.129999992934e-01 2.863316582915e-05 1.883000000000e-01
3.067839195980e-05 3.163000000000e-01 3.067839195980e-05 1.826000038043e-01 3.067839195980e-05 3.129999991079e-01 3.067839195980e-05 1.883000000000e-01
3.272361809045e-05 3.163000000000e-01 3.272361809045e-05 1.826000047337e-01 3.272361809045e-05 3.129999988736e-01 3.272361809045e-05 1.883000000000e-01
3.476884422111e-05 3.163000000000e-01 3.476884422111e-05 1.826000058903e-01 3.476884422111e-05 3.129999985777e-01 3.476884422111e-05 1.883000000000e-01
3.681407035176e-05 3.163000000000e-01 3.681407035176e-05 1.826000073296e-01 3.681407035176e-05 3.129999982040e-01 3.681407035176e-05 1.883000000000e-01
3.885929648241e-05 3.163000000000e-01 3.885929648241e-05 1.826000091209e-01 3.885929648241e-05 3.129999977321e-01 3.885929648241e-05 1.883000000000e-01
4.090452261307e-05 3.163000000000e-01 4.090452261307e-05 1.826000113502e-01 4.090452261307e-05 3.129999971360e-01 4.090452261307e-05 1.883000000000e-01
4.294974874372e-05 3.163000000000e-01 4.294974874372e-05 1.826000141248e-01 4.294974874372e-05 3.129999963831e-01 4.294974874372e-05 1.883000000000e-01
4.499497487437e-05 3.163000000000e-01 4.499497487437e-05 1.826000175780e-01 4.499497487437e-05 3.129999954321e-01 4.499497487437e-05 1.883000000000e-01
4.704020100503e-05 3.163000000000e-01 4.704020100503e-05 1.826000218760e-01 4.704020100503e-05 3.129999942309e-01 4.704020100503e-05 1.883000000000e-01
4.908542713568e-05 3.163000000000e-01 4.908542713568e-05 1.826000272256e-01 4.908542713568e-05 3.129999927134e-01 4.908542713568e-05 1.883000000000e-01
5.113065326633e-05 3.163000000000e-01 5.113065326633e-05 1.826000338841e-01 5.113065326633e-05 3.129999907965e-01 5.113065326633e-05 1.883000000000e-01
5.317587939698e-05 3.163000000000e-01 5.317587939698e-05 1.826000421720e-01 5.317587939698e-05 3.129999883749e-01 5.317587939698e-05 1.883000000000e-01
5.522110552764e-05 3.163000000000e-01 5.522110552764e-05 1.826000524883e-01 5.522110552764e-05 3.129999853155e-01 5.522110552764e-05 1.883000000000e-01
5.726633165829e-05 3.163000000000e-01 5.726633165829e-05 1.826000653297e-01 5.726633165829e-05 3.129999814503e-01 5.726633165829e-05 1.883000000000e-01
5.931155778894e-05 3.163000000000e-01 5.931155778894e-05 1.826000813145e-01 5.931155778894e-05 3.129999765668e-01 5.931155778894e-05 1.883000000000e-01
6.135678391960e-05 3.163000000000e-01 6.135678391960e-05 1.826001012128e-01 6.135678391960e-05 3.129999703967e-01 6.135678391960e-05 1.883000000000e-01
6.340201005025e-05 3.163000000000e-01 6.340201005025e-05 1.826001259830e-01 6.340201005025e-05 3.129999626005e-01 6.340201005025e-05 1.883000000000e-01
6.544723618090e-05 3.163000000000e-01 6.544723618090e-05 1.826001568186e-01 6.544723618090e-05 3.129999527496e-01 6.544723618090e-05 1.883000000000e-01
6.749246231156e-05 3.163000000000e-01 6.749246231156e-05 1.826001952057e-01 6.749246231156e-05 3.129999403018e-01 6.749246231156e-05 1.883000000000e-01
6.953768844221e-05 3.163000000000e-01 6.953768844221e-05 1.826002429944e-01 6.953768844221e-05 3.129999245721e-01 6.953768844221e-05 1.883000000000e-01
7.158291457286e-05 3.163000000000e-01 7.158291457286e-05 1.826003024886e-01 7.158291457286e-05 3.129999046946e-01 7.158291457286e-05 1.883000000000e-01
7.362814070352e-05 3.163000000000e-01 7.362814070352e-05 1.826003765568e-01 7.362814070352e-05 3.129998795748e-01 7.362814070352e-05 1.883000000000e-01
7.567336683417e-05 3.163000000000e-01 7.567336683417e-05 1.826004687707e-01 7.567336683417e-05 3.129998478291e-01 7.567336683417e-05 1.883000000000e-01
7.771859296482e-05 3.163000000000e-01 7.771859296482e-05 1.826005835781e-01 7.771859296482e-05 3.129998077083e-01 7.771859296482e-05 1.883000000000e-01
7.976381909548e-05 3.163000000000e-01 7.976381909548e-05 1.826007265170e-01 7.976381909548e-05 3.129997570016e-01 7.976381909548e-05 1.883000000000e-01
8.180904522613e-05 3.163000000000e-01 8.180904522613e-05 1.826009044837e-01 8.180904522613e-05 3.129996929139e-01 8.180904522613e-05 1.883000000000e-01
8.385427135678e-05 3.163000000000e-01 8.385427135678e-05 1.826011260658e-01 8.385427135678e-05 3.129996119116e-01 8.385427135678e-05 1.883000000000e-01
8.589949748744e-05 3.163000000000e-01 8.589949748744e-05 1.826014019567e-01 8.589949748744e-05 3.129995095274e-01 8.589949748744e-05 1.883000000000e-01
8.794472361809e-05 3.163000000000e-01 8.794472361809e-05 1.826017454728e-01 8.794472361809e-05 3.129993801134e-01 8.794472361809e-05 1.883000000000e-01
8.998994974874e-05 3.163000000000e-01 8.998994974874e-05 1.826021731966e-01 8.998994974874e-05 3.129992165292e-01 8.998994974874e-05 1.883000000000e-01
9.203517587940e-05 3.163000000000e-01 9.203517587940e-05 1.826027057782e-01 9.203517587940e-05 3.129990097465e-01 9.203517587940e-05 1.883000000000e-01
9.408040201005e-05 3.163000000000e-01 9.408040201005e-05 1.826033689327e-01 9.408040201005e-05 3.129987483508e-01 9.408040201005e-05 1.883000000000e-01
9.612562814070e-05 3.163000000000e-01 9.612562814070e-05 1.826041946831e-01 9.612562814070e-05 3.129984179093e-01 9.612562814070e-05 1.883000000000e-01
9.817085427136e-05 3.163000000000e-01 9.817085427136e-05 1.826052229072e-01 9.817085427136e-05 3.129980001735e-01 9.817085427136e-05 1.883000000000e-01
1.002160804020e-04 3.163000000000e-01 1.002160804020e-04 1.826065032643e-01 1.002160804020e-04 3.129974720692e-01 1.002160804020e-04 1.883000000000e-01
1.022613065327e-04 3.163000000000e-01 1.022613065327e-04 1.826080975934e-01 1.022613065327e-04 3.129968044202e-01 1.022613065327e-04 1.883000000000e-01
1.043065326633e-04 3.163000000000e-01 1.043065326633e-04 1.826100828992e-01 1.043065326633e-04 3.129959603347e-01 1.043065326633e-04 1.883000000000e-01
1.063517587940e-04 3.163000000000e-01 1.063517587940e-04 1.826125550689e-01 1.063517587940e-04 3.129948931638e-01 1.063517587940e-04 1.883000000000e-01
1.083969849246e-04 3.163000000000e-01 1.083969849246e-04 1.826156334983e-01 1.083969849246e-04 3.129935439214e-01 1.083969849246e-04 1.883000000000e-01
1.104422110553e-04 3.163000000000e-01 1.104422110553e-04 1.826194668477e-01 1.104422110553e-04 3.129918380214e-01 1.104422110553e-04 1.883000000000e-01
1.124874371859e-04 3.163000000000e-01 1.124874371859e-04 1.826242402031e-01 1.124874371859e-04 3.129896811534e-01 1.124874371859e-04 1.883000000000e-01
1.145326633166e-04 3.163000000000e-01 1.145326633166e-04 1.826301839819e-01 1.145326633166e-04 3.129869540683e-01 1.145326633166e-04 1.883000000000e-01
1.165778894472e-04 3.163000000000e-01 1.165778894472e-04 1.826375850045e-01 1.165778894472e-04 3.129835059896e-01 1.165778894472e-04 1.883000000000e-01
1.186231155779e-04 3.163000000000e-01 1.186231155779e-04 1.826468002512e-01 1.186231155779e-04 3.129791462863e-01 1.186231155779e-04 1.883000000000e-01
1.206683417085e-04 3.163000000000e-01 1.206683417085e-04 1.826582739465e-01 1.206683417085e-04 3.129736339552e-01 1.206683417085e-04 1.883000000000e-01
1.227135678392e-04 3.163000000000e-01 1.227135678392e-04 1.826725587566e-01 1.227135678392e-04 3.129666643374e-01 1.227135678392e-04 1.883000000000e-01
1.247587939698e-04 3.163000000000e-01 1.247587939698e-04 1.826903420687e-01 1.247587939698e-04 3.129578523520e-01 1.247587939698e-04 1.883000000000e-01
1.268040201005e-04 3.163000000000e-01 1.268040201005e-04 1.827124785271e-01 1.268040201005e-04 3.129467113445e-01 1.268040201005e-04 1.883000000000e-01
1.288492462312e-04 3.163000000000e-01 1.288492462312e-04 1.827400302563e-01 1.288492462312e-04 3.129326264221e-01 1.288492462312e-04 1.883000000000e-01
1.308944723618e-04 3.163000000000e-01 1.308944723618e-04 1.827743164919e-01 1.308944723618e-04 3.129148208711e-01 1.308944723618e-04 1.883000000000e-01
1.329396984925e-04 3.163000000000e-01 1.329396984925e-04 1.828169746684e-01 1.329396984925e-04 3.128923139114e-01 1.329396984925e-04 1.883000000000e-01
1.349849246231e-04 3.163000000000e-01 1.349849246231e-04 1.828700353811e-01 1.349849246231e-04 3.128638676344e-01 1.349849246231e-04 1.883000000000e-01
1.370301507538e-04 3.163000000000e-01 1.370301507538e-04 1.829360140137e-01 1.370301507538e-04 3.128279204856e-01 1.370301507538e-04 1.883000000000e-01
1.390753768844e-04 3.163000000000e-01 1.390753768844e-04 1.830180221816e-01 1.390753768844e-04 3.127825040865e-01 1.390753768844e-04 1.883000000000e-01
1.411206030151e-04 3.163000000000e-01 1.411206030151e-04 1.831199024192e-01 1.411206030151e-04 3.127251395585e-01 1.411206030151e-04 1.883000000000e-01
1.431658291457e-04 3.163000000000e-01 1.431658291457e-04 1.832463896287e-01 1.431658291457e-04 3.126527088310e-01 1.431658291457e-04 1.883000000000e-01
1.452110552764e-04 3.163000000000e-01 1.452110552764e-04 1.834033025497e-01 1.452110552764e-04 3.125612957521e-01 1.452110552764e-04 1.883000000000e-01
1.472562814070e-04 3.163000000000e-01 1.472562814070e-04 1.835977676513e-01 1.472562814070e-04 3.124459912823e-01 1.472562814070e-04 1.883000000000e-01
1.493015075377e-04 3.163000000000e-01 1.493015075377e-04 1.838384760108e-01 1.493015075377e-04 3.123006568292e-01 1.493015075377e-04 1.883000000000e-01
1.513467336683e-04 3.163000000000e-01 1.513467336683e-04 1.841359704031e-01 1.513467336683e-04 3.121176402060e-01 1.513467336683e-04 1.883000000000e-01
1.533919597990e-04 3.163000000000e-01 1.533919597990e-04 1.845029542682e-01 1.533919597990e-04 3.118874402647e-01 1.533919597990e-04 1.883000000000e-01
1.554371859296e-04 3.163000000000e-01 1.554371859296e-04 1.849546055533e-01 1.554371859296e-04 3.115983197537e-01 1.554371859296e-04 1.883000000000e-01
1.574824120603e-04 3.163000000000e-01 1.574824120603e-04 1.855088656655e-01 1.574824120603e-04 3.112358724895e-01 1.574824120603e-04 1.883000000000e-01
1.595276381910e-04 3.163000000000e-01 1.595276381910e-04 1.861866560476e-01 1.595276381910e-04 3.107825620270e-01 1.595276381910e-04 1.883000000000e-01
1.615728643216e-04 3.163000000000e-01 1.615728643216e-04 1.870119519910e-01 1.615728643216e-04 3.102172665343e-01 1.615728643216e-04 1.883000000000e-01
1.636180904523e-04 3.163000000000e-01 1.636180904523e-04 1.880116164875e-01 1.636180904523e-04 3.095148904605e-01 1.636180904523e-04 1.883000000000e-01
1.656633165829e-04 3.163000000000e-01 1.656633165829e-04 1.892148703426e-01 1.656633165829e-04 3.086461391264e-01 1.656633165829e-04 1.883000000000e-01
1.677085427136e-04 3.163000000000e-01 1.677085427136e-04 1.906522571061e-01 1.677085427136e-04 3.075775966855e-01 1.677085427136e-04 1.883000000000e-01
1.697537688442e-04 3.163000000000e-01 1.697537688442e-04 1.923539673165e-01 1.697537688442e-04 3.062722954188e-01 1.697537688442e-04 1.883000000000e-01
1.717989949749e-04 3.163000000000e-01 1.717989949749e-04 1.943474364628e-01 1.717989949749e-04 3.046910011001e-01 1.717989949749e-04 1.883000000000e-01
1.738442211055e-04 3.163000000000e-01 1.738442211055e-04 1.966542466434e-01 1.738442211055e-04 3.027944393637e-01 1.738442211055e-04 1.883000000000e-01
1.758894472362e-04 3.163000000000e-01 1.758894472362e-04 1.992865550139e-01 1.758894472362e-04 3.005466132609e-01 1.758894472362e-04 1.883000000000e-01
1.779346733668e-04 3.163000000000e-01 1.779346733668e-04 2.022435269639e-01 1.779346733668e-04 2.979191697229e-01 1.779346733668e-04 1.883000000000e-01
1.799798994975e-04 3.163000000000e-01 1.799798994975e-04 2.055085065400e-01 1.799798994975e-04 2.948964385756e-01 1.799798994975e-04 1.883000000000e-01
1.820251256281e-04 3.163000000000e-01 1.820251256281e-04 2.090477993819e-01 1.820251256281e-04 2.914803266747e-01 1.820251256281e-04 1.883000000000e-01
1.840703517588e-04 3.163000000000e-01 1.840703517588e-04 2.128118444575e-01 1.840703517588e-04 2.876938346350e-01 1.840703517588e-04 1.883000000000e-01
1.861155778894e-04 3.163000000000e-01 1.861155778894e-04 2.167391331433e-01 1.861155778894e-04 2.835818057002e-01 1.861155778894e-04 1.883000000000e-01
1.881608040201e-04 3.163000000000e-01 1.881608040201e-04 2.207625542947e-01 1.881608040201e-04 2.792078579747e-01 1.881608040201e-04 1.883000000000e-01
1.902060301508e-04 3.163000000000e-01 1.902060301508e-04 2.248171178100e-01 1.902060301508e-04 2.746473738913e-01 1.902060301508e-04 1.883000000000e-01
1.922512562814e-04 3.163000000000e-01 1.922512562814e-04 2.288475318797e-01 1.922512562814e-04 2.699776894623e-01 1.922512562814e-04 1.883000000000e-01
1.942964824121e-04 3.163000000000e-01 1.942964824121e-04 2.328140950863e-01 1.942964824121e-04 2.652677159977e-01 1.942964824121e-04 1.883000000000e-01
1.963417085427e-04 3.163000000000e-01 1.963417085427e-04 2.366958165538e-01 1.963417085427e-04 2.605695973637e-01 1.963417085427e-04 1.883000000000e-01
1.983869346734e-04 3.163000000000e-01 1.983869346734e-04 2.404903877232e-01 1.983869346734e-04 2.559144498140e-01 1.983869346734e-04 1.883000000000e-01
2.004321608040e-04 3.163000000000e-01 2.004321608040e-04 2.442113123487e-01 2.004321608040e-04 2.513130141852e-01 2.004321608040e-04 1.883000000000e-01
2.024773869347e-04 3.163000000000e-01 2.024773869347e-04 2.478829525595e-01 2.024773869347e-04 2.467607118239e-01 2.024773869347e-04 1.883000000000e-01
2.045226130653e-04 3.163000000000e-01 2.045226130653e-04 2.515344218748e-01 2.045226130653e-04 2.422456032683e-01 2.045226130653e-04 1.883000000000e-01
2.065678391960e-04 3.163000000000e-01 2.065678391960e-04 2.551932304526e-01 2.065678391960e-04 2.377572875916e-01 2.065678391960e-04 1.883000000000e-01
2.086130653266e-04 3.163000000000e-01 2.086130653266e-04 2.588794799711e-01 2.086130653266e-04 2.332947921289e-01 2.086130653266e-04 1.883000000000e-01
2.106582914573e-04 3.163000000000e-01 2.106582914573e-04 2.626012905066e-01 2.106582914573e-04 2.288718531397e-01 2.106582914573e-04 1.883000000000e-01
2.127035175879e-04 3.163000000000e-01 2.127035175879e-04 2.663520232106e-01 2.127035175879e-04 2.245185859494e-01 2.127035175879e-04 1.883000000000e-01
2.147487437186e-04 3.163000000000e-01 2.147487437186e-04 2.701096920673e-01 2.147487437186e-04 2.202793280889e-01 2.147487437186e-04 1.883000000000e-01
2.167939698492e-04 3.163000000000e-01 2.167939698492e-04 2.738386854180e-01 2.167939698492e-04 2.162072981256e-01 2.167939698492e-04 1.883000000000e-01
2.188391959799e-04 3.163000000000e-01 2.188391959799e-04 2.774935447699e-01 2.188391959799e-04 2.123574363982e-01 2.188391959799e-04 1.883000000000e-01
2.208844221106e-04 3.163000000000e-01 2.208844221106e-04 2.810241527185e-01 2.208844221106e-04 2.087791413565e-01 2.208844221106e-04 1.883000000000e-01
2.229296482412e-04 3.163000000000e-01 2.229296482412e-04 2.843813937850e-01 2.229296482412e-04 2.055104567079e-01 2.229296482412e-04 1.883000000000e-01
2.249748743719e-04 3.163000000000e-01 2.249748743719e-04 2.875222877148e-01 2.249748743719e-04 2.025746788670e-01 2.249748743719e-04 1.883000000000e-01
2.270201005025e-04 3.163000000000e-01 2.270201005025e-04 2.904137881536e-01 2.270201005025e-04 1.999795951013e-01 2.270201005025e-04 1.883000000000e-01
2.290653266332e-04 3.163000000000e-01 2.290653266332e-04 2.930348190594e-01 2.290653266332e-04 1.977189168380e-01 2.290653266332e-04 1.883000000000e-01
2.311105527638e-04 3.163000000000e-01 2.311105527638e-04 2.953765477525e-01 2.311105527638e-04 1.957751178197e-01 2.311105527638e-04 1.883000000000e-01
2.331557788945e-04 3.163000000000e-01 2.331557788945e-04 2.974412317703e-01 2.331557788945e-04 1.941228418939e-01 2.331557788945e-04 1.883000000000e-01
2.352010050251e-04 3.163000000000e-01 2.352010050251e-04 2.992401518519e-01 2.352010050251e-04 1.927322142229e-01 2.352010050251e-04 1.883000000000e-01
2.372462311558e-04 3.163000000000e-01 2.372462311558e-04 3.007911552386e-01 2.372462311558e-04 1.915716435092e-01 2.372462311558e-04 1.883000000000e-01
2.392914572864e-04 3.163000000000e-01 2.392914572864e-04 3.021162328620e-01 2.392914572864e-04 1.906099410239e-01 2.392914572864e-04 1.883000000000e-01
2.413366834171e-04 3.163000000000e-01 2.413366834171e-04 3.032394061558e-01 2.413366834171e-04 1.898177544957e-01 2.413366834171e-04 1.883000000000e-01
2.433819095477e-04 3.163000000000e-01 2.433819095477e-04 3.041850563498e-01 2.433819095477e-04 1.891684128746e-01 2.433819095477e-04 1.883000000000e-01
2.454271356784e-04 3.163000000000e-01 2.454271356784e-04 3.049767197255e-01 2.454271356784e-04 1.886383162286e-01 2.454271356784e-04 1.883000000000e-01
2.474723618090e-04 3.163000000000e-01 2.474723618090e-04 3.056363039515e-01 2.474723618090e-04 1.882070049224e-01 2.474723618090e-04 1.883000000000e-01
2.495175879397e-04 3.163000000000e-01 2.495175879397e-04 3.061836478478e-01 2.495175879397e-04 1.878570225470e-01 2.495175879397e-04 1.883000000000e-01
2.515628140704e-04 3.163000000000e-01 2.515628140704e-04 3.066363392812e-01 2.515628140704e-04 1.875736608388e-01 2.515628140704e-04 1.883000000000e-01
2.536080402010e-04 3.163000000000e-01 2.536080402010e-04 3.070097129674e-01 2.536080402010e-04 1.873446494398e-01 2.536080402010e-04 1.883000000000e-01
2.556532663317e-04 3.163000000000e-01 2.556532663317e-04 3.073169637249e-01 2.556532663317e-04 1.871598321629e-01 2.556532663317e-04 1.883000000000e-01
2.576984924623e-04 3.163000000000e-01 2.576984924623e-04 3.075693260202e-01 2.576984924623e-04 1.870108552941e-01 2.576984924623e-04 1.883000000000e-01
2.597437185930e-04 3.163000000000e-01 2.597437185930e-04 3.077762846347e-01 2.597437185930e-04 1.868908819955e-01 2.597437185930e-04 1.883000000000e-01
2.617889447236e-04 3.163000000000e-01 2.617889447236e-04 3.079457927906e-01 2.617889447236e-04 1.867943391899e-01 2.617889447236e-04 1.883000000000e-01
2.638341708543e-04 3.163000000000e-01 2.638341708543e-04 3.080844828672e-01 2.638341708543e-04 1.867166984556e-01 2.638341708543e-04 1.883000000000e-01
2.658793969849e-04 3.163000000000e-01 2.658793969849e-04 3.081978611942e-01 2.658793969849e-04 1.866542896059e-01 2.658793969849e-04 1.883000000000e-01
2.679246231156e-04 3.163000000000e-01 2.679246231156e-04 3.082904827726e-01 2.679246231156e-04 1.866041441171e-01 2.679246231156e-04 1.883000000000e-01
2.699698492462e-04 3.163000000000e-01 2.699698492462e-04 3.083661046256e-01 2.699698492462e-04 1.865638649174e-01 2.699698492462e-04 1.883000000000e-01
2.720150753769e-04 3.163000000000e-01 2.720150753769e-04 3.084278182421e-01 2.720150753769e-04 1.865315189187e-01 2.720150753769e-04 1.883000000000e-01
2.740603015075e-04 3.163000000000e-01 2.740603015075e-04 3.084781625674e-01 2.740603015075e-04 1.865055488441e-01 2.740603015075e-04 1.883000000000e-01
2.761055276382e-04 3.163000000000e-01 2.761055276382e-04 3.085192194928e-01 2.761055276382e-04 1.864847012215e-01 2.761055276382e-04 1.883000000000e-01
2.781507537688e-04 3.163000000000e-01 2.781507537688e-04 3.085526939583e-01 2.781507537688e-04 1.864679677944e-01 2.781507537688e-04 1.883000000000e-01
2.801959798995e-04 3.163000000000e-01 2.801959798995e-04 3.085799807577e-01 2.801959798995e-04 1.864545379872e-01 2.801959798995e-04 1.883000000000e-01
2.822412060302e-04 3.163000000000e-01 2.822412060302e-04 3.086022199965e-01 2.822412060302e-04 1.864437604279e-01 2.822412060302e-04 1.883000000000e-01
2.842864321608e-04 3.163000000000e-01 2.842864321608e-04 3.086203429594e-01 2.842864321608e-04 1.864351118591e-01 2.842864321608e-04 1.883000000000e-01
2.863316582915e-04 3.163000000000e-01 2.863316582915e-04 3.086351099341e-01 2.863316582915e-04 1.864281720553e-01 2.863316582915e-04 1.883000000000e-01
2.883768844221e-04 3.163000000000e-01 2.883768844221e-04 3.086471413284e-01 2.883768844221e-04 1.864226036089e-01 2.883768844221e-04 1.883000000000e-01
2.904221105528e-04 3.163000000000e-01 2.904221105528e-04 3.086569432189e-01 2.904221105528e-04 1.864181356558e-01 2.904221105528e-04 1.883000000000e-01
2.924673366834e-04 3.163000000000e-01 2.924673366834e-04 3.086649282976e-01 2.924673366834e-04 1.864145507813e-01 2.924673366834e-04 1.883000000000e-01
2.945125628141e-04 3.163000000000e-01 2.945125628141e-04 3.086714330224e-01 2.945125628141e-04 1.864116744921e-01 2.945125628141e-04 1.883000000000e-01
2.965577889447e-04 3.163000000000e-01 2.965577889447e-04 3.086767316451e-01 2.965577889447e-04 1.864093667551e-01 2.965577889447e-04 1.883000000000e-01
2.986030150754e-04 3.163000000000e-01 2.986030150754e-04 3.086810476771e-01 2.986030150754e-04 1.864075151991e-01 2.986030150754e-04 1.883000000000e-01
3.006482412060e-04 3.163000000000e-01 3.006482412060e-04 3.086845632535e-01 3.006482412060e-04 1.864060296555e-01 3.006482412060e-04 1.883000000000e-01
3.026934673367e-04 3.163000000000e-01 3.026934673367e-04 3.086874267774e-01 3.026934673367e-04 1.864048377745e-01 3.026934673367e-04 1.883000000000e-01
3.047386934673e-04 3.163000000000e-01 3.047386934673e-04 3.086897591569e-01 3.047386934673e-04 1.864038815052e-01 3.047386934673e-04 1.883000000000e-01
3.067839195980e-04 3.163000000000e-01 3.067839195980e-04 3.086916588924e-01 3.067839195980e-04 1.864031142711e-01 3.067839195980e-04 1.883000000000e-01
3.088291457286e-04 3.163000000000e-01 3.088291457286e-04 3.086932062253e-01 3.088291457286e-04 1.864024987024e-01 3.088291457286e-04 1.883000000000e-01
3.108743718593e-04 3.163000000000e-01 3.108743718593e-04 3.086944665197e-01 3.108743718593e-04 1.864020048168e-01 3.108743718593e-04 1.883000000000e-01
3.129195979899e-04 3.163000000000e-01 3.129195979899e-04 3.086954930189e-01 3.129195979899e-04 1.864016085590e-01 3.129195979899e-04 1.883000000000e-01
3.149648241206e-04 3.163000000000e-01 3.149648241206e-04 3.086963290920e-01 3.149648241206e-04 1.864012906293e-01 3.149648241206e-04 1.883000000000e-01
3.170100502513e-04 3.163000000000e-01 3.170100502513e-04 3.086970100641e-01 3.170100502513e-04 1.864010355435e-01 3.170100502513e-04 1.883000000000e-01
3.190552763819e-04 3.163000000000e-01 3.190552763819e-04 3.086975647081e-01 3.190552763819e-04 1.864008308784e-01 3.190552763819e-04 1.883000000000e-01
3.211005025126e-04 3.163000000000e-01 3.211005025126e-04 3.086980164594e-01 3.211005025126e-04 1.864006666670e-01 3.211005025126e-04 1.883000000000e-01
3.231457286432e-04 3.163000000000e-01 3.231457286432e-04 3.086983844063e-01 3.231457286432e-04 1.864005349125e-01 3.231457286432e-04 1.883000000000e-01
3.251909547739e-04 3.163000000000e-01 3.251909547739e-04 3.086986840957e-01 3.251909547739e-04 1.864004291993e-01 3.251909547739e-04 1.883000000000e-01
3.272361809045e-04 3.163000000000e-01 3.272361809045e-04 3.086989281905e-01 3.272361809045e-04 1.864003443797e-01 3.272361809045e-04 1.883000000000e-01
3.292814070352e-04 3.163000000000e-01 3.292814070352e-04 3.086991270043e-01 3.292814070352e-04 1.864002763239e-01 3.292814070352e-04 1.883000000000e-01
3.313266331658e-04 3.163000000000e-01 3.313266331658e-04 3.086992889374e-01 3.313266331658e-04 1.864002217183e-01 3.313266331658e-04 1.883000000000e-01
3.333718592965e-04 3.163000000000e-01 3.333718592965e-04 3.086994208316e-01 3.333718592965e-04 1.864001779046e-01 3.333718592965e-04 1.883000000000e-01
3.354170854271e-04 3.163000000000e-01 3.354170854271e-04 3.086995282596e-01 3.354170854271e-04 1.864001427496e-01 3.354170854271e-04 1.883000000000e-01
3.374623115578e-04 3.163000000000e-01 3.374623115578e-04 3.086996157600e-01 3.374623115578e-04 1.864001145420e-01 3.374623115578e-04 1.883000000000e-01
3.395075376884e-04 3.163000000000e-01 3.395075376884e-04 3.086996870295e-01 3.395075376884e-04 1.864000919088e-01 3.395075376884e-04 1.883000000000e-01
3.415527638191e-04 3.163000000000e-01 3.415527638191e-04 3.086997450791e-01 3.415527638191e-04 1.864000737482e-01 3.415527638191e-04 1.883000000000e-01
3.435979899497e-04 3.163000000000e-01 3.435979899497e-04 3.086997923610e-01 3.435979899497e-04 1.864000591764e-01 3.435979899497e-04 1.883000000000e-01
3.456432160804e-04 3.163000000000e-01 3.456432160804e-04 3.086998308728e-01 3.456432160804e-04 1.864000474840e-01 3.456432160804e-04 1.883000000000e-01
3.476884422111e-04 3.163000000000e-01 3.476884422111e-04 3.086998622412e-01 3.476884422111e-04 1.864000381020e-01 3.476884422111e-04 1.883000000000e-01
3.497336683417e-04 3.163000000000e-01 3.497336683417e-04 3.086998877913e-01 3.497336683417e-04 1.864000305739e-01 3.497336683417e-04 1.883000000000e-01
3.517788944724e-04 3.163000000000e-01 3.517788944724e-04 3.086999086024e-01 3.517788944724e-04 1.864000245333e-01 3.517788944724e-04 1.883000000000e-01
3.538241206030e-04 3.163000000000e-01 3.538241206030e-04 3.086999255535e-01 3.538241206030e-04 1.864000196862e-01 3.538241206030e-04 1.883000000000e-01
3.558693467337e-04 3.163000000000e-01 3.558693467337e-04 3.086999393605e-01 3.558693467337e-04 1.864000157969e-01 3.558693467337e-04 1.883000000000e-01
3.579145728643e-04 3.163000000000e-01 3.579145728643e-04 3.086999506068e-01 3.579145728643e-04 1.864000126760e-01 3.579145728643e-04 1.883000000000e-01
3.599597989950e-04 3.163000000000e-01 3.599597989950e-04 3.086999597672e-01 3.599597989950e-04 1.864000101717e-01 3.599597989950e-04 1.883000000000e-01
3.620050251256e-04 3.163000000000e-01 3.620050251256e-04 3.086999672286e-01 3.620050251256e-04 1.864000081623e-01 3.620050251256e-04 1.883000000000e-01
3.640502512563e-04 3.163000000000e-01 3.640502512563e-04 3.086999733062e-01 3.640502512563e-04 1.864000065498e-01 3.640502512563e-04 1.883000000000e-01
3.660954773869e-04 3.163000000000e-01 3.660954773869e-04 3.086999782566e-01 3.660954773869e-04 1.864000052559e-01 3.660954773869e-04 1.883000000000e-01
3.681407035176e-04 3.163000000000e-01 3.681407035176e-04 3.086999822889e-01 3.681407035176e-04 1.864000042176e-01 3.681407035176e-04 1.883000000000e-01
3.701859296482e-04 3.163000000000e-01 3.701859296482e-04 3.086999855734e-01 3.701859296482e-04 1.864000033844e-01 3.701859296482e-04 1.883000000000e-01
3.722311557789e-04 3.163000000000e-01 3.722311557789e-04 3.086999882488e-01 3.722311557789e-04 1.864000027159e-01 3.722311557789e-04 1.883000000000e-01
3.742763819095e-04 3.163000000000e-01 3.742763819095e-04 3.086999904280e-01 3.742763819095e-04 1.864000021794e-01 3.742763819095e-04 1.883000000000e-01
3.763216080402e-04 3.163000000000e-01 3.763216080402e-04 3.086999922030e-01 3.763216080402e-04 1.864000017489e-01 3.763216080402e-04 1.883000000000e-01
3.783668341709e-04 3.163000000000e-01 3.783668341709e-04 3.086999936489e-01 3.783668341709e-04 1.864000014034e-01 3.783668341709e-04 1.883000000000e-01
3.804120603015e-04 3.163000000000e-01 3.804120603015e-04 3.086999948266e-01 3.804120603015e-04 1.864000011262e-01 3.804120603015e-04 1.883000000000e-01
3.824572864322e-04 3.163000000000e-01 3.824572864322e-04 3.086999957860e-01 3.824572864322e-04 1.864000009038e-01 3.824572864322e-04 1.883000000000e-01
3.845025125628e-04 3.163000000000e-01 3.845025125628e-04 3.086999965674e-01 3.845025125628e-04 1.864000007253e-01 3.845025125628e-04 1.883000000000e-01
3.865477386935e-04 3.163000000000e-01 3.865477386935e-04 3.086999972039e-01 3.865477386935e-04 1.864000005820e-01 3.865477386935e-04 1.883000000000e-01
3.885929648241e-04 3.163000000000e-01 3.885929648241e-04 3.086999977224e-01 3.885929648241e-04 1.864000004670e-01 3.885929648241e-04 1.883000000000e-01
3.906381909548e-04 3.163000000000e-01 3.906381909548e-04 3.086999981447e-01 3.906381909548e-04 1.864000003748e-01 3.906381909548e-04 1.883000000000e-01
3.926834170854e-04 3.163000000000e-01 3.926834170854e-04 3.086999984887e-01 3.926834170854e-04 1.864000003008e-01 3.926834170854e-04 1.883000000000e-01
3.947286432161e-04 3.163000000000e-01 3.947286432161e-04 3.086999987690e-01 3.947286432161e-04 1.864000002414e-01 3.947286432161e-04 1.883000000000e-01
3.967738693467e-04 3.163000000000e-01 3.967738693467e-04 3.086999989972e-01 3.967738693467e-04 1.864000001937e-01 3.967738693467e-04 1.883000000000e-01
3.988190954774e-04 3.163000000000e-01 3.988190954774e-04 3.086999991832e-01 3.988190954774e-04 1.864000001554e-01 3.988190954774e-04 1.883000000000e-01
4.008643216080e-04 3.163000000000e-01 4.008643216080e-04 3.086999993346e-01 4.008643216080e-04 1.864000001247e-01 4.008643216080e-04 1.883000000000e-01
4.029095477387e-04 3.163000000000e-01 4.029095477387e-04 3.086999994580e-01 4.029095477387e-04 1.864000001001e-01 4.029095477387e-04 1.883000000000e-01
4.049547738693e-04 3.163000000000e-01 4.049547738693e-04 3.086999995585e-01 4.049547738693e-04 1.864000000803e-01 4.049547738693e-04 1.883000000000e-01
4.070000000000e-04 3.163000000000e-01 4.070000000000e-04 3.086999996404e-01 4.070000000000e-04 1.864000000645e-01 4.070000000000e-04 1.883000000000e-01
