0.000000000000e+00 2.474000000147e-01 0.000000000000e+00 2.413987797943e-01 0.000000000000e+00 1.797091764479e-01 0.000000000000e+00 3.315872223871e-01
2.326633165829e-06 2.474000000188e-01 2.326633165829e-06 2.413986104294e-01 2.326633165829e-06 1.797243134274e-01 2.326633165829e-06 3.315798565017e-01
4.653266331658e-06 2.474000000239e-01 4.653266331658e-06 2.413984175002e-01 4.653266331658e-06 1.797405528300e-01 4.653266331658e-06 3.315720108044e-01
6.979899497487e-06 2.474000000304e-01 6.979899497487e-06 2.413981977217e-01 6.979899497487e-06 1.797579750256e-01 6.979899497487e-06 3.315636542129e-01
9.306532663317e-06 2.474000000388e-01 9.306532663317e-06 2.413979473499e-01 9.306532663317e-06 1.797766661913e-01 9.306532663317e-06 3.315547536545e-01
1.163316582915e-05 2.474000000494e-01 1.163316582915e-05 2.413976621178e-01 1.163316582915e-05 1.797967187189e-01 1.163316582915e-05 3.315452739420e-01
1.395979899497e-05 2.474000000629e-01 1.395979899497e-05 2.413973371626e-01 1.395979899497e-05 1.798182316487e-01 1.395979899497e-05 3.315351776417e-01
1.628643216080e-05 2.474000000801e-01 1.628643216080e-05 2.413969669420e-01 1.628643216080e-05 1.798413111307e-01 1.628643216080e-05 3.315244249345e-01
1.861306532663e-05 2.474000001020e-01 1.861306532663e-05 2.413965451393e-01 1.861306532663e-05 1.798660709159e-01 1.861306532663e-05 3.315129734681e-01
2.093969849246e-05 2.474000001300e-01 2.093969849246e-05 2.413960645551e-01 2.093969849246e-05 1.798926328769e-01 2.093969849246e-05 3.315007782012e-01
2.326633165829e-05 2.474000001655e-01 2.326633165829e-05 2.413955169839e-01 2.326633165829e-05 1.799211275610e-01 2.326633165829e-05 3.314877912384e-01
2.559296482412e-05 2.474000002108e-01 2.559296482412e-05 2.413948930733e-01 2.559296482412e-05 1.799516947762e-01 2.559296482412e-05 3.314739616565e-01
2.791959798995e-05 2.474000002685e-01 2.791959798995e-05 2.413941821636e-01 2.791959798995e-05 1.799844842109e-01 2.791959798995e-05 3.314592353200e-01
3.024623115578e-05 2.474000003420e-01 3.024623115578e-05 2.413933721050e-01 3.024623115578e-05 1.800196560900e-01 3.024623115578e-05 3.314435546874e-01
3.257286432161e-05 2.474000004356e-01 3.257286432161e-05 2.413924490494e-01 3.257286432161e-05 1.800573818658e-01 3.257286432161e-05 3.314268586063e-01
3.489949748744e-05 2.474000005548e-01 3.489949748744e-05 2.413913972126e-01 3.489949748744e-05 1.800978449479e-01 3.489949748744e-05 3.314090820982e-01
3.722613065327e-05 2.474000007067e-01 3.722613065327e-05 2.413901986039e-01 3.722613065327e-05 1.801412414687e-01 3.722613065327e-05 3.313901561311e-01
3.955276381910e-05 2.474000009001e-01 3.955276381910e-05 2.413888327174e-01 3.955276381910e-05 1.801877810885e-01 3.955276381910e-05 3.313700073808e-01
4.187939698492e-05 2.474000011464e-01 4.187939698492e-05 2.413872761811e-01 4.187939698492e-05 1.802376878379e-01 4.187939698492e-05 3.313485579799e-01
4.420603015075e-05 2.474000014602e-01 4.420603015075e-05 2.413855023559e-01 4.420603015075e-05 1.802912009977e-01 4.420603015075e-05 3.313257252545e-01
4.653266331658e-05 2.474000018598e-01 4.653266331658e-05 2.413834808796e-01 4.653266331658e-05 1.803485760154e-01 4.653266331658e-05 3.313014214476e-01
4.885929648241e-05 2.474000023687e-01 4.885929648241e-05 2.413811771472e-01 4.885929648241e-05 1.804100854575e-01 4.885929648241e-05 3.312755534298e-01
5.118592964824e-05 2.474000030170e-01 5.118592964824e-05 2.413785517192e-01 5.118592964824e-05 1.804760199937e-01 5.118592964824e-05 3.312480223961e-01
5.351256281407e-05 2.474000038427e-01 5.351256281407e-05 2.413755596472e-01 5.351256281407e-05 1.805466894122e-01 5.351256281407e-05 3.312187235502e-01
5.583919597990e-05 2.474000048943e-01 5.583919597990e-05 2.413721497064e-01 5.583919597990e-05 1.806224236604e-01 5.583919597990e-05 3.311875457738e-01
5.816582914573e-05 2.474000062337e-01 5.816582914573e-05 2.413682635219e-01 5.816582914573e-05 1.807035739072e-01 5.816582914573e-05 3.311543712831e-01
6.049246231156e-05 2.474000079397e-01 6.049246231156e-05 2.413638345745e-01 6.049246231156e-05 1.807905136202e-01 6.049246231156e-05 3.311190752716e-01
6.281909547739e-05 2.474000101126e-01 6.281909547739e-05 2.413587870689e-01 6.281909547739e-05 1.808836396506e-01 6.281909547739e-05 3.310815255391e-01
6.514572864322e-05 2.474000128801e-01 6.514572864322e-05 2.413530346472e-01 6.514572864322e-05 1.809833733156e-01 6.514572864322e-05 3.310415821082e-01
6.747236180905e-05 2.474000164051e-01 6.747236180905e-05 2.413464789251e-01 6.747236180905e-05 1.810901614693e-01 6.747236180905e-05 3.309990968275e-01
6.979899497487e-05 2.474000208947e-01 6.979899497487e-05 2.413390078296e-01 6.979899497487e-05 1.812044775467e-01 6.979899497487e-05 3.309539129633e-01
7.212562814070e-05 2.474000266131e-01 7.212562814070e-05 2.413304937093e-01 7.212562814070e-05 1.813268225676e-01 7.212562814070e-05 3.309058647802e-01
7.445226130653e-05 2.474000338964e-01 7.445226130653e-05 2.413207911897e-01 7.445226130653e-05 1.814577260813e-01 7.445226130653e-05 3.308547771114e-01
7.677889447236e-05 2.474000431730e-01 7.677889447236e-05 2.413097347399e-01 7.677889447236e-05 1.815977470327e-01 7.677889447236e-05 3.308004649203e-01
7.910552763819e-05 2.474000549884e-01 7.910552763819e-05 2.412971359132e-01 7.910552763819e-05 1.817474745256e-01 7.910552763819e-05 3.307427328550e-01
8.143216080402e-05 2.474000700374e-01 8.143216080402e-05 2.412827802215e-01 8.143216080402e-05 1.819075284572e-01 8.143216080402e-05 3.306813747974e-01
8.375879396985e-05 2.474000892050e-01 8.375879396985e-05 2.412664235985e-01 8.375879396985e-05 1.820785599938e-01 8.375879396985e-05 3.306161734098e-01
8.608542713568e-05 2.474001136183e-01 8.608542713568e-05 2.412477884004e-01 8.608542713568e-05 1.822612518541e-01 8.608542713568e-05 3.305468996797e-01
8.841206030151e-05 2.474001447130e-01 8.841206030151e-05 2.412265588920e-01 8.841206030151e-05 1.824563183631e-01 8.841206030151e-05 3.304733124684e-01
9.073869346734e-05 2.474001843176e-01 9.073869346734e-05 2.412023761578e-01 9.073869346734e-05 1.826645052367e-01 9.073869346734e-05 3.303951580647e-01
9.306532663317e-05 2.474002347610e-01 9.306532663317e-05 2.411748323755e-01 9.306532663317e-05 1.828865890507e-01 9.306532663317e-05 3.303121697477e-01
9.539195979899e-05 2.474002990097e-01 9.539195979899e-05 2.411434643843e-01 9.539195979899e-05 1.831233763491e-01 9.539195979899e-05 3.302240673636e-01
9.771859296482e-05 2.474003808417e-01 9.771859296482e-05 2.411077464802e-01 9.771859296482e-05 1.833757023386e-01 9.771859296482e-05 3.301305569206e-01
1.000452261307e-04 2.474004850692e-01 1.000452261307e-04 2.410670823638e-01 1.000452261307e-04 1.836444291165e-01 1.000452261307e-04 3.300313302061e-01
1.023718592965e-04 2.474006178212e-01 1.023718592965e-04 2.410207961732e-01 1.023718592965e-04 1.839304433776e-01 1.023718592965e-04 3.299260644326e-01
1.046984924623e-04 2.474007869040e-01 1.046984924623e-04 2.409681225334e-01 1.046984924623e-04 1.842346535419e-01 1.046984924623e-04 3.298144219160e-01
1.070251256281e-04 2.474010022600e-01 1.070251256281e-04 2.409081955626e-01 1.070251256281e-04 1.845579862481e-01 1.070251256281e-04 3.296960497935e-01
1.093517587940e-04 2.474012765525e-01 1.093517587940e-04 2.408400367912e-01 1.093517587940e-04 1.849013821584e-01 1.093517587940e-04 3.295705797849e-01
1.116783919598e-04 2.474016259098e-01 1.116783919598e-04 2.407625419674e-01 1.116783919598e-04 1.852657910237e-01 1.116783919598e-04 3.294376280027e-01
1.140050251256e-04 2.474020708733e-01 1.140050251256e-04 2.406744667542e-01 1.140050251256e-04 1.856521659645e-01 1.140050251256e-04 3.292967948150e-01
1.163316582915e-04 2.474026376047e-01 1.163316582915e-04 2.405744113686e-01 1.163316582915e-04 1.860614569308e-01 1.163316582915e-04 3.291476647645e-01
1.186582914573e-04 2.474033594227e-01 1.186582914573e-04 2.404608042668e-01 1.186582914573e-04 1.864946033166e-01 1.186582914573e-04 3.289898065441e-01
1.209849246231e-04 2.474042787611e-01 1.209849246231e-04 2.403318850631e-01 1.209849246231e-04 1.869525257184e-01 1.209849246231e-04 3.288227730272e-01
1.233115577889e-04 2.474054496596e-01 1.233115577889e-04 2.401856869675e-01 1.233115577889e-04 1.874361168449e-01 1.233115577889e-04 3.286461013489e-01
1.256381909548e-04 2.474069409365e-01 1.256381909548e-04 2.400200191613e-01 1.256381909548e-04 1.879462316079e-01 1.256381909548e-04 3.284593130257e-01
1.279648241206e-04 2.474088402260e-01 1.279648241206e-04 2.398324496891e-01 1.279648241206e-04 1.884836764484e-01 1.279648241206e-04 3.282619140985e-01
1.302914572864e-04 2.474112591162e-01 1.302914572864e-04 2.396202896507e-01 1.302914572864e-04 1.890491979817e-01 1.302914572864e-04 3.280533952725e-01
1.326180904523e-04 2.474143396857e-01 1.326180904523e-04 2.393805797145e-01 1.326180904523e-04 1.896434710764e-01 1.326180904523e-04 3.278332320161e-01
1.349447236181e-04 2.474182628182e-01 1.349447236181e-04 2.391100802576e-01 1.349447236181e-04 1.902670865157e-01 1.349447236181e-04 3.276008845676e-01
1.372713567839e-04 2.474232587728e-01 1.372713567839e-04 2.388052667570e-01 1.372713567839e-04 1.909205384280e-01 1.372713567839e-04 3.273557977774e-01
1.395979899497e-04 2.474296206160e-01 1.395979899497e-04 2.384623324067e-01 1.395979899497e-04 1.916042117055e-01 1.395979899497e-04 3.270974006899e-01
1.419246231156e-04 2.474377212809e-01 1.419246231156e-04 2.380772002920e-01 1.419246231156e-04 1.923183696687e-01 1.419246231156e-04 3.268251057383e-01
1.442512562814e-04 2.474480352123e-01 1.442512562814e-04 2.376455477965e-01 1.442512562814e-04 1.930631422629e-01 1.442512562814e-04 3.265383073848e-01
1.465778894472e-04 2.474611658046e-01 1.465778894472e-04 2.371628461912e-01 1.465778894472e-04 1.938385151038e-01 1.465778894472e-04 3.262363799895e-01
1.489045226131e-04 2.474778801358e-01 1.489045226131e-04 2.366244185098e-01 1.489045226131e-04 1.946443197034e-01 1.489045226131e-04 3.259186746290e-01
1.512311557789e-04 2.474991528622e-01 1.512311557789e-04 2.360255187599e-01 1.512311557789e-04 1.954802252248e-01 1.512311557789e-04 3.255845145056e-01
1.535577889447e-04 2.475262215701e-01 1.535577889447e-04 2.353614351632e-01 1.535577889447e-04 1.963457321069e-01 1.535577889447e-04 3.252331884920e-01
1.558844221106e-04 2.475606563767e-01 1.558844221106e-04 2.346276193485e-01 1.558844221106e-04 1.972401678912e-01 1.558844221106e-04 3.248639422328e-01
1.582110552764e-04 2.476044471333e-01 1.582110552764e-04 2.338198421316e-01 1.582110552764e-04 1.981626855496e-01 1.582110552764e-04 3.244759660751e-01
1.605376884422e-04 2.476601121666e-01 1.605376884422e-04 2.329343746281e-01 1.605376884422e-04 1.991122645721e-01 1.605376884422e-04 3.240683789160e-01
1.628643216080e-04 2.477308330514e-01 1.628643216080e-04 2.319681909128e-01 1.628643216080e-04 2.000877150101e-01 1.628643216080e-04 3.236402068295e-01
1.651909547739e-04 2.478206203062e-01 1.651909547739e-04 2.309191853412e-01 1.651909547739e-04 2.010876846004e-01 1.651909547739e-04 3.231903550663e-01
1.675175879397e-04 2.479345149478e-01 1.675175879397e-04 2.297863941482e-01 1.675175879397e-04 2.021106690071e-01 1.675175879397e-04 3.227175716982e-01
1.698442211055e-04 2.480788301858e-01 1.698442211055e-04 2.285702073905e-01 1.698442211055e-04 2.031550251230e-01 1.698442211055e-04 3.222204008056e-01
1.721708542714e-04 2.482614356426e-01 1.721708542714e-04 2.272725541962e-01 1.721708542714e-04 2.042189872736e-01 1.721708542714e-04 3.216971226856e-01
1.744974874372e-04 2.484920825358e-01 1.744974874372e-04 2.258970422542e-01 1.744974874372e-04 2.053006860615e-01 1.744974874372e-04 3.211456781022e-01
1.768241206030e-04 2.487827610969e-01 1.768241206030e-04 2.244490321882e-01 1.768241206030e-04 2.063981694935e-01 1.768241206030e-04 3.205635731452e-01
1.791507537688e-04 2.491480695909e-01 1.791507537688e-04 2.229356294959e-01 1.791507537688e-04 2.075094259428e-01 1.791507537688e-04 3.199477608769e-01
1.814773869347e-04 2.496055558351e-01 1.814773869347e-04 2.213655814062e-01 1.814773869347e-04 2.086324084242e-01 1.814773869347e-04 3.192944957336e-01
1.838040201005e-04 2.501759654545e-01 1.838040201005e-04 2.197490732313e-01 1.838040201005e-04 2.097650596049e-01 1.838040201005e-04 3.185991568197e-01
1.861306532663e-04 2.508832957418e-01 1.861306532663e-04 2.180974279352e-01 1.861306532663e-04 2.109053369362e-01 1.861306532663e-04 3.178560370835e-01
1.884572864322e-04 2.517545124405e-01 1.884572864322e-04 2.164227226071e-01 1.884572864322e-04 2.120512372831e-01 1.884572864322e-04 3.170580973773e-01
1.907839195980e-04 2.528187476225e-01 1.907839195980e-04 2.147373448386e-01 1.907839195980e-04 2.132008204415e-01 1.907839195980e-04 3.161966882912e-01
1.931105527638e-04 2.541057784356e-01 1.931105527638e-04 2.130535191384e-01 1.931105527638e-04 2.143522309704e-01 1.931105527638e-04 3.152612493682e-01
1.954371859296e-04 2.556436194759e-01 1.954371859296e-04 2.113828372225e-01 1.954371859296e-04 2.155037178247e-01 1.954371859296e-04 3.142390061355e-01
1.977638190955e-04 2.574551856708e-01 1.977638190955e-04 2.097358256233e-01 1.977638190955e-04 2.166536513541e-01 1.977638190955e-04 3.131147017376e-01
2.000904522613e-04 2.595542313506e-01 2.000904522613e-04 2.081215796538e-01 2.000904522613e-04 2.178005373234e-01 2.000904522613e-04 3.118704230727e-01
2.024170854271e-04 2.619411395011e-01 2.024170854271e-04 2.065474851499e-01 2.024170854271e-04 2.189430277115e-01 2.024170854271e-04 3.104856114619e-01
2.047437185930e-04 2.645995374588e-01 2.047437185930e-04 2.050190399467e-01 2.047437185930e-04 2.200799281523e-01 2.047437185930e-04 3.089373827706e-01
2.070703517588e-04 2.674949654210e-01 2.070703517588e-04 2.035397772514e-01 2.070703517588e-04 2.212102019833e-01 2.070703517588e-04 3.072013145218e-01
2.093969849246e-04 2.705766858824e-01 2.093969849246e-04 2.021112843740e-01 2.093969849246e-04 2.223329709694e-01 2.093969849246e-04 3.052528732864e-01
2.117236180905e-04 2.737830530690e-01 2.117236180905e-04 2.007333036811e-01 2.117236180905e-04 2.234475128582e-01 2.117236180905e-04 3.030696304579e-01
2.140502512563e-04 2.770497829211e-01 2.140502512563e-04 1.994038986358e-01 2.140502512563e-04 2.245532559987e-01 2.140502512563e-04 3.006343171831e-01
2.163768844221e-04 2.803193994138e-01 2.163768844221e-04 1.981196663755e-01 2.163768844221e-04 2.256497713249e-01 2.163768844221e-04 2.979385723082e-01
2.187035175879e-04 2.835496018620e-01 2.187035175879e-04 1.968759790545e-01 2.187035175879e-04 2.267367620468e-01 2.187035175879e-04 2.949869405371e-01
2.210301507538e-04 2.867185735193e-01 2.210301507538e-04 1.956672385156e-01 2.210301507538e-04 2.278140514310e-01 2.210301507538e-04 2.918003399426e-01
2.233567839196e-04 2.898261657644e-01 2.233567839196e-04 1.944871320660e-01 2.233567839196e-04 2.288815690678e-01 2.233567839196e-04 2.884179742406e-01
2.256834170854e-04 2.928909716280e-01 2.256834170854e-04 1.933288805955e-01 2.256834170854e-04 2.299393360277e-01 2.256834170854e-04 2.848967005961e-01
2.280100502513e-04 2.959441124740e-01 2.280100502513e-04 1.921854735008e-01 2.280100502513e-04 2.309874493037e-01 2.280100502513e-04 2.813073143207e-01
2.303366834171e-04 2.990209550840e-01 2.303366834171e-04 1.910498875383e-01 2.303366834171e-04 2.320260659190e-01 2.303366834171e-04 2.777280330890e-01
2.326633165829e-04 3.021520843820e-01 2.326633165829e-04 1.899152886590e-01 2.326633165829e-04 2.330553870539e-01 2.326633165829e-04 2.742363691041e-01
2.349899497487e-04 3.053548928135e-01 2.349899497487e-04 1.887752170232e-01 2.349899497487e-04 2.340756425176e-01 2.349899497487e-04 2.709011512755e-01
2.373165829146e-04 3.086271989197e-01 2.373165829146e-04 1.876237558108e-01 2.373165829146e-04 2.350870758520e-01 2.373165829146e-04 2.677764048500e-01
2.396432160804e-04 3.119442529286e-01 2.396432160804e-04 1.864556842414e-01 2.396432160804e-04 2.360899303210e-01 2.396432160804e-04 2.648981421197e-01
2.419698492462e-04 3.152600819410e-01 2.419698492462e-04 1.852666145465e-01 2.419698492462e-04 2.370844359979e-01 2.419698492462e-04 2.622841982230e-01
2.442964824121e-04 3.185132297105e-01 2.442964824121e-04 1.840531116821e-01 2.442964824121e-04 2.380707981260e-01 2.442964824121e-04 2.599364712948e-01
2.466231155779e-04 3.216357355771e-01 2.466231155779e-04 1.828127935101e-01 2.466231155779e-04 2.390491868876e-01 2.466231155779e-04 2.578445458394e-01
2.489497487437e-04 3.245631803986e-01 2.489497487437e-04 1.815444082219e-01 2.489497487437e-04 2.400197286838e-01 2.489497487437e-04 2.559897000159e-01
2.512763819095e-04 3.272433433056e-01 2.512763819095e-04 1.802478851022e-01 2.512763819095e-04 2.409824989878e-01 2.512763819095e-04 2.543485685329e-01
2.536030150754e-04 3.296416370667e-01 2.536030150754e-04 1.789243545174e-01 2.536030150754e-04 2.419375168050e-01 2.536030150754e-04 2.528960713733e-01
2.559296482412e-04 3.317426886153e-01 2.559296482412e-04 1.775761333677e-01 2.559296482412e-04 2.428847407425e-01 2.559296482412e-04 2.516075011753e-01
2.582562814070e-04 3.335486072928e-01 2.582562814070e-04 1.762066732482e-01 2.582562814070e-04 2.438240666583e-01 2.582562814070e-04 2.504598418310e-01
2.605829145729e-04 3.350751744952e-01 2.605829145729e-04 1.748204701890e-01 2.605829145729e-04 2.447553268410e-01 2.605829145729e-04 2.494324743807e-01
2.629095477387e-04 3.363472872159e-01 2.629095477387e-04 1.734229369824e-01 2.629095477387e-04 2.456782906415e-01 2.629095477387e-04 2.485074428603e-01
2.652361809045e-04 3.373946766600e-01 2.652361809045e-04 1.720202415645e-01 2.652361809045e-04 2.465926664607e-01 2.652361809045e-04 2.476694329267e-01
2.675628140704e-04 3.382484708934e-01 2.675628140704e-04 1.706191174099e-01 2.675628140704e-04 2.474981049777e-01 2.675628140704e-04 2.469055823550e-01
2.698894472362e-04 3.389387761953e-01 2.698894472362e-04 1.692266541400e-01 2.698894472362e-04 2.483942034890e-01 2.698894472362e-04 2.462052080870e-01
2.722160804020e-04 3.394931977671e-01 2.722160804020e-04 1.678500782177e-01 2.722160804020e-04 2.492805112141e-01 2.722160804020e-04 2.455595054635e-01
2.745427135678e-04 3.399361027229e-01 2.745427135678e-04 1.664965344893e-01 2.745427135678e-04 2.501565354170e-01 2.745427135678e-04 2.449612533295e-01
2.768693467337e-04 3.402884053392e-01 2.768693467337e-04 1.651728792949e-01 2.768693467337e-04 2.510217481833e-01 2.768693467337e-04 2.444045433495e-01
2.791959798995e-04 3.405676820006e-01 2.791959798995e-04 1.638854948990e-01 2.791959798995e-04 2.518755936921e-01 2.791959798995e-04 2.438845418220e-01
2.815226130653e-04 3.407884688588e-01 2.815226130653e-04 1.626401332126e-01 2.815226130653e-04 2.527174958207e-01 2.815226130653e-04 2.433972861071e-01
2.838492462312e-04 3.409626406131e-01 2.838492462312e-04 1.614417944179e-01 2.838492462312e-04 2.535468659227e-01 2.838492462312e-04 2.429395142693e-01
2.861758793970e-04 3.410998060795e-01 2.861758793970e-04 1.602946434405e-01 2.861758793970e-04 2.543631106279e-01 2.861758793970e-04 2.425085247617e-01
2.885025125628e-04 3.412076835510e-01 2.885025125628e-04 1.592019645572e-01 2.885025125628e-04 2.551656395197e-01 2.885025125628e-04 2.421020622656e-01
2.908291457286e-04 3.412924374263e-01 2.908291457286e-04 1.581661520373e-01 2.908291457286e-04 2.559538725574e-01 2.908291457286e-04 2.417182257184e-01
2.931557788945e-04 3.413589692045e-01 2.931557788945e-04 1.571887327957e-01 2.931557788945e-04 2.567272471246e-01 2.931557788945e-04 2.413553948102e-01
2.954824120603e-04 3.414111627362e-01 2.954824120603e-04 1.562704157010e-01 2.954824120603e-04 2.574852246002e-01 2.954824120603e-04 2.410121716396e-01
2.978090452261e-04 3.414520872022e-01 2.978090452261e-04 1.554111614625e-01 2.978090452261e-04 2.582272963641e-01 2.978090452261e-04 2.406873346725e-01
3.001356783920e-04 3.414841628872e-01 3.001356783920e-04 1.546102668600e-01 3.001356783920e-04 2.589529891673e-01 3.001356783920e-04 2.403798026009e-01
3.024623115578e-04 3.415092952304e-01 3.024623115578e-04 1.538664573963e-01 3.024623115578e-04 2.596618698141e-01 3.024623115578e-04 2.400886061087e-01
3.047889447236e-04 3.415289824149e-01 3.047889447236e-04 1.531779831103e-01 3.047889447236e-04 2.603535491217e-01 3.047889447236e-04 2.398128659128e-01
3.071155778894e-04 3.415444012273e-01 3.071155778894e-04 1.525427131538e-01 3.071155778894e-04 2.610276851366e-01 3.071155778894e-04 2.395517757562e-01
3.094422110553e-04 3.415564752793e-01 3.094422110553e-04 1.519582257001e-01 3.094422110553e-04 2.616839856084e-01 3.094422110553e-04 2.393045892883e-01
3.117688442211e-04 3.415659290302e-01 3.117688442211e-04 1.514218907091e-01 3.117688442211e-04 2.623222097290e-01 3.117688442211e-04 2.390706099823e-01
3.140954773869e-04 3.415733304557e-01 3.140954773869e-04 1.509309439515e-01 3.140954773869e-04 2.629421691661e-01 3.140954773869e-04 2.388491834098e-01
3.164221105528e-04 3.415791246814e-01 3.164221105528e-04 1.504825514590e-01 3.164221105528e-04 2.635437284238e-01 3.164221105528e-04 2.386396913387e-01
3.187487437186e-04 3.415836604518e-01 3.187487437186e-04 1.500738641815e-01 3.187487437186e-04 2.641268045770e-01 3.187487437186e-04 2.384415472312e-01
3.210753768844e-04 3.415872109370e-01 3.210753768844e-04 1.497020631079e-01 3.210753768844e-04 2.646913664332e-01 3.210753768844e-04 2.382541928100e-01
3.234020100503e-04 3.415899900710e-01 3.234020100503e-04 1.493643954429e-01 3.234020100503e-04 2.652374331782e-01 3.234020100503e-04 2.380770954343e-01
3.257286432161e-04 3.415921653736e-01 3.257286432161e-04 1.490582026498e-01 3.257286432161e-04 2.657650725688e-01 3.257286432161e-04 2.379097460848e-01
3.280552763819e-04 3.415938680059e-01 3.280552763819e-04 1.487809412907e-01 3.280552763819e-04 2.662743987363e-01 3.280552763819e-04 2.377516578014e-01
3.303819095477e-04 3.415952006525e-01 3.303819095477e-04 1.485301976369e-01 3.303819095477e-04 2.667655696642e-01 3.303819095477e-04 2.376023644550e-01
3.327085427136e-04 3.415962436991e-01 3.327085427136e-04 1.483036970104e-01 3.327085427136e-04 2.672387844039e-01 3.327085427136e-04 2.374614197608e-01
3.350351758794e-04 3.415970600712e-01 3.350351758794e-04 1.480993087641e-01 3.350351758794e-04 2.676942800890e-01 3.350351758794e-04 2.373283964658e-01
3.373618090452e-04 3.415976990249e-01 3.373618090452e-04 1.479150477312e-01 3.373618090452e-04 2.681323288053e-01 3.373618090452e-04 2.372028856565e-01
3.396884422111e-04 3.415981991148e-01 3.396884422111e-04 1.477490728828e-01 3.396884422111e-04 2.685532343714e-01 3.396884422111e-04 2.370844961505e-01
3.420150753769e-04 3.415985905184e-01 3.420150753769e-04 1.475996838399e-01 3.420150753769e-04 2.689573290771e-01 3.420150753769e-04 2.369728539417e-01
3.443417085427e-04 3.415988968559e-01 3.443417085427e-04 1.474653157862e-01 3.443417085427e-04 2.693449704255e-01 3.443417085427e-04 2.368676016811e-01
3.466683417085e-04 3.415991366146e-01 3.466683417085e-04 1.473445332466e-01 3.466683417085e-04 2.697165379160e-01 3.466683417085e-04 2.367683981766e-01
3.489949748744e-04 3.415993242642e-01 3.489949748744e-04 1.472360231076e-01 3.489949748744e-04 2.700724299036e-01 3.489949748744e-04 2.366749179048e-01
3.513216080402e-04 3.415994711300e-01 3.513216080402e-04 1.471385871875e-01 3.513216080402e-04 2.704130605612e-01 3.513216080402e-04 2.365868505263e-01
3.536482412060e-04 3.415995860757e-01 3.536482412060e-04 1.470511346008e-01 3.536482412060e-04 2.707388569699e-01 3.536482412060e-04 2.365039004023e-01
3.559748743719e-04 3.415996760389e-01 3.559748743719e-04 1.469726741060e-01 3.559748743719e-04 2.710502563552e-01 3.559748743719e-04 2.364257861103e-01
3.583015075377e-04 3.415997464493e-01 3.583015075377e-04 1.469023065807e-01 3.583015075377e-04 2.713477034834e-01 3.583015075377e-04 2.363522399584e-01
3.606281407035e-04 3.415998015565e-01 3.606281407035e-04 1.468392177309e-01 3.606281407035e-04 2.716316482296e-01 3.606281407035e-04 2.362830074975e-01
3.629547738693e-04 3.415998446865e-01 3.629547738693e-04 1.467826711108e-01 3.629547738693e-04 2.719025433221e-01 3.629547738693e-04 2.362178470352e-01
3.652814070352e-04 3.415998784426e-01 3.652814070352e-04 1.467320015027e-01 3.652814070352e-04 2.721608422686e-01 3.652814070352e-04 2.361565291490e-01
3.676080402010e-04 3.415999048621e-01 3.676080402010e-04 1.466866086892e-01 3.676080402010e-04 2.724069974635e-01 3.676080402010e-04 2.360988362029e-01
3.699346733668e-04 3.415999255394e-01 3.699346733668e-04 1.466459516333e-01 3.699346733668e-04 2.726414584744e-01 3.699346733668e-04 2.360445618687e-01
3.722613065327e-04 3.415999417228e-01 3.722613065327e-04 1.466095430702e-01 3.722613065327e-04 2.728646705053e-01 3.722613065327e-04 2.359935106521e-01
3.745879396985e-04 3.415999543888e-01 3.745879396985e-04 1.465769445047e-01 3.745879396985e-04 2.730770730292e-01 3.745879396985e-04 2.359454974269e-01
3.769145728643e-04 3.415999643019e-01 3.769145728643e-04 1.465477616056e-01 3.769145728643e-04 2.732790985845e-01 3.769145728643e-04 2.359003469769e-01
3.792412060302e-04 3.415999720605e-01 3.792412060302e-04 1.465216399770e-01 3.792412060302e-04 2.734711717268e-01 3.792412060302e-04 2.358578935480e-01
3.815678391960e-04 3.415999781329e-01 3.815678391960e-04 1.464982612911e-01 3.815678391960e-04 2.736537081270e-01 3.815678391960e-04 2.358179804115e-01
3.838944723618e-04 3.415999828855e-01 3.838944723618e-04 1.464773397589e-01 3.838944723618e-04 2.738271138077e-01 3.838944723618e-04 2.357804594383e-01
3.862211055276e-04 3.415999866051e-01 3.862211055276e-04 1.464586189172e-01 3.862211055276e-04 2.739917845070e-01 3.862211055276e-04 2.357451906860e-01
3.885477386935e-04 3.415999895163e-01 3.885477386935e-04 1.464418687102e-01 3.885477386935e-04 2.741481051610e-01 3.885477386935e-04 2.357120419987e-01
3.908743718593e-04 3.415999917948e-01 3.908743718593e-04 1.464268828433e-01 3.908743718593e-04 2.742964494949e-01 3.908743718593e-04 2.356808886205e-01
3.932010050251e-04 3.415999935781e-01 3.932010050251e-04 1.464134763870e-01 3.932010050251e-04 2.744371797134e-01 3.932010050251e-04 2.356516128224e-01
3.955276381910e-04 3.415999949738e-01 3.955276381910e-04 1.464014836104e-01 3.955276381910e-04 2.745706462817e-01 3.955276381910e-04 2.356241035435e-01
3.978542713568e-04 3.415999960662e-01 3.978542713568e-04 1.463907560260e-01 3.978542713568e-04 2.746971877867e-01 3.978542713568e-04 2.355982560458e-01
4.001809045226e-04 3.415999969212e-01 4.001809045226e-04 1.463811606248e-01 4.001809045226e-04 2.748171308720e-01 4.001809045226e-04 2.355739715833e-01
4.025075376884e-04 3.415999975903e-01 4.025075376884e-04 1.463725782867e-01 4.025075376884e-04 2.749307902372e-01 4.025075376884e-04 2.355511570846e-01
4.048341708543e-04 3.415999981140e-01 4.048341708543e-04 1.463649023496e-01 4.048341708543e-04 2.750384686937e-01 4.048341708543e-04 2.355297248500e-01
4.071608040201e-04 3.415999985239e-01 4.071608040201e-04 1.463580373213e-01 4.071608040201e-04 2.751404572717e-01 4.071608040201e-04 2.355095922612e-01
4.094874371859e-04 3.415999988447e-01 4.094874371859e-04 1.463518977221e-01 4.094874371859e-04 2.752370353700e-01 4.094874371859e-04 2.354906815045e-01
4.118140703518e-04 3.415999990958e-01 4.118140703518e-04 1.463464070448e-01 4.118140703518e-04 2.753284709430e-01 4.118140703518e-04 2.354729193078e-01
4.141407035176e-04 3.415999992923e-01 4.141407035176e-04 1.463414968204e-01 4.141407035176e-04 2.754150207205e-01 4.141407035176e-04 2.354562366888e-01
4.164673366834e-04 3.415999994461e-01 4.164673366834e-04 1.463371057798e-01 4.164673366834e-04 2.754969304527e-01 4.164673366834e-04 2.354405687166e-01
4.187939698492e-04 3.415999995665e-01 4.187939698492e-04 1.463331791020e-01 4.187939698492e-04 2.755744351791e-01 4.187939698492e-04 2.354258542844e-01
4.211206030151e-04 3.415999996607e-01 4.211206030151e-04 1.463296677389e-01 4.211206030151e-04 2.756477595137e-01 4.211206030151e-04 2.354120358939e-01
4.234472361809e-04 3.415999997344e-01 4.234472361809e-04 1.463265278108e-01 4.234472361809e-04 2.757171179451e-01 4.234472361809e-04 2.353990594508e-01
4.257738693467e-04 3.415999997922e-01 4.257738693467e-04 1.463237200644e-01 4.257738693467e-04 2.757827151477e-01 4.257738693467e-04 2.353868740707e-01
4.281005025126e-04 3.415999998373e-01 4.281005025126e-04 1.463212093869e-01 4.281005025126e-04 2.758447462993e-01 4.281005025126e-04 2.353754318954e-01
4.304271356784e-04 3.415999998727e-01 4.304271356784e-04 1.463189643708e-01 4.304271356784e-04 2.759033974052e-01 4.304271356784e-04 2.353646879185e-01
4.327537688442e-04 3.415999999004e-01 4.327537688442e-04 1.463169569243e-01 4.327537688442e-04 2.759588456239e-01 4.327537688442e-04 2.353545998207e-01
4.350804020101e-04 3.415999999220e-01 4.350804020101e-04 1.463151619220e-01 4.350804020101e-04 2.760112595941e-01 4.350804020101e-04 2.353451278142e-01
4.374070351759e-04 3.415999999390e-01 4.374070351759e-04 1.463135568930e-01 4.374070351759e-04 2.760607997601e-01 4.374070351759e-04 2.353362344949e-01
4.397336683417e-04 3.415999999522e-01 4.397336683417e-04 1.463121217405e-01 4.397336683417e-04 2.761076186948e-01 4.397336683417e-04 2.353278847033e-01
4.420603015075e-04 3.415999999626e-01 4.420603015075e-04 1.463108384918e-01 4.420603015075e-04 2.761518614182e-01 4.420603015075e-04 2.353200453930e-01
4.443869346734e-04 3.415999999707e-01 4.443869346734e-04 1.463096910742e-01 4.443869346734e-04 2.761936657113e-01 4.443869346734e-04 2.353126855063e-01
4.467135678392e-04 3.415999999771e-01 4.467135678392e-04 1.463086651145e-01 4.467135678392e-04 2.762331624230e-01 4.467135678392e-04 2.353057758571e-01
4.490402010050e-04 3.415999999821e-01 4.490402010050e-04 1.463077477592e-01 4.490402010050e-04 2.762704757715e-01 4.490402010050e-04 2.352992890201e-01
4.513668341709e-04 3.415999999860e-01 4.513668341709e-04 1.463069275146e-01 4.513668341709e-04 2.763057236364e-01 4.513668341709e-04 2.352931992267e-01
4.536934673367e-04 3.415999999890e-01 4.536934673367e-04 1.463061941025e-01 4.536934673367e-04 2.763390178441e-01 4.536934673367e-04 2.352874822664e-01
4.560201005025e-04 3.415999999914e-01 4.560201005025e-04 1.463055383323e-01 4.560201005025e-04 2.763704644445e-01 4.560201005025e-04 2.352821153939e-01
4.583467336683e-04 3.415999999933e-01 4.583467336683e-04 1.463049519857e-01 4.583467336683e-04 2.764001639779e-01 4.583467336683e-04 2.352770772421e-01
4.606733668342e-04 3.415999999947e-01 4.606733668342e-04 1.463044277140e-01 4.606733668342e-04 2.764282117346e-01 4.606733668342e-04 2.352723477397e-01
4.630000000000e-04 3.415999999959e-01 4.630000000000e-04 1.463039589462e-01 4.630000000000e-04 2.764546980044e-01 4.630000000000e-04 2.352679080331e-01
