0.000000000000e+00 3.451999342851e-01 0.000000000000e+00 1.462000000000e-01 0.000000000000e+00 2.747570612858e-01 0.000000000000e+00 2.358052396522e-01
2.286432160804e-06 3.451999236411e-01 2.286432160804e-06 1.462000000000e-01 2.286432160804e-06 2.747088489045e-01 2.286432160804e-06 2.358126175992e-01
4.572864321608e-06 3.451999112730e-01 4.572864321608e-06 1.462000000000e-01 4.572864321608e-06 2.746572651431e-01 4.572864321608e-06 2.358205118518e-01
6.859296482412e-06 3.451998969014e-01 6.859296482412e-06 1.462000000000e-01 6.859296482412e-06 2.746021117450e-01 6.859296482412e-06 2.358289584062e-01
9.145728643216e-06 3.451998802016e-01 9.145728643216e-06 1.462000000000e-01 9.145728643216e-06 2.745431845227e-01 9.145728643216e-06 2.358379957490e-01
1.143216080402e-05 3.451998607965e-01 1.143216080402e-05 1.462000000000e-01 1.143216080402e-05 2.744802741142e-01 1.143216080402e-05 2.358476650265e-01
1.371859296482e-05 3.451998382478e-01 1.371859296482e-05 1.462000000000e-01 1.371859296482e-05 2.744131669166e-01 1.371859296482e-05 2.358580102254e-01
1.600502512563e-05 3.451998120462e-01 1.600502512563e-05 1.462000000000e-01 1.600502512563e-05 2.743416462158e-01 1.600502512563e-05 2.358690783652e-01
1.829145728643e-05 3.451997815997e-01 1.829145728643e-05 1.462000000000e-01 1.829145728643e-05 2.742654935272e-01 1.829145728643e-05 2.358809197035e-01
2.057788944724e-05 3.451997462206e-01 2.057788944724e-05 1.462000000000e-01 2.057788944724e-05 2.741844901628e-01 2.057788944724e-05 2.358935879538e-01
2.286432160804e-05 3.451997051097e-01 2.286432160804e-05 1.462000000000e-01 2.286432160804e-05 2.740984190389e-01 2.286432160804e-05 2.359071405177e-01
2.515075376884e-05 3.451996573380e-01 2.515075376884e-05 1.462000000000e-01 2.515075376884e-05 2.740070667323e-01 2.515075376884e-05 2.359216387327e-01
2.743718592965e-05 3.451996018264e-01 2.743718592965e-05 1.462000000000e-01 2.743718592965e-05 2.739102257925e-01 2.743718592965e-05 2.359371481342e-01
2.972361809045e-05 3.451995373205e-01 2.972361809045e-05 1.462000000000e-01 2.972361809045e-05 2.738076973094e-01 2.972361809045e-05 2.359537387351e-01
3.201005025126e-05 3.451994623628e-01 3.201005025126e-05 1.462000000000e-01 3.201005025126e-05 2.736992937315e-01 3.201005025126e-05 2.359714853229e-01
3.429648241206e-05 3.451993752594e-01 3.429648241206e-05 1.462000000000e-01 3.429648241206e-05 2.735848419201e-01 3.429648241206e-05 2.359904677743e-01
3.658291457286e-05 3.451992740420e-01 3.658291457286e-05 1.462000000000e-01 3.658291457286e-05 2.734641864193e-01 3.658291457286e-05 2.360107713898e-01
3.886934673367e-05 3.451991564232e-01 3.886934673367e-05 1.462000000000e-01 3.886934673367e-05 2.733371929074e-01 3.886934673367e-05 2.360324872488e-01
4.115577889447e-05 3.451990197447e-01 4.115577889447e-05 1.462000000000e-01 4.115577889447e-05 2.732037517881e-01 4.115577889447e-05 2.360557125850e-01
4.344221105528e-05 3.451988609172e-01 4.344221105528e-05 1.462000000000e-01 4.344221105528e-05 2.730637818678e-01 4.344221105528e-05 2.360805511852e-01
4.572864321608e-05 3.451986763510e-01 4.572864321608e-05 1.462000000000e-01 4.572864321608e-05 2.729172340510e-01 4.572864321608e-05 2.361071138106e-01
4.801507537688e-05 3.451984618739e-01 4.801507537688e-05 1.462000000000e-01 4.801507537688e-05 2.727640949783e-01 4.801507537688e-05 2.361355186428e-01
5.030150753769e-05 3.451982126376e-01 5.030150753769e-05 1.462000000000e-01 5.030150753769e-05 2.726043905167e-01 5.030150753769e-05 2.361658917550e-01
5.258793969849e-05 3.451979230077e-01 5.258793969849e-05 1.462000000000e-01 5.258793969849e-05 2.724381890071e-01 5.258793969849e-05 2.361983676092e-01
5.487437185930e-05 3.451975864362e-01 5.487437185930e-05 1.462000000000e-01 5.487437185930e-05 2.722656041618e-01 5.487437185930e-05 2.362330895812e-01
5.716080402010e-05 3.451971953138e-01 5.716080402010e-05 1.462000000000e-01 5.716080402010e-05 2.720867975056e-01 5.716080402010e-05 2.362702105131e-01
5.944723618090e-05 3.451967407970e-01 5.944723618090e-05 1.462000000000e-01 5.944723618090e-05 2.719019802506e-01 5.944723618090e-05 2.363098932953e-01
6.173366834171e-05 3.451962126087e-01 6.173366834171e-05 1.462000000000e-01 6.173366834171e-05 2.717114145006e-01 6.173366834171e-05 2.363523114779e-01
6.402010050251e-05 3.451955988058e-01 6.402010050251e-05 1.462000000000e-01 6.402010050251e-05 2.715154136883e-01 6.402010050251e-05 2.363976499127e-01
6.630653266332e-05 3.451948855086e-01 6.630653266332e-05 1.462000000000e-01 6.630653266332e-05 2.713143421653e-01 6.630653266332e-05 2.364461054262e-01
6.859296482412e-05 3.451940565873e-01 6.859296482412e-05 1.462000000000e-01 6.859296482412e-05 2.711086138800e-01 6.859296482412e-05 2.364978875236e-01
7.087939698492e-05 3.451930932973e-01 7.087939698492e-05 1.462000000000e-01 7.087939698492e-05 2.708986901070e-01 7.087939698492e-05 2.365532191254e-01
7.316582914573e-05 3.451919738553e-01 7.316582914573e-05 1.462000000000e-01 7.316582914573e-05 2.706850762151e-01 7.316582914573e-05 2.366123373347e-01
7.545226130653e-05 3.451906729476e-01 7.545226130653e-05 1.462000000000e-01 7.545226130653e-05 2.704683174957e-01 7.545226130653e-05 2.366754942370e-01
7.773869346734e-05 3.451891611577e-01 7.773869346734e-05 1.462000000000e-01 7.773869346734e-05 2.702489941029e-01 7.773869346734e-05 2.367429577303e-01
8.002512562814e-05 3.451874043025e-01 8.002512562814e-05 1.462000000000e-01 8.002512562814e-05 2.700277151916e-01 8.002512562814e-05 2.368150123871e-01
8.231155778894e-05 3.451853626609e-01 8.231155778894e-05 1.462000000000e-01 8.231155778894e-05 2.698051123690e-01 8.231155778894e-05 2.368919603441e-01
8.459798994975e-05 3.451829900778e-01 8.459798994975e-05 1.462000000000e-01 8.459798994975e-05 2.695818326031e-01 8.459798994975e-05 2.369741222223e-01
8.688442211055e-05 3.451802329245e-01 8.688442211055e-05 1.462000000000e-01 8.688442211055e-05 2.693585307543e-01 8.688442211055e-05 2.370618380719e-01
8.917085427136e-05 3.451770288912e-01 8.917085427136e-05 1.462000000000e-01 8.917085427136e-05 2.691358619103e-01 8.917085427136e-05 2.371554683429e-01
9.145728643216e-05 3.451733055861e-01 9.145728643216e-05 1.462000000000e-01 9.145728643216e-05 2.689144737161e-01 9.145728643216e-05 2.372553948773e-01
9.374371859296e-05 3.451689789096e-01 9.374371859296e-05 1.462000000000e-01 9.374371859296e-05 2.686949988866e-01 9.374371859296e-05 2.373620219205e-01
9.603015075377e-05 3.451639511691e-01 9.603015075377e-05 1.462000000000e-01 9.603015075377e-05 2.684780480864e-01 9.603015075377e-05 2.374757771489e-01
9.831658291457e-05 3.451581088929e-01 9.831658291457e-05 1.462000000000e-01 9.831658291457e-05 2.682642033417e-01 9.831658291457e-05 2.375971127099e-01
1.006030150754e-04 3.451513202970e-01 1.006030150754e-04 1.462000000000e-01 1.006030150754e-04 2.680540121301e-01 1.006030150754e-04 2.377265062699e-01
1.028894472362e-04 3.451434323508e-01 1.028894472362e-04 1.462000000000e-01 1.028894472362e-04 2.678479822669e-01 1.028894472362e-04 2.378644620665e-01
1.051758793970e-04 3.451342673799e-01 1.051758793970e-04 1.462000000000e-01 1.051758793970e-04 2.676465776739e-01 1.051758793970e-04 2.380115119607e-01
1.074623115578e-04 3.451236191377e-01 1.074623115578e-04 1.462000000000e-01 1.074623115578e-04 2.674502150857e-01 1.074623115578e-04 2.381682164841e-01
1.097487437186e-04 3.451112482635e-01 1.097487437186e-04 1.462000000000e-01 1.097487437186e-04 2.672592617161e-01 1.097487437186e-04 2.383351658770e-01
1.120351758794e-04 3.450968770394e-01 1.120351758794e-04 1.462000000000e-01 1.120351758794e-04 2.670740338756e-01 1.120351758794e-04 2.385129811143e-01
1.143216080402e-04 3.450801833428e-01 1.143216080402e-04 1.462000000000e-01 1.143216080402e-04 2.668947965019e-01 1.143216080402e-04 2.387023149152e-01
1.166080402010e-04 3.450607936818e-01 1.166080402010e-04 1.462000000000e-01 1.166080402010e-04 2.667217635437e-01 1.166080402010e-04 2.389038527348e-01
1.188944723618e-04 3.450382751866e-01 1.188944723618e-04 1.462000000000e-01 1.188944723618e-04 2.665550991151e-01 1.188944723618e-04 2.391183137393e-01
1.211809045226e-04 3.450121264181e-01 1.211809045226e-04 1.462000000000e-01 1.211809045226e-04 2.663949193276e-01 1.211809045226e-04 2.393464517636e-01
1.234673366834e-04 3.449817668425e-01 1.234673366834e-04 1.462000000000e-01 1.234673366834e-04 2.662412946940e-01 1.234673366834e-04 2.395890562599e-01
1.257537688442e-04 3.449465248098e-01 1.257537688442e-04 1.462000000000e-01 1.257537688442e-04 2.660942529953e-01 1.257537688442e-04 2.398469532437e-01
1.280402010050e-04 3.449056238670e-01 1.280402010050e-04 1.462000000000e-01 1.280402010050e-04 2.659537825029e-01 1.280402010050e-04 2.401210062527e-01
1.303266331658e-04 3.448581672324e-01 1.303266331658e-04 1.462000000000e-01 1.303266331658e-04 2.658198354512e-01 1.303266331658e-04 2.404121173369e-01
1.326130653266e-04 3.448031202627e-01 1.326130653266e-04 1.462000000000e-01 1.326130653266e-04 2.656923316605e-01 1.326130653266e-04 2.407212281090e-01
1.348994974874e-04 3.447392907586e-01 1.348994974874e-04 1.462000000000e-01 1.348994974874e-04 2.655711622243e-01 1.348994974874e-04 2.410493208880e-01
1.371859296482e-04 3.446653069847e-01 1.371859296482e-04 1.462000000000e-01 1.371859296482e-04 2.654561931806e-01 1.371859296482e-04 2.413974199842e-01
1.394723618090e-04 3.445795933298e-01 1.394723618090e-04 1.462000000000e-01 1.394723618090e-04 2.653472690999e-01 1.394723618090e-04 2.417665931807e-01
1.417587939698e-04 3.444803436157e-01 1.417587939698e-04 1.462000000000e-01 1.417587939698e-04 2.652442165373e-01 1.417587939698e-04 2.421579534810e-01
1.440452261307e-04 3.443654921764e-01 1.440452261307e-04 1.462000000000e-01 1.440452261307e-04 2.651468473017e-01 1.440452261307e-04 2.425726612075e-01
1.463316582915e-04 3.442326829995e-01 1.463316582915e-04 1.462000000000e-01 1.463316582915e-04 2.650549615122e-01 1.463316582915e-04 2.430119265476e-01
1.486180904523e-04 3.440792374492e-01 1.486180904523e-04 1.462000000000e-01 1.486180904523e-04 2.649683504170e-01 1.486180904523e-04 2.434770126602e-01
1.509045226131e-04 3.439021213947e-01 1.509045226131e-04 1.462000000000e-01 1.509045226131e-04 2.648867989609e-01 1.509045226131e-04 2.439692394710e-01
1.531909547739e-04 3.436979129685e-01 1.531909547739e-04 1.462000000000e-01 1.531909547739e-04 2.648100880968e-01 1.531909547739e-04 2.444899882938e-01
1.554773869347e-04 3.434627726768e-01 1.554773869347e-04 1.462000000000e-01 1.554773869347e-04 2.647379968385e-01 1.554773869347e-04 2.450407074270e-01
1.577638190955e-04 3.431924182028e-01 1.577638190955e-04 1.462000000000e-01 1.577638190955e-04 2.646703040626e-01 1.577638190955e-04 2.456229188755e-01
1.600502512563e-04 3.428821069681e-01 1.600502512563e-04 1.462000000000e-01 1.600502512563e-04 2.646067900672e-01 1.600502512563e-04 2.462382263404e-01
1.623366834171e-04 3.425266303382e-01 1.623366834171e-04 1.462000000000e-01 1.623366834171e-04 2.645472379015e-01 1.623366834171e-04 2.468883246039e-01
1.646231155779e-04 3.421203242216e-01 1.646231155779e-04 1.462000000000e-01 1.646231155779e-04 2.644914344798e-01 1.646231155779e-04 2.475750103954e-01
1.669095477387e-04 3.416571016430e-01 1.669095477387e-04 1.462000000000e-01 1.669095477387e-04 2.644391714968e-01 1.669095477387e-04 2.483001947683e-01
1.691959798995e-04 3.411305135168e-01 1.691959798995e-04 1.462000000000e-01 1.691959798995e-04 2.643902461604e-01 1.691959798995e-04 2.490659169259e-01
1.714824120603e-04 3.405338441310e-01 1.714824120603e-04 1.462000000000e-01 1.714824120603e-04 2.643444617608e-01 1.714824120603e-04 2.498743593046e-01
1.737688442211e-04 3.398602474734e-01 1.737688442211e-04 1.462000000000e-01 1.737688442211e-04 2.643016280900e-01 1.737688442211e-04 2.507278635510e-01
1.760552763819e-04 3.391029291996e-01 1.760552763819e-04 1.462000000000e-01 1.760552763819e-04 2.642615617313e-01 1.760552763819e-04 2.516289467958e-01
1.783417085427e-04 3.382553763681e-01 1.783417085427e-04 1.462000000000e-01 1.783417085427e-04 2.642240862313e-01 1.783417085427e-04 2.525803173317e-01
1.806281407035e-04 3.373116327692e-01 1.806281407035e-04 1.462000000000e-01 1.806281407035e-04 2.641890321704e-01 1.806281407035e-04 2.535848884354e-01
1.829145728643e-04 3.362666115778e-01 1.829145728643e-04 1.462000000000e-01 1.829145728643e-04 2.641562371457e-01 1.829145728643e-04 2.546457886338e-01
1.852010050251e-04 3.351164293062e-01 1.852010050251e-04 1.462000000000e-01 1.852010050251e-04 2.641255456763e-01 1.852010050251e-04 2.557663661961e-01
1.874874371859e-04 3.338587362258e-01 1.874874371859e-04 1.462000000000e-01 1.874874371859e-04 2.640968090443e-01 1.874874371859e-04 2.569501850670e-01
1.897738693467e-04 3.324930097345e-01 1.897738693467e-04 1.462000000000e-01 1.897738693467e-04 2.640698850794e-01 1.897738693467e-04 2.582010088525e-01
1.920603015075e-04 3.310207703493e-01 1.920603015075e-04 1.462000000000e-01 1.920603015075e-04 2.640446378970e-01 1.920603015075e-04 2.595227688928e-01
1.943467336683e-04 3.294456772864e-01 1.943467336683e-04 1.462000000000e-01 1.943467336683e-04 2.640209375964e-01 1.943467336683e-04 2.609195119752e-01
1.966331658291e-04 3.277734641404e-01 1.966331658291e-04 1.462000000000e-01 1.966331658291e-04 2.639986599252e-01 1.966331658291e-04 2.623953229620e-01
1.989195979899e-04 3.260116865459e-01 1.989195979899e-04 1.462000000000e-01 1.989195979899e-04 2.639776859169e-01 1.989195979899e-04 2.639542176865e-01
2.012060301508e-04 3.241692731315e-01 2.012060301508e-04 1.462000000000e-01 2.012060301508e-04 2.639579015036e-01 2.012060301508e-04 2.656000020608e-01
2.034924623116e-04 3.222558969499e-01 2.034924623116e-04 1.462000000000e-01 2.034924623116e-04 2.639391971101e-01 2.034924623116e-04 2.673360946483e-01
2.057788944724e-04 3.202812134443e-01 2.057788944724e-04 1.462000000000e-01 2.057788944724e-04 2.639214672306e-01 2.057788944724e-04 2.691653121556e-01
2.080653266332e-04 3.182540381448e-01 2.080653266332e-04 1.462000000000e-01 2.080653266332e-04 2.639046099899e-01 2.080653266332e-04 2.710896205202e-01
2.103517587940e-04 3.161815577735e-01 2.103517587940e-04 1.462000000000e-01 2.103517587940e-04 2.638885266924e-01 2.103517587940e-04 2.731098585351e-01
2.126381909548e-04 3.140686784585e-01 2.126381909548e-04 1.462000000000e-01 2.126381909548e-04 2.638731213580e-01 2.126381909548e-04 2.752254460928e-01
2.149246231156e-04 3.119176123939e-01 2.149246231156e-04 1.462000000000e-01 2.149246231156e-04 2.638583002462e-01 2.149246231156e-04 2.774340947341e-01
2.172110552764e-04 3.097277896553e-01 2.172110552764e-04 1.462000000000e-01 2.172110552764e-04 2.638439713686e-01 2.172110552764e-04 2.797315435508e-01
2.194974874372e-04 3.074961563040e-01 2.194974874372e-04 1.462000000000e-01 2.194974874372e-04 2.638300439889e-01 2.194974874372e-04 2.821113476468e-01
2.217839195980e-04 3.052178847886e-01 2.217839195980e-04 1.462000000000e-01 2.217839195980e-04 2.638164281100e-01 2.217839195980e-04 2.845647481703e-01
2.240703517588e-04 3.028874786405e-01 2.240703517588e-04 1.462000000000e-01 2.240703517588e-04 2.638030339469e-01 2.240703517588e-04 2.870806512983e-01
2.263567839196e-04 3.005002007997e-01 2.263567839196e-04 1.462000000000e-01 2.263567839196e-04 2.637897713848e-01 2.263567839196e-04 2.896457377305e-01
2.286432160804e-04 2.980536951885e-01 2.286432160804e-04 1.462000000000e-01 2.286432160804e-04 2.637765494202e-01 2.286432160804e-04 2.922447141188e-01
2.309296482412e-04 2.955496102358e-01 2.309296482412e-04 1.462000000000e-01 2.309296482412e-04 2.637632755835e-01 2.309296482412e-04 2.948607042055e-01
2.332160804020e-04 2.929949834241e-01 2.332160804020e-04 1.462000000000e-01 2.332160804020e-04 2.637498553422e-01 2.332160804020e-04 2.974757619563e-01
2.355025125628e-04 2.904031265817e-01 2.355025125628e-04 1.462000000000e-01 2.355025125628e-04 2.637361914816e-01 2.355025125628e-04 3.000714740883e-01
2.377889447236e-04 2.877937829687e-01 2.377889447236e-04 1.462000000000e-01 2.377889447236e-04 2.637221834635e-01 2.377889447236e-04 3.026296077168e-01
2.400753768844e-04 2.851924212519e-01 2.400753768844e-04 1.462000000000e-01 2.400753768844e-04 2.637077267582e-01 2.400753768844e-04 3.051327526412e-01
2.423618090452e-04 2.826286808350e-01 2.423618090452e-04 1.462000000000e-01 2.423618090452e-04 2.636927121518e-01 2.423618090452e-04 3.075649082747e-01
2.446482412060e-04 2.801341556783e-01 2.446482412060e-04 1.462000000000e-01 2.446482412060e-04 2.636770250255e-01 2.446482412060e-04 3.099119723249e-01
2.469346733668e-04 2.777398499115e-01 2.469346733668e-04 1.462000000000e-01 2.469346733668e-04 2.636605446073e-01 2.469346733668e-04 3.121621006432e-01
2.492211055276e-04 2.754737097421e-01 2.492211055276e-04 1.462000000000e-01 2.492211055276e-04 2.636431431954e-01 2.492211055276e-04 3.143059228598e-01
2.515075376884e-04 2.733586075426e-01 2.515075376884e-04 1.462000000000e-01 2.515075376884e-04 2.636246853548e-01 2.515075376884e-04 3.163366138622e-01
2.537939698492e-04 2.714110367754e-01 2.537939698492e-04 1.462000000000e-01 2.537939698492e-04 2.636050270887e-01 2.537939698492e-04 3.182498345185e-01
2.560804020101e-04 2.696406123273e-01 2.560804020101e-04 1.462000000000e-01 2.560804020101e-04 2.635840149862e-01 2.560804020101e-04 3.200435646915e-01
2.583668341709e-04 2.680503122737e-01 2.583668341709e-04 1.462000000000e-01 2.583668341709e-04 2.635614853525e-01 2.583668341709e-04 3.217178568881e-01
2.606532663317e-04 2.666372850513e-01 2.606532663317e-04 1.462000000000e-01 2.606532663317e-04 2.635372633266e-01 2.606532663317e-04 3.232745400409e-01
2.629396984925e-04 2.653939974389e-01 2.629396984925e-04 1.462000000000e-01 2.629396984925e-04 2.635111619939e-01 2.629396984925e-04 3.247169007502e-01
2.652261306533e-04 2.643095072361e-01 2.652261306533e-04 1.462000000000e-01 2.652261306533e-04 2.634829815063e-01 2.652261306533e-04 3.260493649272e-01
2.675125628141e-04 2.633706899650e-01 2.675125628141e-04 1.462000000000e-01 2.675125628141e-04 2.634525082205e-01 2.675125628141e-04 3.272771973108e-01
2.697989949749e-04 2.625633086665e-01 2.697989949749e-04 1.462000000000e-01 2.697989949749e-04 2.634195138744e-01 2.697989949749e-04 3.284062307127e-01
2.720854271357e-04 2.618728724939e-01 2.720854271357e-04 1.462000000000e-01 2.720854271357e-04 2.633837548194e-01 2.720854271357e-04 3.294426317474e-01
2.743718592965e-04 2.612852737221e-01 2.743718592965e-04 1.462000000000e-01 2.743718592965e-04 2.633449713358e-01 2.743718592965e-04 3.303927056128e-01
2.766582914573e-04 2.607872213078e-01 2.766582914573e-04 1.462000000000e-01 2.766582914573e-04 2.633028870602e-01 2.766582914573e-04 3.312627393276e-01
2.789447236181e-04 2.603665039307e-01 2.789447236181e-04 1.462000000000e-01 2.789447236181e-04 2.632572085607e-01 2.789447236181e-04 3.320588806874e-01
2.812311557789e-04 2.600121200805e-01 2.812311557789e-04 1.462000000000e-01 2.812311557789e-04 2.632076251014e-01 2.812311557789e-04 3.327870489231e-01
2.835175879397e-04 2.597143110123e-01 2.835175879397e-04 1.462000000000e-01 2.835175879397e-04 2.631538086429e-01 2.835175879397e-04 3.334528724578e-01
2.858040201005e-04 2.594645273369e-01 2.858040201005e-04 1.462000000000e-01 2.858040201005e-04 2.630954141336e-01 2.858040201005e-04 3.340616490715e-01
2.880904522613e-04 2.592553538054e-01 2.880904522613e-04 1.462000000000e-01 2.880904522613e-04 2.630320801512e-01 2.880904522613e-04 3.346183240317e-01
2.903768844221e-04 2.590804107731e-01 2.903768844221e-04 1.462000000000e-01 2.903768844221e-04 2.629634299615e-01 2.903768844221e-04 3.351274821913e-01
2.926633165829e-04 2.589342455419e-01 2.926633165829e-04 1.462000000000e-01 2.926633165829e-04 2.628890730642e-01 2.926633165829e-04 3.355933505985e-01
2.949497487437e-04 2.588122225137e-01 2.949497487437e-04 1.462000000000e-01 2.949497487437e-04 2.628086073019e-01 2.949497487437e-04 3.360198087209e-01
2.972361809045e-04 2.587104178309e-01 2.972361809045e-04 1.462000000000e-01 2.972361809045e-04 2.627216216087e-01 2.972361809045e-04 3.364104039274e-01
2.995226130653e-04 2.586255218070e-01 2.995226130653e-04 1.462000000000e-01 2.995226130653e-04 2.626276994732e-01 2.995226130653e-04 3.367683703554e-01
3.018090452261e-04 2.585547507885e-01 3.018090452261e-04 1.462000000000e-01 3.018090452261e-04 2.625264231871e-01 3.018090452261e-04 3.370966497150e-01
3.040954773869e-04 2.584957689821e-01 3.040954773869e-04 1.462000000000e-01 3.040954773869e-04 2.624173789400e-01 3.040954773869e-04 3.373979129358e-01
3.063819095477e-04 2.584466200740e-01 3.063819095477e-04 1.462000000000e-01 3.063819095477e-04 2.623001628055e-01 3.063819095477e-04 3.376745818546e-01
3.086683417085e-04 2.584056680507e-01 3.086683417085e-04 1.462000000000e-01 3.086683417085e-04 2.621743876429e-01 3.086683417085e-04 3.379288503758e-01
3.109547738693e-04 2.583715464077e-01 3.109547738693e-04 1.462000000000e-01 3.109547738693e-04 2.620396909072e-01 3.109547738693e-04 3.381627047173e-01
3.132412060302e-04 2.583431148443e-01 3.132412060302e-04 1.462000000000e-01 3.132412060302e-04 2.618957433224e-01 3.132412060302e-04 3.383779424995e-01
3.155276381910e-04 2.583194225336e-01 3.155276381910e-04 1.462000000000e-01 3.155276381910e-04 2.617422583302e-01 3.155276381910e-04 3.385761905360e-01
3.178140703518e-04 2.582996770990e-01 3.178140703518e-04 1.462000000000e-01 3.178140703518e-04 2.615790021686e-01 3.178140703518e-04 3.387589212669e-01
3.201005025126e-04 2.582832184993e-01 3.201005025126e-04 1.462000000000e-01 3.201005025126e-04 2.614058043772e-01 3.201005025126e-04 3.389274678299e-01
3.223869346734e-04 2.582694971036e-01 3.223869346734e-04 1.462000000000e-01 3.223869346734e-04 2.612225684646e-01 3.223869346734e-04 3.390830378023e-01
3.246733668342e-04 2.582580553237e-01 3.246733668342e-04 1.462000000000e-01 3.246733668342e-04 2.610292824062e-01 3.246733668342e-04 3.392267256739e-01
3.269597989950e-04 2.582485122546e-01 3.269597989950e-04 1.462000000000e-01 3.269597989950e-04 2.608260285854e-01 3.269597989950e-04 3.393595241284e-01
3.292462311558e-04 2.582405508465e-01 3.292462311558e-04 1.462000000000e-01 3.292462311558e-04 2.606129927403e-01 3.292462311558e-04 3.394823342148e-01
3.315326633166e-04 2.582339072040e-01 3.315326633166e-04 1.462000000000e-01 3.315326633166e-04 2.603904714451e-01 3.315326633166e-04 3.395959745002e-01
3.338190954774e-04 2.582283616670e-01 3.338190954774e-04 1.462000000000e-01 3.338190954774e-04 2.601588776468e-01 3.338190954774e-04 3.397011892895e-01
3.361055276382e-04 2.582237313822e-01 3.361055276382e-04 1.462000000000e-01 3.361055276382e-04 2.599187437946e-01 3.361055276382e-04 3.397986559990e-01
3.383919597990e-04 2.582198641188e-01 3.383919597990e-04 1.462000000000e-01 3.383919597990e-04 2.596707221471e-01 3.383919597990e-04 3.398889917643e-01
3.406783919598e-04 2.582166331221e-01 3.406783919598e-04 1.462000000000e-01 3.406783919598e-04 2.594155819322e-01 3.406783919598e-04 3.399727593591e-01
3.429648241206e-04 2.582139328326e-01 3.429648241206e-04 1.462000000000e-01 3.429648241206e-04 2.591542031467e-01 3.429648241206e-04 3.400504724940e-01
3.452512562814e-04 2.582116753250e-01 3.452512562814e-04 1.462000000000e-01 3.452512562814e-04 2.588875669330e-01 3.452512562814e-04 3.401226005622e-01
3.475376884422e-04 2.582097873474e-01 3.475376884422e-04 1.462000000000e-01 3.475376884422e-04 2.586167426371e-01 3.475376884422e-04 3.401895728872e-01
3.498241206030e-04 2.582082078580e-01 3.498241206030e-04 1.462000000000e-01 3.498241206030e-04 2.583428718287e-01 3.498241206030e-04 3.402517825293e-01
3.521105527638e-04 2.582068859783e-01 3.521105527638e-04 1.462000000000e-01 3.521105527638e-04 2.580671497390e-01 3.521105527638e-04 3.403095896961e-01
3.543969849246e-04 2.582057792891e-01 3.543969849246e-04 1.462000000000e-01 3.543969849246e-04 2.577908047269e-01 3.543969849246e-04 3.403633248004e-01
3.566834170854e-04 2.582048524155e-01 3.566834170854e-04 1.462000000000e-01 3.566834170854e-04 2.575150765053e-01 3.566834170854e-04 3.404132912055e-01
3.589698492462e-04 2.582040758480e-01 3.589698492462e-04 1.462000000000e-01 3.589698492462e-04 2.572411939405e-01 3.589698492462e-04 3.404597676891e-01
3.612562814070e-04 2.582034249630e-01 3.612562814070e-04 1.462000000000e-01 3.612562814070e-04 2.569703532642e-01 3.612562814070e-04 3.405030106594e-01
3.635427135678e-04 2.582028792079e-01 3.635427135678e-04 1.462000000000e-01 3.635427135678e-04 2.567036975104e-01 3.635427135678e-04 3.405432561484e-01
3.658291457286e-04 2.582024214225e-01 3.658291457286e-04 1.462000000000e-01 3.658291457286e-04 2.564422979126e-01 3.658291457286e-04 3.405807216078e-01
3.681155778894e-04 2.582020372742e-01 3.681155778894e-04 1.462000000000e-01 3.681155778894e-04 2.561871378741e-01 3.681155778894e-04 3.406156075275e-01
3.704020100503e-04 2.582017147887e-01 3.704020100503e-04 1.462000000000e-01 3.704020100503e-04 2.559390999695e-01 3.704020100503e-04 3.406480988975e-01
3.726884422111e-04 2.582014439582e-01 3.726884422111e-04 1.462000000000e-01 3.726884422111e-04 2.556989562621e-01 3.726884422111e-04 3.406783665283e-01
3.749748743719e-04 2.582012164157e-01 3.749748743719e-04 1.462000000000e-01 3.749748743719e-04 2.554673620448e-01 3.749748743719e-04 3.407065682459e-01
3.772613065327e-04 2.582010251635e-01 3.772613065327e-04 1.462000000000e-01 3.772613065327e-04 2.552448529436e-01 3.772613065327e-04 3.407328499741e-01
3.795477386935e-04 2.582008643470e-01 3.795477386935e-04 1.462000000000e-01 3.795477386935e-04 2.550318451757e-01 3.795477386935e-04 3.407573467159e-01
3.818341708543e-04 2.582007290664e-01 3.818341708543e-04 1.462000000000e-01 3.818341708543e-04 2.548286386360e-01 3.818341708543e-04 3.407801834450e-01
3.841206030151e-04 2.582006152190e-01 3.841206030151e-04 1.462000000000e-01 3.841206030151e-04 2.546354224007e-01 3.841206030151e-04 3.408014759156e-01
3.864070351759e-04 2.582005193689e-01 3.864070351759e-04 1.462000000000e-01 3.864070351759e-04 2.544522821848e-01 3.864070351759e-04 3.408213313997e-01
3.886934673367e-04 2.582004386369e-01 3.886934673367e-04 1.462000000000e-01 3.886934673367e-04 2.542792092751e-01 3.886934673367e-04 3.408398493590e-01
3.909798994975e-04 2.582003706097e-01 3.909798994975e-04 1.462000000000e-01 3.909798994975e-04 2.541161104665e-01 3.909798994975e-04 3.408571220572e-01
3.932663316583e-04 2.582003132636e-01 3.932663316583e-04 1.462000000000e-01 3.932663316583e-04 2.539628185638e-01 3.932663316583e-04 3.408732351200e-01
3.955527638191e-04 2.582002649012e-01 3.955527638191e-04 1.462000000000e-01 3.955527638191e-04 2.538191030609e-01 3.955527638191e-04 3.408882680460e-01
3.978391959799e-04 2.582002240977e-01 3.978391959799e-04 1.462000000000e-01 3.978391959799e-04 2.536846806642e-01 3.978391959799e-04 3.409022946751e-01
4.001256281407e-04 2.582001896573e-01 4.001256281407e-04 1.462000000000e-01 4.001256281407e-04 2.535592253954e-01 4.001256281407e-04 3.409153836174e-01
4.024120603015e-04 2.582001605752e-01 4.024120603015e-04 1.462000000000e-01 4.024120603015e-04 2.534423780676e-01 4.024120603015e-04 3.409275986458e-01
4.046984924623e-04 2.582001360076e-01 4.046984924623e-04 1.462000000000e-01 4.046984924623e-04 2.533337549912e-01 4.046984924623e-04 3.409389990574e-01
4.069849246231e-04 2.582001152450e-01 4.069849246231e-04 1.462000000000e-01 4.069849246231e-04 2.532329558177e-01 4.069849246231e-04 3.409496400049e-01
4.092713567839e-04 2.582000976907e-01 4.092713567839e-04 1.462000000000e-01 4.092713567839e-04 2.531395704776e-01 4.092713567839e-04 3.409595728012e-01
4.115577889447e-04 2.582000828428e-01 4.115577889447e-04 1.462000000000e-01 4.115577889447e-04 2.530531852044e-01 4.115577889447e-04 3.409688452004e-01
4.138442211055e-04 2.582000702788e-01 4.138442211055e-04 1.462000000000e-01 4.138442211055e-04 2.529733876678e-01 4.138442211055e-04 3.409775016559e-01
4.161306532663e-04 2.582000596432e-01 4.161306532663e-04 1.462000000000e-01 4.161306532663e-04 2.528997712625e-01 4.161306532663e-04 3.409855835592e-01
4.184170854271e-04 2.582000506362e-01 4.184170854271e-04 1.462000000000e-01 4.184170854271e-04 2.528319386112e-01 4.184170854271e-04 3.409931294589e-01
4.207035175879e-04 2.582000430055e-01 4.207035175879e-04 1.462000000000e-01 4.207035175879e-04 2.527695043541e-01 4.207035175879e-04 3.410001752642e-01
4.229899497487e-04 2.582000365381e-01 4.229899497487e-04 1.462000000000e-01 4.229899497487e-04 2.527120973002e-01 4.229899497487e-04 3.410067544324e-01
4.252763819095e-04 2.582000310545e-01 4.252763819095e-04 1.462000000000e-01 4.252763819095e-04 2.526593620159e-01 4.252763819095e-04 3.410128981420e-01
4.275628140704e-04 2.582000264034e-01 4.275628140704e-04 1.462000000000e-01 4.275628140704e-04 2.526109599284e-01 4.275628140704e-04 3.410186354532e-01
4.298492462312e-04 2.582000224567e-01 4.298492462312e-04 1.462000000000e-01 4.298492462312e-04 2.525665700122e-01 4.298492462312e-04 3.410239934559e-01
4.321356783920e-04 2.582000191065e-01 4.321356783920e-04 1.462000000000e-01 4.321356783920e-04 2.525258891289e-01 4.321356783920e-04 3.410289974080e-01
4.344221105528e-04 2.582000162616e-01 4.344221105528e-04 1.462000000000e-01 4.344221105528e-04 2.524886320767e-01 4.344221105528e-04 3.410336708619e-01
4.367085427136e-04 2.582000138449e-01 4.367085427136e-04 1.462000000000e-01 4.367085427136e-04 2.524545314075e-01 4.367085427136e-04 3.410380357831e-01
4.389949748744e-04 2.582000117912e-01 4.389949748744e-04 1.462000000000e-01 4.389949748744e-04 2.524233370573e-01 4.389949748744e-04 3.410421126595e-01
4.412814070352e-04 2.582000100453e-01 4.412814070352e-04 1.462000000000e-01 4.412814070352e-04 2.523948158313e-01 4.412814070352e-04 3.410459206033e-01
4.435678391960e-04 2.582000085606e-01 4.435678391960e-04 1.462000000000e-01 4.435678391960e-04 2.523687507816e-01 4.435678391960e-04 3.410494774451e-01
4.458542713568e-04 2.582000072976e-01 4.458542713568e-04 1.462000000000e-01 4.458542713568e-04 2.523449405055e-01 4.458542713568e-04 3.410527998215e-01
4.481407035176e-04 2.582000062227e-01 4.481407035176e-04 1.462000000000e-01 4.481407035176e-04 2.523231983911e-01 4.481407035176e-04 3.410559032569e-01
4.504271356784e-04 2.582000053078e-01 4.504271356784e-04 1.462000000000e-01 4.504271356784e-04 2.523033518318e-01 4.504271356784e-04 3.410588022390e-01
4.527135678392e-04 2.582000045286e-01 4.527135678392e-04 1.462000000000e-01 4.527135678392e-04 2.522852414252e-01 4.527135678392e-04 3.410615102889e-01
4.550000000000e-04 2.582000038649e-01 4.550000000000e-04 1.462000000000e-01 4.550000000000e-04 2.522687201716e-01 4.550000000000e-04 3.410640400269e-01
