0.000000000000e+00 1.295000039746e-01 0.000000000000e+00 1.062000701015e-01 0.000000000000e+00 2.864999573573e-01 0.000000000000e+00 2.782994419010e-01 0.000000000000e+00 1.995000000000e-01
2.381909547739e-06 1.295000047430e-01 2.381909547739e-06 1.062000810091e-01 2.381909547739e-06 2.864999509416e-01 2.381909547739e-06 2.782993713987e-01 2.381909547739e-06 1.995000000000e-01
4.763819095477e-06 1.295000056600e-01 4.763819095477e-06 1.062000936140e-01 4.763819095477e-06 2.864999435607e-01 4.763819095477e-06 2.782992919902e-01 4.763819095477e-06 1.995000000000e-01
7.145728643216e-06 1.295000067542e-01 7.145728643216e-06 1.062001081802e-01 7.145728643216e-06 2.864999350693e-01 7.145728643216e-06 2.782992025504e-01 7.145728643216e-06 1.995000000000e-01
9.527638190955e-06 1.295000080599e-01 9.527638190955e-06 1.062001250129e-01 9.527638190955e-06 2.864999253003e-01 9.527638190955e-06 2.782991018123e-01 9.527638190955e-06 1.995000000000e-01
1.190954773869e-05 1.295000096181e-01 1.190954773869e-05 1.062001444648e-01 1.190954773869e-05 2.864999140616e-01 1.190954773869e-05 2.782989883484e-01 1.190954773869e-05 1.995000000000e-01
1.429145728643e-05 1.295000114775e-01 1.429145728643e-05 1.062001669434e-01 1.429145728643e-05 2.864999011320e-01 1.429145728643e-05 2.782988605514e-01 1.429145728643e-05 1.995000000000e-01
1.667336683417e-05 1.295000136964e-01 1.667336683417e-05 1.062001929198e-01 1.667336683417e-05 2.864998862571e-01 1.667336683417e-05 2.782987166107e-01 1.667336683417e-05 1.995000000000e-01
1.905527638191e-05 1.295000163442e-01 1.905527638191e-05 1.062002229382e-01 1.905527638191e-05 2.864998691443e-01 1.905527638191e-05 2.782985544869e-01 1.905527638191e-05 1.995000000000e-01
2.143718592965e-05 1.295000195039e-01 2.143718592965e-05 1.062002576277e-01 2.143718592965e-05 2.864998494568e-01 2.143718592965e-05 2.782983718832e-01 2.143718592965e-05 1.995000000000e-01
2.381909547739e-05 1.295000232745e-01 2.381909547739e-05 1.062002977150e-01 2.381909547739e-05 2.864998268073e-01 2.381909547739e-05 2.782981662126e-01 2.381909547739e-05 1.995000000000e-01
2.620100502513e-05 1.295000277740e-01 2.620100502513e-05 1.062003440403e-01 2.620100502513e-05 2.864998007501e-01 2.620100502513e-05 2.782979345615e-01 2.620100502513e-05 1.995000000000e-01
2.858291457286e-05 1.295000331434e-01 2.858291457286e-05 1.062003975741e-01 2.858291457286e-05 2.864997707726e-01 2.858291457286e-05 2.782976736480e-01 2.858291457286e-05 1.995000000000e-01
3.096482412060e-05 1.295000395509e-01 3.096482412060e-05 1.062004594384e-01 3.096482412060e-05 2.864997362849e-01 3.096482412060e-05 2.782973797760e-01 3.096482412060e-05 1.995000000000e-01
3.334673366834e-05 1.295000471970e-01 3.334673366834e-05 1.062005309295e-01 3.334673366834e-05 2.864996966085e-01 3.334673366834e-05 2.782970487822e-01 3.334673366834e-05 1.995000000000e-01
3.572864321608e-05 1.295000563213e-01 3.572864321608e-05 1.062006135457e-01 3.572864321608e-05 2.864996509628e-01 3.572864321608e-05 2.782966759779e-01 3.572864321608e-05 1.995000000000e-01
3.811055276382e-05 1.295000672096e-01 3.811055276382e-05 1.062007090183e-01 3.811055276382e-05 2.864995984496e-01 3.811055276382e-05 2.782962560820e-01 3.811055276382e-05 1.995000000000e-01
4.049246231156e-05 1.295000802028e-01 4.049246231156e-05 1.062008193483e-01 4.049246231156e-05 2.864995380357e-01 4.049246231156e-05 2.782957831465e-01 4.049246231156e-05 1.995000000000e-01
4.287437185930e-05 1.295000957080e-01 4.287437185930e-05 1.062009468480e-01 4.287437185930e-05 2.864994685325e-01 4.287437185930e-05 2.782952504722e-01 4.287437185930e-05 1.995000000000e-01
4.525628140704e-05 1.295001142106e-01 4.525628140704e-05 1.062010941898e-01 4.525628140704e-05 2.864993885725e-01 4.525628140704e-05 2.782946505141e-01 4.525628140704e-05 1.995000000000e-01
4.763819095477e-05 1.295001362902e-01 4.763819095477e-05 1.062012644622e-01 4.763819095477e-05 2.864992965824e-01 4.763819095477e-05 2.782939747744e-01 4.763819095477e-05 1.995000000000e-01
5.002010050251e-05 1.295001626384e-01 5.002010050251e-05 1.062014612345e-01 5.002010050251e-05 2.864991907523e-01 5.002010050251e-05 2.782932136821e-01 5.002010050251e-05 1.995000000000e-01
5.240201005025e-05 1.295001940803e-01 5.240201005025e-05 1.062016886317e-01 5.240201005025e-05 2.864990690001e-01 5.240201005025e-05 2.782923564580e-01 5.240201005025e-05 1.995000000000e-01
5.478391959799e-05 1.295002316006e-01 5.478391959799e-05 1.062019514213e-01 5.478391959799e-05 2.864989289301e-01 5.478391959799e-05 2.782913909619e-01 5.478391959799e-05 1.995000000000e-01
5.716582914573e-05 1.295002763745e-01 5.716582914573e-05 1.062022551134e-01 5.716582914573e-05 2.864987677866e-01 5.716582914573e-05 2.782903035209e-01 5.716582914573e-05 1.995000000000e-01
5.954773869347e-05 1.295003298042e-01 5.954773869347e-05 1.062026060759e-01 5.954773869347e-05 2.864985823991e-01 5.954773869347e-05 2.782890787362e-01 5.954773869347e-05 1.995000000000e-01
6.192964824121e-05 1.295003935630e-01 6.192964824121e-05 1.062030116691e-01 6.192964824121e-05 2.864983691199e-01 6.192964824121e-05 2.782876992654e-01 6.192964824121e-05 1.995000000000e-01
6.431155778894e-05 1.295004696479e-01 6.431155778894e-05 1.062034803999e-01 6.431155778894e-05 2.864981237529e-01 6.431155778894e-05 2.782861455771e-01 6.431155778894e-05 1.995000000000e-01
6.669346733668e-05 1.295005604416e-01 6.669346733668e-05 1.062040221004e-01 6.669346733668e-05 2.864978414705e-01 6.669346733668e-05 2.782843956751e-01 6.669346733668e-05 1.995000000000e-01
6.907537688442e-05 1.295006687877e-01 6.907537688442e-05 1.062046481355e-01 6.907537688442e-05 2.864975167188e-01 6.907537688442e-05 2.782824247878e-01 6.907537688442e-05 1.995000000000e-01
7.145728643216e-05 1.295007980793e-01 7.145728643216e-05 1.062053716411e-01 7.145728643216e-05 2.864971431082e-01 7.145728643216e-05 2.782802050181e-01 7.145728643216e-05 1.995000000000e-01
7.383919597990e-05 1.295009523657e-01 7.383919597990e-05 1.062062078015e-01 7.383919597990e-05 2.864967132879e-01 7.383919597990e-05 2.782777049497e-01 7.383919597990e-05 1.995000000000e-01
7.622110552764e-05 1.295011364785e-01 7.622110552764e-05 1.062071741683e-01 7.622110552764e-05 2.864962188013e-01 7.622110552764e-05 2.782748892041e-01 7.622110552764e-05 1.995000000000e-01
7.860301507538e-05 1.295013561838e-01 7.860301507538e-05 1.062082910314e-01 7.860301507538e-05 2.864956499190e-01 7.860301507538e-05 2.782717179410e-01 7.860301507538e-05 1.995000000000e-01
8.098492462312e-05 1.295016183618e-01 8.098492462312e-05 1.062095818458e-01 8.098492462312e-05 2.864949954482e-01 8.098492462312e-05 2.782681462973e-01 8.098492462312e-05 1.995000000000e-01
8.336683417085e-05 1.295019312231e-01 8.336683417085e-05 1.062110737276e-01 8.336683417085e-05 2.864942425116e-01 8.336683417085e-05 2.782641237543e-01 8.336683417085e-05 1.995000000000e-01
8.574874371859e-05 1.295023045649e-01 8.574874371859e-05 1.062127980261e-01 8.574874371859e-05 2.864933762945e-01 8.574874371859e-05 2.782595934272e-01 8.574874371859e-05 1.995000000000e-01
8.813065326633e-05 1.295027500782e-01 8.813065326633e-05 1.062147909870e-01 8.813065326633e-05 2.864923797528e-01 8.813065326633e-05 2.782544912638e-01 8.813065326633e-05 1.995000000000e-01
9.051256281407e-05 1.295032817137e-01 9.051256281407e-05 1.062170945194e-01 9.051256281407e-05 2.864912332777e-01 9.051256281407e-05 2.782487451440e-01 9.051256281407e-05 1.995000000000e-01
9.289447236181e-05 1.295039161182e-01 9.289447236181e-05 1.062197570839e-01 9.289447236181e-05 2.864899143092e-01 9.289447236181e-05 2.782422738663e-01 9.289447236181e-05 1.995000000000e-01
9.527638190955e-05 1.295046731556e-01 9.527638190955e-05 1.062228347205e-01 9.527638190955e-05 2.864883968919e-01 9.527638190955e-05 2.782349860078e-01 9.527638190955e-05 1.995000000000e-01
9.765829145729e-05 1.295055765283e-01 9.765829145729e-05 1.062263922390e-01 9.765829145729e-05 2.864866511637e-01 9.765829145729e-05 2.782267786412e-01 9.765829145729e-05 1.994999999999e-01
1.000402010050e-04 1.295066545186e-01 1.000402010050e-04 1.062305045984e-01 1.000402010050e-04 2.864846427668e-01 1.000402010050e-04 2.782175358919e-01 1.000402010050e-04 1.994999999999e-01
1.024221105528e-04 1.295079408734e-01 1.024221105528e-04 1.062352585038e-01 1.024221105528e-04 2.864823321703e-01 1.024221105528e-04 2.782071273155e-01 1.024221105528e-04 1.994999999998e-01
1.048040201005e-04 1.295094758587e-01 1.048040201005e-04 1.062407542580e-01 1.048040201005e-04 2.864796738900e-01 1.048040201005e-04 2.781954060720e-01 1.048040201005e-04 1.994999999997e-01
1.071859296482e-04 1.295113075182e-01 1.071859296482e-04 1.062471079074e-01 1.071859296482e-04 2.864766155906e-01 1.071859296482e-04 2.781822068731e-01 1.071859296482e-04 1.994999999995e-01
1.095678391960e-04 1.295134931744e-01 1.095678391960e-04 1.062544537299e-01 1.095678391960e-04 2.864730970509e-01 1.095678391960e-04 2.781673436735e-01 1.095678391960e-04 1.994999999991e-01
1.119497487437e-04 1.295161012176e-01 1.119497487437e-04 1.062629471213e-01 1.119497487437e-04 2.864690489727e-01 1.119497487437e-04 2.781506070739e-01 1.119497487437e-04 1.994999999984e-01
1.143316582915e-04 1.295192132407e-01 1.143316582915e-04 1.062727679444e-01 1.143316582915e-04 2.864643916082e-01 1.143316582915e-04 2.781317614008e-01 1.143316582915e-04 1.994999999973e-01
1.167135678392e-04 1.295229265827e-01 1.167135678392e-04 1.062841244165e-01 1.167135678392e-04 2.864590331774e-01 1.167135678392e-04 2.781105414209e-01 1.167135678392e-04 1.994999999955e-01
1.190954773869e-04 1.295273573615e-01 1.190954773869e-04 1.062972576247e-01 1.190954773869e-04 2.864528680450e-01 1.190954773869e-04 2.780866486452e-01 1.190954773869e-04 1.994999999924e-01
1.214773869347e-04 1.295326440879e-01 1.214773869347e-04 1.063124467716e-01 1.214773869347e-04 2.864457746154e-01 1.214773869347e-04 2.780597471685e-01 1.214773869347e-04 1.994999999872e-01
1.238592964824e-04 1.295389519707e-01 1.238592964824e-04 1.063300152745e-01 1.238592964824e-04 2.864376129053e-01 1.238592964824e-04 2.780294589860e-01 1.238592964824e-04 1.994999999783e-01
1.262412060302e-04 1.295464780452e-01 1.262412060302e-04 1.063503378590e-01 1.262412060302e-04 2.864282217393e-01 1.262412060302e-04 2.779953587160e-01 1.262412060302e-04 1.994999999633e-01
1.286231155779e-04 1.295554572776e-01 1.286231155779e-04 1.063738488157e-01 1.286231155779e-04 2.864174155087e-01 1.286231155779e-04 2.779569676504e-01 1.286231155779e-04 1.994999999379e-01
1.310050251256e-04 1.295661698315e-01 1.310050251256e-04 1.064010516161e-01 1.310050251256e-04 2.864049804228e-01 1.310050251256e-04 2.779137470382e-01 1.310050251256e-04 1.994999998950e-01
1.333869346734e-04 1.295789497082e-01 1.333869346734e-04 1.064325301195e-01 1.333869346734e-04 2.863906701673e-01 1.333869346734e-04 2.778650904946e-01 1.333869346734e-04 1.994999998225e-01
1.357688442211e-04 1.295941950196e-01 1.357688442211e-04 1.064689616438e-01 1.357688442211e-04 2.863742008700e-01 1.357688442211e-04 2.778103154044e-01 1.357688442211e-04 1.994999996999e-01
1.381507537688e-04 1.296123801878e-01 1.381507537688e-04 1.065111322233e-01 1.381507537688e-04 2.863552452548e-01 1.381507537688e-04 2.777486531651e-01 1.381507537688e-04 1.994999994926e-01
1.405326633166e-04 1.296340704230e-01 1.405326633166e-04 1.065599544332e-01 1.405326633166e-04 2.863334258408e-01 1.405326633166e-04 2.776792380817e-01 1.405326633166e-04 1.994999991420e-01
1.429145728643e-04 1.296599388858e-01 1.429145728643e-04 1.066164882316e-01 1.429145728643e-04 2.863083070136e-01 1.429145728643e-04 2.776010946806e-01 1.429145728643e-04 1.994999985493e-01
1.452964824121e-04 1.296907870039e-01 1.452964824121e-04 1.066819653552e-01 1.452964824121e-04 2.862793857597e-01 1.452964824121e-04 2.775131231554e-01 1.452964824121e-04 1.994999975470e-01
1.476783919598e-04 1.297275684881e-01 1.476783919598e-04 1.067578179009e-01 1.476783919598e-04 2.862460808088e-01 1.476783919598e-04 2.774140825824e-01 1.476783919598e-04 1.994999958523e-01
1.500603015075e-04 1.297714176671e-01 1.500603015075e-04 1.068457118491e-01 1.500603015075e-04 2.862077198674e-01 1.500603015075e-04 2.773025714417e-01 1.500603015075e-04 1.994999929869e-01
1.524422110553e-04 1.298236828452e-01 1.524422110553e-04 1.069475864275e-01 1.524422110553e-04 2.861635245532e-01 1.524422110553e-04 2.771770048492e-01 1.524422110553e-04 1.994999881419e-01
1.548241206030e-04 1.298859654682e-01 1.548241206030e-04 1.070657003866e-01 1.548241206030e-04 2.861125925416e-01 1.548241206030e-04 2.770355877211e-01 1.548241206030e-04 1.994999799497e-01
1.572060301508e-04 1.299601659651e-01 1.572060301508e-04 1.072026864685e-01 1.572060301508e-04 2.860538763068e-01 1.572060301508e-04 2.768762828482e-01 1.572060301508e-04 1.994999660980e-01
1.595879396985e-04 1.300485371991e-01 1.595879396985e-04 1.073616156019e-01 1.595879396985e-04 2.859861576751e-01 1.595879396985e-04 2.766967725258e-01 1.595879396985e-04 1.994999426767e-01
1.619698492462e-04 1.301537465080e-01 1.619698492462e-04 1.075460726582e-01 1.619698492462e-04 2.859080171877e-01 1.619698492462e-04 2.764944119316e-01 1.619698492462e-04 1.994999030749e-01
1.643517587940e-04 1.302789473229e-01 1.643517587940e-04 1.077602459717e-01 1.643517587940e-04 2.858177969851e-01 1.643517587940e-04 2.762661718311e-01 1.643517587940e-04 1.994998361142e-01
1.667336683417e-04 1.304278613014e-01 1.667336683417e-04 1.080090332642e-01 1.667336683417e-04 2.857135555428e-01 1.667336683417e-04 2.760085673565e-01 1.667336683417e-04 1.994997228940e-01
1.691155778894e-04 1.306048717812e-01 1.691155778894e-04 1.082981671380e-01 1.691155778894e-04 2.855930120894e-01 1.691155778894e-04 2.757175684800e-01 1.691155778894e-04 1.994995314569e-01
1.714974874372e-04 1.308151291128e-01 1.714974874372e-04 1.086343639229e-01 1.714974874372e-04 2.854534778797e-01 1.714974874372e-04 2.753884862823e-01 1.714974874372e-04 1.994992077694e-01
1.738793969849e-04 1.310646680443e-01 1.738793969849e-04 1.090255003818e-01 1.738793969849e-04 2.852917706340e-01 1.738793969849e-04 2.750158270947e-01 1.738793969849e-04 1.994986604741e-01
1.762613065327e-04 1.313605367912e-01 1.762613065327e-04 1.094808235930e-01 1.762613065327e-04 2.851041073457e-01 1.762613065327e-04 2.745931039078e-01 1.762613065327e-04 1.994977351144e-01
1.786432160804e-04 1.317109367368e-01 1.786432160804e-04 1.100112001967e-01 1.786432160804e-04 2.848859692424e-01 1.786432160804e-04 2.741125909477e-01 1.786432160804e-04 1.994961705706e-01
1.810251256281e-04 1.321253709560e-01 1.810251256281e-04 1.106294120358e-01 1.810251256281e-04 2.846319309457e-01 1.810251256281e-04 2.735650028690e-01 1.810251256281e-04 1.994935254528e-01
1.834070351759e-04 1.326147991615e-01 1.834070351759e-04 1.113505058521e-01 1.834070351759e-04 2.843354438158e-01 1.834070351759e-04 2.729390745335e-01 1.834070351759e-04 1.994890537923e-01
1.857889447236e-04 1.331917966782e-01 1.857889447236e-04 1.121922047747e-01 1.857889447236e-04 2.839885612420e-01 1.857889447236e-04 2.722210109655e-01 1.857889447236e-04 1.994814952855e-01
1.881708542714e-04 1.338707165742e-01 1.881708542714e-04 1.131753882389e-01 1.881708542714e-04 2.835815916225e-01 1.881708542714e-04 2.713937703775e-01 1.881708542714e-04 1.994687218573e-01
1.905527638191e-04 1.346678587256e-01 1.905527638191e-04 1.143246436117e-01 1.905527638191e-04 2.831026638186e-01 1.905527638191e-04 2.704361376191e-01 1.905527638191e-04 1.994471435594e-01
1.929346733668e-04 1.356016601894e-01 1.929346733668e-04 1.156688854236e-01 1.929346733668e-04 2.825371916398e-01 1.929346733668e-04 2.693215441772e-01 1.929346733668e-04 1.994107140188e-01
1.953165829146e-04 1.366929424676e-01 1.953165829146e-04 1.172420239038e-01 1.953165829146e-04 2.818672314752e-01 1.953165829146e-04 2.680166000535e-01 1.953165829146e-04 1.993492771504e-01
1.976984924623e-04 1.379652904493e-01 1.976984924623e-04 1.190836393957e-01 1.976984924623e-04 2.810707457830e-01 1.976984924623e-04 2.664793334507e-01 1.976984924623e-04 1.992458517888e-01
2.000804020101e-04 1.394457060781e-01 2.000804020101e-04 1.212395775996e-01 2.000804020101e-04 2.801208229944e-01 2.000804020101e-04 2.646572044116e-01 2.000804020101e-04 1.990722648133e-01
2.024623115578e-04 1.411657922902e-01 2.024623115578e-04 1.237623159625e-01 2.024623115578e-04 2.789849730283e-01 2.024623115578e-04 2.624850958201e-01 2.024623115578e-04 1.987823874147e-01
2.048442211055e-04 1.431638968416e-01 2.048442211055e-04 1.267108585249e-01 2.048442211055e-04 2.776247300702e-01 2.048442211055e-04 2.598837245945e-01 2.048442211055e-04 1.983023712195e-01
2.072261306533e-04 1.454888915614e-01 2.072261306533e-04 1.301497959133e-01 2.072261306533e-04 2.759959579841e-01 2.072261306533e-04 2.567592885792e-01 2.072261306533e-04 1.975184711919e-01
2.096080402010e-04 1.482065538931e-01 2.096080402010e-04 1.341470354224e-01 2.096080402010e-04 2.740504533129e-01 2.096080402010e-04 2.530056629912e-01 2.096080402010e-04 1.962669144683e-01
2.119899497487e-04 1.514097120935e-01 2.119899497487e-04 1.387696100507e-01 2.119899497487e-04 2.717396066442e-01 2.119899497487e-04 2.485109660584e-01 2.119899497487e-04 1.943390531958e-01
2.143718592965e-04 1.552329697813e-01 2.143718592965e-04 1.440770072810e-01 2.143718592965e-04 2.690208530542e-01 2.143718592965e-04 2.431704907356e-01 2.143718592965e-04 1.915274230965e-01
2.167537688442e-04 1.598708401193e-01 2.167537688442e-04 1.501117572793e-01 2.167537688442e-04 2.658671551957e-01 2.167537688442e-04 2.369072227131e-01 2.167537688442e-04 1.877372874684e-01
2.191356783920e-04 1.655923338775e-01 2.191356783920e-04 1.568877300376e-01 2.191356783920e-04 2.622785681531e-01 2.191356783920e-04 2.296986842167e-01 2.191356783920e-04 1.831351273111e-01
2.215175879397e-04 1.727328218656e-01 2.215175879397e-04 1.643777460790e-01 2.215175879397e-04 2.582931037542e-01 2.215175879397e-04 2.216044654769e-01 2.215175879397e-04 1.782017750216e-01
2.238994974874e-04 1.816272048580e-01 2.238994974874e-04 1.725034543469e-01 2.238994974874e-04 2.539924384410e-01 2.238994974874e-04 2.127840393049e-01 2.238994974874e-04 1.735513032003e-01
2.262814070352e-04 1.924470748016e-01 2.262814070352e-04 1.811313201897e-01 2.262814070352e-04 2.494980094990e-01 2.262814070352e-04 2.034930103887e-01 2.262814070352e-04 1.695790256250e-01
2.286633165829e-04 2.049651931266e-01 2.286633165829e-04 1.900781115696e-01 2.286633165829e-04 2.449559330862e-01 2.286633165829e-04 1.940516877558e-01 2.286633165829e-04 1.660979332915e-01
2.310452261307e-04 2.184074526087e-01 2.310452261307e-04 1.991269524956e-01 2.310452261307e-04 2.405141988378e-01 2.310452261307e-04 1.847922146562e-01 2.310452261307e-04 1.617907139053e-01
2.334271356784e-04 2.316126129444e-01 2.334271356784e-04 2.080513878240e-01 2.334271356784e-04 2.362996672702e-01 2.334271356784e-04 1.760021292655e-01 2.334271356784e-04 1.535974289461e-01
2.358090452261e-04 2.434859690615e-01 2.358090452261e-04 2.166416916151e-01 2.358090452261e-04 2.324024539119e-01 2.358090452261e-04 1.678842557210e-01 2.358090452261e-04 1.406830486619e-01
2.381909547739e-04 2.534031032066e-01 2.381909547739e-04 2.247267170944e-01 2.381909547739e-04 2.288712909360e-01 2.381909547739e-04 1.605435722008e-01 2.381909547739e-04 1.304625233278e-01
2.405728643216e-04 2.612793988266e-01 2.405728643216e-04 2.321865076538e-01 2.405728643216e-04 2.257184393362e-01 2.405728643216e-04 1.539985356083e-01 2.405728643216e-04 1.261514185244e-01
2.429547738693e-04 2.673759848490e-01 2.429547738693e-04 2.389544763814e-01 2.429547738693e-04 2.229297909246e-01 2.429547738693e-04 1.482060393927e-01 2.429547738693e-04 1.247833754244e-01
2.453366834171e-04 2.720701282871e-01 2.453366834171e-04 2.450112360318e-01 2.453366834171e-04 2.204757519478e-01 2.453366834171e-04 1.430885825865e-01 2.453366834171e-04 1.243617887146e-01
2.477185929648e-04 2.757148210251e-01 2.477185929648e-04 2.503737785712e-01 2.477185929648e-04 2.183201482243e-01 2.477185929648e-04 1.385563958849e-01 2.477185929648e-04 1.242180187804e-01
2.501005025126e-04 2.785881155550e-01 2.501005025126e-04 2.550835689454e-01 2.501005025126e-04 2.164262143435e-01 2.501005025126e-04 1.345220534279e-01 2.501005025126e-04 1.241603802056e-01
2.524824120603e-04 2.808917601989e-01 2.524824120603e-04 2.591959749015e-01 2.524824120603e-04 2.147599193599e-01 2.524824120603e-04 1.309082337136e-01 2.524824120603e-04 1.241333074949e-01
2.548643216080e-04 2.827671026968e-01 2.548643216080e-04 2.627721441876e-01 2.548643216080e-04 2.132913615947e-01 2.548643216080e-04 1.276505450414e-01 2.548643216080e-04 1.241190866846e-01
2.572462311558e-04 2.843126297538e-01 2.572462311558e-04 2.658734602201e-01 2.572462311558e-04 2.119949859240e-01 2.572462311558e-04 1.246973741995e-01 2.572462311558e-04 1.241111325106e-01
2.596281407035e-04 2.855979391707e-01 2.596281407035e-04 2.685581780552e-01 2.596281407035e-04 2.108492022978e-01 2.596281407035e-04 1.220082575089e-01 2.596281407035e-04 1.241065444112e-01
2.620100502513e-04 2.866735266995e-01 2.620100502513e-04 2.708796694640e-01 2.620100502513e-04 2.098357786488e-01 2.620100502513e-04 1.195517410917e-01 2.620100502513e-04 1.241038604524e-01
2.643919597990e-04 2.875772217808e-01 2.643919597990e-04 2.728857384683e-01 2.643919597990e-04 2.089392153128e-01 2.643919597990e-04 1.173032704723e-01 2.643919597990e-04 1.241022806041e-01
2.667738693467e-04 2.883382905858e-01 2.667738693467e-04 2.746185848056e-01 2.667738693467e-04 2.081461965975e-01 2.667738693467e-04 1.152433627608e-01 2.667738693467e-04 1.241013481508e-01
2.691557788945e-04 2.889800242900e-01 2.691557788945e-04 2.761151200692e-01 2.691557788945e-04 2.074451497630e-01 2.691557788945e-04 1.133561441393e-01 2.691557788945e-04 1.241007971601e-01
2.715376884422e-04 2.895213806217e-01 2.715376884422e-04 2.774074475427e-01 2.715376884422e-04 2.068259082711e-01 2.715376884422e-04 1.116282451393e-01 2.715376884422e-04 1.241004714147e-01
2.739195979899e-04 2.899780457851e-01 2.739195979899e-04 2.785233938898e-01 2.739195979899e-04 2.062794622524e-01 2.739195979899e-04 1.100480054670e-01 2.739195979899e-04 1.241002787932e-01
2.763015075377e-04 2.903631443654e-01 2.763015075377e-04 2.794870318541e-01 2.763015075377e-04 2.057977758639e-01 2.763015075377e-04 1.086049273102e-01 2.763015075377e-04 1.241001648808e-01
2.786834170854e-04 2.906877347077e-01 2.786834170854e-04 2.803191644633e-01 2.786834170854e-04 2.053736529715e-01 2.786834170854e-04 1.072893175310e-01 2.786834170854e-04 1.241000975128e-01
2.810653266332e-04 2.909611714740e-01 2.810653266332e-04 2.810377592354e-01 2.810653266332e-04 2.050006362185e-01 2.810653266332e-04 1.060920669769e-01 2.810653266332e-04 1.241000576707e-01
2.834472361809e-04 2.911913834795e-01 2.834472361809e-04 2.816583305226e-01 2.834472361809e-04 2.046729283864e-01 2.834472361809e-04 1.050045249644e-01 2.834472361809e-04 1.241000341074e-01
2.858291457286e-04 2.913850950877e-01 2.858291457286e-04 2.821942728091e-01 2.858291457286e-04 2.043853283070e-01 2.858291457286e-04 1.040184366086e-01 2.858291457286e-04 1.241000201717e-01
2.882110552764e-04 2.915480079278e-01 2.882110552764e-04 2.826571497087e-01 2.882110552764e-04 2.041331761999e-01 2.882110552764e-04 1.031259191043e-01 2.882110552764e-04 1.241000119299e-01
2.905929648241e-04 2.916849530897e-01 2.905929648241e-04 2.830569438993e-01 2.905929648241e-04 2.039123052218e-01 2.905929648241e-04 1.023194599767e-01 2.905929648241e-04 1.241000070556e-01
2.929748743719e-04 2.918000201945e-01 2.929748743719e-04 2.834022730378e-01 2.929748743719e-04 2.037189973255e-01 2.929748743719e-04 1.015919257371e-01 2.929748743719e-04 1.241000041728e-01
2.953567839196e-04 2.918966676016e-01 2.953567839196e-04 2.837005762229e-01 2.953567839196e-04 2.035499423742e-01 2.953567839196e-04 1.009365734595e-01 2.953567839196e-04 1.241000024679e-01
2.977386934673e-04 2.919778167921e-01 2.977386934673e-04 2.839582750224e-01 2.977386934673e-04 2.034021999846e-01 2.977386934673e-04 1.003470607617e-01 2.977386934673e-04 1.241000014595e-01
3.001206030151e-04 2.920459332488e-01 3.001206030151e-04 2.841809125466e-01 3.001206030151e-04 2.032731638620e-01 3.001206030151e-04 9.981745176446e-02 3.001206030151e-04 1.241000008632e-01
3.025025125628e-04 2.921030957076e-01 3.025025125628e-04 2.843732735672e-01 3.025025125628e-04 2.031605285458e-01 3.025025125628e-04 9.934221800515e-02 3.025025125628e-04 1.241000005105e-01
3.048844221106e-04 2.921510553593e-01 3.048844221106e-04 2.845394882661e-01 3.048844221106e-04 2.030622585407e-01 3.048844221106e-04 9.891623419068e-02 3.048844221106e-04 1.241000003019e-01
3.072663316583e-04 2.921912863625e-01 3.072663316583e-04 2.846831218365e-01 3.072663316583e-04 2.029765598202e-01 3.072663316583e-04 9.853476920879e-02 3.072663316583e-04 1.241000001786e-01
3.096482412060e-04 2.922250288569e-01 3.096482412060e-04 2.848072518571e-01 3.096482412060e-04 2.029018536726e-01 3.096482412060e-04 9.819347310664e-02 3.096482412060e-04 1.241000001056e-01
3.120301507538e-04 2.922533255171e-01 3.120301507538e-04 2.849145350952e-01 3.120301507538e-04 2.028367528352e-01 3.120301507538e-04 9.788836085947e-02 3.120301507538e-04 1.241000000625e-01
3.144120603015e-04 2.922770525615e-01 3.144120603015e-04 2.850072651733e-01 3.144120603015e-04 2.027800398317e-01 3.144120603015e-04 9.761579376000e-02 3.144120603015e-04 1.241000000369e-01
3.167939698492e-04 2.922969460123e-01 3.167939698492e-04 2.850874223400e-01 3.167939698492e-04 2.027306474104e-01 3.167939698492e-04 9.737245920114e-02 3.167939698492e-04 1.241000000218e-01
3.191758793970e-04 2.923136239012e-01 3.191758793970e-04 2.851567164187e-01 3.191758793970e-04 2.026876409561e-01 3.191758793970e-04 9.715534953210e-02 3.191758793970e-04 1.241000000129e-01
3.215577889447e-04 2.923276050226e-01 3.215577889447e-04 2.852166238649e-01 3.215577889447e-04 2.026502027431e-01 3.215577889447e-04 9.696174056156e-02 3.215577889447e-04 1.241000000076e-01
3.239396984925e-04 2.923393247524e-01 3.239396984925e-04 2.852684197360e-01 3.239396984925e-04 2.026176178859e-01 3.239396984925e-04 9.678917017355e-02 3.239396984925e-04 1.241000000045e-01
3.263216080402e-04 2.923491483784e-01 3.263216080402e-04 2.853132052716e-01 3.263216080402e-04 2.025892618456e-01 3.263216080402e-04 9.663541742055e-02 3.263216080402e-04 1.241000000027e-01
3.287035175879e-04 2.923573823249e-01 3.287035175879e-04 2.853519316842e-01 3.287035175879e-04 2.025645893505e-01 3.287035175879e-04 9.649848236775e-02 3.287035175879e-04 1.241000000016e-01
3.310854271357e-04 2.923642835963e-01 3.310854271357e-04 2.853854206828e-01 3.310854271357e-04 2.025431245958e-01 3.310854271357e-04 9.637656688427e-02 3.310854271357e-04 1.241000000009e-01
3.334673366834e-04 2.923700677179e-01 3.334673366834e-04 2.854143821772e-01 3.334673366834e-04 2.025244525933e-01 3.334673366834e-04 9.626805651210e-02 3.334673366834e-04 1.241000000006e-01
3.358492462312e-04 2.923749154098e-01 3.358492462312e-04 2.854394295513e-01 3.358492462312e-04 2.025082115507e-01 3.358492462312e-04 9.617150349000e-02 3.358492462312e-04 1.241000000003e-01
3.382311557789e-04 2.923789781925e-01 3.382311557789e-04 2.854610928412e-01 3.382311557789e-04 2.024940861698e-01 3.382311557789e-04 9.608561096771e-02 3.382311557789e-04 1.241000000002e-01
3.406130653266e-04 2.923823830943e-01 3.406130653266e-04 2.854798301049e-01 3.406130653266e-04 2.024818017608e-01 3.406130653266e-04 9.600921841257e-02 3.406130653266e-04 1.241000000001e-01
3.429949748744e-04 2.923852366033e-01 3.429949748744e-04 2.854960372341e-01 3.429949748744e-04 2.024711190808e-01 3.429949748744e-04 9.594128818650e-02 3.429949748744e-04 1.241000000001e-01
3.453768844221e-04 2.923876279831e-01 3.453768844221e-04 2.855100564223e-01 3.453768844221e-04 2.024618298116e-01 3.453768844221e-04 9.588089325277e-02 3.453768844221e-04 1.241000000000e-01
3.477587939698e-04 2.923896320554e-01 3.477587939698e-04 2.855221834737e-01 3.477587939698e-04 2.024537526022e-01 3.477587939698e-04 9.582720596003e-02 3.477587939698e-04 1.241000000000e-01
3.501407035176e-04 2.923913115339e-01 3.501407035176e-04 2.855326741129e-01 3.501407035176e-04 2.024467296079e-01 3.501407035176e-04 9.577948784239e-02 3.501407035176e-04 1.241000000000e-01
3.525226130653e-04 2.923927189818e-01 3.525226130653e-04 2.855417494325e-01 3.525226130653e-04 2.024406234667e-01 3.525226130653e-04 9.573708037020e-02 3.525226130653e-04 1.241000000000e-01
3.549045226131e-04 2.923938984538e-01 3.549045226131e-04 2.855496005972e-01 3.549045226131e-04 2.024353146591e-01 3.549045226131e-04 9.569939658362e-02 3.549045226131e-04 1.241000000000e-01
3.572864321608e-04 2.923948868718e-01 3.572864321608e-04 2.855563929059e-01 3.572864321608e-04 2.024306992036e-01 3.572864321608e-04 9.566591354130e-02 3.572864321608e-04 1.241000000000e-01
3.596683417085e-04 2.923957151797e-01 3.596683417085e-04 2.855622693010e-01 3.596683417085e-04 2.024266866469e-01 3.596683417085e-04 9.563616551784e-02 3.596683417085e-04 1.241000000000e-01
3.620502512563e-04 2.923964093108e-01 3.620502512563e-04 2.855673533993e-01 3.620502512563e-04 2.024231983117e-01 3.620502512563e-04 9.560973788611e-02 3.620502512563e-04 1.241000000000e-01
3.644321608040e-04 2.923969909983e-01 3.644321608040e-04 2.855717521104e-01 3.644321608040e-04 2.024201657693e-01 3.644321608040e-04 9.558626162354e-02 3.644321608040e-04 1.241000000000e-01
3.668140703518e-04 2.923974784560e-01 3.668140703518e-04 2.855755578999e-01 3.668140703518e-04 2.024175295093e-01 3.668140703518e-04 9.556540838528e-02 3.668140703518e-04 1.241000000000e-01
3.691959798995e-04 2.923978869477e-01 3.691959798995e-04 2.855788507442e-01 3.691959798995e-04 2.024152377804e-01 3.691959798995e-04 9.554688609078e-02 3.691959798995e-04 1.241000000000e-01
3.715778894472e-04 2.923982292650e-01 3.715778894472e-04 2.855816998208e-01 3.715778894472e-04 2.024132455817e-01 3.715778894472e-04 9.553043497432e-02 3.715778894472e-04 1.241000000000e-01
3.739597989950e-04 2.923985161274e-01 3.739597989950e-04 2.855841649686e-01 3.739597989950e-04 2.024115137838e-01 3.739597989950e-04 9.551582405385e-02 3.739597989950e-04 1.241000000000e-01
3.763417085427e-04 2.923987565182e-01 3.763417085427e-04 2.855862979504e-01 3.763417085427e-04 2.024100083643e-01 3.763417085427e-04 9.550284797645e-02 3.763417085427e-04 1.241000000000e-01
3.787236180905e-04 2.923989579657e-01 3.787236180905e-04 2.855881435444e-01 3.787236180905e-04 2.024086997425e-01 3.787236180905e-04 9.549132420210e-02 3.787236180905e-04 1.241000000000e-01
3.811055276382e-04 2.923991267785e-01 3.811055276382e-04 2.855897404883e-01 3.811055276382e-04 2.024075622002e-01 3.811055276382e-04 9.548109049108e-02 3.811055276382e-04 1.241000000000e-01
3.834874371859e-04 2.923992682433e-01 3.834874371859e-04 2.855911222945e-01 3.834874371859e-04 2.024065733781e-01 3.834874371859e-04 9.547200266358e-02 3.834874371859e-04 1.241000000000e-01
3.858693467337e-04 2.923993867905e-01 3.858693467337e-04 2.855923179559e-01 3.858693467337e-04 2.024057138378e-01 3.858693467337e-04 9.546393260289e-02 3.858693467337e-04 1.241000000000e-01
3.882512562814e-04 2.923994861328e-01 3.882512562814e-04 2.855933525561e-01 3.882512562814e-04 2.024049666801e-01 3.882512562814e-04 9.545676647648e-02 3.882512562814e-04 1.241000000000e-01
3.906331658291e-04 2.923995693813e-01 3.906331658291e-04 2.855942477970e-01 3.906331658291e-04 2.024043172141e-01 3.906331658291e-04 9.545040315190e-02 3.906331658291e-04 1.241000000000e-01
3.930150753769e-04 2.923996391433e-01 3.930150753769e-04 2.855950224548e-01 3.930150753769e-04 2.024037526687e-01 3.930150753769e-04 9.544475278650e-02 3.930150753769e-04 1.241000000000e-01
3.953969849246e-04 2.923996976036e-01 3.953969849246e-04 2.855956927750e-01 3.953969849246e-04 2.024032619417e-01 3.953969849246e-04 9.543973557238e-02 3.953969849246e-04 1.241000000000e-01
3.977788944724e-04 2.923997465931e-01 3.977788944724e-04 2.855962728137e-01 3.977788944724e-04 2.024028353820e-01 3.977788944724e-04 9.543528061974e-02 3.977788944724e-04 1.241000000000e-01
4.001608040201e-04 2.923997876462e-01 4.001608040201e-04 2.855967747326e-01 4.001608040201e-04 2.024024646001e-01 4.001608040201e-04 9.543132496359e-02 4.001608040201e-04 1.241000000000e-01
4.025427135678e-04 2.923998220484e-01 4.025427135678e-04 2.855972090546e-01 4.025427135678e-04 2.024021423030e-01 4.025427135678e-04 9.542781268046e-02 4.025427135678e-04 1.241000000000e-01
4.049246231156e-04 2.923998508774e-01 4.049246231156e-04 2.855975848850e-01 4.049246231156e-04 2.024018621512e-01 4.049246231156e-04 9.542469410292e-02 4.049246231156e-04 1.241000000000e-01
4.073065326633e-04 2.923998750359e-01 4.073065326633e-04 2.855979101020e-01 4.073065326633e-04 2.024016186340e-01 4.073065326633e-04 9.542192512139e-02 4.073065326633e-04 1.241000000000e-01
4.096884422111e-04 2.923998952807e-01 4.096884422111e-04 2.855981915227e-01 4.096884422111e-04 2.024014069611e-01 4.096884422111e-04 9.541946656343e-02 4.096884422111e-04 1.241000000000e-01
4.120703517588e-04 2.923999122457e-01 4.120703517588e-04 2.855984350456e-01 4.120703517588e-04 2.024012229684e-01 4.120703517588e-04 9.541728364217e-02 4.120703517588e-04 1.241000000000e-01
4.144522613065e-04 2.923999264623e-01 4.144522613065e-04 2.855986457749e-01 4.144522613065e-04 2.024010630365e-01 4.144522613065e-04 9.541534546610e-02 4.144522613065e-04 1.241000000000e-01
4.168341708543e-04 2.923999383758e-01 4.168341708543e-04 2.855988281269e-01 4.168341708543e-04 2.024009240191e-01 4.168341708543e-04 9.541362460351e-02 4.168341708543e-04 1.241000000000e-01
4.192160804020e-04 2.923999483592e-01 4.192160804020e-04 2.855989859234e-01 4.192160804020e-04 2.024008031812e-01 4.192160804020e-04 9.541209669544e-02 4.192160804020e-04 1.241000000000e-01
4.215979899497e-04 2.923999567252e-01 4.215979899497e-04 2.855991224713e-01 4.215979899497e-04 2.024006981455e-01 4.215979899497e-04 9.541074011196e-02 4.215979899497e-04 1.241000000000e-01
4.239798994975e-04 2.923999637360e-01 4.239798994975e-04 2.855992406320e-01 4.239798994975e-04 2.024006068457e-01 4.239798994975e-04 9.540953564666e-02 4.239798994975e-04 1.241000000000e-01
4.263618090452e-04 2.923999696109e-01 4.263618090452e-04 2.855993428817e-01 4.263618090452e-04 2.024005274854e-01 4.263618090452e-04 9.540846624537e-02 4.263618090452e-04 1.241000000000e-01
4.287437185930e-04 2.923999745341e-01 4.287437185930e-04 2.855994313630e-01 4.287437185930e-04 2.024004585034e-01 4.287437185930e-04 9.540751676518e-02 4.287437185930e-04 1.241000000000e-01
4.311256281407e-04 2.923999786597e-01 4.311256281407e-04 2.855995079299e-01 4.311256281407e-04 2.024003985424e-01 4.311256281407e-04 9.540667376041e-02 4.311256281407e-04 1.241000000000e-01
4.335075376884e-04 2.923999821169e-01 4.335075376884e-04 2.855995741868e-01 4.335075376884e-04 2.024003464228e-01 4.335075376884e-04 9.540592529245e-02 4.335075376884e-04 1.241000000000e-01
4.358894472362e-04 2.923999850141e-01 4.358894472362e-04 2.855996315221e-01 4.358894472362e-04 2.024003011192e-01 4.358894472362e-04 9.540526076100e-02 4.358894472362e-04 1.241000000000e-01
4.382713567839e-04 2.923999874419e-01 4.382713567839e-04 2.855996811371e-01 4.382713567839e-04 2.024002617401e-01 4.382713567839e-04 9.540467075406e-02 4.382713567839e-04 1.241000000000e-01
4.406532663317e-04 2.923999894763e-01 4.406532663317e-04 2.855997240715e-01 4.406532663317e-04 2.024002275108e-01 4.406532663317e-04 9.540414691481e-02 4.406532663317e-04 1.241000000000e-01
4.430351758794e-04 2.923999911812e-01 4.430351758794e-04 2.855997612247e-01 4.430351758794e-04 2.024001977578e-01 4.430351758794e-04 9.540368182337e-02 4.430351758794e-04 1.241000000000e-01
4.454170854271e-04 2.923999926099e-01 4.454170854271e-04 2.855997933752e-01 4.454170854271e-04 2.024001718959e-01 4.454170854271e-04 9.540326889174e-02 4.454170854271e-04 1.241000000000e-01
4.477989949749e-04 2.923999938071e-01 4.477989949749e-04 2.855998211967e-01 4.477989949749e-04 2.024001494160e-01 4.477989949749e-04 9.540290227062e-02 4.477989949749e-04 1.241000000000e-01
4.501809045226e-04 2.923999948104e-01 4.501809045226e-04 2.855998452721e-01 4.501809045226e-04 2.024001298759e-01 4.501809045226e-04 9.540257676658e-02 4.501809045226e-04 1.241000000000e-01
4.525628140704e-04 2.923999956511e-01 4.525628140704e-04 2.855998661057e-01 4.525628140704e-04 2.024001128913e-01 4.525628140704e-04 9.540228776852e-02 4.525628140704e-04 1.241000000000e-01
4.549447236181e-04 2.923999963557e-01 4.549447236181e-04 2.855998841342e-01 4.549447236181e-04 2.024000981278e-01 4.549447236181e-04 9.540203118240e-02 4.549447236181e-04 1.241000000000e-01
4.573266331658e-04 2.923999969461e-01 4.573266331658e-04 2.855998997351e-01 4.573266331658e-04 2.024000852950e-01 4.573266331658e-04 9.540180337330e-02 4.573266331658e-04 1.241000000000e-01
4.597085427136e-04 2.923999974408e-01 4.597085427136e-04 2.855999132354e-01 4.597085427136e-04 2.024000741404e-01 4.597085427136e-04 9.540160111388e-02 4.597085427136e-04 1.241000000000e-01
4.620904522613e-04 2.923999978554e-01 4.620904522613e-04 2.855999249180e-01 4.620904522613e-04 2.024000644446e-01 4.620904522613e-04 9.540142153876e-02 4.620904522613e-04 1.241000000000e-01
4.644723618090e-04 2.923999982029e-01 4.644723618090e-04 2.855999350275e-01 4.644723618090e-04 2.024000560168e-01 4.644723618090e-04 9.540126210384e-02 4.644723618090e-04 1.241000000000e-01
4.668542713568e-04 2.923999984940e-01 4.668542713568e-04 2.855999437758e-01 4.668542713568e-04 2.024000486911e-01 4.668542713568e-04 9.540112055039e-02 4.668542713568e-04 1.241000000000e-01
4.692361809045e-04 2.923999987380e-01 4.692361809045e-04 2.855999513461e-01 4.692361809045e-04 2.024000423235e-01 4.692361809045e-04 9.540099487293e-02 4.692361809045e-04 1.241000000000e-01
4.716180904523e-04 2.923999989424e-01 4.716180904523e-04 2.855999578972e-01 4.716180904523e-04 2.024000367885e-01 4.716180904523e-04 9.540088329093e-02 4.716180904523e-04 1.241000000000e-01
4.740000000000e-04 2.923999991138e-01 4.740000000000e-04 2.855999635662e-01 4.740000000000e-04 2.024000319775e-01 4.740000000000e-04 9.540078422354e-02 4.740000000000e-04 1.241000000000e-01
