0.000000000000e+00 1.916000000668e-01 0.000000000000e+00 1.861000000453e-01 0.000000000000e+00 3.082999969585e-01 0.000000000000e+00 3.139999999384e-01
2.140703517588e-06 1.916000000822e-01 2.140703517588e-06 1.861000000553e-01 2.140703517588e-06 3.082999964047e-01 2.140703517588e-06 3.139999999246e-01
4.281407035176e-06 1.916000001011e-01 4.281407035176e-06 1.861000000677e-01 4.281407035176e-06 3.082999957501e-01 4.281407035176e-06 3.139999999077e-01
6.422110552764e-06 1.916000001245e-01 6.422110552764e-06 1.861000000827e-01 6.422110552764e-06 3.082999949764e-01 6.422110552764e-06 3.139999998870e-01
8.562814070352e-06 1.916000001532e-01 8.562814070352e-06 1.861000001011e-01 8.562814070352e-06 3.082999940617e-01 8.562814070352e-06 3.139999998616e-01
1.070351758794e-05 1.916000001885e-01 1.070351758794e-05 1.861000001236e-01 1.070351758794e-05 3.082999929806e-01 1.070351758794e-05 3.139999998306e-01
1.284422110553e-05 1.916000002321e-01 1.284422110553e-05 1.861000001510e-01 1.284422110553e-05 3.082999917026e-01 1.284422110553e-05 3.139999997926e-01
1.498492462312e-05 1.916000002856e-01 1.498492462312e-05 1.861000001846e-01 1.498492462312e-05 3.082999901919e-01 1.498492462312e-05 3.139999997460e-01
1.712562814070e-05 1.916000003515e-01 1.712562814070e-05 1.861000002257e-01 1.712562814070e-05 3.082999884061e-01 1.712562814070e-05 3.139999996890e-01
1.926633165829e-05 1.916000004327e-01 1.926633165829e-05 1.861000002758e-01 1.926633165829e-05 3.082999862952e-01 1.926633165829e-05 3.139999996193e-01
2.140703517588e-05 1.916000005325e-01 2.140703517588e-05 1.861000003372e-01 2.140703517588e-05 3.082999838000e-01 2.140703517588e-05 3.139999995339e-01
2.354773869347e-05 1.916000006554e-01 2.354773869347e-05 1.861000004121e-01 2.354773869347e-05 3.082999808505e-01 2.354773869347e-05 3.139999994293e-01
2.568844221106e-05 1.916000008067e-01 2.568844221106e-05 1.861000005037e-01 2.568844221106e-05 3.082999773639e-01 2.568844221106e-05 3.139999993013e-01
2.782914572864e-05 1.916000009929e-01 2.782914572864e-05 1.861000006157e-01 2.782914572864e-05 3.082999732426e-01 2.782914572864e-05 3.139999991445e-01
2.996984924623e-05 1.916000012220e-01 2.996984924623e-05 1.861000007526e-01 2.996984924623e-05 3.082999683707e-01 2.996984924623e-05 3.139999989526e-01
3.211055276382e-05 1.916000015040e-01 3.211055276382e-05 1.861000009200e-01 3.211055276382e-05 3.082999626119e-01 3.211055276382e-05 3.139999987177e-01
3.425125628141e-05 1.916000018511e-01 3.425125628141e-05 1.861000011245e-01 3.425125628141e-05 3.082999558044e-01 3.425125628141e-05 3.139999984300e-01
3.639195979899e-05 1.916000022784e-01 3.639195979899e-05 1.861000013745e-01 3.639195979899e-05 3.082999477574e-01 3.639195979899e-05 3.139999980778e-01
3.853266331658e-05 1.916000028042e-01 3.853266331658e-05 1.861000016802e-01 3.853266331658e-05 3.082999382451e-01 3.853266331658e-05 3.139999976466e-01
4.067336683417e-05 1.916000034513e-01 4.067336683417e-05 1.861000020537e-01 4.067336683417e-05 3.082999270006e-01 4.067336683417e-05 3.139999971186e-01
4.281407035176e-05 1.916000042479e-01 4.281407035176e-05 1.861000025103e-01 4.281407035176e-05 3.082999137086e-01 4.281407035176e-05 3.139999964722e-01
4.495477386935e-05 1.916000052282e-01 4.495477386935e-05 1.861000030685e-01 4.495477386935e-05 3.082998979960e-01 4.495477386935e-05 3.139999956808e-01
4.709547738693e-05 1.916000064349e-01 4.709547738693e-05 1.861000037507e-01 4.709547738693e-05 3.082998794221e-01 4.709547738693e-05 3.139999947118e-01
4.923618090452e-05 1.916000079199e-01 4.923618090452e-05 1.861000045846e-01 4.923618090452e-05 3.082998574656e-01 4.923618090452e-05 3.139999935255e-01
5.137688442211e-05 1.916000097478e-01 5.137688442211e-05 1.861000056040e-01 5.137688442211e-05 3.082998315103e-01 5.137688442211e-05 3.139999920731e-01
5.351758793970e-05 1.916000119974e-01 5.351758793970e-05 1.861000068500e-01 5.351758793970e-05 3.082998008277e-01 5.351758793970e-05 3.139999902948e-01
5.565829145729e-05 1.916000147663e-01 5.565829145729e-05 1.861000083730e-01 5.565829145729e-05 3.082997645567e-01 5.565829145729e-05 3.139999881175e-01
5.779899497487e-05 1.916000181742e-01 5.779899497487e-05 1.861000102346e-01 5.779899497487e-05 3.082997216790e-01 5.779899497487e-05 3.139999854519e-01
5.993969849246e-05 1.916000223686e-01 5.993969849246e-05 1.861000125101e-01 5.993969849246e-05 3.082996709905e-01 5.993969849246e-05 3.139999821883e-01
6.208040201005e-05 1.916000275310e-01 6.208040201005e-05 1.861000152917e-01 6.208040201005e-05 3.082996110679e-01 6.208040201005e-05 3.139999781925e-01
6.422110552764e-05 1.916000338849e-01 6.422110552764e-05 1.861000186916e-01 6.422110552764e-05 3.082995402280e-01 6.422110552764e-05 3.139999733003e-01
6.636180904523e-05 1.916000417051e-01 6.636180904523e-05 1.861000228475e-01 6.636180904523e-05 3.082994564805e-01 6.636180904523e-05 3.139999673106e-01
6.850251256281e-05 1.916000513301e-01 6.850251256281e-05 1.861000279275e-01 6.850251256281e-05 3.082993574719e-01 6.850251256281e-05 3.139999599772e-01
7.064321608040e-05 1.916000631765e-01 7.064321608040e-05 1.861000341371e-01 7.064321608040e-05 3.082992404190e-01 7.064321608040e-05 3.139999509987e-01
7.278391959799e-05 1.916000777569e-01 7.278391959799e-05 1.861000417274e-01 7.278391959799e-05 3.082991020300e-01 7.278391959799e-05 3.139999400060e-01
7.492462311558e-05 1.916000957023e-01 7.492462311558e-05 1.861000510054e-01 7.492462311558e-05 3.082989384121e-01 7.492462311558e-05 3.139999265473e-01
7.706532663317e-05 1.916001177892e-01 7.706532663317e-05 1.861000623466e-01 7.706532663317e-05 3.082987449602e-01 7.706532663317e-05 3.139999100694e-01
7.920603015075e-05 1.916001449736e-01 7.920603015075e-05 1.861000762098e-01 7.920603015075e-05 3.082985162272e-01 7.920603015075e-05 3.139998898948e-01
8.134673366834e-05 1.916001784317e-01 8.134673366834e-05 1.861000931558e-01 8.134673366834e-05 3.082982457688e-01 8.134673366834e-05 3.139998651944e-01
8.348743718593e-05 1.916002196115e-01 8.348743718593e-05 1.861001138706e-01 8.348743718593e-05 3.082979259602e-01 8.348743718593e-05 3.139998349529e-01
8.562814070352e-05 1.916002702951e-01 8.562814070352e-05 1.861001391923e-01 8.562814070352e-05 3.082975477787e-01 8.562814070352e-05 3.139997979272e-01
8.776884422111e-05 1.916003326757e-01 8.776884422111e-05 1.861001701461e-01 8.776884422111e-05 3.082971005460e-01 8.776884422111e-05 3.139997525954e-01
8.990954773869e-05 1.916004094529e-01 8.990954773869e-05 1.861002079853e-01 8.990954773869e-05 3.082965716219e-01 8.990954773869e-05 3.139996970942e-01
9.205025125628e-05 1.916005039491e-01 9.205025125628e-05 1.861002542422e-01 9.205025125628e-05 3.082959460415e-01 9.205025125628e-05 3.139996291423e-01
9.419095477387e-05 1.916006202535e-01 9.419095477387e-05 1.861003107909e-01 9.419095477387e-05 3.082952060838e-01 9.419095477387e-05 3.139995459466e-01
9.633165829146e-05 1.916007633990e-01 9.633165829146e-05 1.861003799232e-01 9.633165829146e-05 3.082943307588e-01 9.633165829146e-05 3.139994440876e-01
9.847236180905e-05 1.916009395799e-01 9.847236180905e-05 1.861004644422e-01 9.847236180905e-05 3.082932951976e-01 9.847236180905e-05 3.139993193784e-01
1.006130653266e-04 1.916011564199e-01 1.006130653266e-04 1.861005677770e-01 1.006130653266e-04 3.082920699270e-01 1.006130653266e-04 3.139991666934e-01
1.027537688442e-04 1.916014233019e-01 1.027537688442e-04 1.861006941234e-01 1.027537688442e-04 3.082906200044e-01 1.027537688442e-04 3.139989797569e-01
1.048944723618e-04 1.916017517739e-01 1.048944723618e-04 1.861008486159e-01 1.048944723618e-04 3.082889039868e-01 1.048944723618e-04 3.139987508855e-01
1.070351758794e-04 1.916021560485e-01 1.070351758794e-04 1.861010375397e-01 1.070351758794e-04 3.082868726992e-01 1.070351758794e-04 3.139984706727e-01
1.091758793970e-04 1.916026536174e-01 1.091758793970e-04 1.861012685916e-01 1.091758793970e-04 3.082844677633e-01 1.091758793970e-04 3.139981276019e-01
1.113165829146e-04 1.916032660082e-01 1.113165829146e-04 1.861015511999e-01 1.113165829146e-04 3.082816198356e-01 1.113165829146e-04 3.139977075737e-01
1.134572864322e-04 1.916040197143e-01 1.134572864322e-04 1.861018969206e-01 1.134572864322e-04 3.082782464955e-01 1.134572864322e-04 3.139971933266e-01
1.155979899497e-04 1.916049473411e-01 1.155979899497e-04 1.861023199253e-01 1.155979899497e-04 3.082742497091e-01 1.155979899497e-04 3.139965637278e-01
1.177386934673e-04 1.916060890137e-01 1.177386934673e-04 1.861028376070e-01 1.177386934673e-04 3.082695127788e-01 1.177386934673e-04 3.139957929059e-01
1.198793969849e-04 1.916074941113e-01 1.198793969849e-04 1.861034713307e-01 1.198793969849e-04 3.082638966648e-01 1.198793969849e-04 3.139948491886e-01
1.220201005025e-04 1.916092233985e-01 1.220201005025e-04 1.861042473698e-01 1.220201005025e-04 3.082572355423e-01 1.220201005025e-04 3.139936938026e-01
1.241608040201e-04 1.916113516477e-01 1.241608040201e-04 1.861051980768e-01 1.241608040201e-04 3.082493314210e-01 1.241608040201e-04 3.139922792832e-01
1.263015075377e-04 1.916139708644e-01 1.263015075377e-04 1.861063633535e-01 1.263015075377e-04 3.082399476124e-01 1.263015075377e-04 3.139905475271e-01
1.284422110553e-04 1.916171942512e-01 1.284422110553e-04 1.861077925093e-01 1.284422110553e-04 3.082288007764e-01 1.284422110553e-04 3.139884274114e-01
1.305829145729e-04 1.916211610821e-01 1.305829145729e-04 1.861095466207e-01 1.305829145729e-04 3.082155512108e-01 1.305829145729e-04 3.139858318790e-01
1.327236180905e-04 1.916260426911e-01 1.327236180905e-04 1.861117015520e-01 1.327236180905e-04 3.081997909564e-01 1.327236180905e-04 3.139826543751e-01
1.348643216080e-04 1.916320498293e-01 1.348643216080e-04 1.861143518487e-01 1.348643216080e-04 3.081810291807e-01 1.348643216080e-04 3.139787644879e-01
1.370050251256e-04 1.916394416978e-01 1.370050251256e-04 1.861176158014e-01 1.370050251256e-04 3.081586741536e-01 1.370050251256e-04 3.139740026193e-01
1.391457286432e-04 1.916485370341e-01 1.391457286432e-04 1.861216420927e-01 1.391457286432e-04 3.081320109457e-01 1.391457286432e-04 3.139681734696e-01
1.412864321608e-04 1.916597277081e-01 1.412864321608e-04 1.861266186072e-01 1.412864321608e-04 3.081001737292e-01 1.412864321608e-04 3.139610380748e-01
1.434271356784e-04 1.916734953838e-01 1.434271356784e-04 1.861327842304e-01 1.434271356784e-04 3.080621112535e-01 1.434271356784e-04 3.139523040776e-01
1.455678391960e-04 1.916904319192e-01 1.455678391960e-04 1.861404448172e-01 1.455678391960e-04 3.080165436536e-01 1.455678391960e-04 3.139416138418e-01
1.477085427136e-04 1.917112643136e-01 1.477085427136e-04 1.861499950317e-01 1.477085427136e-04 3.079619082227e-01 1.477085427136e-04 3.139285299347e-01
1.498492462312e-04 1.917368851772e-01 1.498492462312e-04 1.861619485259e-01 1.498492462312e-04 3.078962910935e-01 1.498492462312e-04 3.139125173944e-01
1.519899497487e-04 1.917683898844e-01 1.519899497487e-04 1.861769800521e-01 1.519899497487e-04 3.078173408901e-01 1.519899497487e-04 3.138929220610e-01
1.541306532663e-04 1.918071217971e-01 1.541306532663e-04 1.861959847715e-01 1.541306532663e-04 3.077221592755e-01 1.541306532663e-04 3.138689440786e-01
1.562713567839e-04 1.918547271950e-01 1.562713567839e-04 1.862201624779e-01 1.562713567839e-04 3.076071618814e-01 1.562713567839e-04 3.138396054362e-01
1.584120603015e-04 1.919132218489e-01 1.584120603015e-04 1.862511380927e-01 1.584120603015e-04 3.074679012936e-01 1.584120603015e-04 3.138037100883e-01
1.605527638191e-04 1.919850715160e-01 1.605527638191e-04 1.862911351308e-01 1.605527638191e-04 3.072988415495e-01 1.605527638191e-04 3.137597947105e-01
1.626934673367e-04 1.920732890653e-01 1.626934673367e-04 1.863432266843e-01 1.626934673367e-04 3.070930709716e-01 1.626934673367e-04 3.137060673973e-01
1.648341708543e-04 1.921815515019e-01 1.648341708543e-04 1.864116998645e-01 1.648341708543e-04 3.068419372201e-01 1.648341708543e-04 3.136403303812e-01
1.669748743719e-04 1.923143409908e-01 1.669748743719e-04 1.865025859773e-01 1.669748743719e-04 3.065345855163e-01 1.669748743719e-04 3.135598807835e-01
1.691155778894e-04 1.924771153525e-01 1.691155778894e-04 1.866244315674e-01 1.691155778894e-04 3.061573787861e-01 1.691155778894e-04 3.134613797742e-01
1.712562814070e-04 1.926765159837e-01 1.712562814070e-04 1.867894161856e-01 1.712562814070e-04 3.056931784723e-01 1.712562814070e-04 3.133406740356e-01
1.733969849246e-04 1.929206258853e-01 1.733969849246e-04 1.870149610413e-01 1.733969849246e-04 3.051204697008e-01 1.733969849246e-04 3.131925416886e-01
1.755376884422e-04 1.932192997094e-01 1.755376884422e-04 1.873260133798e-01 1.755376884422e-04 3.044123291809e-01 1.755376884422e-04 3.130103134321e-01
1.776783919598e-04 1.935846058298e-01 1.776783919598e-04 1.877582168177e-01 1.776783919598e-04 3.035352665786e-01 1.776783919598e-04 3.127852805195e-01
1.798190954774e-04 1.940314556871e-01 1.798190954774e-04 1.883621426870e-01 1.798190954774e-04 3.024480320789e-01 1.798190954774e-04 3.125057298340e-01
1.819597989950e-04 1.945785635005e-01 1.819597989950e-04 1.892085614695e-01 1.819597989950e-04 3.011005902850e-01 1.819597989950e-04 3.121553171802e-01
1.841005025126e-04 1.952500077704e-01 1.841005025126e-04 1.903941835270e-01 1.841005025126e-04 2.994336295639e-01 1.841005025126e-04 3.117102600078e-01
1.862412060302e-04 1.960779027348e-01 1.862412060302e-04 1.920460890720e-01 1.862412060302e-04 2.973792109631e-01 1.862412060302e-04 3.111344346943e-01
1.883819095477e-04 1.971071075996e-01 1.883819095477e-04 1.943208930985e-01 1.883819095477e-04 2.948634286027e-01 1.883819095477e-04 3.103708256134e-01
1.905226130653e-04 1.984035925249e-01 1.905226130653e-04 1.973917615697e-01 1.905226130653e-04 2.918121390282e-01 1.905226130653e-04 3.093268967498e-01
1.926633165829e-04 2.000690463958e-01 1.926633165829e-04 2.014146714724e-01 1.926633165829e-04 2.881606781717e-01 1.926633165829e-04 3.078507757781e-01
1.948040201005e-04 2.022650681293e-01 1.948040201005e-04 2.064698798865e-01 1.948040201005e-04 2.838676657577e-01 1.948040201005e-04 3.056966044093e-01
1.969447236181e-04 2.052486057725e-01 1.969447236181e-04 2.124916281402e-01 1.969447236181e-04 2.789312189627e-01 1.969447236181e-04 3.024869592206e-01
1.990854271357e-04 2.094093713049e-01 1.990854271357e-04 2.192250576298e-01 1.990854271357e-04 2.734034012737e-01 1.990854271357e-04 2.977100027790e-01
2.012261306533e-04 2.152660832757e-01 2.012261306533e-04 2.262580038194e-01 2.012261306533e-04 2.673967594177e-01 2.012261306533e-04 2.908438495404e-01
2.033668341709e-04 2.233182794702e-01 2.033668341709e-04 2.331361100361e-01 2.033668341709e-04 2.610773829994e-01 2.033668341709e-04 2.817110668411e-01
2.055075376884e-04 2.336511790647e-01 2.055075376884e-04 2.395024756844e-01 2.055075376884e-04 2.546433257230e-01 2.055075376884e-04 2.709309121645e-01
2.076482412060e-04 2.454780399509e-01 2.076482412060e-04 2.451803773796e-01 2.076482412060e-04 2.482939119108e-01 2.076482412060e-04 2.599098623802e-01
2.097889447236e-04 2.572452738895e-01 2.097889447236e-04 2.501676121136e-01 2.097889447236e-04 2.422001603667e-01 2.097889447236e-04 2.500683242720e-01
2.119296482412e-04 2.675126064513e-01 2.119296482412e-04 2.545738316677e-01 2.119296482412e-04 2.364857458577e-01 2.119296482412e-04 2.420626252641e-01
2.140703517588e-04 2.756954143581e-01 2.140703517588e-04 2.585497718004e-01 2.140703517588e-04 2.312222535106e-01 2.140703517588e-04 2.357679306682e-01
2.162110552764e-04 2.819785946114e-01 2.162110552764e-04 2.622369570503e-01 2.162110552764e-04 2.264361519028e-01 2.162110552764e-04 2.307265974640e-01
2.183517587940e-04 2.868353043262e-01 2.183517587940e-04 2.657425304798e-01 2.183517587940e-04 2.221216247405e-01 2.183517587940e-04 2.265004039227e-01
2.204924623116e-04 2.906997989931e-01 2.204924623116e-04 2.691324765156e-01 2.204924623116e-04 2.182537633444e-01 2.204924623116e-04 2.227912858083e-01
2.226331658291e-04 2.938727970274e-01 2.226331658291e-04 2.724352181024e-01 2.226331658291e-04 2.147989166063e-01 2.226331658291e-04 2.194333958524e-01
2.247738693467e-04 2.965389248041e-01 2.247738693467e-04 2.756499307979e-01 2.247738693467e-04 2.117213157311e-01 2.247738693467e-04 2.163500984782e-01
2.269145728643e-04 2.988078448131e-01 2.269145728643e-04 2.787562929281e-01 2.269145728643e-04 2.089865137730e-01 2.269145728643e-04 2.135146350455e-01
2.290552763819e-04 3.007473481578e-01 2.290552763819e-04 2.817238597069e-01 2.290552763819e-04 2.065626823241e-01 2.290552763819e-04 2.109230642011e-01
2.311959798995e-04 3.024038253498e-01 2.311959798995e-04 2.845200235727e-01 2.311959798995e-04 2.044207427251e-01 2.311959798995e-04 2.085781182222e-01
2.333366834171e-04 3.038132464203e-01 2.333366834171e-04 2.871159846811e-01 2.333366834171e-04 2.025340236430e-01 2.333366834171e-04 2.064807779812e-01
2.354773869347e-04 3.050063898031e-01 2.354773869347e-04 2.894905275539e-01 2.354773869347e-04 2.008778408158e-01 2.354773869347e-04 2.046267795222e-01
2.376180904523e-04 3.060109965276e-01 2.376180904523e-04 2.916317323427e-01 2.376180904523e-04 1.994291737628e-01 2.376180904523e-04 2.030060142953e-01
2.397587939698e-04 3.068524609569e-01 2.397587939698e-04 2.935370041962e-01 2.397587939698e-04 1.981664805922e-01 2.397587939698e-04 2.016034304344e-01
2.418994974874e-04 3.075539311529e-01 2.418994974874e-04 2.952119391562e-01 2.418994974874e-04 1.970696272320e-01 2.418994974874e-04 2.004005364037e-01
2.440402010050e-04 3.081362468916e-01 2.440402010050e-04 2.966685540495e-01 2.440402010050e-04 1.961198865795e-01 2.440402010050e-04 1.993769723101e-01
2.461809045226e-04 3.086178975374e-01 2.461809045226e-04 2.979233227044e-01 2.461809045226e-04 1.952999654403e-01 2.461809045226e-04 1.985118706983e-01
2.483216080402e-04 3.090150570939e-01 2.483216080402e-04 2.989953297557e-01 2.483216080402e-04 1.945940287219e-01 2.483216080402e-04 1.977848973442e-01
2.504623115578e-04 3.093416969966e-01 2.504623115578e-04 2.999047196961e-01 2.504623115578e-04 1.939877032604e-01 2.504623115578e-04 1.971769629639e-01
2.526030150754e-04 3.096097562620e-01 2.526030150754e-04 3.006715097735e-01 2.526030150754e-04 1.934680542564e-01 2.526030150754e-04 1.966706481432e-01
2.547437185930e-04 3.098293448570e-01 2.547437185930e-04 3.013147608775e-01 2.547437185930e-04 1.930235345438e-01 2.547437185930e-04 1.962504032186e-01
2.568844221106e-04 3.100089595595e-01 2.568844221106e-04 3.018520587815e-01 2.568844221106e-04 1.926439110472e-01 2.568844221106e-04 1.959025857313e-01
2.590251256281e-04 3.101556970944e-01 2.590251256281e-04 3.022992412761e-01 2.590251256281e-04 1.923201745600e-01 2.590251256281e-04 1.956153898553e-01
2.611658291457e-04 3.102754546562e-01 2.611658291457e-04 3.026703060098e-01 2.611658291457e-04 1.920444391903e-01 2.611658291457e-04 1.953787107694e-01
2.633065326633e-04 3.103731122454e-01 2.633065326633e-04 3.029774417671e-01 2.633065326633e-04 1.918098371536e-01 2.633065326633e-04 1.951839755940e-01
2.654472361809e-04 3.104526943784e-01 2.654472361809e-04 3.032311372130e-01 2.654472361809e-04 1.916104135224e-01 2.654472361809e-04 1.950239627440e-01
2.675879396985e-04 3.105175108442e-01 2.675879396985e-04 3.034403326431e-01 2.675879396985e-04 1.914410243816e-01 2.675879396985e-04 1.948926238643e-01
2.697286432161e-04 3.105702774774e-01 2.697286432161e-04 3.036125903955e-01 2.697286432161e-04 1.912972407630e-01 2.697286432161e-04 1.947849168129e-01
2.718693467337e-04 3.106132186397e-01 2.718693467337e-04 3.037542677175e-01 2.718693467337e-04 1.911752598258e-01 2.718693467337e-04 1.946966541625e-01
2.740100502513e-04 3.106481534286e-01 2.740100502513e-04 3.038706820167e-01 2.740100502513e-04 1.910718240330e-01 2.740100502513e-04 1.946243690076e-01
2.761507537688e-04 3.106765676984e-01 2.761507537688e-04 3.039662628260e-01 2.761507537688e-04 1.909841485410e-01 2.761507537688e-04 1.945651981689e-01
2.782914572864e-04 3.106996739032e-01 2.782914572864e-04 3.040446878214e-01 2.782914572864e-04 1.909098566425e-01 2.782914572864e-04 1.945167818802e-01
2.804321608040e-04 3.107184606050e-01 2.804321608040e-04 3.041090021913e-01 2.804321608040e-04 1.908469228577e-01 2.804321608040e-04 1.944771785065e-01
2.825728643216e-04 3.107337332888e-01 2.825728643216e-04 3.041617218562e-01 2.825728643216e-04 1.907936231161e-01 2.825728643216e-04 1.944447926181e-01
2.847135678392e-04 3.107461479173e-01 2.847135678392e-04 3.042049217212e-01 2.847135678392e-04 1.907484913977e-01 2.847135678392e-04 1.944183147073e-01
2.868542713568e-04 3.107562384554e-01 2.868542713568e-04 3.042403104702e-01 2.868542713568e-04 1.907102821765e-01 2.868542713568e-04 1.943966709161e-01
2.889949748744e-04 3.107644394063e-01 2.889949748744e-04 3.042692935168e-01 2.889949748744e-04 1.906779380170e-01 2.889949748744e-04 1.943789812771e-01
2.911356783920e-04 3.107711042370e-01 2.911356783920e-04 3.042930256992e-01 2.911356783920e-04 1.906505617117e-01 2.911356783920e-04 1.943645251386e-01
2.932763819095e-04 3.107765204253e-01 2.932763819095e-04 3.043124551964e-01 2.932763819095e-04 1.906273923857e-01 2.932763819095e-04 1.943527126097e-01
2.954170854271e-04 3.107809217345e-01 2.954170854271e-04 3.043283600007e-01 2.954170854271e-04 1.906077850525e-01 2.954170854271e-04 1.943430610268e-01
2.975577889447e-04 3.107844982211e-01 2.975577889447e-04 3.043413781228e-01 2.975577889447e-04 1.905911931561e-01 2.975577889447e-04 1.943351755917e-01
2.996984924623e-04 3.107874043871e-01 2.996984924623e-04 3.043520325491e-01 2.996984924623e-04 1.905771536848e-01 2.996984924623e-04 1.943287334621e-01
3.018391959799e-04 3.107897658188e-01 3.018391959799e-04 3.043607518261e-01 3.018391959799e-04 1.905652744972e-01 3.018391959799e-04 1.943234706943e-01
3.039798994975e-04 3.107916845900e-01 3.039798994975e-04 3.043678870111e-01 3.039798994975e-04 1.905552235415e-01 3.039798994975e-04 1.943191715364e-01
3.061206030151e-04 3.107932436581e-01 3.061206030151e-04 3.043737256151e-01 3.061206030151e-04 1.905467196956e-01 3.061206030151e-04 1.943156596548e-01
3.082613065327e-04 3.107945104413e-01 3.082613065327e-04 3.043785030593e-01 3.082613065327e-04 1.905395249883e-01 3.082613065327e-04 1.943127909494e-01
3.104020100503e-04 3.107955397262e-01 3.104020100503e-04 3.043824120819e-01 3.104020100503e-04 1.905334379992e-01 3.104020100503e-04 1.943104476728e-01
3.125427135678e-04 3.107963760333e-01 3.125427135678e-04 3.043856104559e-01 3.125427135678e-04 1.905282882613e-01 3.125427135678e-04 1.943085336186e-01
3.146834170854e-04 3.107970555394e-01 3.146834170854e-04 3.043882273183e-01 3.146834170854e-04 1.905239315152e-01 3.146834170854e-04 1.943069701857e-01
3.168241206030e-04 3.107976076410e-01 3.168241206030e-04 3.043903683587e-01 3.168241206030e-04 1.905202456880e-01 3.168241206030e-04 1.943056931600e-01
3.189648241206e-04 3.107980562240e-01 3.189648241206e-04 3.043921200698e-01 3.189648241206e-04 1.905171274867e-01 3.189648241206e-04 1.943046500833e-01
3.211055276382e-04 3.107984206970e-01 3.211055276382e-04 3.043935532309e-01 3.211055276382e-04 1.905144895127e-01 3.211055276382e-04 1.943037981026e-01
3.232462311558e-04 3.107987168300e-01 3.232462311558e-04 3.043947257590e-01 3.232462311558e-04 1.905122578185e-01 3.232462311558e-04 1.943031022123e-01
3.253869346734e-04 3.107989574365e-01 3.253869346734e-04 3.043956850451e-01 3.253869346734e-04 1.905103698399e-01 3.253869346734e-04 1.943025338180e-01
3.275276381910e-04 3.107991529276e-01 3.275276381910e-04 3.043964698652e-01 3.275276381910e-04 1.905087726442e-01 3.275276381910e-04 1.943020695626e-01
3.296683417085e-04 3.107993117626e-01 3.296683417085e-04 3.043971119462e-01 3.296683417085e-04 1.905074214488e-01 3.296683417085e-04 1.943016903673e-01
3.318090452261e-04 3.107994408146e-01 3.318090452261e-04 3.043976372465e-01 3.318090452261e-04 1.905062783669e-01 3.318090452261e-04 1.943013806484e-01
3.339497487437e-04 3.107995456682e-01 3.339497487437e-04 3.043980670044e-01 3.339497487437e-04 1.905053113457e-01 3.339497487437e-04 1.943011276770e-01
3.360904522613e-04 3.107996308606e-01 3.360904522613e-04 3.043984185964e-01 3.360904522613e-04 1.905044932686e-01 3.360904522613e-04 1.943009210559e-01
3.382311557789e-04 3.107997000786e-01 3.382311557789e-04 3.043987062388e-01 3.382311557789e-04 1.905038011952e-01 3.382311557789e-04 1.943007522930e-01
3.403718592965e-04 3.107997563174e-01 3.403718592965e-04 3.043989415626e-01 3.403718592965e-04 1.905032157182e-01 3.403718592965e-04 1.943006144517e-01
3.425125628141e-04 3.107998020109e-01 3.425125628141e-04 3.043991340838e-01 3.425125628141e-04 1.905027204192e-01 3.425125628141e-04 1.943005018667e-01
3.446532663317e-04 3.107998391362e-01 3.446532663317e-04 3.043992915873e-01 3.446532663317e-04 1.905023014086e-01 3.446532663317e-04 1.943004099103e-01
3.467939698492e-04 3.107998693002e-01 3.467939698492e-04 3.043994204424e-01 3.467939698492e-04 1.905019469361e-01 3.467939698492e-04 1.943003348028e-01
3.489346733668e-04 3.107998938080e-01 3.489346733668e-04 3.043995258599e-01 3.489346733668e-04 1.905016470612e-01 3.489346733668e-04 1.943002734572e-01
3.510753768844e-04 3.107999137203e-01 3.510753768844e-04 3.043996121028e-01 3.510753768844e-04 1.905013933744e-01 3.510753768844e-04 1.943002233518e-01
3.532160804020e-04 3.107999298988e-01 3.532160804020e-04 3.043996826588e-01 3.532160804020e-04 1.905011787617e-01 3.532160804020e-04 1.943001824272e-01
3.553567839196e-04 3.107999430437e-01 3.553567839196e-04 3.043997403812e-01 3.553567839196e-04 1.905009972047e-01 3.553567839196e-04 1.943001490011e-01
3.574974874372e-04 3.107999537237e-01 3.574974874372e-04 3.043997876043e-01 3.574974874372e-04 1.905008436118e-01 3.574974874372e-04 1.943001216997e-01
3.596381909548e-04 3.107999624011e-01 3.596381909548e-04 3.043998262378e-01 3.596381909548e-04 1.905007136759e-01 3.596381909548e-04 1.943000994007e-01
3.617788944724e-04 3.107999694514e-01 3.617788944724e-04 3.043998578441e-01 3.617788944724e-04 1.905006037533e-01 3.617788944724e-04 1.943000811875e-01
3.639195979899e-04 3.107999751796e-01 3.639195979899e-04 3.043998837014e-01 3.639195979899e-04 1.905005107614e-01 3.639195979899e-04 1.943000663116e-01
3.660603015075e-04 3.107999798338e-01 3.660603015075e-04 3.043999048554e-01 3.660603015075e-04 1.905004320925e-01 3.660603015075e-04 1.943000541613e-01
3.682010050251e-04 3.107999836152e-01 3.682010050251e-04 3.043999221617e-01 3.682010050251e-04 1.905003655404e-01 3.682010050251e-04 1.943000442373e-01
3.703417085427e-04 3.107999866875e-01 3.703417085427e-04 3.043999363200e-01 3.703417085427e-04 1.905003092389e-01 3.703417085427e-04 1.943000361317e-01
3.724824120603e-04 3.107999891838e-01 3.724824120603e-04 3.043999479031e-01 3.724824120603e-04 1.905002616091e-01 3.724824120603e-04 1.943000295113e-01
3.746231155779e-04 3.107999912120e-01 3.746231155779e-04 3.043999573792e-01 3.746231155779e-04 1.905002213154e-01 3.746231155779e-04 1.943000241040e-01
3.767638190955e-04 3.107999928598e-01 3.767638190955e-04 3.043999651317e-01 3.767638190955e-04 1.905001872279e-01 3.767638190955e-04 1.943000196874e-01
3.789045226131e-04 3.107999941987e-01 3.789045226131e-04 3.043999714740e-01 3.789045226131e-04 1.905001583906e-01 3.789045226131e-04 1.943000160801e-01
3.810452261307e-04 3.107999952865e-01 3.810452261307e-04 3.043999766628e-01 3.810452261307e-04 1.905001339949e-01 3.810452261307e-04 1.943000131337e-01
3.831859296482e-04 3.107999961704e-01 3.831859296482e-04 3.043999809077e-01 3.831859296482e-04 1.905001133567e-01 3.831859296482e-04 1.943000107272e-01
3.853266331658e-04 3.107999968885e-01 3.853266331658e-04 3.043999843805e-01 3.853266331658e-04 1.905000958973e-01 3.853266331658e-04 1.943000087617e-01
3.874673366834e-04 3.107999974719e-01 3.874673366834e-04 3.043999872216e-01 3.874673366834e-04 1.905000811270e-01 3.874673366834e-04 1.943000071563e-01
3.896080402010e-04 3.107999979460e-01 3.896080402010e-04 3.043999895459e-01 3.896080402010e-04 1.905000686316e-01 3.896080402010e-04 1.943000058450e-01
3.917487437186e-04 3.107999983311e-01 3.917487437186e-04 3.043999914474e-01 3.917487437186e-04 1.905000580609e-01 3.917487437186e-04 1.943000047740e-01
3.938894472362e-04 3.107999986441e-01 3.938894472362e-04 3.043999930031e-01 3.938894472362e-04 1.905000491182e-01 3.938894472362e-04 1.943000038993e-01
3.960301507538e-04 3.107999988983e-01 3.960301507538e-04 3.043999942758e-01 3.960301507538e-04 1.905000415529e-01 3.960301507538e-04 1.943000031848e-01
3.981708542714e-04 3.107999991049e-01 3.981708542714e-04 3.043999953170e-01 3.981708542714e-04 1.905000351529e-01 3.981708542714e-04 1.943000026013e-01
4.003115577889e-04 3.107999992727e-01 4.003115577889e-04 3.043999961688e-01 4.003115577889e-04 1.905000297386e-01 4.003115577889e-04 1.943000021246e-01
4.024522613065e-04 3.107999994091e-01 4.024522613065e-04 3.043999968657e-01 4.024522613065e-04 1.905000251582e-01 4.024522613065e-04 1.943000017353e-01
4.045929648241e-04 3.107999995199e-01 4.045929648241e-04 3.043999974358e-01 4.045929648241e-04 1.905000212833e-01 4.045929648241e-04 1.943000014174e-01
4.067336683417e-04 3.107999996099e-01 4.067336683417e-04 3.043999979022e-01 4.067336683417e-04 1.905000180052e-01 4.067336683417e-04 1.943000011577e-01
4.088743718593e-04 3.107999996831e-01 4.088743718593e-04 3.043999982838e-01 4.088743718593e-04 1.905000152320e-01 4.088743718593e-04 1.943000009456e-01
4.110150753769e-04 3.107999997425e-01 4.110150753769e-04 3.043999985960e-01 4.110150753769e-04 1.905000128859e-01 4.110150753769e-04 1.943000007723e-01
4.131557788945e-04 3.107999997908e-01 4.131557788945e-04 3.043999988513e-01 4.131557788945e-04 1.905000109012e-01 4.131557788945e-04 1.943000006308e-01
4.152964824121e-04 3.107999998300e-01 4.152964824121e-04 3.043999990603e-01 4.152964824121e-04 1.905000092222e-01 4.152964824121e-04 1.943000005152e-01
4.174371859296e-04 3.107999998619e-01 4.174371859296e-04 3.043999992312e-01 4.174371859296e-04 1.905000078018e-01 4.174371859296e-04 1.943000004208e-01
4.195778894472e-04 3.107999998878e-01 4.195778894472e-04 3.043999993710e-01 4.195778894472e-04 1.905000066001e-01 4.195778894472e-04 1.943000003437e-01
4.217185929648e-04 3.107999999088e-01 4.217185929648e-04 3.043999994855e-01 4.217185929648e-04 1.905000055836e-01 4.217185929648e-04 1.943000002807e-01
4.238592964824e-04 3.107999999259e-01 4.238592964824e-04 3.043999995790e-01 4.238592964824e-04 1.905000047236e-01 4.238592964824e-04 1.943000002293e-01
4.260000000000e-04 3.107999999398e-01 4.260000000000e-04 3.043999996556e-01 4.260000000000e-04 1.905000039960e-01 4.260000000000e-04 1.943000001873e-01
