0.000000000000e+00 1.966000000000e-01 0.000000000000e+00 1.904000164689e-01 0.000000000000e+00 3.045000000000e-01 0.000000000000e+00 3.044000000000e-01
1.874371859296e-06 1.966000000000e-01 1.874371859296e-06 1.904000191737e-01 1.874371859296e-06 3.045000000000e-01 1.874371859296e-06 3.044000000000e-01
3.748743718593e-06 1.966000000000e-01 3.748743718593e-06 1.904000223227e-01 3.748743718593e-06 3.045000000000e-01 3.748743718593e-06 3.044000000000e-01
5.623115577889e-06 1.966000000000e-01 5.623115577889e-06 1.904000259890e-01 5.623115577889e-06 3.045000000000e-01 5.623115577889e-06 3.044000000000e-01
7.497487437186e-06 1.966000000000e-01 7.497487437186e-06 1.904000302576e-01 7.497487437186e-06 3.045000000000e-01 7.497487437186e-06 3.044000000000e-01
9.371859296482e-06 1.966000000000e-01 9.371859296482e-06 1.904000352274e-01 9.371859296482e-06 3.044999999999e-01 9.371859296482e-06 3.044000000000e-01
1.124623115578e-05 1.966000000000e-01 1.124623115578e-05 1.904000410137e-01 1.124623115578e-05 3.044999999999e-01 1.124623115578e-05 3.044000000000e-01
1.312060301508e-05 1.966000000000e-01 1.312060301508e-05 1.904000477506e-01 1.312060301508e-05 3.044999999999e-01 1.312060301508e-05 3.044000000000e-01
1.499497487437e-05 1.966000000000e-01 1.499497487437e-05 1.904000555945e-01 1.499497487437e-05 3.044999999998e-01 1.499497487437e-05 3.044000000000e-01
1.686934673367e-05 1.966000000000e-01 1.686934673367e-05 1.904000647271e-01 1.686934673367e-05 3.044999999998e-01 1.686934673367e-05 3.044000000000e-01
1.874371859296e-05 1.966000000000e-01 1.874371859296e-05 1.904000753605e-01 1.874371859296e-05 3.044999999997e-01 1.874371859296e-05 3.044000000000e-01
2.061809045226e-05 1.966000000000e-01 2.061809045226e-05 1.904000877412e-01 2.061809045226e-05 3.044999999996e-01 2.061809045226e-05 3.044000000000e-01
2.249246231156e-05 1.966000000000e-01 2.249246231156e-05 1.904001021567e-01 2.249246231156e-05 3.044999999994e-01 2.249246231156e-05 3.044000000000e-01
2.436683417085e-05 1.966000000000e-01 2.436683417085e-05 1.904001189415e-01 2.436683417085e-05 3.044999999992e-01 2.436683417085e-05 3.044000000000e-01
2.624120603015e-05 1.966000000000e-01 2.624120603015e-05 1.904001384852e-01 2.624120603015e-05 3.044999999989e-01 2.624120603015e-05 3.044000000000e-01
2.811557788945e-05 1.966000000000e-01 2.811557788945e-05 1.904001612416e-01 2.811557788945e-05 3.044999999985e-01 2.811557788945e-05 3.044000000000e-01
2.998994974874e-05 1.966000000000e-01 2.998994974874e-05 1.904001877394e-01 2.998994974874e-05 3.044999999980e-01 2.998994974874e-05 3.044000000000e-01
3.186432160804e-05 1.966000000000e-01 3.186432160804e-05 1.904002185939e-01 3.186432160804e-05 3.044999999973e-01 3.186432160804e-05 3.044000000000e-01
3.373869346734e-05 1.966000000000e-01 3.373869346734e-05 1.904002545221e-01 3.373869346734e-05 3.044999999963e-01 3.373869346734e-05 3.044000000000e-01
3.561306532663e-05 1.966000000000e-01 3.561306532663e-05 1.904002963592e-01 3.561306532663e-05 3.044999999949e-01 3.561306532663e-05 3.044000000000e-01
3.748743718593e-05 1.966000000000e-01 3.748743718593e-05 1.904003450779e-01 3.748743718593e-05 3.044999999930e-01 3.748743718593e-05 3.044000000000e-01
3.936180904523e-05 1.966000000000e-01 3.936180904523e-05 1.904004018113e-01 3.936180904523e-05 3.044999999904e-01 3.936180904523e-05 3.044000000000e-01
4.123618090452e-05 1.966000000000e-01 4.123618090452e-05 1.904004678794e-01 4.123618090452e-05 3.044999999869e-01 4.123618090452e-05 3.044000000000e-01
4.311055276382e-05 1.966000000000e-01 4.311055276382e-05 1.904005448201e-01 4.311055276382e-05 3.044999999821e-01 4.311055276382e-05 3.044000000000e-01
4.498492462312e-05 1.966000000000e-01 4.498492462312e-05 1.904006344249e-01 4.498492462312e-05 3.044999999754e-01 4.498492462312e-05 3.044000000000e-01
4.685929648241e-05 1.966000000000e-01 4.685929648241e-05 1.904007387814e-01 4.685929648241e-05 3.044999999664e-01 4.685929648241e-05 3.044000000000e-01
4.873366834171e-05 1.966000000000e-01 4.873366834171e-05 1.904008603221e-01 4.873366834171e-05 3.044999999539e-01 4.873366834171e-05 3.044000000000e-01
5.060804020101e-05 1.966000000000e-01 5.060804020101e-05 1.904010018815e-01 5.060804020101e-05 3.044999999369e-01 5.060804020101e-05 3.044000000000e-01
5.248241206030e-05 1.966000000000e-01 5.248241206030e-05 1.904011667628e-01 5.248241206030e-05 3.044999999136e-01 5.248241206030e-05 3.044000000000e-01
5.435678391960e-05 1.966000000000e-01 5.435678391960e-05 1.904013588160e-01 5.435678391960e-05 3.044999998817e-01 5.435678391960e-05 3.044000000000e-01
5.623115577889e-05 1.966000000000e-01 5.623115577889e-05 1.904015825288e-01 5.623115577889e-05 3.044999998380e-01 5.623115577889e-05 3.044000000000e-01
5.810552763819e-05 1.966000000000e-01 5.810552763819e-05 1.904018431323e-01 5.810552763819e-05 3.044999997781e-01 5.810552763819e-05 3.044000000000e-01
5.997989949749e-05 1.966000000000e-01 5.997989949749e-05 1.904021467252e-01 5.997989949749e-05 3.044999996961e-01 5.997989949749e-05 3.044000000000e-01
6.185427135678e-05 1.966000000000e-01 6.185427135678e-05 1.904025004185e-01 6.185427135678e-05 3.044999995838e-01 6.185427135678e-05 3.044000000000e-01
6.372864321608e-05 1.966000000000e-01 6.372864321608e-05 1.904029125044e-01 6.372864321608e-05 3.044999994300e-01 6.372864321608e-05 3.044000000000e-01
6.560301507538e-05 1.966000000000e-01 6.560301507538e-05 1.904033926539e-01 6.560301507538e-05 3.044999992195e-01 6.560301507538e-05 3.044000000000e-01
6.747738693467e-05 1.966000000000e-01 6.747738693467e-05 1.904039521476e-01 6.747738693467e-05 3.044999989311e-01 6.747738693467e-05 3.044000000000e-01
6.935175879397e-05 1.966000000000e-01 6.935175879397e-05 1.904046041457e-01 6.935175879397e-05 3.044999985362e-01 6.935175879397e-05 3.044000000000e-01
7.122613065327e-05 1.966000000000e-01 7.122613065327e-05 1.904053640037e-01 7.122613065327e-05 3.044999979954e-01 7.122613065327e-05 3.044000000000e-01
7.310050251256e-05 1.966000000000e-01 7.310050251256e-05 1.904062496418e-01 7.310050251256e-05 3.044999972547e-01 7.310050251256e-05 3.044000000000e-01
7.497487437186e-05 1.966000000000e-01 7.497487437186e-05 1.904072819775e-01 7.497487437186e-05 3.044999962404e-01 7.497487437186e-05 3.044000000000e-01
7.684924623116e-05 1.966000000000e-01 7.684924623116e-05 1.904084854315e-01 7.684924623116e-05 3.044999948514e-01 7.684924623116e-05 3.044000000000e-01
7.872361809045e-05 1.966000000000e-01 7.872361809045e-05 1.904098885211e-01 7.872361809045e-05 3.044999929491e-01 7.872361809045e-05 3.044000000000e-01
8.059798994975e-05 1.966000000000e-01 8.059798994975e-05 1.904115245552e-01 8.059798994975e-05 3.044999903439e-01 8.059798994975e-05 3.044000000000e-01
8.247236180905e-05 1.966000000000e-01 8.247236180905e-05 1.904134324491e-01 8.247236180905e-05 3.044999867763e-01 8.247236180905e-05 3.044000000000e-01
8.434673366834e-05 1.966000000000e-01 8.434673366834e-05 1.904156576806e-01 8.434673366834e-05 3.044999818904e-01 8.434673366834e-05 3.044000000000e-01
8.622110552764e-05 1.966000000000e-01 8.622110552764e-05 1.904182534121e-01 8.622110552764e-05 3.044999751992e-01 8.622110552764e-05 3.044000000000e-01
8.809547738693e-05 1.966000000000e-01 8.809547738693e-05 1.904212818080e-01 8.809547738693e-05 3.044999660357e-01 8.809547738693e-05 3.044000000000e-01
8.996984924623e-05 1.966000000000e-01 8.996984924623e-05 1.904248155832e-01 8.996984924623e-05 3.044999534864e-01 8.996984924623e-05 3.044000000000e-01
9.184422110553e-05 1.966000000000e-01 9.184422110553e-05 1.904289398233e-01 9.184422110553e-05 3.044999363001e-01 9.184422110553e-05 3.044000000000e-01
9.371859296482e-05 1.966000000000e-01 9.371859296482e-05 1.904337541261e-01 9.371859296482e-05 3.044999127633e-01 9.371859296482e-05 3.044000000000e-01
9.559296482412e-05 1.966000000000e-01 9.559296482412e-05 1.904393751225e-01 9.559296482412e-05 3.044998805296e-01 9.559296482412e-05 3.044000000000e-01
9.746733668342e-05 1.966000000000e-01 9.746733668342e-05 1.904459394463e-01 9.746733668342e-05 3.044998363851e-01 9.746733668342e-05 3.044000000000e-01
9.934170854271e-05 1.966000000000e-01 9.934170854271e-05 1.904536072352e-01 9.934170854271e-05 3.044997759285e-01 9.934170854271e-05 3.044000000000e-01
1.012160804020e-04 1.966000000000e-01 1.012160804020e-04 1.904625662606e-01 1.012160804020e-04 3.044996931320e-01 1.012160804020e-04 3.044000000000e-01
1.030904522613e-04 1.966000000000e-01 1.030904522613e-04 1.904730368032e-01 1.030904522613e-04 3.044995797399e-01 1.030904522613e-04 3.044000000000e-01
1.049648241206e-04 1.966000000000e-01 1.049648241206e-04 1.904852774123e-01 1.049648241206e-04 3.044994244459e-01 1.049648241206e-04 3.044000000000e-01
1.068391959799e-04 1.966000000000e-01 1.068391959799e-04 1.904995917163e-01 1.068391959799e-04 3.044992117652e-01 1.068391959799e-04 3.044000000000e-01
1.087135678392e-04 1.966000000000e-01 1.087135678392e-04 1.905163364787e-01 1.087135678392e-04 3.044989204905e-01 1.087135678392e-04 3.044000000000e-01
1.105879396985e-04 1.966000000000e-01 1.105879396985e-04 1.905359311381e-01 1.105879396985e-04 3.044985215770e-01 1.105879396985e-04 3.044000000000e-01
1.124623115578e-04 1.966000000000e-01 1.124623115578e-04 1.905588691103e-01 1.124623115578e-04 3.044979752464e-01 1.124623115578e-04 3.044000000000e-01
1.143366834171e-04 1.966000000000e-01 1.143366834171e-04 1.905857311899e-01 1.143366834171e-04 3.044972270206e-01 1.143366834171e-04 3.044000000000e-01
1.162110552764e-04 1.966000000000e-01 1.162110552764e-04 1.906172014499e-01 1.162110552764e-04 3.044962022906e-01 1.162110552764e-04 3.044000000000e-01
1.180854271357e-04 1.966000000000e-01 1.180854271357e-04 1.906540861160e-01 1.180854271357e-04 3.044947988800e-01 1.180854271357e-04 3.044000000000e-01
1.199597989950e-04 1.966000000000e-01 1.199597989950e-04 1.906973359859e-01 1.199597989950e-04 3.044928768637e-01 1.199597989950e-04 3.044000000000e-01
1.218341708543e-04 1.966000000000e-01 1.218341708543e-04 1.907480730679e-01 1.218341708543e-04 3.044902446315e-01 1.218341708543e-04 3.044000000000e-01
1.237085427136e-04 1.966000000000e-01 1.237085427136e-04 1.908076222457e-01 1.237085427136e-04 3.044866398157e-01 1.237085427136e-04 3.044000000000e-01
1.255829145729e-04 1.966000000000e-01 1.255829145729e-04 1.908775489221e-01 1.255829145729e-04 3.044817031987e-01 1.255829145729e-04 3.044000000000e-01
1.274572864322e-04 1.966000000000e-01 1.274572864322e-04 1.909597037714e-01 1.274572864322e-04 3.044749430333e-01 1.274572864322e-04 3.044000000000e-01
1.293316582915e-04 1.966000000000e-01 1.293316582915e-04 1.910562759301e-01 1.293316582915e-04 3.044656862840e-01 1.293316582915e-04 3.044000000000e-01
1.312060301508e-04 1.966000000000e-01 1.312060301508e-04 1.911698561843e-01 1.312060301508e-04 3.044530120532e-01 1.312060301508e-04 3.044000000000e-01
1.330804020101e-04 1.966000000000e-01 1.330804020101e-04 1.913035119672e-01 1.330804020101e-04 3.044356607944e-01 1.330804020101e-04 3.044000000000e-01
1.349547738693e-04 1.966000000000e-01 1.349547738693e-04 1.914608762565e-01 1.349547738693e-04 3.044119107131e-01 1.349547738693e-04 3.044000000000e-01
1.368291457286e-04 1.966000000000e-01 1.368291457286e-04 1.916462527491e-01 1.368291457286e-04 3.043794098882e-01 1.368291457286e-04 3.044000000000e-01
1.387035175879e-04 1.966000000000e-01 1.387035175879e-04 1.918647399653e-01 1.387035175879e-04 3.043349489828e-01 1.387035175879e-04 3.044000000000e-01
1.405778894472e-04 1.966000000000e-01 1.405778894472e-04 1.921223771619e-01 1.405778894472e-04 3.042741548929e-01 1.405778894472e-04 3.044000000000e-01
1.424522613065e-04 1.966000000000e-01 1.424522613065e-04 1.924263150518e-01 1.424522613065e-04 3.041910804003e-01 1.424522613065e-04 3.044000000000e-01
1.443266331658e-04 1.966000000000e-01 1.443266331658e-04 1.927850142261e-01 1.443266331658e-04 3.040776593197e-01 1.443266331658e-04 3.044000000000e-01
1.462010050251e-04 1.966000000000e-01 1.462010050251e-04 1.932084737027e-01 1.462010050251e-04 3.039229919808e-01 1.462010050251e-04 3.044000000000e-01
1.480753768844e-04 1.966000000000e-01 1.480753768844e-04 1.937084909268e-01 1.480753768844e-04 3.037124248068e-01 1.480753768844e-04 3.044000000000e-01
1.499497487437e-04 1.966000000000e-01 1.499497487437e-04 1.942989524426e-01 1.499497487437e-04 3.034263954137e-01 1.499497487437e-04 3.044000000000e-01
1.518241206030e-04 1.966000000000e-01 1.518241206030e-04 1.949961508062e-01 1.518241206030e-04 3.030390404074e-01 1.518241206030e-04 3.044000000000e-01
1.536984924623e-04 1.966000000000e-01 1.536984924623e-04 1.958191173122e-01 1.536984924623e-04 3.025166224324e-01 1.536984924623e-04 3.044000000000e-01
1.555728643216e-04 1.966000000000e-01 1.555728643216e-04 1.967899507315e-01 1.555728643216e-04 3.018159491751e-01 1.555728643216e-04 3.044000000000e-01
1.574472361809e-04 1.966000000000e-01 1.574472361809e-04 1.979341081785e-01 1.574472361809e-04 3.008831585457e-01 1.574472361809e-04 3.044000000000e-01
1.593216080402e-04 1.966000000000e-01 1.593216080402e-04 1.992806040074e-01 1.593216080402e-04 2.996535525957e-01 1.593216080402e-04 3.044000000000e-01
1.611959798995e-04 1.966000000000e-01 1.611959798995e-04 2.008620351474e-01 1.611959798995e-04 2.980535574281e-01 1.611959798995e-04 3.044000000000e-01
1.630703517588e-04 1.966000000000e-01 1.630703517588e-04 2.027143165499e-01 1.630703517588e-04 2.960062363755e-01 1.630703517588e-04 3.044000000000e-01
1.649447236181e-04 1.966000000000e-01 1.649447236181e-04 2.048759713356e-01 1.649447236181e-04 2.934417563971e-01 1.649447236181e-04 3.044000000000e-01
1.668190954774e-04 1.966000000000e-01 1.668190954774e-04 2.073867850181e-01 1.668190954774e-04 2.903132423965e-01 1.668190954774e-04 3.044000000000e-01
1.686934673367e-04 1.966000000000e-01 1.686934673367e-04 2.102856186042e-01 1.686934673367e-04 2.866160097139e-01 1.686934673367e-04 3.044000000000e-01
1.705678391960e-04 1.966000000000e-01 1.705678391960e-04 2.136072088732e-01 1.705678391960e-04 2.824044494569e-01 1.705678391960e-04 3.044000000000e-01
1.724422110553e-04 1.966000000000e-01 1.724422110553e-04 2.173779018910e-01 1.724422110553e-04 2.777977359544e-01 1.724422110553e-04 3.044000000000e-01
1.743165829146e-04 1.966000000000e-01 1.743165829146e-04 2.216105010770e-01 1.743165829146e-04 2.729663854499e-01 1.743165829146e-04 3.044000000000e-01
1.761909547739e-04 1.966000000000e-01 1.761909547739e-04 2.262987686490e-01 1.761909547739e-04 2.680986297411e-01 1.761909547739e-04 3.044000000000e-01
1.780653266332e-04 1.966000000000e-01 1.780653266332e-04 2.314125388795e-01 1.780653266332e-04 2.633557794098e-01 1.780653266332e-04 3.044000000000e-01
1.799396984925e-04 1.966000000000e-01 1.799396984925e-04 2.368947319727e-01 1.799396984925e-04 2.588320780249e-01 1.799396984925e-04 3.044000000000e-01
1.818140703518e-04 1.966000000000e-01 1.818140703518e-04 2.426615785985e-01 1.818140703518e-04 2.545320644809e-01 1.818140703518e-04 3.044000000000e-01
1.836884422111e-04 1.966000000000e-01 1.836884422111e-04 2.486068914380e-01 1.836884422111e-04 2.503699613972e-01 1.836884422111e-04 3.044000000000e-01
1.855628140704e-04 1.966000000000e-01 1.855628140704e-04 2.546102566581e-01 1.855628140704e-04 2.461885836952e-01 1.855628140704e-04 3.044000000000e-01
1.874371859296e-04 1.966000000000e-01 1.874371859296e-04 2.605478598357e-01 1.874371859296e-04 2.417940936466e-01 1.874371859296e-04 3.044000000000e-01
1.893115577889e-04 1.966000000000e-01 1.893115577889e-04 2.663038031273e-01 1.893115577889e-04 2.370051509077e-01 1.893115577889e-04 3.044000000000e-01
1.911859296482e-04 1.966000000000e-01 1.911859296482e-04 2.717796316997e-01 1.911859296482e-04 2.317137036545e-01 1.911859296482e-04 3.044000000000e-01
1.930603015075e-04 1.966000000000e-01 1.930603015075e-04 2.769004318562e-01 1.930603015075e-04 2.259443501589e-01 1.930603015075e-04 3.044000000000e-01
1.949346733668e-04 1.966000000000e-01 1.949346733668e-04 2.816169585272e-01 1.949346733668e-04 2.198840532301e-01 1.949346733668e-04 3.044000000000e-01
1.968090452261e-04 1.966000000000e-01 1.968090452261e-04 2.859042951751e-01 1.968090452261e-04 2.138523562690e-01 1.968090452261e-04 3.044000000000e-01
1.986834170854e-04 1.966000000000e-01 1.986834170854e-04 2.897581771478e-01 1.986834170854e-04 2.082110635417e-01 1.986834170854e-04 3.044000000000e-01
2.005577889447e-04 1.966000000000e-01 2.005577889447e-04 2.931902349402e-01 2.005577889447e-04 2.032559222272e-01 2.005577889447e-04 3.044000000000e-01
2.024321608040e-04 1.966000000000e-01 2.024321608040e-04 2.962231781248e-01 2.024321608040e-04 1.991470347616e-01 2.024321608040e-04 3.044000000000e-01
2.043065326633e-04 1.966000000000e-01 2.043065326633e-04 2.988865598837e-01 2.043065326633e-04 1.959029229314e-01 2.043065326633e-04 3.044000000000e-01
2.061809045226e-04 1.966000000000e-01 2.061809045226e-04 3.012134051469e-01 2.061809045226e-04 1.934404648053e-01 2.061809045226e-04 3.044000000000e-01
2.080552763819e-04 1.966000000000e-01 2.080552763819e-04 3.032377327958e-01 2.080552763819e-04 1.916269099484e-01 2.080552763819e-04 3.044000000000e-01
2.099296482412e-04 1.966000000000e-01 2.099296482412e-04 3.049928632054e-01 2.099296482412e-04 1.903207782140e-01 2.099296482412e-04 3.044000000000e-01
2.118040201005e-04 1.966000000000e-01 2.118040201005e-04 3.065103496896e-01 2.118040201005e-04 1.893951257281e-01 2.118040201005e-04 3.044000000000e-01
2.136783919598e-04 1.966000000000e-01 2.136783919598e-04 3.078193717861e-01 2.136783919598e-04 1.887465382332e-01 2.136783919598e-04 3.044000000000e-01
2.155527638191e-04 1.966000000000e-01 2.155527638191e-04 3.089464520889e-01 2.155527638191e-04 1.882956637013e-01 2.155527638191e-04 3.044000000000e-01
2.174271356784e-04 1.966000000000e-01 2.174271356784e-04 3.099153890481e-01 2.174271356784e-04 1.879839258419e-01 2.174271356784e-04 3.044000000000e-01
2.193015075377e-04 1.966000000000e-01 2.193015075377e-04 3.107473269197e-01 2.193015075377e-04 1.877691761053e-01 2.193015075377e-04 3.044000000000e-01
2.211758793970e-04 1.966000000000e-01 2.211758793970e-04 3.114609074986e-01 2.211758793970e-04 1.876215993289e-01 2.211758793970e-04 3.044000000000e-01
2.230502512563e-04 1.966000000000e-01 2.230502512563e-04 3.120724659470e-01 2.230502512563e-04 1.875203443918e-01 2.230502512563e-04 3.044000000000e-01
2.249246231156e-04 1.966000000000e-01 2.249246231156e-04 3.125962457585e-01 2.249246231156e-04 1.874509404407e-01 2.249246231156e-04 3.044000000000e-01
2.267989949749e-04 1.966000000000e-01 2.267989949749e-04 3.130446167794e-01 2.267989949749e-04 1.874033959259e-01 2.267989949749e-04 3.044000000000e-01
2.286733668342e-04 1.966000000000e-01 2.286733668342e-04 3.134282862977e-01 2.286733668342e-04 1.873708355545e-01 2.286733668342e-04 3.044000000000e-01
2.305477386935e-04 1.966000000000e-01 2.305477386935e-04 3.137564973223e-01 2.305477386935e-04 1.873485389581e-01 2.305477386935e-04 3.044000000000e-01
2.324221105528e-04 1.966000000000e-01 2.324221105528e-04 3.140372109304e-01 2.324221105528e-04 1.873332699582e-01 2.324221105528e-04 3.044000000000e-01
2.342964824121e-04 1.966000000000e-01 2.342964824121e-04 3.142772713746e-01 2.342964824121e-04 1.873228119030e-01 2.342964824121e-04 3.044000000000e-01
2.361708542714e-04 1.966000000000e-01 2.361708542714e-04 3.144825538184e-01 2.361708542714e-04 1.873156472744e-01 2.361708542714e-04 3.044000000000e-01
2.380452261307e-04 1.966000000000e-01 2.380452261307e-04 3.146580953054e-01 2.380452261307e-04 1.873107374575e-01 2.380452261307e-04 3.044000000000e-01
2.399195979899e-04 1.966000000000e-01 2.399195979899e-04 3.148082100078e-01 2.399195979899e-04 1.873073716663e-01 2.399195979899e-04 3.044000000000e-01
2.417939698492e-04 1.966000000000e-01 2.417939698492e-04 3.149365900321e-01 2.417939698492e-04 1.873050634453e-01 2.417939698492e-04 3.044000000000e-01
2.436683417085e-04 1.966000000000e-01 2.436683417085e-04 3.150463931606e-01 2.436683417085e-04 1.873034798218e-01 2.436683417085e-04 3.044000000000e-01
2.455427135678e-04 1.966000000000e-01 2.455427135678e-04 3.151403189116e-01 2.455427135678e-04 1.873023928319e-01 2.455427135678e-04 3.044000000000e-01
2.474170854271e-04 1.966000000000e-01 2.474170854271e-04 3.152206742555e-01 2.474170854271e-04 1.873016463623e-01 2.474170854271e-04 3.044000000000e-01
2.492914572864e-04 1.966000000000e-01 2.492914572864e-04 3.152894302361e-01 2.492914572864e-04 1.873011334712e-01 2.492914572864e-04 3.044000000000e-01
2.511658291457e-04 1.966000000000e-01 2.511658291457e-04 3.153482706468e-01 2.511658291457e-04 1.873007808746e-01 2.511658291457e-04 3.044000000000e-01
2.530402010050e-04 1.966000000000e-01 2.530402010050e-04 3.153986337986e-01 2.530402010050e-04 1.873005383339e-01 2.530402010050e-04 3.044000000000e-01
2.549145728643e-04 1.966000000000e-01 2.549145728643e-04 3.154417483060e-01 2.549145728643e-04 1.873003713950e-01 2.549145728643e-04 3.044000000000e-01
2.567889447236e-04 1.966000000000e-01 2.567889447236e-04 3.154786637126e-01 2.567889447236e-04 1.873002564179e-01 2.567889447236e-04 3.044000000000e-01
2.586633165829e-04 1.966000000000e-01 2.586633165829e-04 3.155102766728e-01 2.586633165829e-04 1.873001771752e-01 2.586633165829e-04 3.044000000000e-01
2.605376884422e-04 1.966000000000e-01 2.605376884422e-04 3.155373533212e-01 2.605376884422e-04 1.873001225219e-01 2.605376884422e-04 3.044000000000e-01
2.624120603015e-04 1.966000000000e-01 2.624120603015e-04 3.155605483711e-01 2.624120603015e-04 1.873000848000e-01 2.624120603015e-04 3.044000000000e-01
2.642864321608e-04 1.966000000000e-01 2.642864321608e-04 3.155804214162e-01 2.642864321608e-04 1.873000587439e-01 2.642864321608e-04 3.044000000000e-01
2.661608040201e-04 1.966000000000e-01 2.661608040201e-04 3.155974508400e-01 2.661608040201e-04 1.873000407313e-01 2.661608040201e-04 3.044000000000e-01
2.680351758794e-04 1.966000000000e-01 2.680351758794e-04 3.156120456828e-01 2.680351758794e-04 1.873000282687e-01 2.680351758794e-04 3.044000000000e-01
2.699095477387e-04 1.966000000000e-01 2.699095477387e-04 3.156245557653e-01 2.699095477387e-04 1.873000196386e-01 2.699095477387e-04 3.044000000000e-01
2.717839195980e-04 1.966000000000e-01 2.717839195980e-04 3.156352803244e-01 2.717839195980e-04 1.873000136570e-01 2.717839195980e-04 3.044000000000e-01
2.736582914573e-04 1.966000000000e-01 2.736582914573e-04 3.156444753816e-01 2.736582914573e-04 1.873000095071e-01 2.736582914573e-04 3.044000000000e-01
2.755326633166e-04 1.966000000000e-01 2.755326633166e-04 3.156523600296e-01 2.755326633166e-04 1.873000066253e-01 2.755326633166e-04 3.044000000000e-01
2.774070351759e-04 1.966000000000e-01 2.774070351759e-04 3.156591217976e-01 2.774070351759e-04 1.873000046221e-01 2.774070351759e-04 3.044000000000e-01
2.792814070352e-04 1.966000000000e-01 2.792814070352e-04 3.156649212306e-01 2.792814070352e-04 1.873000032281e-01 2.792814070352e-04 3.044000000000e-01
2.811557788945e-04 1.966000000000e-01 2.811557788945e-04 3.156698957990e-01 2.811557788945e-04 1.873000022572e-01 2.811557788945e-04 3.044000000000e-01
2.830301507538e-04 1.966000000000e-01 2.830301507538e-04 3.156741632374e-01 2.830301507538e-04 1.873000015801e-01 2.830301507538e-04 3.044000000000e-01
2.849045226131e-04 1.966000000000e-01 2.849045226131e-04 3.156778243960e-01 2.849045226131e-04 1.873000011074e-01 2.849045226131e-04 3.044000000000e-01
2.867788944724e-04 1.966000000000e-01 2.867788944724e-04 3.156809656773e-01 2.867788944724e-04 1.873000007770e-01 2.867788944724e-04 3.044000000000e-01
2.886532663317e-04 1.966000000000e-01 2.886532663317e-04 3.156836611179e-01 2.886532663317e-04 1.873000005459e-01 2.886532663317e-04 3.044000000000e-01
2.905276381910e-04 1.966000000000e-01 2.905276381910e-04 3.156859741685e-01 2.905276381910e-04 1.873000003840e-01 2.905276381910e-04 3.044000000000e-01
2.924020100503e-04 1.966000000000e-01 2.924020100503e-04 3.156879592154e-01 2.924020100503e-04 1.873000002704e-01 2.924020100503e-04 3.044000000000e-01
2.942763819095e-04 1.966000000000e-01 2.942763819095e-04 3.156896628825e-01 2.942763819095e-04 1.873000001906e-01 2.942763819095e-04 3.044000000000e-01
2.961507537688e-04 1.966000000000e-01 2.961507537688e-04 3.156911251441e-01 2.961507537688e-04 1.873000001346e-01 2.961507537688e-04 3.044000000000e-01
2.980251256281e-04 1.966000000000e-01 2.980251256281e-04 3.156923802777e-01 2.980251256281e-04 1.873000000951e-01 2.980251256281e-04 3.044000000000e-01
2.998994974874e-04 1.966000000000e-01 2.998994974874e-04 3.156934576797e-01 2.998994974874e-04 1.873000000673e-01 2.998994974874e-04 3.044000000000e-01
3.017738693467e-04 1.966000000000e-01 3.017738693467e-04 3.156943825629e-01 3.017738693467e-04 1.873000000477e-01 3.017738693467e-04 3.044000000000e-01
3.036482412060e-04 1.966000000000e-01 3.036482412060e-04 3.156951765543e-01 3.036482412060e-04 1.873000000338e-01 3.036482412060e-04 3.044000000000e-01
3.055226130653e-04 1.966000000000e-01 3.055226130653e-04 3.156958582069e-01 3.055226130653e-04 1.873000000240e-01 3.055226130653e-04 3.044000000000e-01
3.073969849246e-04 1.966000000000e-01 3.073969849246e-04 3.156964434381e-01 3.073969849246e-04 1.873000000171e-01 3.073969849246e-04 3.044000000000e-01
3.092713567839e-04 1.966000000000e-01 3.092713567839e-04 3.156969459053e-01 3.092713567839e-04 1.873000000122e-01 3.092713567839e-04 3.044000000000e-01
3.111457286432e-04 1.966000000000e-01 3.111457286432e-04 3.156973773276e-01 3.111457286432e-04 1.873000000087e-01 3.111457286432e-04 3.044000000000e-01
3.130201005025e-04 1.966000000000e-01 3.130201005025e-04 3.156977477620e-01 3.130201005025e-04 1.873000000062e-01 3.130201005025e-04 3.044000000000e-01
3.148944723618e-04 1.966000000000e-01 3.148944723618e-04 3.156980658392e-01 3.148944723618e-04 1.873000000044e-01 3.148944723618e-04 3.044000000000e-01
3.167688442211e-04 1.966000000000e-01 3.167688442211e-04 3.156983389667e-01 3.167688442211e-04 1.873000000032e-01 3.167688442211e-04 3.044000000000e-01
3.186432160804e-04 1.966000000000e-01 3.186432160804e-04 3.156985735026e-01 3.186432160804e-04 1.873000000023e-01 3.186432160804e-04 3.044000000000e-01
3.205175879397e-04 1.966000000000e-01 3.205175879397e-04 3.156987749043e-01 3.205175879397e-04 1.873000000016e-01 3.205175879397e-04 3.044000000000e-01
3.223919597990e-04 1.966000000000e-01 3.223919597990e-04 3.156989478565e-01 3.223919597990e-04 1.873000000012e-01 3.223919597990e-04 3.044000000000e-01
3.242663316583e-04 1.966000000000e-01 3.242663316583e-04 3.156990963810e-01 3.242663316583e-04 1.873000000008e-01 3.242663316583e-04 3.044000000000e-01
3.261407035176e-04 1.966000000000e-01 3.261407035176e-04 3.156992239302e-01 3.261407035176e-04 1.873000000006e-01 3.261407035176e-04 3.044000000000e-01
3.280150753769e-04 1.966000000000e-01 3.280150753769e-04 3.156993334683e-01 3.280150753769e-04 1.873000000004e-01 3.280150753769e-04 3.044000000000e-01
3.298894472362e-04 1.966000000000e-01 3.298894472362e-04 3.156994275399e-01 3.298894472362e-04 1.873000000003e-01 3.298894472362e-04 3.044000000000e-01
3.317638190955e-04 1.966000000000e-01 3.317638190955e-04 3.156995083302e-01 3.317638190955e-04 1.873000000002e-01 3.317638190955e-04 3.044000000000e-01
3.336381909548e-04 1.966000000000e-01 3.336381909548e-04 3.156995777151e-01 3.336381909548e-04 1.873000000002e-01 3.336381909548e-04 3.044000000000e-01
3.355125628141e-04 1.966000000000e-01 3.355125628141e-04 3.156996373055e-01 3.355125628141e-04 1.873000000001e-01 3.355125628141e-04 3.044000000000e-01
3.373869346734e-04 1.966000000000e-01 3.373869346734e-04 3.156996884846e-01 3.373869346734e-04 1.873000000001e-01 3.373869346734e-04 3.044000000000e-01
3.392613065327e-04 1.966000000000e-01 3.392613065327e-04 3.156997324401e-01 3.392613065327e-04 1.873000000001e-01 3.392613065327e-04 3.044000000000e-01
3.411356783920e-04 1.966000000000e-01 3.411356783920e-04 3.156997701920e-01 3.411356783920e-04 1.873000000000e-01 3.411356783920e-04 3.044000000000e-01
3.430100502513e-04 1.966000000000e-01 3.430100502513e-04 3.156998026161e-01 3.430100502513e-04 1.873000000000e-01 3.430100502513e-04 3.044000000000e-01
3.448844221106e-04 1.966000000000e-01 3.448844221106e-04 3.156998304646e-01 3.448844221106e-04 1.873000000000e-01 3.448844221106e-04 3.044000000000e-01
3.467587939698e-04 1.966000000000e-01 3.467587939698e-04 3.156998543832e-01 3.467587939698e-04 1.873000000000e-01 3.467587939698e-04 3.044000000000e-01
3.486331658291e-04 1.966000000000e-01 3.486331658291e-04 3.156998749268e-01 3.486331658291e-04 1.873000000000e-01 3.486331658291e-04 3.044000000000e-01
3.505075376884e-04 1.966000000000e-01 3.505075376884e-04 3.156998925716e-01 3.505075376884e-04 1.873000000000e-01 3.505075376884e-04 3.044000000000e-01
3.523819095477e-04 1.966000000000e-01 3.523819095477e-04 3.156999077269e-01 3.523819095477e-04 1.873000000000e-01 3.523819095477e-04 3.044000000000e-01
3.542562814070e-04 1.966000000000e-01 3.542562814070e-04 3.156999207438e-01 3.542562814070e-04 1.873000000000e-01 3.542562814070e-04 3.044000000000e-01
3.561306532663e-04 1.966000000000e-01 3.561306532663e-04 3.156999319243e-01 3.561306532663e-04 1.873000000000e-01 3.561306532663e-04 3.044000000000e-01
3.580050251256e-04 1.966000000000e-01 3.580050251256e-04 3.156999415273e-01 3.580050251256e-04 1.873000000000e-01 3.580050251256e-04 3.044000000000e-01
3.598793969849e-04 1.966000000000e-01 3.598793969849e-04 3.156999497756e-01 3.598793969849e-04 1.873000000000e-01 3.598793969849e-04 3.044000000000e-01
3.617537688442e-04 1.966000000000e-01 3.617537688442e-04 3.156999568603e-01 3.617537688442e-04 1.873000000000e-01 3.617537688442e-04 3.044000000000e-01
3.636281407035e-04 1.966000000000e-01 3.636281407035e-04 3.156999629455e-01 3.636281407035e-04 1.873000000000e-01 3.636281407035e-04 3.044000000000e-01
3.655025125628e-04 1.966000000000e-01 3.655025125628e-04 3.156999681722e-01 3.655025125628e-04 1.873000000000e-01 3.655025125628e-04 3.044000000000e-01
3.673768844221e-04 1.966000000000e-01 3.673768844221e-04 3.156999726617e-01 3.673768844221e-04 1.873000000000e-01 3.673768844221e-04 3.044000000000e-01
3.692512562814e-04 1.966000000000e-01 3.692512562814e-04 3.156999765178e-01 3.692512562814e-04 1.873000000000e-01 3.692512562814e-04 3.044000000000e-01
3.711256281407e-04 1.966000000000e-01 3.711256281407e-04 3.156999798300e-01 3.711256281407e-04 1.873000000000e-01 3.711256281407e-04 3.044000000000e-01
3.730000000000e-04 1.966000000000e-01 3.730000000000e-04 3.156999826750e-01 3.730000000000e-04 1.873000000000e-01 3.730000000000e-04 3.044000000000e-01
