0.000000000000e+00 1.959000000000e-01 0.000000000000e+00 1.924000000000e-01 0.000000000000e+00 3.054000000000e-01 0.000000000000e+00 3.063000000000e-01
2.040201005025e-06 1.959000000000e-01 2.040201005025e-06 1.924000000000e-01 2.040201005025e-06 3.054000000000e-01 2.040201005025e-06 3.063000000000e-01
4.080402010050e-06 1.959000000000e-01 4.080402010050e-06 1.924000000000e-01 4.080402010050e-06 3.054000000000e-01 4.080402010050e-06 3.063000000000e-01
6.120603015075e-06 1.959000000000e-01 6.120603015075e-06 1.924000000000e-01 6.120603015075e-06 3.054000000000e-01 6.120603015075e-06 3.063000000000e-01
8.160804020101e-06 1.959000000000e-01 8.160804020101e-06 1.924000000000e-01 8.160804020101e-06 3.054000000000e-01 8.160804020101e-06 3.063000000000e-01
1.020100502513e-05 1.959000000000e-01 1.020100502513e-05 1.924000000000e-01 1.020100502513e-05 3.054000000000e-01 1.020100502513e-05 3.063000000000e-01
1.224120603015e-05 1.959000000000e-01 1.224120603015e-05 1.924000000000e-01 1.224120603015e-05 3.054000000000e-01 1.224120603015e-05 3.063000000000e-01
1.428140703518e-05 1.959000000000e-01 1.428140703518e-05 1.924000000000e-01 1.428140703518e-05 3.054000000000e-01 1.428140703518e-05 3.063000000000e-01
1.632160804020e-05 1.959000000000e-01 1.632160804020e-05 1.924000000000e-01 1.632160804020e-05 3.054000000000e-01 1.632160804020e-05 3.063000000000e-01
1.836180904523e-05 1.959000000000e-01 1.836180904523e-05 1.924000000000e-01 1.836180904523e-05 3.054000000000e-01 1.836180904523e-05 3.063000000000e-01
2.040201005025e-05 1.959000000000e-01 2.040201005025e-05 1.924000000000e-01 2.040201005025e-05 3.054000000000e-01 2.040201005025e-05 3.063000000000e-01
2.244221105528e-05 1.959000000000e-01 2.244221105528e-05 1.924000000000e-01 2.244221105528e-05 3.054000000000e-01 2.244221105528e-05 3.063000000000e-01
2.448241206030e-05 1.959000000000e-01 2.448241206030e-05 1.924000000000e-01 2.448241206030e-05 3.054000000000e-01 2.448241206030e-05 3.063000000000e-01
2.652261306533e-05 1.959000000000e-01 2.652261306533e-05 1.924000000000e-01 2.652261306533e-05 3.054000000000e-01 2.652261306533e-05 3.063000000000e-01
2.856281407035e-05 1.959000000000e-01 2.856281407035e-05 1.924000000000e-01 2.856281407035e-05 3.054000000000e-01 2.856281407035e-05 3.063000000000e-01
3.060301507538e-05 1.959000000000e-01 3.060301507538e-05 1.924000000000e-01 3.060301507538e-05 3.054000000000e-01 3.060301507538e-05 3.063000000000e-01
3.264321608040e-05 1.959000000000e-01 3.264321608040e-05 1.924000000000e-01 3.264321608040e-05 3.054000000000e-01 3.264321608040e-05 3.063000000000e-01
3.468341708543e-05 1.959000000000e-01 3.468341708543e-05 1.924000000000e-01 3.468341708543e-05 3.054000000000e-01 3.468341708543e-05 3.063000000000e-01
3.672361809045e-05 1.959000000000e-01 3.672361809045e-05 1.924000000000e-01 3.672361809045e-05 3.054000000000e-01 3.672361809045e-05 3.063000000000e-01
3.876381909548e-05 1.959000000000e-01 3.876381909548e-05 1.924000000000e-01 3.876381909548e-05 3.054000000000e-01 3.876381909548e-05 3.063000000000e-01
4.080402010050e-05 1.959000000000e-01 4.080402010050e-05 1.924000000000e-01 4.080402010050e-05 3.054000000000e-01 4.080402010050e-05 3.063000000000e-01
4.284422110553e-05 1.959000000000e-01 4.284422110553e-05 1.924000000000e-01 4.284422110553e-05 3.053999999999e-01 4.284422110553e-05 3.063000000000e-01
4.488442211055e-05 1.959000000000e-01 4.488442211055e-05 1.924000000000e-01 4.488442211055e-05 3.053999999999e-01 4.488442211055e-05 3.063000000000e-01
4.692462311558e-05 1.959000000000e-01 4.692462311558e-05 1.924000000000e-01 4.692462311558e-05 3.053999999999e-01 4.692462311558e-05 3.063000000000e-01
4.896482412060e-05 1.959000000000e-01 4.896482412060e-05 1.924000000000e-01 4.896482412060e-05 3.053999999999e-01 4.896482412060e-05 3.063000000000e-01
5.100502512563e-05 1.959000000000e-01 5.100502512563e-05 1.924000000000e-01 5.100502512563e-05 3.053999999998e-01 5.100502512563e-05 3.063000000000e-01
5.304522613065e-05 1.959000000000e-01 5.304522613065e-05 1.924000000000e-01 5.304522613065e-05 3.053999999997e-01 5.304522613065e-05 3.063000000000e-01
5.508542713568e-05 1.959000000000e-01 5.508542713568e-05 1.924000000000e-01 5.508542713568e-05 3.053999999996e-01 5.508542713568e-05 3.063000000000e-01
5.712562814070e-05 1.959000000000e-01 5.712562814070e-05 1.924000000000e-01 5.712562814070e-05 3.053999999995e-01 5.712562814070e-05 3.063000000000e-01
5.916582914573e-05 1.959000000000e-01 5.916582914573e-05 1.924000000000e-01 5.916582914573e-05 3.053999999992e-01 5.916582914573e-05 3.063000000000e-01
6.120603015075e-05 1.959000000000e-01 6.120603015075e-05 1.924000000000e-01 6.120603015075e-05 3.053999999989e-01 6.120603015075e-05 3.063000000000e-01
6.324623115578e-05 1.959000000000e-01 6.324623115578e-05 1.924000000000e-01 6.324623115578e-05 3.053999999985e-01 6.324623115578e-05 3.063000000000e-01
6.528643216080e-05 1.959000000000e-01 6.528643216080e-05 1.924000000000e-01 6.528643216080e-05 3.053999999979e-01 6.528643216080e-05 3.063000000000e-01
6.732663316583e-05 1.959000000000e-01 6.732663316583e-05 1.924000000000e-01 6.732663316583e-05 3.053999999970e-01 6.732663316583e-05 3.063000000000e-01
6.936683417085e-05 1.959000000000e-01 6.936683417085e-05 1.924000000000e-01 6.936683417085e-05 3.053999999958e-01 6.936683417085e-05 3.063000000000e-01
7.140703517588e-05 1.959000000000e-01 7.140703517588e-05 1.924000000000e-01 7.140703517588e-05 3.053999999941e-01 7.140703517588e-05 3.063000000000e-01
7.344723618090e-05 1.959000000000e-01 7.344723618090e-05 1.924000000001e-01 7.344723618090e-05 3.053999999917e-01 7.344723618090e-05 3.063000000000e-01
7.548743718593e-05 1.959000000000e-01 7.548743718593e-05 1.924000000001e-01 7.548743718593e-05 3.053999999883e-01 7.548743718593e-05 3.063000000000e-01
7.752763819095e-05 1.959000000000e-01 7.752763819095e-05 1.924000000002e-01 7.752763819095e-05 3.053999999836e-01 7.752763819095e-05 3.063000000000e-01
7.956783919598e-05 1.959000000000e-01 7.956783919598e-05 1.924000000003e-01 7.956783919598e-05 3.053999999770e-01 7.956783919598e-05 3.063000000000e-01
8.160804020101e-05 1.959000000000e-01 8.160804020101e-05 1.924000000004e-01 8.160804020101e-05 3.053999999677e-01 8.160804020101e-05 3.063000000000e-01
8.364824120603e-05 1.959000000000e-01 8.364824120603e-05 1.924000000007e-01 8.364824120603e-05 3.053999999546e-01 8.364824120603e-05 3.063000000000e-01
8.568844221106e-05 1.959000000000e-01 8.568844221106e-05 1.924000000010e-01 8.568844221106e-05 3.053999999362e-01 8.568844221106e-05 3.063000000000e-01
8.772864321608e-05 1.959000000000e-01 8.772864321608e-05 1.924000000016e-01 8.772864321608e-05 3.053999999104e-01 8.772864321608e-05 3.063000000000e-01
8.976884422111e-05 1.959000000000e-01 8.976884422111e-05 1.924000000025e-01 8.976884422111e-05 3.053999998742e-01 8.976884422111e-05 3.063000000000e-01
9.180904522613e-05 1.959000000000e-01 9.180904522613e-05 1.924000000039e-01 9.180904522613e-05 3.053999998233e-01 9.180904522613e-05 3.063000000000e-01
9.384924623116e-05 1.959000000000e-01 9.384924623116e-05 1.924000000061e-01 9.384924623116e-05 3.053999997518e-01 9.384924623116e-05 3.063000000000e-01
9.588944723618e-05 1.959000000000e-01 9.588944723618e-05 1.924000000095e-01 9.588944723618e-05 3.053999996513e-01 9.588944723618e-05 3.063000000000e-01
9.792964824121e-05 1.959000000000e-01 9.792964824121e-05 1.924000000149e-01 9.792964824121e-05 3.053999995101e-01 9.792964824121e-05 3.063000000000e-01
9.996984924623e-05 1.959000000000e-01 9.996984924623e-05 1.924000000232e-01 9.996984924623e-05 3.053999993117e-01 9.996984924623e-05 3.063000000000e-01
1.020100502513e-04 1.959000000000e-01 1.020100502513e-04 1.924000000362e-01 1.020100502513e-04 3.053999990330e-01 1.020100502513e-04 3.063000000000e-01
1.040502512563e-04 1.959000000000e-01 1.040502512563e-04 1.924000000566e-01 1.040502512563e-04 3.053999986413e-01 1.040502512563e-04 3.063000000000e-01
1.060904522613e-04 1.959000000000e-01 1.060904522613e-04 1.924000000884e-01 1.060904522613e-04 3.053999980910e-01 1.060904522613e-04 3.063000000000e-01
1.081306532663e-04 1.959000000000e-01 1.081306532663e-04 1.924000001381e-01 1.081306532663e-04 3.053999973176e-01 1.081306532663e-04 3.063000000000e-01
1.101708542714e-04 1.959000000000e-01 1.101708542714e-04 1.924000002157e-01 1.101708542714e-04 3.053999962306e-01 1.101708542714e-04 3.063000000000e-01
1.122110552764e-04 1.959000000000e-01 1.122110552764e-04 1.924000003369e-01 1.122110552764e-04 3.053999947027e-01 1.122110552764e-04 3.063000000000e-01
1.142512562814e-04 1.959000000000e-01 1.142512562814e-04 1.924000005263e-01 1.142512562814e-04 3.053999925549e-01 1.142512562814e-04 3.063000000000e-01
1.162914572864e-04 1.959000000000e-01 1.162914572864e-04 1.924000008220e-01 1.162914572864e-04 3.053999895351e-01 1.162914572864e-04 3.063000000000e-01
1.183316582915e-04 1.959000000000e-01 1.183316582915e-04 1.924000012841e-01 1.183316582915e-04 3.053999852886e-01 1.183316582915e-04 3.063000000000e-01
1.203718592965e-04 1.959000000000e-01 1.203718592965e-04 1.924000020058e-01 1.203718592965e-04 3.053999793159e-01 1.203718592965e-04 3.063000000000e-01
1.224120603015e-04 1.959000000000e-01 1.224120603015e-04 1.924000031333e-01 1.224120603015e-04 3.053999709136e-01 1.224120603015e-04 3.063000000000e-01
1.244522613065e-04 1.959000000000e-01 1.244522613065e-04 1.924000048948e-01 1.244522613065e-04 3.053999590899e-01 1.244522613065e-04 3.063000000000e-01
1.264924623116e-04 1.959000000000e-01 1.264924623116e-04 1.924000076466e-01 1.264924623116e-04 3.053999424467e-01 1.264924623116e-04 3.063000000000e-01
1.285326633166e-04 1.959000000000e-01 1.285326633166e-04 1.924000119459e-01 1.285326633166e-04 3.053999190108e-01 1.285326633166e-04 3.063000000000e-01
1.305728643216e-04 1.959000000000e-01 1.305728643216e-04 1.924000186630e-01 1.305728643216e-04 3.053998859958e-01 1.305728643216e-04 3.063000000000e-01
1.326130653266e-04 1.959000000000e-01 1.326130653266e-04 1.924000291580e-01 1.326130653266e-04 3.053998394631e-01 1.326130653266e-04 3.063000000000e-01
1.346532663317e-04 1.959000000000e-01 1.346532663317e-04 1.924000455563e-01 1.346532663317e-04 3.053997738400e-01 1.346532663317e-04 3.062999999999e-01
1.366934673367e-04 1.959000000000e-01 1.366934673367e-04 1.924000711792e-01 1.366934673367e-04 3.053996812322e-01 1.366934673367e-04 3.062999999998e-01
1.387336683417e-04 1.959000000000e-01 1.387336683417e-04 1.924001112177e-01 1.387336683417e-04 3.053995504407e-01 1.387336683417e-04 3.062999999997e-01
1.407738693467e-04 1.959000000001e-01 1.407738693467e-04 1.924001737846e-01 1.407738693467e-04 3.053993655537e-01 1.407738693467e-04 3.062999999992e-01
1.428140703518e-04 1.959000000002e-01 1.428140703518e-04 1.924002715601e-01 1.428140703518e-04 3.053991039214e-01 1.428140703518e-04 3.062999999982e-01
1.448542713568e-04 1.959000000004e-01 1.448542713568e-04 1.924004243640e-01 1.448542713568e-04 3.053987332363e-01 1.448542713568e-04 3.062999999960e-01
1.468944723618e-04 1.959000000008e-01 1.468944723618e-04 1.924006631780e-01 1.468944723618e-04 3.053982073052e-01 1.468944723618e-04 3.062999999910e-01
1.489346733668e-04 1.959000000019e-01 1.489346733668e-04 1.924010364329e-01 1.489346733668e-04 3.053974599045e-01 1.489346733668e-04 3.062999999797e-01
1.509748743719e-04 1.959000000045e-01 1.509748743719e-04 1.924016198412e-01 1.509748743719e-04 3.053963958079e-01 1.509748743719e-04 3.062999999542e-01
1.530150753769e-04 1.959000000103e-01 1.530150753769e-04 1.924025317694e-01 1.530150753769e-04 3.053948776223e-01 1.530150753769e-04 3.062999998964e-01
1.550552763819e-04 1.959000000238e-01 1.550552763819e-04 1.924039572747e-01 1.550552763819e-04 3.053927063735e-01 1.550552763819e-04 3.062999997655e-01
1.570954773869e-04 1.959000000549e-01 1.570954773869e-04 1.924061856854e-01 1.570954773869e-04 3.053895927150e-01 1.570954773869e-04 3.062999994693e-01
1.591356783920e-04 1.959000001270e-01 1.591356783920e-04 1.924096693484e-01 1.591356783920e-04 3.053851139858e-01 1.591356783920e-04 3.062999987985e-01
1.611758793970e-04 1.959000002940e-01 1.611758793970e-04 1.924151154395e-01 1.611758793970e-04 3.053786497790e-01 1.611758793970e-04 3.062999972789e-01
1.632160804020e-04 1.959000006818e-01 1.632160804020e-04 1.924236293774e-01 1.632160804020e-04 3.053692846821e-01 1.632160804020e-04 3.062999938353e-01
1.652562814070e-04 1.959000015844e-01 1.652562814070e-04 1.924369386659e-01 1.652562814070e-04 3.053556605748e-01 1.652562814070e-04 3.062999860297e-01
1.672964824121e-04 1.959000036920e-01 1.672964824121e-04 1.924577418130e-01 1.672964824121e-04 3.053357509992e-01 1.672964824121e-04 3.062999683304e-01
1.693366834171e-04 1.959000086345e-01 1.693366834171e-04 1.924902510761e-01 1.693366834171e-04 3.053065145605e-01 1.693366834171e-04 3.062999281847e-01
1.713768844221e-04 1.959000202916e-01 1.713768844221e-04 1.925410338806e-01 1.713768844221e-04 3.052633598076e-01 1.713768844221e-04 3.062998370964e-01
1.734170854271e-04 1.959000479893e-01 1.734170854271e-04 1.926203103347e-01 1.734170854271e-04 3.051993155684e-01 1.734170854271e-04 3.062996303571e-01
1.754572864322e-04 1.959001144235e-01 1.754572864322e-04 1.927439371433e-01 1.754572864322e-04 3.051037408455e-01 1.754572864322e-04 3.062991609829e-01
1.774974874372e-04 1.959002756669e-01 1.774974874372e-04 1.929364000131e-01 1.774974874372e-04 3.049603168938e-01 1.774974874372e-04 3.062980950033e-01
1.795376884422e-04 1.959006727374e-01 1.795376884422e-04 1.932352285604e-01 1.795376884422e-04 3.047439291511e-01 1.795376884422e-04 3.062956733784e-01
1.815778894472e-04 1.959016675500e-01 1.815778894472e-04 1.936972751132e-01 1.815778894472e-04 3.044158612636e-01 1.815778894472e-04 3.062901705978e-01
1.836180904523e-04 1.959042097962e-01 1.836180904523e-04 1.944070925979e-01 1.836180904523e-04 3.039165070914e-01 1.836180904523e-04 3.062776636633e-01
1.856582914573e-04 1.959108501101e-01 1.856582914573e-04 1.954868372517e-01 1.856582914573e-04 3.031546661437e-01 1.856582914573e-04 3.062492348459e-01
1.876984924623e-04 1.959285990278e-01 1.876984924623e-04 1.971050579493e-01 1.876984924623e-04 3.019927651525e-01 1.876984924623e-04 3.061846273124e-01
1.897386934673e-04 1.959771466104e-01 1.897386934673e-04 1.994776956285e-01 1.897386934673e-04 3.002289171409e-01 1.897386934673e-04 3.060379226782e-01
1.917788944724e-04 1.961128153249e-01 1.917788944724e-04 2.028490929024e-01 1.917788944724e-04 2.975813768140e-01 1.917788944724e-04 3.057055681731e-01
1.938190954774e-04 1.964985266291e-01 1.938190954774e-04 2.074387714620e-01 1.938190954774e-04 2.936910547678e-01 1.938190954774e-04 3.049568746852e-01
1.958592964824e-04 1.976026557367e-01 1.958592964824e-04 2.133535750288e-01 1.958592964824e-04 2.881724171476e-01 1.958592964824e-04 3.032923362275e-01
1.978994974874e-04 2.006998088224e-01 1.978994974874e-04 2.205047250451e-01 1.978994974874e-04 2.807466645384e-01 1.978994974874e-04 2.996990978630e-01
1.999396984925e-04 2.086322364422e-01 1.999396984925e-04 2.286094930342e-01 1.999396984925e-04 2.714441387366e-01 1.999396984925e-04 2.924130538377e-01
2.019798994975e-04 2.246248491203e-01 2.019798994975e-04 2.373228123492e-01 2.019798994975e-04 2.607489751971e-01 2.019798994975e-04 2.793224922833e-01
2.040201005025e-04 2.460771599803e-01 2.040201005025e-04 2.464124447910e-01 2.040201005025e-04 2.495023233951e-01 2.040201005025e-04 2.600610405229e-01
2.060603015075e-04 2.660649541780e-01 2.060603015075e-04 2.558004535510e-01 2.060603015075e-04 2.385680689826e-01 2.060603015075e-04 2.383465295749e-01
2.081005025126e-04 2.828515884097e-01 2.081005025126e-04 2.653946030787e-01 2.081005025126e-04 2.285332146977e-01 2.081005025126e-04 2.199156905953e-01
2.101407035176e-04 2.961080756253e-01 2.101407035176e-04 2.748603153481e-01 2.101407035176e-04 2.196571862575e-01 2.101407035176e-04 2.077031587319e-01
2.121809045226e-04 3.048596663312e-01 2.121809045226e-04 2.835976574411e-01 2.121809045226e-04 2.119958940047e-01 2.121809045226e-04 2.009384837697e-01
2.142211055276e-04 3.096624280029e-01 2.142211055276e-04 2.909999379189e-01 2.142211055276e-04 2.055233685044e-01 2.142211055276e-04 1.975780191473e-01
2.162613065327e-04 3.119977259379e-01 2.162613065327e-04 2.967508544915e-01 2.162613065327e-04 2.001805842523e-01 2.162613065327e-04 1.960023919169e-01
2.183015075377e-04 3.130633036111e-01 2.183015075377e-04 3.008994110679e-01 2.183015075377e-04 1.958792449859e-01 2.183015075377e-04 1.952841306871e-01
2.203417085427e-04 3.135352557058e-01 2.203417085427e-04 3.037275321940e-01 2.203417085427e-04 1.925009034784e-01 2.203417085427e-04 1.949609486656e-01
2.223819095477e-04 3.137415769544e-01 2.223819095477e-04 3.055803856917e-01 2.223819095477e-04 1.899063424347e-01 2.223819095477e-04 1.948163792978e-01
2.244221105528e-04 3.138312854802e-01 2.244221105528e-04 3.067626670037e-01 2.244221105528e-04 1.879512191606e-01 2.244221105528e-04 1.947518712174e-01
2.264623115578e-04 3.138702086382e-01 2.264623115578e-04 3.075044475221e-01 2.264623115578e-04 1.865002875196e-01 2.264623115578e-04 1.947231159563e-01
2.285025125628e-04 3.138870846973e-01 2.285025125628e-04 3.079649979421e-01 2.285025125628e-04 1.854361901666e-01 2.285025125628e-04 1.947103020414e-01
2.305427135678e-04 3.138944005295e-01 2.305427135678e-04 3.082491247884e-01 2.305427135678e-04 1.846627044947e-01 2.305427135678e-04 1.947045919887e-01
2.325829145729e-04 3.138975720981e-01 2.325829145729e-04 3.084237490989e-01 2.325829145729e-04 1.841041265349e-01 2.325829145729e-04 1.947020472053e-01
2.346231155779e-04 3.138989471773e-01 2.346231155779e-04 3.085308399096e-01 2.346231155779e-04 1.837026434266e-01 2.346231155779e-04 1.947009128758e-01
2.366633165829e-04 3.138995434244e-01 2.366633165829e-04 3.085964370396e-01 2.366633165829e-04 1.834150376804e-01 2.366633165829e-04 1.947004071492e-01
2.387035175879e-04 3.138998019857e-01 2.387035175879e-04 3.086365945824e-01 2.387035175879e-04 1.832094899512e-01 2.387035175879e-04 1.947001816297e-01
2.407437185930e-04 3.138999141184e-01 2.407437185930e-04 3.086611734683e-01 2.407437185930e-04 1.830628237345e-01 2.407437185930e-04 1.947000810420e-01
2.427839195980e-04 3.138999627506e-01 2.427839195980e-04 3.086762177461e-01 2.427839195980e-04 1.829582851162e-01 2.427839195980e-04 1.947000361678e-01
2.448241206030e-04 3.138999838434e-01 2.448241206030e-04 3.086854277203e-01 2.448241206030e-04 1.828838268303e-01 2.448241206030e-04 1.947000161444e-01
2.468643216080e-04 3.138999929921e-01 2.468643216080e-04 3.086910675312e-01 2.468643216080e-04 1.828308176756e-01 2.468643216080e-04 1.947000072079e-01
2.489045226131e-04 3.138999969603e-01 2.489045226131e-04 3.086945222854e-01 2.489045226131e-04 1.827930893544e-01 2.489045226131e-04 1.947000032186e-01
2.509447236181e-04 3.138999986815e-01 2.509447236181e-04 3.086966393563e-01 2.509447236181e-04 1.827662411469e-01 2.509447236181e-04 1.947000014375e-01
2.529849246231e-04 3.138999994281e-01 2.529849246231e-04 3.086979372331e-01 2.529849246231e-04 1.827471369254e-01 2.529849246231e-04 1.947000006422e-01
2.550251256281e-04 3.138999997519e-01 2.550251256281e-04 3.086987332504e-01 2.550251256281e-04 1.827335433888e-01 2.550251256281e-04 1.947000002869e-01
2.570653266332e-04 3.138999998924e-01 2.570653266332e-04 3.086992216912e-01 2.570653266332e-04 1.827238708815e-01 2.570653266332e-04 1.947000001282e-01
2.591055276382e-04 3.138999999533e-01 2.591055276382e-04 3.086995215453e-01 2.591055276382e-04 1.827169881982e-01 2.591055276382e-04 1.947000000573e-01
2.611457286432e-04 3.138999999798e-01 2.611457286432e-04 3.086997057177e-01 2.611457286432e-04 1.827120904844e-01 2.611457286432e-04 1.947000000256e-01
2.631859296482e-04 3.138999999912e-01 2.631859296482e-04 3.086998188957e-01 2.631859296482e-04 1.827086051209e-01 2.631859296482e-04 1.947000000115e-01
2.652261306533e-04 3.138999999962e-01 2.652261306533e-04 3.086998884830e-01 2.652261306533e-04 1.827061247172e-01 2.652261306533e-04 1.947000000051e-01
2.672663316583e-04 3.138999999983e-01 2.672663316583e-04 3.086999312920e-01 2.672663316583e-04 1.827043594285e-01 2.672663316583e-04 1.947000000023e-01
2.693065326633e-04 3.138999999993e-01 2.693065326633e-04 3.086999576422e-01 2.693065326633e-04 1.827031030310e-01 2.693065326633e-04 1.947000000010e-01
2.713467336683e-04 3.138999999997e-01 2.713467336683e-04 3.086999738709e-01 2.713467336683e-04 1.827022087892e-01 2.713467336683e-04 1.947000000005e-01
2.733869346734e-04 3.138999999999e-01 2.733869346734e-04 3.086999838717e-01 2.733869346734e-04 1.827015722901e-01 2.733869346734e-04 1.947000000002e-01
2.754271356784e-04 3.138999999999e-01 2.754271356784e-04 3.086999900384e-01 2.754271356784e-04 1.827011192319e-01 2.754271356784e-04 1.947000000001e-01
2.774673366834e-04 3.139000000000e-01 2.774673366834e-04 3.086999938433e-01 2.774673366834e-04 1.827007967377e-01 2.774673366834e-04 1.947000000000e-01
2.795075376884e-04 3.139000000000e-01 2.795075376884e-04 3.086999961923e-01 2.795075376884e-04 1.827005671755e-01 2.795075376884e-04 1.947000000000e-01
2.815477386935e-04 3.139000000000e-01 2.815477386935e-04 3.086999976435e-01 2.815477386935e-04 1.827004037620e-01 2.815477386935e-04 1.947000000000e-01
2.835879396985e-04 3.139000000000e-01 2.835879396985e-04 3.086999985407e-01 2.835879396985e-04 1.827002874342e-01 2.835879396985e-04 1.947000000000e-01
2.856281407035e-04 3.139000000000e-01 2.856281407035e-04 3.086999990956e-01 2.856281407035e-04 1.827002046237e-01 2.856281407035e-04 1.947000000000e-01
2.876683417085e-04 3.139000000000e-01 2.876683417085e-04 3.086999994391e-01 2.876683417085e-04 1.827001456724e-01 2.876683417085e-04 1.947000000000e-01
2.897085427136e-04 3.139000000000e-01 2.897085427136e-04 3.086999996519e-01 2.897085427136e-04 1.827001037055e-01 2.897085427136e-04 1.947000000000e-01
2.917487437186e-04 3.139000000000e-01 2.917487437186e-04 3.086999997838e-01 2.917487437186e-04 1.827000738293e-01 2.917487437186e-04 1.947000000000e-01
2.937889447236e-04 3.139000000000e-01 2.937889447236e-04 3.086999998657e-01 2.937889447236e-04 1.827000525604e-01 2.937889447236e-04 1.947000000000e-01
2.958291457286e-04 3.139000000000e-01 2.958291457286e-04 3.086999999165e-01 2.958291457286e-04 1.827000374188e-01 2.958291457286e-04 1.947000000000e-01
2.978693467337e-04 3.139000000000e-01 2.978693467337e-04 3.086999999480e-01 2.978693467337e-04 1.827000266394e-01 2.978693467337e-04 1.947000000000e-01
2.999095477387e-04 3.139000000000e-01 2.999095477387e-04 3.086999999676e-01 2.999095477387e-04 1.827000189653e-01 2.999095477387e-04 1.947000000000e-01
3.019497487437e-04 3.139000000000e-01 3.019497487437e-04 3.086999999798e-01 3.019497487437e-04 1.827000135019e-01 3.019497487437e-04 1.947000000000e-01
3.039899497487e-04 3.139000000000e-01 3.039899497487e-04 3.086999999874e-01 3.039899497487e-04 1.827000096124e-01 3.039899497487e-04 1.947000000000e-01
3.060301507538e-04 3.139000000000e-01 3.060301507538e-04 3.086999999921e-01 3.060301507538e-04 1.827000068434e-01 3.060301507538e-04 1.947000000000e-01
3.080703517588e-04 3.139000000000e-01 3.080703517588e-04 3.086999999951e-01 3.080703517588e-04 1.827000048720e-01 3.080703517588e-04 1.947000000000e-01
3.101105527638e-04 3.139000000000e-01 3.101105527638e-04 3.086999999969e-01 3.101105527638e-04 1.827000034686e-01 3.101105527638e-04 1.947000000000e-01
3.121507537688e-04 3.139000000000e-01 3.121507537688e-04 3.086999999981e-01 3.121507537688e-04 1.827000024694e-01 3.121507537688e-04 1.947000000000e-01
3.141909547739e-04 3.139000000000e-01 3.141909547739e-04 3.086999999988e-01 3.141909547739e-04 1.827000017580e-01 3.141909547739e-04 1.947000000000e-01
3.162311557789e-04 3.139000000000e-01 3.162311557789e-04 3.086999999992e-01 3.162311557789e-04 1.827000012516e-01 3.162311557789e-04 1.947000000000e-01
3.182713567839e-04 3.139000000000e-01 3.182713567839e-04 3.086999999995e-01 3.182713567839e-04 1.827000008911e-01 3.182713567839e-04 1.947000000000e-01
3.203115577889e-04 3.139000000000e-01 3.203115577889e-04 3.086999999997e-01 3.203115577889e-04 1.827000006344e-01 3.203115577889e-04 1.947000000000e-01
3.223517587940e-04 3.139000000000e-01 3.223517587940e-04 3.086999999998e-01 3.223517587940e-04 1.827000004516e-01 3.223517587940e-04 1.947000000000e-01
3.243919597990e-04 3.139000000000e-01 3.243919597990e-04 3.086999999999e-01 3.243919597990e-04 1.827000003215e-01 3.243919597990e-04 1.947000000000e-01
3.264321608040e-04 3.139000000000e-01 3.264321608040e-04 3.086999999999e-01 3.264321608040e-04 1.827000002289e-01 3.264321608040e-04 1.947000000000e-01
3.284723618090e-04 3.139000000000e-01 3.284723618090e-04 3.087000000000e-01 3.284723618090e-04 1.827000001630e-01 3.284723618090e-04 1.947000000000e-01
3.305125628141e-04 3.139000000000e-01 3.305125628141e-04 3.087000000000e-01 3.305125628141e-04 1.827000001160e-01 3.305125628141e-04 1.947000000000e-01
3.325527638191e-04 3.139000000000e-01 3.325527638191e-04 3.087000000000e-01 3.325527638191e-04 1.827000000826e-01 3.325527638191e-04 1.947000000000e-01
3.345929648241e-04 3.139000000000e-01 3.345929648241e-04 3.087000000000e-01 3.345929648241e-04 1.827000000588e-01 3.345929648241e-04 1.947000000000e-01
3.366331658291e-04 3.139000000000e-01 3.366331658291e-04 3.087000000000e-01 3.366331658291e-04 1.827000000419e-01 3.366331658291e-04 1.947000000000e-01
3.386733668342e-04 3.139000000000e-01 3.386733668342e-04 3.087000000000e-01 3.386733668342e-04 1.827000000298e-01 3.386733668342e-04 1.947000000000e-01
3.407135678392e-04 3.139000000000e-01 3.407135678392e-04 3.087000000000e-01 3.407135678392e-04 1.827000000212e-01 3.407135678392e-04 1.947000000000e-01
3.427537688442e-04 3.139000000000e-01 3.427537688442e-04 3.087000000000e-01 3.427537688442e-04 1.827000000151e-01 3.427537688442e-04 1.947000000000e-01
3.447939698492e-04 3.139000000000e-01 3.447939698492e-04 3.087000000000e-01 3.447939698492e-04 1.827000000108e-01 3.447939698492e-04 1.947000000000e-01
3.468341708543e-04 3.139000000000e-01 3.468341708543e-04 3.087000000000e-01 3.468341708543e-04 1.827000000077e-01 3.468341708543e-04 1.947000000000e-01
3.488743718593e-04 3.139000000000e-01 3.488743718593e-04 3.087000000000e-01 3.488743718593e-04 1.827000000055e-01 3.488743718593e-04 1.947000000000e-01
3.509145728643e-04 3.139000000000e-01 3.509145728643e-04 3.087000000000e-01 3.509145728643e-04 1.827000000039e-01 3.509145728643e-04 1.947000000000e-01
3.529547738693e-04 3.139000000000e-01 3.529547738693e-04 3.087000000000e-01 3.529547738693e-04 1.827000000028e-01 3.529547738693e-04 1.947000000000e-01
3.549949748744e-04 3.139000000000e-01 3.549949748744e-04 3.087000000000e-01 3.549949748744e-04 1.827000000020e-01 3.549949748744e-04 1.947000000000e-01
3.570351758794e-04 3.139000000000e-01 3.570351758794e-04 3.087000000000e-01 3.570351758794e-04 1.827000000014e-01 3.570351758794e-04 1.947000000000e-01
3.590753768844e-04 3.139000000000e-01 3.590753768844e-04 3.087000000000e-01 3.590753768844e-04 1.827000000010e-01 3.590753768844e-04 1.947000000000e-01
3.611155778894e-04 3.139000000000e-01 3.611155778894e-04 3.087000000000e-01 3.611155778894e-04 1.827000000007e-01 3.611155778894e-04 1.947000000000e-01
3.631557788945e-04 3.139000000000e-01 3.631557788945e-04 3.087000000000e-01 3.631557788945e-04 1.827000000005e-01 3.631557788945e-04 1.947000000000e-01
3.651959798995e-04 3.139000000000e-01 3.651959798995e-04 3.087000000000e-01 3.651959798995e-04 1.827000000004e-01 3.651959798995e-04 1.947000000000e-01
3.672361809045e-04 3.139000000000e-01 3.672361809045e-04 3.087000000000e-01 3.672361809045e-04 1.827000000003e-01 3.672361809045e-04 1.947000000000e-01
3.692763819095e-04 3.139000000000e-01 3.692763819095e-04 3.087000000000e-01 3.692763819095e-04 1.827000000002e-01 3.692763819095e-04 1.947000000000e-01
3.713165829146e-04 3.139000000000e-01 3.713165829146e-04 3.087000000000e-01 3.713165829146e-04 1.827000000001e-01 3.713165829146e-04 1.947000000000e-01
3.733567839196e-04 3.139000000000e-01 3.733567839196e-04 3.087000000000e-01 3.733567839196e-04 1.827000000001e-01 3.733567839196e-04 1.947000000000e-01
3.753969849246e-04 3.139000000000e-01 3.753969849246e-04 3.087000000000e-01 3.753969849246e-04 1.827000000001e-01 3.753969849246e-04 1.947000000000e-01
3.774371859296e-04 3.139000000000e-01 3.774371859296e-04 3.087000000000e-01 3.774371859296e-04 1.827000000000e-01 3.774371859296e-04 1.947000000000e-01
3.794773869347e-04 3.139000000000e-01 3.794773869347e-04 3.087000000000e-01 3.794773869347e-04 1.827000000000e-01 3.794773869347e-04 1.947000000000e-01
3.815175879397e-04 3.139000000000e-01 3.815175879397e-04 3.087000000000e-01 3.815175879397e-04 1.827000000000e-01 3.815175879397e-04 1.947000000000e-01
3.835577889447e-04 3.139000000000e-01 3.835577889447e-04 3.087000000000e-01 3.835577889447e-04 1.827000000000e-01 3.835577889447e-04 1.947000000000e-01
3.855979899497e-04 3.139000000000e-01 3.855979899497e-04 3.087000000000e-01 3.855979899497e-04 1.827000000000e-01 3.855979899497e-04 1.947000000000e-01
3.876381909548e-04 3.139000000000e-01 3.876381909548e-04 3.087000000000e-01 3.876381909548e-04 1.827000000000e-01 3.876381909548e-04 1.947000000000e-01
3.896783919598e-04 3.139000000000e-01 3.896783919598e-04 3.087000000000e-01 3.896783919598e-04 1.827000000000e-01 3.896783919598e-04 1.947000000000e-01
3.917185929648e-04 3.139000000000e-01 3.917185929648e-04 3.087000000000e-01 3.917185929648e-04 1.827000000000e-01 3.917185929648e-04 1.947000000000e-01
3.937587939698e-04 3.139000000000e-01 3.937587939698e-04 3.087000000000e-01 3.937587939698e-04 1.827000000000e-01 3.937587939698e-04 1.947000000000e-01
3.957989949749e-04 3.139000000000e-01 3.957989949749e-04 3.087000000000e-01 3.957989949749e-04 1.827000000000e-01 3.957989949749e-04 1.947000000000e-01
3.978391959799e-04 3.139000000000e-01 3.978391959799e-04 3.087000000000e-01 3.978391959799e-04 1.827000000000e-01 3.978391959799e-04 1.947000000000e-01
3.998793969849e-04 3.139000000000e-01 3.998793969849e-04 3.087000000000e-01 3.998793969849e-04 1.827000000000e-01 3.998793969849e-04 1.947000000000e-01
4.019195979899e-04 3.139000000000e-01 4.019195979899e-04 3.087000000000e-01 4.019195979899e-04 1.827000000000e-01 4.019195979899e-04 1.947000000000e-01
4.039597989950e-04 3.139000000000e-01 4.039597989950e-04 3.087000000000e-01 4.039597989950e-04 1.827000000000e-01 4.039597989950e-04 1.947000000000e-01
4.060000000000e-04 3.139000000000e-01 4.060000000000e-04 3.087000000000e-01 4.060000000000e-04 1.827000000000e-01 4.060000000000e-04 1.947000000000e-01
