0.000000000000e+00 3.432000000000e-01 0.000000000000e+00 1.436001369504e-01 0.000000000000e+00 2.770985236529e-01 0.000000000000e+00 2.360002173452e-01
2.105527638191e-06 3.432000000000e-01 2.105527638191e-06 1.436001569720e-01 2.105527638191e-06 2.770983311647e-01 2.105527638191e-06 2.360002468570e-01
4.211055276382e-06 3.432000000000e-01 4.211055276382e-06 1.436001799517e-01 4.211055276382e-06 2.770981135639e-01 4.211055276382e-06 2.360002803759e-01
6.316582914573e-06 3.432000000000e-01 6.316582914573e-06 1.436002063310e-01 6.316582914573e-06 2.770978675722e-01 6.316582914573e-06 2.360003184460e-01
8.422110552764e-06 3.432000000000e-01 8.422110552764e-06 1.436002366180e-01 8.422110552764e-06 2.770975894836e-01 8.422110552764e-06 2.360003616854e-01
1.052763819095e-05 3.432000000000e-01 1.052763819095e-05 1.436002713974e-01 1.052763819095e-05 2.770972751078e-01 1.052763819095e-05 2.360004107959e-01
1.263316582915e-05 3.432000000000e-01 1.263316582915e-05 1.436003113424e-01 1.263316582915e-05 2.770969197075e-01 1.263316582915e-05 2.360004665746e-01
1.473869346734e-05 3.432000000000e-01 1.473869346734e-05 1.436003572280e-01 1.473869346734e-05 2.770965179265e-01 1.473869346734e-05 2.360005299270e-01
1.684422110553e-05 3.432000000000e-01 1.684422110553e-05 1.436004099466e-01 1.684422110553e-05 2.770960637093e-01 1.684422110553e-05 2.360006018815e-01
1.894974874372e-05 3.432000000000e-01 1.894974874372e-05 1.436004705258e-01 1.894974874372e-05 2.770955502094e-01 1.894974874372e-05 2.360006836059e-01
2.105527638191e-05 3.432000000000e-01 2.105527638191e-05 1.436005401494e-01 2.105527638191e-05 2.770949696863e-01 2.105527638191e-05 2.360007764267e-01
2.316080402010e-05 3.432000000000e-01 2.316080402010e-05 1.436006201810e-01 2.316080402010e-05 2.770943133885e-01 2.316080402010e-05 2.360008818507e-01
2.526633165829e-05 3.432000000000e-01 2.526633165829e-05 1.436007121916e-01 2.526633165829e-05 2.770935714218e-01 2.526633165829e-05 2.360010015890e-01
2.737185929648e-05 3.432000000000e-01 2.737185929648e-05 1.436008179918e-01 2.737185929648e-05 2.770927325998e-01 2.737185929648e-05 2.360011375850e-01
2.947738693467e-05 3.432000000000e-01 2.947738693467e-05 1.436009396681e-01 2.947738693467e-05 2.770917842755e-01 2.947738693467e-05 2.360012920462e-01
3.158291457286e-05 3.432000000000e-01 3.158291457286e-05 1.436010796256e-01 3.158291457286e-05 2.770907121505e-01 3.158291457286e-05 2.360014674794e-01
3.368844221106e-05 3.432000000000e-01 3.368844221106e-05 1.436012406370e-01 3.368844221106e-05 2.770895000600e-01 3.368844221106e-05 2.360016667320e-01
3.579396984925e-05 3.432000000000e-01 3.579396984925e-05 1.436014258992e-01 3.579396984925e-05 2.770881297285e-01 3.579396984925e-05 2.360018930379e-01
3.789949748744e-05 3.432000000000e-01 3.789949748744e-05 1.436016390985e-01 3.789949748744e-05 2.770865804956e-01 3.789949748744e-05 2.360021500698e-01
4.000502512563e-05 3.432000000000e-01 4.000502512563e-05 1.436018844869e-01 4.000502512563e-05 2.770848290041e-01 4.000502512563e-05 2.360024419991e-01
4.211055276382e-05 3.432000000000e-01 4.211055276382e-05 1.436021669684e-01 4.211055276382e-05 2.770828488497e-01 4.211055276382e-05 2.360027735633e-01
4.421608040201e-05 3.432000000000e-01 4.421608040201e-05 1.436024922007e-01 4.421608040201e-05 2.770806101832e-01 4.421608040201e-05 2.360031501431e-01
4.632160804020e-05 3.432000000000e-01 4.632160804020e-05 1.436028667113e-01 4.632160804020e-05 2.770780792626e-01 4.632160804020e-05 2.360035778492e-01
4.842713567839e-05 3.431999999999e-01 4.842713567839e-05 1.436032980327e-01 4.842713567839e-05 2.770752179467e-01 4.842713567839e-05 2.360040636216e-01
5.053266331658e-05 3.431999999999e-01 5.053266331658e-05 1.436037948575e-01 5.053266331658e-05 2.770719831230e-01 5.053266331658e-05 2.360046153421e-01
5.263819095477e-05 3.431999999999e-01 5.263819095477e-05 1.436043672193e-01 5.263819095477e-05 2.770683260622e-01 5.263819095477e-05 2.360052419622e-01
5.474371859296e-05 3.431999999998e-01 5.474371859296e-05 1.436050267000e-01 5.474371859296e-05 2.770641916890e-01 5.474371859296e-05 2.360059536475e-01
5.684924623116e-05 3.431999999998e-01 5.684924623116e-05 1.436057866709e-01 5.684924623116e-05 2.770595177597e-01 5.684924623116e-05 2.360067619428e-01
5.895477386935e-05 3.431999999996e-01 5.895477386935e-05 1.436066625706e-01 5.895477386935e-05 2.770542339341e-01 5.895477386935e-05 2.360076799591e-01
6.106030150754e-05 3.431999999995e-01 6.106030150754e-05 1.436076722271e-01 6.106030150754e-05 2.770482607278e-01 6.106030150754e-05 2.360087225851e-01
6.316582914573e-05 3.431999999993e-01 6.316582914573e-05 1.436088362291e-01 6.316582914573e-05 2.770415083327e-01 6.316582914573e-05 2.360099067289e-01
6.527135678392e-05 3.431999999990e-01 6.527135678392e-05 1.436101783566e-01 6.527135678392e-05 2.770338752854e-01 6.527135678392e-05 2.360112515906e-01
6.737688442211e-05 3.431999999986e-01 6.737688442211e-05 1.436117260779e-01 6.737688442211e-05 2.770252469686e-01 6.737688442211e-05 2.360127789732e-01
6.948241206030e-05 3.431999999980e-01 6.948241206030e-05 1.436135111251e-01 6.948241206030e-05 2.770154939229e-01 6.948241206030e-05 2.360145136341e-01
7.158793969849e-05 3.431999999971e-01 7.158793969849e-05 1.436155701585e-01 7.158793969849e-05 2.770044699470e-01 7.158793969849e-05 2.360164836851e-01
7.369346733668e-05 3.431999999959e-01 7.369346733668e-05 1.436179455366e-01 7.369346733668e-05 2.769920099607e-01 7.369346733668e-05 2.360187210453e-01
7.579899497487e-05 3.431999999942e-01 7.579899497487e-05 1.436206862044e-01 7.579899497487e-05 2.769779276041e-01 7.579899497487e-05 2.360212619559e-01
7.790452261307e-05 3.431999999917e-01 7.790452261307e-05 1.436238487225e-01 7.790452261307e-05 2.769620125408e-01 7.790452261307e-05 2.360241475627e-01
8.001005025126e-05 3.431999999882e-01 8.001005025126e-05 1.436274984556e-01 8.001005025126e-05 2.769440274334e-01 8.001005025126e-05 2.360274245781e-01
8.211557788945e-05 3.431999999832e-01 8.211557788945e-05 1.436317109472e-01 8.211557788945e-05 2.769237045543e-01 8.211557788945e-05 2.360311460307e-01
8.422110552764e-05 3.431999999759e-01 8.422110552764e-05 1.436365735084e-01 8.422110552764e-05 2.769007419922e-01 8.422110552764e-05 2.360353721157e-01
8.632663316583e-05 3.431999999656e-01 8.632663316583e-05 1.436421870538e-01 8.632663316583e-05 2.768747994139e-01 8.632663316583e-05 2.360401711577e-01
8.843216080402e-05 3.431999999508e-01 8.843216080402e-05 1.436486682234e-01 8.843216080402e-05 2.768454933351e-01 8.843216080402e-05 2.360456207024e-01
9.053768844221e-05 3.431999999296e-01 9.053768844221e-05 1.436561518337e-01 9.053768844221e-05 2.768123918552e-01 9.053768844221e-05 2.360518087519e-01
9.264321608040e-05 3.431999998990e-01 9.264321608040e-05 1.436647937070e-01 9.264321608040e-05 2.767750088067e-01 9.264321608040e-05 2.360588351645e-01
9.474874371859e-05 3.431999998551e-01 9.474874371859e-05 1.436747739392e-01 9.474874371859e-05 2.767327972729e-01 9.474874371859e-05 2.360668132368e-01
9.685427135678e-05 3.431999997918e-01 9.685427135678e-05 1.436863006681e-01 9.685427135678e-05 2.766851424237e-01 9.685427135678e-05 2.360758714947e-01
9.895979899497e-05 3.431999997005e-01 9.895979899497e-05 1.436996144199e-01 9.895979899497e-05 2.766313536281e-01 9.895979899497e-05 2.360861557167e-01
1.010653266332e-04 3.431999995688e-01 1.010653266332e-04 1.437149931172e-01 1.010653266332e-04 2.765706558031e-01 1.010653266332e-04 2.360978312196e-01
1.031708542714e-04 3.431999993783e-01 1.031708542714e-04 1.437327578447e-01 1.031708542714e-04 2.765021799701e-01 1.031708542714e-04 2.361110854387e-01
1.052763819095e-04 3.431999991025e-01 1.052763819095e-04 1.437532794820e-01 1.052763819095e-04 2.764249530041e-01 1.052763819095e-04 2.361261308374e-01
1.073819095477e-04 3.431999987027e-01 1.073819095477e-04 1.437769863238e-01 1.073819095477e-04 2.763378865784e-01 1.073819095477e-04 2.361432081856e-01
1.094874371859e-04 3.431999981223e-01 1.094874371859e-04 1.438043728228e-01 1.094874371859e-04 2.762397653369e-01 1.094874371859e-04 2.361625902496e-01
1.115929648241e-04 3.431999972787e-01 1.115929648241e-04 1.438360096058e-01 1.115929648241e-04 2.761292343619e-01 1.115929648241e-04 2.361845859393e-01
1.136984924623e-04 3.431999960506e-01 1.136984924623e-04 1.438725549255e-01 1.136984924623e-04 2.760047860505e-01 1.136984924623e-04 2.362095449646e-01
1.158040201005e-04 3.431999942603e-01 1.158040201005e-04 1.439147677244e-01 1.158040201005e-04 2.758647465767e-01 1.158040201005e-04 2.362378630527e-01
1.179095477387e-04 3.431999916466e-01 1.179095477387e-04 1.439635224983e-01 1.179095477387e-04 2.757072621906e-01 1.179095477387e-04 2.362699877856e-01
1.200150753769e-04 3.431999878253e-01 1.200150753769e-04 1.440198261532e-01 1.200150753769e-04 2.755302857028e-01 1.200150753769e-04 2.363064251165e-01
1.221206030151e-04 3.431999822306e-01 1.221206030151e-04 1.440848370497e-01 1.221206030151e-04 2.753315636182e-01 1.221206030151e-04 2.363477466276e-01
1.242261306533e-04 3.431999740273e-01 1.242261306533e-04 1.441598864210e-01 1.242261306533e-04 2.751086245200e-01 1.242261306533e-04 2.363945975916e-01
1.263316582915e-04 3.431999619822e-01 1.263316582915e-04 1.442465023279e-01 1.263316582915e-04 2.748587694698e-01 1.263316582915e-04 2.364477058986e-01
1.284371859296e-04 3.431999442708e-01 1.284371859296e-04 1.443464362713e-01 1.284371859296e-04 2.745790653716e-01 1.284371859296e-04 2.365078919075e-01
1.305427135678e-04 3.431999181908e-01 1.305427135678e-04 1.444616925155e-01 1.305427135678e-04 2.742663424525e-01 1.305427135678e-04 2.365760792719e-01
1.326482412060e-04 3.431998797348e-01 1.326482412060e-04 1.445945600721e-01 1.326482412060e-04 2.739171972268e-01 1.326482412060e-04 2.366533067862e-01
1.347537688442e-04 3.431998229524e-01 1.347537688442e-04 1.447476471419e-01 1.347537688442e-04 2.735280025275e-01 1.347537688442e-04 2.367407412767e-01
1.368592964824e-04 3.431997389978e-01 1.368592964824e-04 1.449239176021e-01 1.368592964824e-04 2.730949263840e-01 1.368592964824e-04 2.368396915493e-01
1.389648241206e-04 3.431996147054e-01 1.389648241206e-04 1.451267288392e-01 1.389648241206e-04 2.726139616754e-01 1.389648241206e-04 2.369516233764e-01
1.410703517588e-04 3.431994304588e-01 1.410703517588e-04 1.453598698465e-01 1.410703517588e-04 2.720809685585e-01 1.410703517588e-04 2.370781754758e-01
1.431758793970e-04 3.431991569986e-01 1.431758793970e-04 1.456275980141e-01 1.431758793970e-04 2.714917316153e-01 1.431758793970e-04 2.372211763994e-01
1.452814070352e-04 3.431987506367e-01 1.452814070352e-04 1.459346724233e-01 1.452814070352e-04 2.708420334247e-01 1.452814070352e-04 2.373826622078e-01
1.473869346734e-04 3.431981460781e-01 1.473869346734e-04 1.462863807061e-01 1.473869346734e-04 2.701277457950e-01 1.473869346734e-04 2.375648947661e-01
1.494924623116e-04 3.431972456428e-01 1.494924623116e-04 1.466885556468e-01 1.494924623116e-04 2.693449391239e-01 1.494924623116e-04 2.377703804655e-01
1.515979899497e-04 3.431959030749e-01 1.515979899497e-04 1.471475767174e-01 1.515979899497e-04 2.684900092479e-01 1.515979899497e-04 2.380018891554e-01
1.537035175879e-04 3.431938992063e-01 1.537035175879e-04 1.476703506979e-01 1.537035175879e-04 2.675598196778e-01 1.537035175879e-04 2.382624730918e-01
1.558090452261e-04 3.431909053586e-01 1.558090452261e-04 1.482642645562e-01 1.558090452261e-04 2.665518553138e-01 1.558090452261e-04 2.385554857891e-01
1.579145728643e-04 3.431864282885e-01 1.579145728643e-04 1.489371029955e-01 1.579145728643e-04 2.654643816742e-01 1.579145728643e-04 2.388846008445e-01
1.600201005025e-04 3.431797273572e-01 1.600201005025e-04 1.496969227796e-01 1.600201005025e-04 2.642966015155e-01 1.600201005025e-04 2.392538311483e-01
1.621256281407e-04 3.431696899274e-01 1.621256281407e-04 1.505518764148e-01 1.621256281407e-04 2.630487986993e-01 1.621256281407e-04 2.396675494782e-01
1.642311557789e-04 3.431546440174e-01 1.642311557789e-04 1.515099793941e-01 1.642311557789e-04 2.617224575940e-01 1.642311557789e-04 2.401305124060e-01
1.663366834171e-04 3.431320769314e-01 1.663366834171e-04 1.525788183765e-01 1.663366834171e-04 2.603203455331e-01 1.663366834171e-04 2.406478908730e-01
1.684422110553e-04 3.430982135113e-01 1.684422110553e-04 1.537652027295e-01 1.684422110553e-04 2.588465462387e-01 1.684422110553e-04 2.412253128838e-01
1.705477386935e-04 3.430473860631e-01 1.705477386935e-04 1.550747689294e-01 1.705477386935e-04 2.573064339249e-01 1.705477386935e-04 2.418689267429e-01
1.726532663317e-04 3.429710980794e-01 1.726532663317e-04 1.565115561828e-01 1.726532663317e-04 2.557065811268e-01 1.726532663317e-04 2.425854973289e-01
1.747587939698e-04 3.428566447849e-01 1.747587939698e-04 1.580775815388e-01 1.747587939698e-04 2.540545980354e-01 1.747587939698e-04 2.433825532278e-01
1.768643216080e-04 3.426851081839e-01 1.768643216080e-04 1.597724523074e-01 1.768643216080e-04 2.523589068697e-01 1.768643216080e-04 2.442686091500e-01
1.789698492462e-04 3.424285059103e-01 1.789698492462e-04 1.615930607532e-01 1.789698492462e-04 2.506284609539e-01 1.789698492462e-04 2.452534955216e-01
1.810753768844e-04 3.420458794266e-01 1.810753768844e-04 1.635334084014e-01 1.810753768844e-04 2.488724238893e-01 1.810753768844e-04 2.463488342812e-01
1.831809045226e-04 3.414782469340e-01 1.831809045226e-04 1.655846026308e-01 1.831809045226e-04 2.470998287116e-01 1.831809045226e-04 2.475687039263e-01
1.852864321608e-04 3.406428014183e-01 1.852864321608e-04 1.677350552047e-01 1.852864321608e-04 2.453192394997e-01 1.852864321608e-04 2.489305321460e-01
1.873919597990e-04 3.394278121580e-01 1.873919597990e-04 1.699708913063e-01 1.873919597990e-04 2.435384381672e-01 1.873919597990e-04 2.504562306604e-01
1.894974874372e-04 3.376917418366e-01 1.894974874372e-04 1.722765509323e-01 1.894974874372e-04 2.417641570765e-01 1.894974874372e-04 2.521735268117e-01
1.916030150754e-04 3.352730421868e-01 1.916030150754e-04 1.746355365872e-01 1.916030150754e-04 2.400018740080e-01 1.916030150754e-04 2.541173239464e-01
1.937085427136e-04 3.320191570606e-01 1.937085427136e-04 1.770312376308e-01 1.937085427136e-04 2.382556805379e-01 1.937085427136e-04 2.563307053711e-01
1.958140703518e-04 3.278393325757e-01 1.958140703518e-04 1.794477476236e-01 1.958140703518e-04 2.365282288035e-01 1.958140703518e-04 2.588648611966e-01
1.979195979899e-04 3.227691979305e-01 1.979195979899e-04 1.818705899374e-01 1.979195979899e-04 2.348207557547e-01 1.979195979899e-04 2.617767912435e-01
2.000251256281e-04 3.170089287442e-01 2.000251256281e-04 1.842872792186e-01 2.000251256281e-04 2.331331789351e-01 2.000251256281e-04 2.651232817079e-01
2.021306532663e-04 3.108886082734e-01 2.021306532663e-04 1.866876693914e-01 2.021306532663e-04 2.314642540015e-01 2.021306532663e-04 2.689497677068e-01
2.042361809045e-04 3.047562956023e-01 2.042361809045e-04 1.890640679279e-01 2.042361809045e-04 2.298117817103e-01 2.042361809045e-04 2.732739190323e-01
2.063417085427e-04 2.988526087067e-01 2.063417085427e-04 1.914111254881e-01 2.063417085427e-04 2.281728508857e-01 2.063417085427e-04 2.780666390280e-01
2.084472361809e-04 2.932528661569e-01 2.084472361809e-04 1.937255348531e-01 2.084472361809e-04 2.265441036852e-01 2.084472361809e-04 2.832371014272e-01
2.105527638191e-04 2.879010941043e-01 2.105527638191e-04 1.960055902107e-01 2.105527638191e-04 2.249220099799e-01 2.105527638191e-04 2.886309219578e-01
2.126582914573e-04 2.826967746241e-01 2.126582914573e-04 1.982506662324e-01 2.126582914573e-04 2.233031385683e-01 2.126582914573e-04 2.940478865513e-01
2.147638190955e-04 2.775792785232e-01 2.147638190955e-04 2.004606766642e-01 2.147638190955e-04 2.216844140039e-01 2.147638190955e-04 2.992768124735e-01
2.168693467337e-04 2.725740080749e-01 2.168693467337e-04 2.026355660805e-01 2.168693467337e-04 2.200633489112e-01 2.168693467337e-04 3.041351489153e-01
2.189748743719e-04 2.677894091805e-01 2.189748743719e-04 2.047748781125e-01 2.189748743719e-04 2.184382427687e-01 2.189748743719e-04 3.084978793176e-01
2.210804020101e-04 2.633754724329e-01 2.210804020101e-04 2.068774308141e-01 2.210804020101e-04 2.168083393175e-01 2.210804020101e-04 3.123068897484e-01
2.231859296482e-04 2.594692079877e-01 2.231859296482e-04 2.089411164385e-01 2.231859296482e-04 2.151739361286e-01 2.231859296482e-04 3.155624664954e-01
2.252914572864e-04 2.561539645707e-01 2.252914572864e-04 2.109628299250e-01 2.252914572864e-04 2.135364415650e-01 2.252914572864e-04 3.183052389818e-01
2.273969849246e-04 2.534461934378e-01 2.273969849246e-04 2.129385187002e-01 2.273969849246e-04 2.118983764943e-01 2.273969849246e-04 3.205971441327e-01
2.295025125628e-04 2.513060793653e-01 2.295025125628e-04 2.148633366490e-01 2.295025125628e-04 2.102633206567e-01 2.295025125628e-04 3.225065026153e-01
2.316080402010e-04 2.496593473879e-01 2.316080402010e-04 2.167318778572e-01 2.316080402010e-04 2.086358064880e-01 2.316080402010e-04 3.240986022669e-01
2.337135678392e-04 2.484186641951e-01 2.337135678392e-04 2.185384613561e-01 2.337135678392e-04 2.070211662311e-01 2.337135678392e-04 3.254309873912e-01
2.358190954774e-04 2.474988395226e-01 2.358190954774e-04 2.202774368045e-01 2.358190954774e-04 2.054253410669e-01 2.358190954774e-04 3.265519405567e-01
2.379246231156e-04 2.468250689739e-01 2.379246231156e-04 2.219434827046e-01 2.379246231156e-04 2.038546634264e-01 2.379246231156e-04 3.275007713233e-01
2.400301507538e-04 2.463359013863e-01 2.400301507538e-04 2.235318729549e-01 2.400301507538e-04 2.023156253042e-01 2.400301507538e-04 3.283089340339e-01
2.421356783920e-04 2.459830518228e-01 2.421356783920e-04 2.250386935730e-01 2.421356783920e-04 2.008146460441e-01 2.421356783920e-04 3.290013905759e-01
2.442412060302e-04 2.457297201282e-01 2.442412060302e-04 2.264609984002e-01 2.442412060302e-04 1.993578526069e-01 2.442412060302e-04 3.295979181644e-01
2.463467336683e-04 2.455484473553e-01 2.463467336683e-04 2.277968996097e-01 2.463467336683e-04 1.979508837948e-01 2.463467336683e-04 3.301142366835e-01
2.484522613065e-04 2.454190464288e-01 2.484522613065e-04 2.290455950842e-01 2.484522613065e-04 1.965987274986e-01 2.484522613065e-04 3.305629246332e-01
2.505577889447e-04 2.453268304000e-01 2.505577889447e-04 2.302073396397e-01 2.505577889447e-04 1.953055970275e-01 2.505577889447e-04 3.309541374247e-01
2.526633165829e-04 2.452611921578e-01 2.526633165829e-04 2.312833703580e-01 2.526633165829e-04 1.940748493598e-01 2.526633165829e-04 3.312961586861e-01
2.547688442211e-04 2.452145107066e-01 2.547688442211e-04 2.322757979305e-01 2.547688442211e-04 1.929089450462e-01 2.547688442211e-04 3.315958181805e-01
2.568743718593e-04 2.451813304800e-01 2.568743718593e-04 2.331874761091e-01 2.568743718593e-04 1.918094468134e-01 2.568743718593e-04 3.318588067496e-01
2.589798994975e-04 2.451577560844e-01 2.589798994975e-04 2.340218604313e-01 2.589798994975e-04 1.907770518587e-01 2.589798994975e-04 3.320899134451e-01
2.610854271357e-04 2.451410111415e-01 2.610854271357e-04 2.347828657157e-01 2.610854271357e-04 1.898116514889e-01 2.610854271357e-04 3.322932046351e-01
2.631909547739e-04 2.451291193326e-01 2.631909547739e-04 2.354747297788e-01 2.631909547739e-04 1.889124111407e-01 2.631909547739e-04 3.324721601684e-01
2.652964824121e-04 2.451206750859e-01 2.652964824121e-04 2.361018887068e-01 2.652964824121e-04 1.880778638383e-01 2.652964824121e-04 3.326297778588e-01
2.674020100503e-04 2.451146793579e-01 2.674020100503e-04 2.366688670383e-01 2.674020100503e-04 1.873060106668e-01 2.674020100503e-04 3.327686545854e-01
2.695075376884e-04 2.451104223509e-01 2.695075376884e-04 2.371801845292e-01 2.695075376884e-04 1.865944227016e-01 2.695075376884e-04 3.328910500726e-01
2.716130653266e-04 2.451073999124e-01 2.716130653266e-04 2.376402798241e-01 2.716130653266e-04 1.859403398922e-01 2.716130653266e-04 3.329989377564e-01
2.737185929648e-04 2.451052540221e-01 2.737185929648e-04 2.380534503718e-01 2.737185929648e-04 1.853407635107e-01 2.737185929648e-04 3.330940459357e-01
2.758241206030e-04 2.451037304651e-01 2.758241206030e-04 2.384238072573e-01 2.758241206030e-04 1.847925398407e-01 2.758241206030e-04 3.331778915304e-01
2.779296482412e-04 2.451026487477e-01 2.779296482412e-04 2.387552432316e-01 2.779296482412e-04 1.842924337348e-01 2.779296482412e-04 3.332518081397e-01
2.800351758794e-04 2.451018807241e-01 2.800351758794e-04 2.390514120516e-01 2.800351758794e-04 1.838371914604e-01 2.800351758794e-04 3.333169696387e-01
2.821407035176e-04 2.451013354160e-01 2.821407035176e-04 2.393157172245e-01 2.821407035176e-04 1.834235928828e-01 2.821407035176e-04 3.333744102305e-01
2.842462311558e-04 2.451009482328e-01 2.842462311558e-04 2.395513083512e-01 2.842462311558e-04 1.830484934895e-01 2.842462311558e-04 3.334250416358e-01
2.863517587940e-04 2.451006733177e-01 2.863517587940e-04 2.397610834251e-01 2.863517587940e-04 1.827088570723e-01 2.863517587940e-04 3.334696679373e-01
2.884572864322e-04 2.451004781141e-01 2.884572864322e-04 2.399476956435e-01 2.884572864322e-04 1.824017800680e-01 2.884572864322e-04 3.335089984747e-01
2.905628140704e-04 2.451003395073e-01 2.905628140704e-04 2.401135634989e-01 2.905628140704e-04 1.821245086419e-01 2.905628140704e-04 3.335436590989e-01
2.926683417085e-04 2.451002410863e-01 2.926683417085e-04 2.402608831241e-01 2.926683417085e-04 1.818744496082e-01 2.926683417085e-04 3.335742020299e-01
2.947738693467e-04 2.451001711991e-01 2.947738693467e-04 2.403916420576e-01 2.947738693467e-04 1.816491762339e-01 2.947738693467e-04 3.336011145157e-01
2.968793969849e-04 2.451001215725e-01 2.968793969849e-04 2.405076337666e-01 2.968793969849e-04 1.814464298960e-01 2.968793969849e-04 3.336248264536e-01
2.989849246231e-04 2.451000863324e-01 2.989849246231e-04 2.406104724144e-01 2.989849246231e-04 1.812641184589e-01 2.989849246231e-04 3.336457171086e-01
3.010904522613e-04 2.451000613080e-01 3.010904522613e-04 2.407016074847e-01 3.010904522613e-04 1.811003121313e-01 3.010904522613e-04 3.336641210410e-01
3.031959798995e-04 2.451000435376e-01 3.031959798995e-04 2.407823379796e-01 3.031959798995e-04 1.809532374529e-01 3.031959798995e-04 3.336803333412e-01
3.053015075377e-04 2.451000309183e-01 3.053015075377e-04 2.408538259931e-01 3.053015075377e-04 1.808212699550e-01 3.053015075377e-04 3.336946142540e-01
3.074070351759e-04 2.451000219568e-01 3.074070351759e-04 2.409171095291e-01 3.074070351759e-04 1.807029259455e-01 3.074070351759e-04 3.337071932641e-01
3.095125628141e-04 2.451000155929e-01 3.095125628141e-04 2.409731144867e-01 3.095125628141e-04 1.805968537787e-01 3.095125628141e-04 3.337182727067e-01
3.116180904523e-04 2.451000110736e-01 3.116180904523e-04 2.410226657746e-01 3.116180904523e-04 1.805018248999e-01 3.116180904523e-04 3.337280309585e-01
3.137236180905e-04 2.451000078642e-01 3.137236180905e-04 2.410664975481e-01 3.137236180905e-04 1.804167248866e-01 3.137236180905e-04 3.337366252560e-01
3.158291457286e-04 2.451000055850e-01 3.158291457286e-04 2.411052625843e-01 3.158291457286e-04 1.803405446554e-01 3.158291457286e-04 3.337441941860e-01
3.179346733668e-04 2.451000039663e-01 3.179346733668e-04 2.411395408258e-01 3.179346733668e-04 1.802723719591e-01 3.179346733668e-04 3.337508598857e-01
3.200402010050e-04 2.451000028168e-01 3.200402010050e-04 2.411698471342e-01 3.200402010050e-04 1.802113832606e-01 3.200402010050e-04 3.337567299845e-01
3.221457286432e-04 2.451000020005e-01 3.221457286432e-04 2.411966383030e-01 3.221457286432e-04 1.801568360425e-01 3.221457286432e-04 3.337618993194e-01
3.242512562814e-04 2.451000014207e-01 3.242512562814e-04 2.412203193789e-01 3.242512562814e-04 1.801080615866e-01 3.242512562814e-04 3.337664514487e-01
3.263567839196e-04 2.451000010090e-01 3.263567839196e-04 2.412412493473e-01 3.263567839196e-04 1.800644582398e-01 3.263567839196e-04 3.337704599878e-01
3.284623115578e-04 2.451000007166e-01 3.284623115578e-04 2.412597462316e-01 3.284623115578e-04 1.800254851688e-01 3.284623115578e-04 3.337739897886e-01
3.305678391960e-04 2.451000005089e-01 3.305678391960e-04 2.412760916603e-01 3.305678391960e-04 1.799906565974e-01 3.305678391960e-04 3.337770979788e-01
3.326733668342e-04 2.451000003614e-01 3.326733668342e-04 2.412905349479e-01 3.326733668342e-04 1.799595365084e-01 3.326733668342e-04 3.337798348792e-01
3.347788944724e-04 2.451000002567e-01 3.347788944724e-04 2.413032967381e-01 3.347788944724e-04 1.799317337933e-01 3.347788944724e-04 3.337822448129e-01
3.368844221106e-04 2.451000001823e-01 3.368844221106e-04 2.413145722502e-01 3.368844221106e-04 1.799068978229e-01 3.368844221106e-04 3.337843668181e-01
3.389899497487e-04 2.451000001295e-01 3.389899497487e-04 2.413245341695e-01 3.389899497487e-04 1.798847144148e-01 3.389899497487e-04 3.337862352773e-01
3.410954773869e-04 2.451000000920e-01 3.410954773869e-04 2.413333352182e-01 3.410954773869e-04 1.798649021698e-01 3.410954773869e-04 3.337878804710e-01
3.432010050251e-04 2.451000000653e-01 3.432010050251e-04 2.413411104396e-01 3.432010050251e-04 1.798472091514e-01 3.432010050251e-04 3.337893290664e-01
3.453065326633e-04 2.451000000464e-01 3.453065326633e-04 2.413479792266e-01 3.453065326633e-04 1.798314098806e-01 3.453065326633e-04 3.337906045481e-01
3.474120603015e-04 2.451000000329e-01 3.474120603015e-04 2.413540471214e-01 3.474120603015e-04 1.798173026212e-01 3.474120603015e-04 3.337917275973e-01
3.495175879397e-04 2.451000000234e-01 3.495175879397e-04 2.413594074112e-01 3.495175879397e-04 1.798047069300e-01 3.495175879397e-04 3.337927164257e-01
3.516231155779e-04 2.451000000166e-01 3.516231155779e-04 2.413641425435e-01 3.516231155779e-04 1.797934614502e-01 3.516231155779e-04 3.337935870706e-01
3.537286432161e-04 2.451000000118e-01 3.537286432161e-04 2.413683253786e-01 3.537286432161e-04 1.797834219244e-01 3.537286432161e-04 3.337943536540e-01
3.558341708543e-04 2.451000000084e-01 3.558341708543e-04 2.413720203000e-01 3.558341708543e-04 1.797744594084e-01 3.558341708543e-04 3.337950286110e-01
3.579396984925e-04 2.451000000060e-01 3.579396984925e-04 2.413752841968e-01 3.579396984925e-04 1.797664586661e-01 3.579396984925e-04 3.337956228914e-01
3.600452261307e-04 2.451000000042e-01 3.600452261307e-04 2.413781673329e-01 3.600452261307e-04 1.797593167284e-01 3.600452261307e-04 3.337961461367e-01
3.621507537688e-04 2.451000000030e-01 3.621507537688e-04 2.413807141168e-01 3.621507537688e-04 1.797529416000e-01 3.621507537688e-04 3.337966068368e-01
3.642562814070e-04 2.451000000021e-01 3.642562814070e-04 2.413829637819e-01 3.642562814070e-04 1.797472511009e-01 3.642562814070e-04 3.337970124669e-01
3.663618090452e-04 2.451000000015e-01 3.663618090452e-04 2.413849509884e-01 3.663618090452e-04 1.797421718267e-01 3.663618090452e-04 3.337973696091e-01
3.684673366834e-04 2.451000000011e-01 3.684673366834e-04 2.413867063553e-01 3.684673366834e-04 1.797376382183e-01 3.684673366834e-04 3.337976840590e-01
3.705728643216e-04 2.451000000008e-01 3.705728643216e-04 2.413882569312e-01 3.705728643216e-04 1.797335917287e-01 3.705728643216e-04 3.337979609195e-01
3.726783919598e-04 2.451000000005e-01 3.726783919598e-04 2.413896266097e-01 3.726783919598e-04 1.797299800768e-01 3.726783919598e-04 3.337982046837e-01
3.747839195980e-04 2.451000000004e-01 3.747839195980e-04 2.413908364974e-01 3.747839195980e-04 1.797267565805e-01 3.747839195980e-04 3.337984193078e-01
3.768894472362e-04 2.451000000003e-01 3.768894472362e-04 2.413919052385e-01 3.768894472362e-04 1.797238795592e-01 3.768894472362e-04 3.337986082750e-01
3.789949748744e-04 2.451000000002e-01 3.789949748744e-04 2.413928493022e-01 3.789949748744e-04 1.797213118003e-01 3.789949748744e-04 3.337987746523e-01
3.811005025126e-04 2.451000000001e-01 3.811005025126e-04 2.413936832357e-01 3.811005025126e-04 1.797190200820e-01 3.811005025126e-04 3.337989211400e-01
3.832060301508e-04 2.451000000001e-01 3.832060301508e-04 2.413944198891e-01 3.832060301508e-04 1.797169747462e-01 3.832060301508e-04 3.337990501157e-01
3.853115577889e-04 2.451000000001e-01 3.853115577889e-04 2.413950706128e-01 3.853115577889e-04 1.797151493176e-01 3.853115577889e-04 3.337991636729e-01
3.874170854271e-04 2.451000000000e-01 3.874170854271e-04 2.413956454329e-01 3.874170854271e-04 1.797135201628e-01 3.874170854271e-04 3.337992636547e-01
3.895226130653e-04 2.451000000000e-01 3.895226130653e-04 2.413961532053e-01 3.895226130653e-04 1.797120661861e-01 3.895226130653e-04 3.337993516840e-01
3.916281407035e-04 2.451000000000e-01 3.916281407035e-04 2.413966017525e-01 3.916281407035e-04 1.797107685570e-01 3.916281407035e-04 3.337994291896e-01
3.937336683417e-04 2.451000000000e-01 3.937336683417e-04 2.413969979842e-01 3.937336683417e-04 1.797096104680e-01 3.937336683417e-04 3.337994974295e-01
3.958391959799e-04 2.451000000000e-01 3.958391959799e-04 2.413973480038e-01 3.958391959799e-04 1.797085769173e-01 3.958391959799e-04 3.337995575115e-01
3.979447236181e-04 2.451000000000e-01 3.979447236181e-04 2.413976572024e-01 3.979447236181e-04 1.797076545148e-01 3.979447236181e-04 3.337996104108e-01
4.000502512563e-04 2.451000000000e-01 4.000502512563e-04 2.413979303421e-01 4.000502512563e-04 1.797068313096e-01 4.000502512563e-04 3.337996569860e-01
4.021557788945e-04 2.451000000000e-01 4.021557788945e-04 2.413981716292e-01 4.021557788945e-04 1.797060966353e-01 4.021557788945e-04 3.337996979933e-01
4.042613065327e-04 2.451000000000e-01 4.042613065327e-04 2.413983847794e-01 4.042613065327e-04 1.797054409718e-01 4.042613065327e-04 3.337997340981e-01
4.063668341709e-04 2.451000000000e-01 4.063668341709e-04 2.413985730745e-01 4.063668341709e-04 1.797048558227e-01 4.063668341709e-04 3.337997658867e-01
4.084723618090e-04 2.451000000000e-01 4.084723618090e-04 2.413987394137e-01 4.084723618090e-04 1.797043336049e-01 4.084723618090e-04 3.337997938749e-01
4.105778894472e-04 2.451000000000e-01 4.105778894472e-04 2.413988863579e-01 4.105778894472e-04 1.797038675505e-01 4.105778894472e-04 3.337998185172e-01
4.126834170854e-04 2.451000000000e-01 4.126834170854e-04 2.413990161690e-01 4.126834170854e-04 1.797034516195e-01 4.126834170854e-04 3.337998402135e-01
4.147889447236e-04 2.451000000000e-01 4.147889447236e-04 2.413991308453e-01 4.147889447236e-04 1.797030804212e-01 4.147889447236e-04 3.337998593160e-01
4.168944723618e-04 2.451000000000e-01 4.168944723618e-04 2.413992321518e-01 4.168944723618e-04 1.797027491448e-01 4.168944723618e-04 3.337998761348e-01
4.190000000000e-04 2.451000000000e-01 4.190000000000e-04 2.413993216477e-01 4.190000000000e-04 1.797024534966e-01 4.190000000000e-04 3.337998909429e-01
