0.000000000000e+00 1.981500000000e-01 0.000000000000e+00 3.116999803253e-01 0.000000000000e+00 1.844000000052e-01 0.000000000000e+00 3.053000000000e-01
1.874371859296e-06 1.981500000000e-01 1.874371859296e-06 3.116999769991e-01 1.874371859296e-06 1.844000000066e-01 1.874371859296e-06 3.053000000000e-01
3.748743718593e-06 1.981500000000e-01 3.748743718593e-06 3.116999731106e-01 3.748743718593e-06 1.844000000084e-01 3.748743718593e-06 3.053000000000e-01
5.623115577889e-06 1.981500000000e-01 5.623115577889e-06 3.116999685647e-01 5.623115577889e-06 1.844000000108e-01 5.623115577889e-06 3.053000000000e-01
7.497487437186e-06 1.981500000000e-01 7.497487437186e-06 3.116999632503e-01 7.497487437186e-06 1.844000000138e-01 7.497487437186e-06 3.053000000000e-01
9.371859296482e-06 1.981500000000e-01 9.371859296482e-06 3.116999570374e-01 9.371859296482e-06 1.844000000176e-01 9.371859296482e-06 3.053000000000e-01
1.124623115578e-05 1.981500000000e-01 1.124623115578e-05 3.116999497742e-01 1.124623115578e-05 1.844000000225e-01 1.124623115578e-05 3.053000000000e-01
1.312060301508e-05 1.981500000000e-01 1.312060301508e-05 3.116999412831e-01 1.312060301508e-05 1.844000000287e-01 1.312060301508e-05 3.053000000000e-01
1.499497487437e-05 1.981500000000e-01 1.499497487437e-05 3.116999313564e-01 1.499497487437e-05 1.844000000367e-01 1.499497487437e-05 3.053000000000e-01
1.686934673367e-05 1.981500000000e-01 1.686934673367e-05 3.116999197516e-01 1.686934673367e-05 1.844000000469e-01 1.686934673367e-05 3.053000000000e-01
1.874371859296e-05 1.981500000000e-01 1.874371859296e-05 3.116999061848e-01 1.874371859296e-05 1.844000000600e-01 1.874371859296e-05 3.053000000000e-01
2.061809045226e-05 1.981500000000e-01 2.061809045226e-05 3.116998903245e-01 2.061809045226e-05 1.844000000766e-01 2.061809045226e-05 3.053000000000e-01
2.249246231156e-05 1.981500000000e-01 2.249246231156e-05 3.116998717828e-01 2.249246231156e-05 1.844000000979e-01 2.249246231156e-05 3.053000000000e-01
2.436683417085e-05 1.981500000000e-01 2.436683417085e-05 3.116998501065e-01 2.436683417085e-05 1.844000001252e-01 2.436683417085e-05 3.053000000000e-01
2.624120603015e-05 1.981500000000e-01 2.624120603015e-05 3.116998247655e-01 2.624120603015e-05 1.844000001600e-01 2.624120603015e-05 3.053000000000e-01
2.811557788945e-05 1.981500000000e-01 2.811557788945e-05 3.116997951404e-01 2.811557788945e-05 1.844000002044e-01 2.811557788945e-05 3.053000000000e-01
2.998994974874e-05 1.981500000000e-01 2.998994974874e-05 3.116997605068e-01 2.998994974874e-05 1.844000002613e-01 2.998994974874e-05 3.053000000000e-01
3.186432160804e-05 1.981500000000e-01 3.186432160804e-05 3.116997200181e-01 3.186432160804e-05 1.844000003339e-01 3.186432160804e-05 3.053000000000e-01
3.373869346734e-05 1.981500000000e-01 3.373869346734e-05 3.116996726843e-01 3.373869346734e-05 1.844000004267e-01 3.373869346734e-05 3.053000000000e-01
3.561306532663e-05 1.981500000000e-01 3.561306532663e-05 3.116996173483e-01 3.561306532663e-05 1.844000005454e-01 3.561306532663e-05 3.053000000000e-01
3.748743718593e-05 1.981500000000e-01 3.748743718593e-05 3.116995526570e-01 3.748743718593e-05 1.844000006970e-01 3.748743718593e-05 3.053000000000e-01
3.936180904523e-05 1.981500000000e-01 3.936180904523e-05 3.116994770290e-01 3.936180904523e-05 1.844000008908e-01 3.936180904523e-05 3.053000000000e-01
4.123618090452e-05 1.981500000000e-01 4.123618090452e-05 3.116993886152e-01 4.123618090452e-05 1.844000011385e-01 4.123618090452e-05 3.053000000000e-01
4.311055276382e-05 1.981500000000e-01 4.311055276382e-05 3.116992852540e-01 4.311055276382e-05 1.844000014550e-01 4.311055276382e-05 3.053000000000e-01
4.498492462312e-05 1.981500000000e-01 4.498492462312e-05 3.116991644184e-01 4.498492462312e-05 1.844000018595e-01 4.498492462312e-05 3.053000000000e-01
4.685929648241e-05 1.981500000000e-01 4.685929648241e-05 3.116990231540e-01 4.685929648241e-05 1.844000023766e-01 4.685929648241e-05 3.053000000000e-01
4.873366834171e-05 1.981500000000e-01 4.873366834171e-05 3.116988580073e-01 4.873366834171e-05 1.844000030374e-01 4.873366834171e-05 3.053000000000e-01
5.060804020101e-05 1.981500000000e-01 5.060804020101e-05 3.116986649404e-01 5.060804020101e-05 1.844000038819e-01 5.060804020101e-05 3.053000000000e-01
5.248241206030e-05 1.981500000000e-01 5.248241206030e-05 3.116984392333e-01 5.248241206030e-05 1.844000049613e-01 5.248241206030e-05 3.053000000000e-01
5.435678391960e-05 1.981500000000e-01 5.435678391960e-05 3.116981753675e-01 5.435678391960e-05 1.844000063409e-01 5.435678391960e-05 3.053000000000e-01
5.623115577889e-05 1.981500000000e-01 5.623115577889e-05 3.116978668921e-01 5.623115577889e-05 1.844000081042e-01 5.623115577889e-05 3.053000000000e-01
5.810552763819e-05 1.981500000000e-01 5.810552763819e-05 3.116975062652e-01 5.810552763819e-05 1.844000103578e-01 5.810552763819e-05 3.053000000000e-01
5.997989949749e-05 1.981500000000e-01 5.997989949749e-05 3.116970846700e-01 5.997989949749e-05 1.844000132382e-01 5.997989949749e-05 3.053000000000e-01
6.185427135678e-05 1.981500000000e-01 6.185427135678e-05 3.116965917993e-01 6.185427135678e-05 1.844000169198e-01 6.185427135678e-05 3.053000000000e-01
6.372864321608e-05 1.981500000000e-01 6.372864321608e-05 3.116960156035e-01 6.372864321608e-05 1.844000216253e-01 6.372864321608e-05 3.053000000000e-01
6.560301507538e-05 1.981500000000e-01 6.560301507538e-05 3.116953419960e-01 6.560301507538e-05 1.844000276397e-01 6.560301507538e-05 3.053000000000e-01
6.747738693467e-05 1.981500000000e-01 6.747738693467e-05 3.116945545091e-01 6.747738693467e-05 1.844000353270e-01 6.747738693467e-05 3.053000000000e-01
6.935175879397e-05 1.981500000000e-01 6.935175879397e-05 3.116936338915e-01 6.935175879397e-05 1.844000451527e-01 6.935175879397e-05 3.053000000000e-01
7.122613065327e-05 1.981500000000e-01 7.122613065327e-05 3.116925576381e-01 7.122613065327e-05 1.844000577116e-01 7.122613065327e-05 3.053000000000e-01
7.310050251256e-05 1.981500000000e-01 7.310050251256e-05 3.116912994402e-01 7.310050251256e-05 1.844000737644e-01 7.310050251256e-05 3.053000000000e-01
7.497487437186e-05 1.981500000000e-01 7.497487437186e-05 3.116898285430e-01 7.497487437186e-05 1.844000942830e-01 7.497487437186e-05 3.053000000000e-01
7.684924623116e-05 1.981500000000e-01 7.684924623116e-05 3.116881089950e-01 7.684924623116e-05 1.844001205102e-01 7.684924623116e-05 3.053000000000e-01
7.872361809045e-05 1.981500000000e-01 7.872361809045e-05 3.116860987701e-01 7.872361809045e-05 1.844001540346e-01 7.872361809045e-05 3.053000000000e-01
8.059798994975e-05 1.981500000000e-01 8.059798994975e-05 3.116837487427e-01 8.059798994975e-05 1.844001968867e-01 8.059798994975e-05 3.053000000000e-01
8.247236180905e-05 1.981500000000e-01 8.247236180905e-05 3.116810014896e-01 8.247236180905e-05 1.844002516625e-01 8.247236180905e-05 3.053000000000e-01
8.434673366834e-05 1.981500000000e-01 8.434673366834e-05 3.116777898906e-01 8.434673366834e-05 1.844003216806e-01 8.434673366834e-05 3.053000000000e-01
8.622110552764e-05 1.981500000000e-01 8.622110552764e-05 3.116740354938e-01 8.622110552764e-05 1.844004111833e-01 8.622110552764e-05 3.053000000000e-01
8.809547738693e-05 1.981500000000e-01 8.809547738693e-05 3.116696466063e-01 8.809547738693e-05 1.844005255940e-01 8.809547738693e-05 3.053000000000e-01
8.996984924623e-05 1.981500000000e-01 8.996984924623e-05 3.116645160654e-01 8.996984924623e-05 1.844006718462e-01 8.996984924623e-05 3.053000000000e-01
9.184422110553e-05 1.981500000000e-01 9.184422110553e-05 3.116585186363e-01 9.184422110553e-05 1.844008588039e-01 9.184422110553e-05 3.053000000000e-01
9.371859296482e-05 1.981500000000e-01 9.371859296482e-05 3.116515079747e-01 9.371859296482e-05 1.844010977990e-01 9.371859296482e-05 3.053000000000e-01
9.559296482412e-05 1.981500000000e-01 9.559296482412e-05 3.116433130846e-01 9.559296482412e-05 1.844014033193e-01 9.559296482412e-05 3.053000000000e-01
9.746733668342e-05 1.981500000000e-01 9.746733668342e-05 3.116337341860e-01 9.746733668342e-05 1.844017938869e-01 9.746733668342e-05 3.053000000000e-01
9.934170854271e-05 1.981500000000e-01 9.934170854271e-05 3.116225378992e-01 9.934170854271e-05 1.844022931820e-01 9.934170854271e-05 3.053000000000e-01
1.012160804020e-04 1.981500000000e-01 1.012160804020e-04 3.116094516342e-01 1.012160804020e-04 1.844029314797e-01 1.012160804020e-04 3.053000000000e-01
1.030904522613e-04 1.981500000000e-01 1.030904522613e-04 3.115941570586e-01 1.030904522613e-04 1.844037474870e-01 1.030904522613e-04 3.053000000000e-01
1.049648241206e-04 1.981500000000e-01 1.049648241206e-04 3.115762824996e-01 1.049648241206e-04 1.844047906904e-01 1.049648241206e-04 3.053000000000e-01
1.068391959799e-04 1.981500000000e-01 1.068391959799e-04 3.115553941127e-01 1.068391959799e-04 1.844061243584e-01 1.068391959799e-04 3.053000000000e-01
1.087135678392e-04 1.981500000000e-01 1.087135678392e-04 3.115309856298e-01 1.087135678392e-04 1.844078293784e-01 1.087135678392e-04 3.053000000000e-01
1.105879396985e-04 1.981500000000e-01 1.105879396985e-04 3.115024664719e-01 1.105879396985e-04 1.844100091614e-01 1.105879396985e-04 3.053000000000e-01
1.124623115578e-04 1.981500000000e-01 1.124623115578e-04 3.114691479888e-01 1.124623115578e-04 1.844127959091e-01 1.124623115578e-04 3.053000000000e-01
1.143366834171e-04 1.981500000000e-01 1.143366834171e-04 3.114302275582e-01 1.143366834171e-04 1.844163586227e-01 1.143366834171e-04 3.053000000000e-01
1.162110552764e-04 1.981500000000e-01 1.162110552764e-04 3.113847702511e-01 1.162110552764e-04 1.844209133314e-01 1.162110552764e-04 3.053000000000e-01
1.180854271357e-04 1.981500000000e-01 1.180854271357e-04 3.113316877467e-01 1.180854271357e-04 1.844267361553e-01 1.180854271357e-04 3.053000000000e-01
1.199597989950e-04 1.981500000000e-01 1.199597989950e-04 3.112697141564e-01 1.199597989950e-04 1.844341799775e-01 1.199597989950e-04 3.053000000000e-01
1.218341708543e-04 1.981500000000e-01 1.218341708543e-04 3.111973784084e-01 1.218341708543e-04 1.844436957131e-01 1.218341708543e-04 3.053000000000e-01
1.237085427136e-04 1.981500000000e-01 1.237085427136e-04 3.111129728376e-01 1.237085427136e-04 1.844558594213e-01 1.237085427136e-04 3.053000000000e-01
1.255829145729e-04 1.981500000000e-01 1.255829145729e-04 3.110145176519e-01 1.255829145729e-04 1.844714068336e-01 1.255829145729e-04 3.053000000000e-01
1.274572864322e-04 1.981500000000e-01 1.274572864322e-04 3.108997209852e-01 1.274572864322e-04 1.844912772743e-01 1.274572864322e-04 3.053000000000e-01
1.293316582915e-04 1.981500000000e-01 1.293316582915e-04 3.107659343382e-01 1.293316582915e-04 1.845166694377e-01 1.293316582915e-04 3.053000000000e-01
1.312060301508e-04 1.981500000000e-01 1.312060301508e-04 3.106101033418e-01 1.312060301508e-04 1.845491120815e-01 1.312060301508e-04 3.053000000000e-01
1.330804020101e-04 1.981500000000e-01 1.330804020101e-04 3.104287139885e-01 1.330804020101e-04 1.845905533881e-01 1.330804020101e-04 3.053000000000e-01
1.349547738693e-04 1.981500000000e-01 1.349547738693e-04 3.102177347724e-01 1.349547738693e-04 1.846434735389e-01 1.349547738693e-04 3.053000000000e-01
1.368291457286e-04 1.981500000000e-01 1.368291457286e-04 3.099725555856e-01 1.368291457286e-04 1.847110259041e-01 1.368291457286e-04 3.053000000000e-01
1.387035175879e-04 1.981500000000e-01 1.387035175879e-04 3.096879247577e-01 1.387035175879e-04 1.847972130975e-01 1.387035175879e-04 3.053000000000e-01
1.405778894472e-04 1.981500000000e-01 1.405778894472e-04 3.093578863109e-01 1.405778894472e-04 1.849071048433e-01 1.405778894472e-04 3.053000000000e-01
1.424522613065e-04 1.981500000000e-01 1.424522613065e-04 3.089757203349e-01 1.424522613065e-04 1.850471048759e-01 1.424522613065e-04 3.053000000000e-01
1.443266331658e-04 1.981500000000e-01 1.443266331658e-04 3.085338903577e-01 1.443266331658e-04 1.852252735217e-01 1.443266331658e-04 3.053000000000e-01
1.462010050251e-04 1.981500000000e-01 1.462010050251e-04 3.080240026207e-01 1.462010050251e-04 1.854517104589e-01 1.462010050251e-04 3.053000000000e-01
1.480753768844e-04 1.981500000000e-01 1.480753768844e-04 3.074367831683e-01 1.480753768844e-04 1.857389973450e-01 1.480753768844e-04 3.053000000000e-01
1.499497487437e-04 1.981500000000e-01 1.499497487437e-04 3.067620794125e-01 1.499497487437e-04 1.861026909497e-01 1.499497487437e-04 3.053000000000e-01
1.518241206030e-04 1.981500000000e-01 1.518241206030e-04 3.059888930350e-01 1.518241206030e-04 1.865618420042e-01 1.518241206030e-04 3.053000000000e-01
1.536984924623e-04 1.981500000000e-01 1.536984924623e-04 3.051054503169e-01 1.536984924623e-04 1.871394906278e-01 1.536984924623e-04 3.053000000000e-01
1.555728643216e-04 1.981500000000e-01 1.555728643216e-04 3.040993136796e-01 1.555728643216e-04 1.878630534883e-01 1.555728643216e-04 3.053000000000e-01
1.574472361809e-04 1.981500000000e-01 1.574472361809e-04 3.029575337940e-01 1.574472361809e-04 1.887644698408e-01 1.574472361809e-04 3.053000000000e-01
1.593216080402e-04 1.981500000000e-01 1.593216080402e-04 3.016668345328e-01 1.593216080402e-04 1.898799164737e-01 1.593216080402e-04 3.053000000000e-01
1.611959798995e-04 1.981500000000e-01 1.611959798995e-04 3.002138131015e-01 1.611959798995e-04 1.912488470379e-01 1.611959798995e-04 3.053000000000e-01
1.630703517588e-04 1.981500000000e-01 1.630703517588e-04 2.985851254249e-01 1.630703517588e-04 1.929120848688e-01 1.630703517588e-04 3.053000000000e-01
1.649447236181e-04 1.981500000000e-01 1.649447236181e-04 2.967676140611e-01 1.649447236181e-04 1.949087436417e-01 1.649447236181e-04 3.053000000000e-01
1.668190954774e-04 1.981500000000e-01 1.668190954774e-04 2.947483262263e-01 1.668190954774e-04 1.972719239288e-01 1.668190954774e-04 3.053000000000e-01
1.686934673367e-04 1.981500000000e-01 1.686934673367e-04 2.925143690113e-01 1.686934673367e-04 2.000234837553e-01 1.686934673367e-04 3.053000000000e-01
1.705678391960e-04 1.981500000000e-01 1.705678391960e-04 2.900525661752e-01 1.705678391960e-04 2.031686982918e-01 1.705678391960e-04 3.053000000000e-01
1.724422110553e-04 1.981500000000e-01 1.724422110553e-04 2.873489265236e-01 1.724422110553e-04 2.066921792194e-01 1.724422110553e-04 3.053000000000e-01
1.743165829146e-04 1.981500000000e-01 1.743165829146e-04 2.843880179396e-01 1.743165829146e-04 2.105567413029e-01 1.743165829146e-04 3.053000000000e-01
1.761909547739e-04 1.981500000000e-01 1.761909547739e-04 2.811524686103e-01 1.761909547739e-04 2.147066360814e-01 1.761909547739e-04 3.053000000000e-01
1.780653266332e-04 1.981500000000e-01 1.780653266332e-04 2.776229791419e-01 1.780653266332e-04 2.190755228833e-01 1.780653266332e-04 3.053000000000e-01
1.799396984925e-04 1.981500000000e-01 1.799396984925e-04 2.737793906134e-01 1.799396984925e-04 2.235979159924e-01 1.799396984925e-04 3.053000000000e-01
1.818140703518e-04 1.981500000000e-01 1.818140703518e-04 2.696034367235e-01 1.818140703518e-04 2.282212728242e-01 1.818140703518e-04 3.053000000000e-01
1.836884422111e-04 1.981500000000e-01 1.836884422111e-04 2.650836863609e-01 1.836884422111e-04 2.329151325351e-01 1.836884422111e-04 3.053000000000e-01
1.855628140704e-04 1.981500000000e-01 1.855628140704e-04 2.602227053411e-01 1.855628140704e-04 2.376741774803e-01 1.855628140704e-04 3.053000000000e-01
1.874371859296e-04 1.981500000000e-01 1.874371859296e-04 2.550455486477e-01 1.874371859296e-04 2.425135887953e-01 1.874371859296e-04 3.053000000000e-01
1.893115577889e-04 1.981500000000e-01 1.893115577889e-04 2.496074845593e-01 1.893115577889e-04 2.474570803224e-01 1.893115577889e-04 3.053000000000e-01
1.911859296482e-04 1.981500000000e-01 1.911859296482e-04 2.439978770250e-01 1.911859296482e-04 2.525200703294e-01 1.911859296482e-04 3.053000000000e-01
1.930603015075e-04 1.981500000000e-01 1.930603015075e-04 2.383372327535e-01 1.930603015075e-04 2.576922973230e-01 1.930603015075e-04 3.053000000000e-01
1.949346733668e-04 1.981500000000e-01 1.949346733668e-04 2.327661526350e-01 1.949346733668e-04 2.629253505710e-01 1.949346733668e-04 3.053000000000e-01
1.968090452261e-04 1.981500000000e-01 1.968090452261e-04 2.274279600020e-01 1.968090452261e-04 2.681302039977e-01 1.968090452261e-04 3.053000000000e-01
1.986834170854e-04 1.981500000000e-01 1.986834170854e-04 2.224496068211e-01 1.986834170854e-04 2.731871263377e-01 1.986834170854e-04 3.053000000000e-01
2.005577889447e-04 1.981500000000e-01 2.005577889447e-04 2.179263303889e-01 2.005577889447e-04 2.779657220670e-01 2.005577889447e-04 3.053000000000e-01
2.024321608040e-04 1.981500000000e-01 2.024321608040e-04 2.139138638238e-01 2.024321608040e-04 2.823485382454e-01 2.024321608040e-04 3.053000000000e-01
2.043065326633e-04 1.981500000000e-01 2.043065326633e-04 2.104288919357e-01 2.043065326633e-04 2.862503443837e-01 2.043065326633e-04 3.053000000000e-01
2.061809045226e-04 1.981500000000e-01 2.061809045226e-04 2.074557146088e-01 2.061809045226e-04 2.896277221769e-01 2.061809045226e-04 3.053000000000e-01
2.080552763819e-04 1.981500000000e-01 2.080552763819e-04 2.049558951339e-01 2.080552763819e-04 2.924781782266e-01 2.080552763819e-04 3.053000000000e-01
2.099296482412e-04 1.981500000000e-01 2.099296482412e-04 2.028780036737e-01 2.099296482412e-04 2.948317739745e-01 2.099296482412e-04 3.053000000000e-01
2.118040201005e-04 1.981500000000e-01 2.118040201005e-04 2.011656709502e-01 2.118040201005e-04 2.967396411447e-01 2.118040201005e-04 3.053000000000e-01
2.136783919598e-04 1.981500000000e-01 2.136783919598e-04 1.997632971564e-01 2.136783919598e-04 2.982630002956e-01 2.136783919598e-04 3.053000000000e-01
2.155527638191e-04 1.981500000000e-01 2.155527638191e-04 1.986195306174e-01 2.155527638191e-04 2.994646592564e-01 2.155527638191e-04 3.053000000000e-01
2.174271356784e-04 1.981500000000e-01 2.174271356784e-04 1.976889927777e-01 2.174271356784e-04 3.004034896079e-01 2.174271356784e-04 3.053000000000e-01
2.193015075377e-04 1.981500000000e-01 2.193015075377e-04 1.969327984074e-01 2.193015075377e-04 3.011314949878e-01 2.193015075377e-04 3.053000000000e-01
2.211758793970e-04 1.981500000000e-01 2.211758793970e-04 1.963183432494e-01 2.211758793970e-04 3.016927558957e-01 2.211758793970e-04 3.053000000000e-01
2.230502512563e-04 1.981500000000e-01 2.230502512563e-04 1.958187068099e-01 2.230502512563e-04 3.021235480249e-01 2.230502512563e-04 3.053000000000e-01
2.249246231156e-04 1.981500000000e-01 2.249246231156e-04 1.954118994487e-01 2.249246231156e-04 3.024530871242e-01 2.249246231156e-04 3.053000000000e-01
2.267989949749e-04 1.981500000000e-01 2.267989949749e-04 1.950800905910e-01 2.267989949749e-04 3.027045320023e-01 2.267989949749e-04 3.053000000000e-01
2.286733668342e-04 1.981500000000e-01 2.286733668342e-04 1.948088909897e-01 2.286733668342e-04 3.028960252717e-01 2.286733668342e-04 3.053000000000e-01
2.305477386935e-04 1.981500000000e-01 2.305477386935e-04 1.945867214697e-01 2.305477386935e-04 3.030416558975e-01 2.305477386935e-04 3.053000000000e-01
2.324221105528e-04 1.981500000000e-01 2.324221105528e-04 1.944042768858e-01 2.324221105528e-04 3.031522937576e-01 2.324221105528e-04 3.053000000000e-01
2.342964824121e-04 1.981500000000e-01 2.342964824121e-04 1.942540813666e-01 2.342964824121e-04 3.032362844759e-01 2.342964824121e-04 3.053000000000e-01
2.361708542714e-04 1.981500000000e-01 2.361708542714e-04 1.941301250434e-01 2.361708542714e-04 3.033000124689e-01 2.361708542714e-04 3.053000000000e-01
2.380452261307e-04 1.981500000000e-01 2.380452261307e-04 1.940275704811e-01 2.380452261307e-04 3.033483487126e-01 2.380452261307e-04 3.053000000000e-01
2.399195979899e-04 1.981500000000e-01 2.399195979899e-04 1.939425171304e-01 2.399195979899e-04 3.033850021198e-01 2.399195979899e-04 3.053000000000e-01
2.417939698492e-04 1.981500000000e-01 2.417939698492e-04 1.938718132101e-01 2.417939698492e-04 3.034127926374e-01 2.417939698492e-04 3.053000000000e-01
2.436683417085e-04 1.981500000000e-01 2.436683417085e-04 1.938129058900e-01 2.436683417085e-04 3.034338620255e-01 2.436683417085e-04 3.053000000000e-01
2.455427135678e-04 1.981500000000e-01 2.455427135678e-04 1.937637221422e-01 2.455427135678e-04 3.034498357036e-01 2.455427135678e-04 3.053000000000e-01
2.474170854271e-04 1.981500000000e-01 2.474170854271e-04 1.937225740204e-01 2.474170854271e-04 3.034619465574e-01 2.474170854271e-04 3.053000000000e-01
2.492914572864e-04 1.981500000000e-01 2.492914572864e-04 1.936880833219e-01 2.492914572864e-04 3.034711293820e-01 2.492914572864e-04 3.053000000000e-01
2.511658291457e-04 1.981500000000e-01 2.511658291457e-04 1.936591216045e-01 2.511658291457e-04 3.034780927796e-01 2.511658291457e-04 3.053000000000e-01
2.530402010050e-04 1.981500000000e-01 2.530402010050e-04 1.936347623517e-01 2.530402010050e-04 3.034833738114e-01 2.530402010050e-04 3.053000000000e-01
2.549145728643e-04 1.981500000000e-01 2.549145728643e-04 1.936142427520e-01 2.549145728643e-04 3.034873794943e-01 2.549145728643e-04 3.053000000000e-01
2.567889447236e-04 1.981500000000e-01 2.567889447236e-04 1.935969330912e-01 2.567889447236e-04 3.034904182842e-01 2.567889447236e-04 3.053000000000e-01
2.586633165829e-04 1.981500000000e-01 2.586633165829e-04 1.935823121800e-01 2.586633165829e-04 3.034927239495e-01 2.586633165829e-04 3.053000000000e-01
2.605376884422e-04 1.981500000000e-01 2.605376884422e-04 1.935699475742e-01 2.605376884422e-04 3.034944736662e-01 2.605376884422e-04 3.053000000000e-01
2.624120603015e-04 1.981500000000e-01 2.624120603015e-04 1.935594796080e-01 2.624120603015e-04 3.034958017300e-01 2.624120603015e-04 3.053000000000e-01
2.642864321608e-04 1.981500000000e-01 2.642864321608e-04 1.935506084681e-01 2.642864321608e-04 3.034968099451e-01 2.642864321608e-04 3.053000000000e-01
2.661608040201e-04 1.981500000000e-01 2.661608040201e-04 1.935430836994e-01 2.661608040201e-04 3.034975754954e-01 2.661608040201e-04 3.053000000000e-01
2.680351758794e-04 1.981500000000e-01 2.680351758794e-04 1.935366956578e-01 2.680351758794e-04 3.034981569063e-01 2.680351758794e-04 3.053000000000e-01
2.699095477387e-04 1.981500000000e-01 2.699095477387e-04 1.935312685302e-01 2.699095477387e-04 3.034985985627e-01 2.699095477387e-04 3.053000000000e-01
2.717839195980e-04 1.981500000000e-01 2.717839195980e-04 1.935266546166e-01 2.717839195980e-04 3.034989341302e-01 2.717839195980e-04 3.053000000000e-01
2.736582914573e-04 1.981500000000e-01 2.736582914573e-04 1.935227296325e-01 2.736582914573e-04 3.034991891490e-01 2.736582914573e-04 3.053000000000e-01
2.755326633166e-04 1.981500000000e-01 2.755326633166e-04 1.935193888394e-01 2.755326633166e-04 3.034993829980e-01 2.755326633166e-04 3.053000000000e-01
2.774070351759e-04 1.981500000000e-01 2.774070351759e-04 1.935165438484e-01 2.774070351759e-04 3.034995303840e-01 2.774070351759e-04 3.053000000000e-01
2.792814070352e-04 1.981500000000e-01 2.792814070352e-04 1.935141199726e-01 2.792814070352e-04 3.034996424703e-01 2.792814070352e-04 3.053000000000e-01
2.811557788945e-04 1.981500000000e-01 2.811557788945e-04 1.935120540294e-01 2.811557788945e-04 3.034997277321e-01 2.811557788945e-04 3.053000000000e-01
2.830301507538e-04 1.981500000000e-01 2.830301507538e-04 1.935102925110e-01 2.830301507538e-04 3.034997926053e-01 2.830301507538e-04 3.053000000000e-01
2.849045226131e-04 1.981500000000e-01 2.849045226131e-04 1.935087900589e-01 2.849045226131e-04 3.034998419778e-01 2.849045226131e-04 3.053000000000e-01
2.867788944724e-04 1.981500000000e-01 2.867788944724e-04 1.935075081885e-01 2.867788944724e-04 3.034998795631e-01 2.867788944724e-04 3.053000000000e-01
2.886532663317e-04 1.981500000000e-01 2.886532663317e-04 1.935064142210e-01 2.886532663317e-04 3.034999081828e-01 2.886532663317e-04 3.053000000000e-01
2.905276381910e-04 1.981500000000e-01 2.905276381910e-04 1.935054803870e-01 2.905276381910e-04 3.034999299814e-01 2.905276381910e-04 3.053000000000e-01
2.924020100503e-04 1.981500000000e-01 2.924020100503e-04 1.935046830736e-01 2.924020100503e-04 3.034999465891e-01 2.924020100503e-04 3.053000000000e-01
2.942763819095e-04 1.981500000000e-01 2.942763819095e-04 1.935040021901e-01 2.942763819095e-04 3.034999592456e-01 2.942763819095e-04 3.053000000000e-01
2.961507537688e-04 1.981500000000e-01 2.961507537688e-04 1.935034206329e-01 2.961507537688e-04 3.034999688936e-01 2.961507537688e-04 3.053000000000e-01
2.980251256281e-04 1.981500000000e-01 2.980251256281e-04 1.935029238349e-01 2.980251256281e-04 3.034999762504e-01 2.980251256281e-04 3.053000000000e-01
2.998994974874e-04 1.981500000000e-01 2.998994974874e-04 1.935024993835e-01 2.998994974874e-04 3.034999818617e-01 2.998994974874e-04 3.053000000000e-01
3.017738693467e-04 1.981500000000e-01 3.017738693467e-04 1.935021366976e-01 3.017738693467e-04 3.034999861429e-01 3.017738693467e-04 3.053000000000e-01
3.036482412060e-04 1.981500000000e-01 3.036482412060e-04 1.935018267544e-01 3.036482412060e-04 3.034999894103e-01 3.036482412060e-04 3.053000000000e-01
3.055226130653e-04 1.981500000000e-01 3.055226130653e-04 1.935015618573e-01 3.055226130653e-04 3.034999919047e-01 3.055226130653e-04 3.053000000000e-01
3.073969849246e-04 1.981500000000e-01 3.073969849246e-04 1.935013354391e-01 3.073969849246e-04 3.034999938095e-01 3.073969849246e-04 3.053000000000e-01
3.092713567839e-04 1.981500000000e-01 3.092713567839e-04 1.935011418947e-01 3.092713567839e-04 3.034999952646e-01 3.092713567839e-04 3.053000000000e-01
3.111457286432e-04 1.981500000000e-01 3.111457286432e-04 1.935009764394e-01 3.111457286432e-04 3.034999963765e-01 3.111457286432e-04 3.053000000000e-01
3.130201005025e-04 1.981500000000e-01 3.130201005025e-04 1.935008349873e-01 3.130201005025e-04 3.034999972264e-01 3.130201005025e-04 3.053000000000e-01
3.148944723618e-04 1.981500000000e-01 3.148944723618e-04 1.935007140494e-01 3.148944723618e-04 3.034999978763e-01 3.148944723618e-04 3.053000000000e-01
3.167688442211e-04 1.981500000000e-01 3.167688442211e-04 1.935006106451e-01 3.167688442211e-04 3.034999983733e-01 3.167688442211e-04 3.053000000000e-01
3.186432160804e-04 1.981500000000e-01 3.186432160804e-04 1.935005222285e-01 3.186432160804e-04 3.034999987536e-01 3.186432160804e-04 3.053000000000e-01
3.205175879397e-04 1.981500000000e-01 3.205175879397e-04 1.935004466239e-01 3.205175879397e-04 3.034999990447e-01 3.205175879397e-04 3.053000000000e-01
3.223919597990e-04 1.981500000000e-01 3.223919597990e-04 1.935003819726e-01 3.223919597990e-04 3.034999992675e-01 3.223919597990e-04 3.053000000000e-01
3.242663316583e-04 1.981500000000e-01 3.242663316583e-04 1.935003266858e-01 3.242663316583e-04 3.034999994382e-01 3.242663316583e-04 3.053000000000e-01
3.261407035176e-04 1.981500000000e-01 3.261407035176e-04 1.935002794058e-01 3.261407035176e-04 3.034999995689e-01 3.261407035176e-04 3.053000000000e-01
3.280150753769e-04 1.981500000000e-01 3.280150753769e-04 1.935002389718e-01 3.280150753769e-04 3.034999996692e-01 3.280150753769e-04 3.053000000000e-01
3.298894472362e-04 1.981500000000e-01 3.298894472362e-04 1.935002043919e-01 3.298894472362e-04 3.034999997460e-01 3.298894472362e-04 3.053000000000e-01
3.317638190955e-04 1.981500000000e-01 3.317638190955e-04 1.935001748178e-01 3.317638190955e-04 3.034999998049e-01 3.317638190955e-04 3.053000000000e-01
3.336381909548e-04 1.981500000000e-01 3.336381909548e-04 1.935001495244e-01 3.336381909548e-04 3.034999998501e-01 3.336381909548e-04 3.053000000000e-01
3.355125628141e-04 1.981500000000e-01 3.355125628141e-04 1.935001278917e-01 3.355125628141e-04 3.034999998848e-01 3.355125628141e-04 3.053000000000e-01
3.373869346734e-04 1.981500000000e-01 3.373869346734e-04 1.935001093897e-01 3.373869346734e-04 3.034999999114e-01 3.373869346734e-04 3.053000000000e-01
3.392613065327e-04 1.981500000000e-01 3.392613065327e-04 1.935000935650e-01 3.392613065327e-04 3.034999999319e-01 3.392613065327e-04 3.053000000000e-01
3.411356783920e-04 1.981500000000e-01 3.411356783920e-04 1.935000800301e-01 3.411356783920e-04 3.034999999476e-01 3.411356783920e-04 3.053000000000e-01
3.430100502513e-04 1.981500000000e-01 3.430100502513e-04 1.935000684535e-01 3.430100502513e-04 3.034999999597e-01 3.430100502513e-04 3.053000000000e-01
3.448844221106e-04 1.981500000000e-01 3.448844221106e-04 1.935000585518e-01 3.448844221106e-04 3.034999999689e-01 3.448844221106e-04 3.053000000000e-01
3.467587939698e-04 1.981500000000e-01 3.467587939698e-04 1.935000500826e-01 3.467587939698e-04 3.034999999761e-01 3.467587939698e-04 3.053000000000e-01
3.486331658291e-04 1.981500000000e-01 3.486331658291e-04 1.935000428387e-01 3.486331658291e-04 3.034999999816e-01 3.486331658291e-04 3.053000000000e-01
3.505075376884e-04 1.981500000000e-01 3.505075376884e-04 1.935000366426e-01 3.505075376884e-04 3.034999999858e-01 3.505075376884e-04 3.053000000000e-01
3.523819095477e-04 1.981500000000e-01 3.523819095477e-04 1.935000313428e-01 3.523819095477e-04 3.034999999891e-01 3.523819095477e-04 3.053000000000e-01
3.542562814070e-04 1.981500000000e-01 3.542562814070e-04 1.935000268096e-01 3.542562814070e-04 3.034999999916e-01 3.542562814070e-04 3.053000000000e-01
3.561306532663e-04 1.981500000000e-01 3.561306532663e-04 1.935000229321e-01 3.561306532663e-04 3.034999999935e-01 3.561306532663e-04 3.053000000000e-01
3.580050251256e-04 1.981500000000e-01 3.580050251256e-04 1.935000196155e-01 3.580050251256e-04 3.034999999950e-01 3.580050251256e-04 3.053000000000e-01
3.598793969849e-04 1.981500000000e-01 3.598793969849e-04 1.935000167786e-01 3.598793969849e-04 3.034999999961e-01 3.598793969849e-04 3.053000000000e-01
3.617537688442e-04 1.981500000000e-01 3.617537688442e-04 1.935000143520e-01 3.617537688442e-04 3.034999999970e-01 3.617537688442e-04 3.053000000000e-01
3.636281407035e-04 1.981500000000e-01 3.636281407035e-04 1.935000122764e-01 3.636281407035e-04 3.034999999977e-01 3.636281407035e-04 3.053000000000e-01
3.655025125628e-04 1.981500000000e-01 3.655025125628e-04 1.935000105009e-01 3.655025125628e-04 3.034999999982e-01 3.655025125628e-04 3.053000000000e-01
3.673768844221e-04 1.981500000000e-01 3.673768844221e-04 1.935000089823e-01 3.673768844221e-04 3.034999999986e-01 3.673768844221e-04 3.053000000000e-01
3.692512562814e-04 1.981500000000e-01 3.692512562814e-04 1.935000076833e-01 3.692512562814e-04 3.034999999989e-01 3.692512562814e-04 3.053000000000e-01
3.711256281407e-04 1.981500000000e-01 3.711256281407e-04 1.935000065721e-01 3.711256281407e-04 3.034999999992e-01 3.711256281407e-04 3.053000000000e-01
3.730000000000e-04 1.981500000000e-01 3.730000000000e-04 1.935000056217e-01 3.730000000000e-04 3.034999999994e-01 3.730000000000e-04 3.053000000000e-01
