0.000000000000e+00 2.102994998876e-01 0.000000000000e+00 2.087999363414e-01 0.000000000000e+00 2.026000000000e-01 0.000000000000e+00 1.690046352719e-01 0.000000000000e+00 2.094947330032e-01
2.969849246231e-06 2.102994354288e-01 2.969849246231e-06 2.087999260331e-01 2.969849246231e-06 2.026000000000e-01 2.969849246231e-06 1.690051179826e-01 2.969849246231e-06 2.095054217366e-01
5.939698492462e-06 2.102993626622e-01 5.939698492462e-06 2.087999140540e-01 5.939698492462e-06 2.026000000001e-01 5.939698492462e-06 1.690056512210e-01 5.939698492462e-06 2.095166836136e-01
8.909547738693e-06 2.102992805170e-01 8.909547738693e-06 2.087999001329e-01 8.909547738693e-06 2.026000000001e-01 8.909547738693e-06 1.690062403165e-01 8.909547738693e-06 2.095285478078e-01
1.187939698492e-05 2.102991877845e-01 1.187939698492e-05 2.087998839545e-01 1.187939698492e-05 2.026000000001e-01 1.187939698492e-05 1.690068911665e-01 1.187939698492e-05 2.095410447954e-01
1.484924623116e-05 2.102990831002e-01 1.484924623116e-05 2.087998651523e-01 1.484924623116e-05 2.026000000002e-01 1.484924623116e-05 1.690076102984e-01 1.484924623116e-05 2.095542063919e-01
1.781909547739e-05 2.102989649237e-01 1.781909547739e-05 2.087998433002e-01 1.781909547739e-05 2.026000000002e-01 1.781909547739e-05 1.690084049379e-01 1.781909547739e-05 2.095680657858e-01
2.078894472362e-05 2.102988315161e-01 2.078894472362e-05 2.087998179025e-01 2.078894472362e-05 2.026000000003e-01 2.078894472362e-05 1.690092830846e-01 2.078894472362e-05 2.095826575700e-01
2.375879396985e-05 2.102986809147e-01 2.375879396985e-05 2.087997883832e-01 2.375879396985e-05 2.026000000004e-01 2.375879396985e-05 1.690102535967e-01 2.375879396985e-05 2.095980177703e-01
2.672864321608e-05 2.102985109035e-01 2.672864321608e-05 2.087997540722e-01 2.672864321608e-05 2.026000000006e-01 2.672864321608e-05 1.690113262848e-01 2.672864321608e-05 2.096141838694e-01
2.969849246231e-05 2.102983189812e-01 2.969849246231e-05 2.087997141904e-01 2.969849246231e-05 2.026000000008e-01 2.969849246231e-05 1.690125120160e-01 2.969849246231e-05 2.096311948262e-01
3.266834170854e-05 2.102981023241e-01 3.266834170854e-05 2.087996678315e-01 3.266834170854e-05 2.026000000011e-01 3.266834170854e-05 1.690138228300e-01 3.266834170854e-05 2.096490910901e-01
3.563819095477e-05 2.102978577447e-01 3.563819095477e-05 2.087996139416e-01 3.563819095477e-05 2.026000000014e-01 3.563819095477e-05 1.690152720680e-01 3.563819095477e-05 2.096679146076e-01
3.860804020101e-05 2.102975816448e-01 3.860804020101e-05 2.087995512947e-01 3.860804020101e-05 2.026000000020e-01 3.860804020101e-05 1.690168745168e-01 3.860804020101e-05 2.096877088213e-01
4.157788944724e-05 2.102972699626e-01 4.157788944724e-05 2.087994784650e-01 4.157788944724e-05 2.026000000027e-01 4.157788944724e-05 1.690186465681e-01 4.157788944724e-05 2.097085186597e-01
4.454773869347e-05 2.102969181132e-01 4.454773869347e-05 2.087993937936e-01 4.454773869347e-05 2.026000000037e-01 4.454773869347e-05 1.690206063967e-01 4.454773869347e-05 2.097303905160e-01
4.751758793970e-05 2.102965209209e-01 4.751758793970e-05 2.087992953506e-01 4.751758793970e-05 2.026000000051e-01 4.751758793970e-05 1.690227741591e-01 4.751758793970e-05 2.097533722140e-01
5.048743718593e-05 2.102960725433e-01 5.048743718593e-05 2.087991808907e-01 5.048743718593e-05 2.026000000071e-01 5.048743718593e-05 1.690251722147e-01 5.048743718593e-05 2.097775129601e-01
5.345728643216e-05 2.102955663857e-01 5.345728643216e-05 2.087990478013e-01 5.345728643216e-05 2.026000000097e-01 5.345728643216e-05 1.690278253715e-01 5.345728643216e-05 2.098028632771e-01
5.642713567839e-05 2.102949950040e-01 5.642713567839e-05 2.087988930424e-01 5.642713567839e-05 2.026000000133e-01 5.642713567839e-05 1.690307611618e-01 5.642713567839e-05 2.098294749203e-01
5.939698492462e-05 2.102943499952e-01 5.939698492462e-05 2.087987130759e-01 5.939698492462e-05 2.026000000183e-01 5.939698492462e-05 1.690340101485e-01 5.939698492462e-05 2.098574007696e-01
6.236683417085e-05 2.102936218747e-01 6.236683417085e-05 2.087985037843e-01 6.236683417085e-05 2.026000000251e-01 6.236683417085e-05 1.690376062671e-01 6.236683417085e-05 2.098866946972e-01
6.533668341709e-05 2.102927999367e-01 6.533668341709e-05 2.087982603749e-01 6.533668341709e-05 2.026000000345e-01 6.533668341709e-05 1.690415872083e-01 6.533668341709e-05 2.099174114055e-01
6.830653266332e-05 2.102918720973e-01 6.830653266332e-05 2.087979772684e-01 6.830653266332e-05 2.026000000474e-01 6.830653266332e-05 1.690459948441e-01 6.830653266332e-05 2.099496062310e-01
7.127638190955e-05 2.102908247173e-01 7.127638190955e-05 2.087976479699e-01 7.127638190955e-05 2.026000000652e-01 7.127638190955e-05 1.690508757053e-01 7.127638190955e-05 2.099833349108e-01
7.424623115578e-05 2.102896424025e-01 7.424623115578e-05 2.087972649171e-01 7.424623115578e-05 2.026000000896e-01 7.424623115578e-05 1.690562815139e-01 7.424623115578e-05 2.100186533039e-01
7.721608040201e-05 2.102883077780e-01 7.721608040201e-05 2.087968193042e-01 7.721608040201e-05 2.026000001231e-01 7.721608040201e-05 1.690622697794e-01 7.721608040201e-05 2.100556170633e-01
8.018592964824e-05 2.102868012344e-01 8.018592964824e-05 2.087963008765e-01 8.018592964824e-05 2.026000001692e-01 8.018592964824e-05 1.690689044652e-01 8.018592964824e-05 2.100942812498e-01
8.315577889447e-05 2.102851006405e-01 8.315577889447e-05 2.087956976906e-01 8.315577889447e-05 2.026000002325e-01 8.315577889447e-05 1.690762567346e-01 8.315577889447e-05 2.101346998807e-01
8.612562814070e-05 2.102831810203e-01 8.612562814070e-05 2.087949958341e-01 8.612562814070e-05 2.026000003196e-01 8.612562814070e-05 1.690844057859e-01 8.612562814070e-05 2.101769254018e-01
8.909547738693e-05 2.102810141880e-01 8.909547738693e-05 2.087941791001e-01 8.909547738693e-05 2.026000004393e-01 8.909547738693e-05 1.690934397875e-01 8.909547738693e-05 2.102210080744e-01
9.206532663317e-05 2.102785683374e-01 9.206532663317e-05 2.087932286052e-01 9.206532663317e-05 2.026000006039e-01 9.206532663317e-05 1.691034569255e-01 9.206532663317e-05 2.102669952615e-01
9.503517587940e-05 2.102758075782e-01 9.503517587940e-05 2.087921223458e-01 9.503517587940e-05 2.026000008302e-01 9.503517587940e-05 1.691145665777e-01 9.503517587940e-05 2.103149306008e-01
9.800502512563e-05 2.102726914138e-01 9.800502512563e-05 2.087908346783e-01 9.800502512563e-05 2.026000011413e-01 9.800502512563e-05 1.691268906298e-01 9.800502512563e-05 2.103648530451e-01
1.009748743719e-04 2.102691741532e-01 1.009748743719e-04 2.087893357134e-01 1.009748743719e-04 2.026000015692e-01 1.009748743719e-04 1.691405649511e-01 1.009748743719e-04 2.104167957518e-01
1.039447236181e-04 2.102652042480e-01 1.039447236181e-04 2.087875906080e-01 1.039447236181e-04 2.026000021575e-01 1.039447236181e-04 1.691557410502e-01 1.039447236181e-04 2.104707847955e-01
1.069145728643e-04 2.102607235466e-01 1.069145728643e-04 2.087855587388e-01 1.069145728643e-04 2.026000029666e-01 1.069145728643e-04 1.691725879331e-01 1.069145728643e-04 2.105268376789e-01
1.098844221106e-04 2.102556664534e-01 1.098844221106e-04 2.087831927364e-01 1.098844221106e-04 2.026000040794e-01 1.098844221106e-04 1.691912941877e-01 1.098844221106e-04 2.105849616056e-01
1.128542713568e-04 2.102499589836e-01 1.128542713568e-04 2.087804373569e-01 1.128542713568e-04 2.026000056097e-01 1.128542713568e-04 1.692120703255e-01 1.128542713568e-04 2.106451514799e-01
1.158241206030e-04 2.102435176998e-01 1.158241206030e-04 2.087772281640e-01 1.158241206030e-04 2.026000077145e-01 1.158241206030e-04 1.692351514100e-01 1.158241206030e-04 2.107073875860e-01
1.187939698492e-04 2.102362485156e-01 1.187939698492e-04 2.087734899877e-01 1.187939698492e-04 2.026000106096e-01 1.187939698492e-04 1.692608000089e-01 1.187939698492e-04 2.107716328927e-01
1.217638190955e-04 2.102280453518e-01 1.217638190955e-04 2.087691351237e-01 1.217638190955e-04 2.026000145919e-01 1.217638190955e-04 1.692893095109e-01 1.217638190955e-04 2.108378299218e-01
1.247336683417e-04 2.102187886262e-01 1.247336683417e-04 2.087640612289e-01 1.247336683417e-04 2.026000200697e-01 1.247336683417e-04 1.693210078508e-01 1.247336683417e-04 2.109058971035e-01
1.277035175879e-04 2.102083435591e-01 1.277035175879e-04 2.087581488602e-01 1.277035175879e-04 2.026000276052e-01 1.277035175879e-04 1.693562616951e-01 1.277035175879e-04 2.109757245302e-01
1.306733668342e-04 2.101965582715e-01 1.306733668342e-04 2.087512585989e-01 1.306733668342e-04 2.026000379718e-01 1.306733668342e-04 1.693954811433e-01 1.306733668342e-04 2.110471690032e-01
1.336432160804e-04 2.101832616542e-01 1.336432160804e-04 2.087432276877e-01 1.336432160804e-04 2.026000522335e-01 1.336432160804e-04 1.694391250090e-01 1.336432160804e-04 2.111200482486e-01
1.366130653266e-04 2.101682609807e-01 1.366130653266e-04 2.087338660997e-01 1.366130653266e-04 2.026000718548e-01 1.366130653266e-04 1.694877067509e-01 1.366130653266e-04 2.111941341547e-01
1.395829145729e-04 2.101513392368e-01 1.395829145729e-04 2.087229519446e-01 1.395829145729e-04 2.026000988510e-01 1.395829145729e-04 1.695418011310e-01 1.395829145729e-04 2.112691448586e-01
1.425527638191e-04 2.101322521356e-01 1.425527638191e-04 2.087102260977e-01 1.425527638191e-04 2.026001359952e-01 1.425527638191e-04 1.696020516869e-01 1.425527638191e-04 2.113447354806e-01
1.455226130653e-04 2.101107247855e-01 1.455226130653e-04 2.086953859261e-01 1.455226130653e-04 2.026001871042e-01 1.455226130653e-04 1.696691791130e-01 1.455226130653e-04 2.114204872709e-01
1.484924623116e-04 2.100864479758e-01 1.484924623116e-04 2.086780779576e-01 1.484924623116e-04 2.026002574308e-01 1.484924623116e-04 1.697439906532e-01 1.484924623116e-04 2.114958948958e-01
1.514623115578e-04 2.100590740420e-01 1.514623115578e-04 2.086578893214e-01 1.514623115578e-04 2.026003542045e-01 1.514623115578e-04 1.698273906201e-01 1.514623115578e-04 2.115703515553e-01
1.544321608040e-04 2.100282122702e-01 1.544321608040e-04 2.086343377572e-01 1.544321608040e-04 2.026004873756e-01 1.544321608040e-04 1.699203921593e-01 1.544321608040e-04 2.116431315789e-01
1.574020100503e-04 2.099934237999e-01 1.574020100503e-04 2.086068599602e-01 1.574020100503e-04 2.026006706398e-01 1.574020100503e-04 1.700241303910e-01 1.574020100503e-04 2.117133701134e-01
1.603718592965e-04 2.099542159794e-01 1.603718592965e-04 2.085747979965e-01 1.603718592965e-04 2.026009228478e-01 1.603718592965e-04 1.701398770619e-01 1.603718592965e-04 2.117800394823e-01
1.633417085427e-04 2.099100361311e-01 1.633417085427e-04 2.085373834830e-01 1.633417085427e-04 2.026012699469e-01 1.633417085427e-04 1.702690568495e-01 1.633417085427e-04 2.118419217842e-01
1.663115577889e-04 2.098602646776e-01 1.663115577889e-04 2.084937191846e-01 1.663115577889e-04 2.026017476526e-01 1.663115577889e-04 1.704132654570e-01 1.663115577889e-04 2.118975773053e-01
1.692814070352e-04 2.098042075843e-01 1.692814070352e-04 2.084427576366e-01 1.692814070352e-04 2.026024051270e-01 1.692814070352e-04 1.705742896330e-01 1.692814070352e-04 2.119453083779e-01
1.722512562814e-04 2.097410880694e-01 1.722512562814e-04 2.083832763529e-01 1.722512562814e-04 2.026033100407e-01 1.722512562814e-04 1.707541292384e-01 1.722512562814e-04 2.119831184417e-01
1.752211055276e-04 2.096700375349e-01 1.752211055276e-04 2.083138491307e-01 1.752211055276e-04 2.026045555406e-01 1.752211055276e-04 1.709550214550e-01 1.752211055276e-04 2.120086662919e-01
1.781909547739e-04 2.095900856680e-01 1.781909547739e-04 2.082328129174e-01 1.781909547739e-04 2.026062698379e-01 1.781909547739e-04 1.711794671937e-01 1.781909547739e-04 2.120192158882e-01
1.811608040201e-04 2.095001496621e-01 1.811608040201e-04 2.081382296620e-01 1.811608040201e-04 2.026086293998e-01 1.811608040201e-04 1.714302596980e-01 1.811608040201e-04 2.120115827027e-01
1.841306532663e-04 2.093990224958e-01 1.841306532663e-04 2.080278425435e-01 1.841306532663e-04 2.026118770950e-01 1.841306532663e-04 1.717105152539e-01 1.841306532663e-04 2.119820785112e-01
1.871005025126e-04 2.092853601989e-01 1.871005025126e-04 2.078990259540e-01 1.871005025126e-04 2.026163471427e-01 1.871005025126e-04 1.720237057931e-01 1.871005025126e-04 2.119264578753e-01
1.900703517588e-04 2.091576680032e-01 1.900703517588e-04 2.077487286294e-01 1.900703517588e-04 2.026224993987e-01 1.900703517588e-04 1.723736930110e-01 1.900703517588e-04 2.118398714760e-01
1.930402010050e-04 2.090142852348e-01 1.930402010050e-04 2.075734093788e-01 1.930402010050e-04 2.026309664362e-01 1.930402010050e-04 1.727647633986e-01 1.930402010050e-04 2.117168340703e-01
1.960100502513e-04 2.088533687290e-01 1.960100502513e-04 2.073689649799e-01 1.960100502513e-04 2.026426181308e-01 1.960100502513e-04 1.732016632910e-01 1.960100502513e-04 2.115512183133e-01
1.989798994975e-04 2.086728744270e-01 1.989798994975e-04 2.071306500132e-01 1.989798994975e-04 2.026586501243e-01 1.989798994975e-04 1.736896326603e-01 1.989798994975e-04 2.113362900759e-01
2.019497487437e-04 2.084705366267e-01 2.019497487437e-04 2.068529887280e-01 2.019497487437e-04 2.026807047539e-01 2.019497487437e-04 1.742344359012e-01 2.019497487437e-04 2.110648061583e-01
2.049195979899e-04 2.082438440693e-01 2.049195979899e-04 2.065296795103e-01 2.049195979899e-04 2.027110358907e-01 2.049195979899e-04 1.748423872655e-01 2.049195979899e-04 2.107292011023e-01
2.078894472362e-04 2.079900116070e-01 2.078894472362e-04 2.061534932068e-01 2.078894472362e-04 2.027527327429e-01 2.078894472362e-04 1.755203678935e-01 2.078894472362e-04 2.103218953456e-01
2.108592964824e-04 2.077059455551e-01 2.108592964824e-04 2.057161675041e-01 2.108592964824e-04 2.028100220342e-01 2.108592964824e-04 1.762758305544e-01 2.108592964824e-04 2.098357607040e-01
2.138291457286e-04 2.073881998949e-01 2.138291457286e-04 2.052083008372e-01 2.138291457286e-04 2.028886728210e-01 2.138291457286e-04 1.771167872758e-01 2.138291457286e-04 2.092647785699e-01
2.167989949749e-04 2.070329191618e-01 2.167989949749e-04 2.046192509797e-01 2.167989949749e-04 2.029965328084e-01 2.167989949749e-04 1.780517740492e-01 2.167989949749e-04 2.086049175547e-01
2.197688442211e-04 2.066357619856e-01 2.197688442211e-04 2.039370456222e-01 2.197688442211e-04 2.031442275795e-01 2.197688442211e-04 1.790897858274e-01 2.197688442211e-04 2.078552357942e-01
2.227386934673e-04 2.061917966942e-01 2.227386934673e-04 2.031483149427e-01 2.227386934673e-04 2.033460510234e-01 2.227386934673e-04 1.802401742119e-01 2.227386934673e-04 2.070191737658e-01
2.257085427136e-04 2.056953569966e-01 2.257085427136e-04 2.022382594600e-01 2.257085427136e-04 2.036210595643e-01 2.257085427136e-04 1.815124997561e-01 2.257085427136e-04 2.061059428873e-01
2.286783919598e-04 2.051398414127e-01 2.286783919598e-04 2.011906703390e-01 2.286783919598e-04 2.039943426932e-01 2.286783919598e-04 1.829163309515e-01 2.286783919598e-04 2.051318350321e-01
2.316482412060e-04 2.045174348874e-01 2.316482412060e-04 1.999880237013e-01 2.316482412060e-04 2.044983592653e-01 2.316482412060e-04 1.844609830399e-01 2.316482412060e-04 2.041211894344e-01
2.346180904523e-04 2.038187253558e-01 2.346180904523e-04 1.986116751665e-01 2.346180904523e-04 2.051740784504e-01 2.346180904523e-04 1.861551921934e-01 2.346180904523e-04 2.031066805306e-01
2.375879396985e-04 2.030321831867e-01 2.375879396985e-04 1.970421853635e-01 2.375879396985e-04 2.060714236341e-01 2.375879396985e-04 1.880067246728e-01 2.375879396985e-04 2.021285706963e-01
2.405577889447e-04 2.021434702691e-01 2.405577889447e-04 1.952598106970e-01 2.405577889447e-04 2.072481922192e-01 2.405577889447e-04 1.900219265927e-01 2.405577889447e-04 2.012326485329e-01
2.435276381910e-04 2.011345537005e-01 2.435276381910e-04 1.932451949018e-01 2.435276381910e-04 2.087663025938e-01 2.435276381910e-04 1.922052279095e-01 2.435276381910e-04 2.004667759704e-01
2.464974874372e-04 1.999826269844e-01 2.464974874372e-04 1.909802937926e-01 2.464974874372e-04 2.106841548045e-01 2.464974874372e-04 1.945586238466e-01 2.464974874372e-04 1.998762865155e-01
2.494673366834e-04 1.986589066422e-01 2.494673366834e-04 1.884495551792e-01 2.494673366834e-04 2.130445461663e-01 2.494673366834e-04 1.970811672895e-01 2.494673366834e-04 1.994988438447e-01
2.524371859296e-04 1.971274995886e-01 2.524371859296e-04 1.856413544120e-01 2.524371859296e-04 2.158594583849e-01 2.524371859296e-04 1.997685152020e-01 2.524371859296e-04 1.993596617201e-01
2.554070351759e-04 1.953447559015e-01 2.554070351759e-04 1.825496495671e-01 2.554070351759e-04 2.190960689229e-01 2.554070351759e-04 2.026125787765e-01 2.554070351759e-04 1.994680676590e-01
2.583768844221e-04 1.932598476778e-01 2.583768844221e-04 1.791757663859e-01 2.583768844221e-04 2.226710605444e-01 2.583768844221e-04 2.056013285263e-01 2.583768844221e-04 1.998161844976e-01
2.613467336683e-04 1.908177006078e-01 2.613467336683e-04 1.755301535270e-01 2.613467336683e-04 2.264598313686e-01 2.613467336683e-04 2.087187998126e-01 2.613467336683e-04 2.003800391026e-01
2.643165829146e-04 1.879656563502e-01 2.643165829146e-04 1.716338729981e-01 2.643165829146e-04 2.303215351203e-01 2.643165829146e-04 2.119453302924e-01 2.643165829146e-04 2.011228344017e-01
2.672864321608e-04 1.846649302452e-01 2.672864321608e-04 1.675195289564e-01 2.672864321608e-04 2.341322365578e-01 2.672864321608e-04 2.152580390269e-01 2.672864321608e-04 2.019996395628e-01
2.702562814070e-04 1.809064417276e-01 2.702562814070e-04 1.632313199594e-01 2.702562814070e-04 2.378131057332e-01 2.702562814070e-04 2.186315300127e-01 2.702562814070e-04 2.029625195160e-01
2.732261306533e-04 1.767276237910e-01 2.732261306533e-04 1.588239562539e-01 2.732261306533e-04 2.413429961094e-01 2.732261306533e-04 2.220387750016e-01 2.732261306533e-04 2.039651827336e-01
2.761959798995e-04 1.722233194879e-01 2.761959798995e-04 1.543603318434e-01 2.761959798995e-04 2.447527391311e-01 2.761959798995e-04 2.254521068670e-01 2.761959798995e-04 2.049665034922e-01
2.791658291457e-04 1.675426709517e-01 2.791658291457e-04 1.499080668544e-01 2.791658291457e-04 2.481057648700e-01 2.791658291457e-04 2.288442402997e-01 2.791658291457e-04 2.059326381761e-01
2.821356783920e-04 1.628681030782e-01 2.821356783920e-04 1.455352864481e-01 2.821356783920e-04 2.514724593423e-01 2.821356783920e-04 2.321892343089e-01 2.821356783920e-04 2.068377780874e-01
2.851055276382e-04 1.583815380165e-01 2.851055276382e-04 1.413061993847e-01 2.851055276382e-04 2.549049956207e-01 2.851055276382e-04 2.354633212381e-01 2.851055276382e-04 2.076637893952e-01
2.880753768844e-04 1.542307706697e-01 2.880753768844e-04 1.372771095108e-01 2.880753768844e-04 2.584179815142e-01 2.880753768844e-04 2.386455473421e-01 2.880753768844e-04 2.083990699642e-01
2.910452261307e-04 1.505088357478e-01 2.910452261307e-04 1.334934060509e-01 2.910452261307e-04 2.619792942790e-01 2.910452261307e-04 2.417181959739e-01 2.910452261307e-04 2.090369302419e-01
2.940150753769e-04 1.472512931623e-01 2.940150753769e-04 1.299878620259e-01 2.940150753769e-04 2.655139112990e-01 2.940150753769e-04 2.446669909392e-01 2.940150753769e-04 2.095737252473e-01
2.969849246231e-04 1.444473789737e-01 2.969849246231e-04 1.267802985884e-01 2.969849246231e-04 2.689201191738e-01 2.969849246231e-04 2.474811001069e-01 2.969849246231e-04 2.100068705991e-01
2.999547738693e-04 1.420569006401e-01 2.999547738693e-04 1.238784309631e-01 2.999547738693e-04 2.720928819743e-01 2.999547738693e-04 2.501529750294e-01 2.999547738693e-04 2.103328065714e-01
3.029246231156e-04 1.400260437340e-01 3.029246231156e-04 1.212795581146e-01 3.029246231156e-04 2.749461855252e-01 3.029246231156e-04 2.526780701733e-01 3.029246231156e-04 2.105449733625e-01
3.058944723618e-04 1.382987681750e-01 3.058944723618e-04 1.189727104102e-01 3.058944723618e-04 2.774272251569e-01 3.058944723618e-04 2.550544861321e-01 3.058944723618e-04 2.106319901645e-01
3.088643216080e-04 1.368234158710e-01 3.088643216080e-04 1.169409083463e-01 3.088643216080e-04 2.795197339027e-01 3.088643216080e-04 2.572825766533e-01 3.088643216080e-04 2.105765761933e-01
3.118341708543e-04 1.355556091483e-01 3.118341708543e-04 1.151632739351e-01 3.118341708543e-04 2.812384677965e-01 3.118341708543e-04 2.593645516584e-01 3.118341708543e-04 2.103563668464e-01
3.148040201005e-04 1.344588157477e-01 3.148040201005e-04 1.136168381291e-01 3.148040201005e-04 2.826192499643e-01 3.148040201005e-04 2.613040996414e-01 3.148040201005e-04 2.099484606010e-01
3.177738693467e-04 1.335036991708e-01 3.177738693467e-04 1.122779773418e-01 3.177738693467e-04 2.837086829389e-01 3.177738693467e-04 2.631060444217e-01 3.177738693467e-04 2.093393908232e-01
3.207437185930e-04 1.326669878552e-01 3.207437185930e-04 1.111234777608e-01 3.207437185930e-04 2.845559599547e-01 3.207437185930e-04 2.647760441118e-01 3.207437185930e-04 2.085395534767e-01
3.237135678392e-04 1.319302731656e-01 3.237135678392e-04 1.101312662457e-01 3.237135678392e-04 2.852075163519e-01 3.237135678392e-04 2.663203347316e-01 3.237135678392e-04 2.075952704214e-01
3.266834170854e-04 1.312789293561e-01 3.266834170854e-04 1.092808655276e-01 3.266834170854e-04 2.857042118182e-01 3.266834170854e-04 2.677455171665e-01 3.266834170854e-04 2.065871493409e-01
3.296532663317e-04 1.307012228976e-01 3.296532663317e-04 1.085536355625e-01 3.296532663317e-04 2.860803331642e-01 3.296532663317e-04 2.690583838925e-01 3.296532663317e-04 2.056091844558e-01
3.326231155779e-04 1.301876144968e-01 3.326231155779e-04 1.079328582320e-01 3.326231155779e-04 2.863637087509e-01 3.326231155779e-04 2.702657807603e-01 3.326231155779e-04 2.047389239593e-01
3.355929648241e-04 1.297302295804e-01 3.355929648241e-04 1.074037137235e-01 3.355929648241e-04 2.865763918710e-01 3.355929648241e-04 2.713744987945e-01 3.355929648241e-04 2.040178016545e-01
3.385628140704e-04 1.293224648883e-01 3.385628140704e-04 1.069531869005e-01 3.385628140704e-04 2.867355588168e-01 3.385628140704e-04 2.723911911383e-01 3.385628140704e-04 2.034508212472e-01
3.415326633166e-04 1.289586998729e-01 3.415326633166e-04 1.065699325088e-01 3.415326633166e-04 2.868544188659e-01 3.415326633166e-04 2.733223107307e-01 3.415326633166e-04 2.030191940369e-01
3.445025125628e-04 1.286340862695e-01 3.445025125628e-04 1.062441199811e-01 3.445025125628e-04 2.869430363042e-01 3.445025125628e-04 2.741740648747e-01 3.445025125628e-04 2.026946849729e-01
3.474723618090e-04 1.283443946862e-01 3.474723618090e-04 1.059672721210e-01 3.474723618090e-04 2.870090267486e-01 3.474723618090e-04 2.749523834494e-01 3.474723618090e-04 2.024493321244e-01
3.504422110553e-04 1.280859021281e-01 3.504422110553e-04 1.057321070131e-01 3.504422110553e-04 2.870581237706e-01 3.504422110553e-04 2.756628980690e-01 3.504422110553e-04 2.022599024122e-01
3.534120603015e-04 1.278553085833e-01 3.534120603015e-04 1.055323888751e-01 3.534120603015e-04 2.870946278523e-01 3.534120603015e-04 2.763109299733e-01 3.534120603015e-04 2.021088818975e-01
3.563819095477e-04 1.276496740990e-01 3.563819095477e-04 1.053627910066e-01 3.563819095477e-04 2.871217556464e-01 3.563819095477e-04 2.769014848424e-01 3.563819095477e-04 2.019838357842e-01
3.593517587940e-04 1.274663702600e-01 3.593517587940e-04 1.052187722336e-01 3.593517587940e-04 2.871419081916e-01 3.593517587940e-04 2.774392530624e-01 3.593517587940e-04 2.018762756188e-01
3.623216080402e-04 1.273030418093e-01 3.623216080402e-04 1.050964670937e-01 3.623216080402e-04 2.871568749962e-01 3.623216080402e-04 2.779286142394e-01 3.623216080402e-04 2.017805633401e-01
3.652914572864e-04 1.271575754619e-01 3.652914572864e-04 1.049925892905e-01 3.652914572864e-04 2.871679882903e-01 3.652914572864e-04 2.783736449794e-01 3.652914572864e-04 2.016930304244e-01
3.682613065327e-04 1.270280738868e-01 3.682613065327e-04 1.049043475241e-01 3.682613065327e-04 2.871762390504e-01 3.682613065327e-04 2.787781291286e-01 3.682613065327e-04 2.016113302534e-01
3.712311557789e-04 1.269128334838e-01 3.712311557789e-04 1.048293725930e-01 3.712311557789e-04 2.871823639576e-01 3.712311557789e-04 2.791455698113e-01 3.712311557789e-04 2.015339852383e-01
3.742010050251e-04 1.268103250199e-01 3.742010050251e-04 1.047656545856e-01 3.742010050251e-04 2.871869104043e-01 3.742010050251e-04 2.794792027228e-01 3.742010050251e-04 2.014600797369e-01
3.771708542714e-04 1.267191764946e-01 3.771708542714e-04 1.047114889874e-01 3.771708542714e-04 2.871902849947e-01 3.771708542714e-04 2.797820102309e-01 3.771708542714e-04 2.013890560113e-01
3.801407035176e-04 1.266381578058e-01 3.801407035176e-04 1.046654305883e-01 3.801407035176e-04 2.871927896809e-01 3.801407035176e-04 2.800567359232e-01 3.801407035176e-04 2.013205806120e-01
3.831105527638e-04 1.265661669195e-01 3.831105527638e-04 1.046262541648e-01 3.831105527638e-04 2.871946486580e-01 3.831105527638e-04 2.803058993052e-01 3.831105527638e-04 2.012544578936e-01
3.860804020101e-04 1.265022173364e-01 3.860804020101e-04 1.045929210086e-01 3.860804020101e-04 2.871960283654e-01 3.860804020101e-04 2.805318104139e-01 3.860804020101e-04 2.011905746379e-01
3.890502512563e-04 1.264454267031e-01 3.890502512563e-04 1.045645504799e-01 3.890502512563e-04 2.871970523536e-01 3.890502512563e-04 2.807365841617e-01 3.890502512563e-04 2.011288650034e-01
3.920201005025e-04 1.263950064532e-01 3.920201005025e-04 1.045403958600e-01 3.920201005025e-04 2.871978123298e-01 3.920201005025e-04 2.809221542666e-01 3.920201005025e-04 2.010692886492e-01
3.949899497487e-04 1.263502523846e-01 3.949899497487e-04 1.045198238748e-01 3.949899497487e-04 2.871983763617e-01 3.949899497487e-04 2.810902866611e-01 3.949899497487e-04 2.010118173379e-01
3.979597989950e-04 1.263105360973e-01 3.979597989950e-04 1.045022973426e-01 3.979597989950e-04 2.871987949692e-01 3.979597989950e-04 2.812425923028e-01 3.979597989950e-04 2.009564269515e-01
4.009296482412e-04 1.262752972201e-01 4.009296482412e-04 1.044873604784e-01 4.009296482412e-04 2.871991056476e-01 4.009296482412e-04 2.813805393334e-01 4.009296482412e-04 2.009030929337e-01
4.038994974874e-04 1.262440363671e-01 4.038994974874e-04 1.044746264516e-01 4.038994974874e-04 2.871993362245e-01 4.038994974874e-04 2.815054645556e-01 4.038994974874e-04 2.008517878738e-01
4.068693467337e-04 1.262163087638e-01 4.068693467337e-04 1.044637668547e-01 4.068693467337e-04 2.871995073531e-01 4.068693467337e-04 2.816185842114e-01 4.068693467337e-04 2.008024804090e-01
4.098391959799e-04 1.261917184904e-01 4.098391959799e-04 1.044545027904e-01 4.098391959799e-04 2.871996343610e-01 4.098391959799e-04 2.817210040618e-01 4.098391959799e-04 2.007551349173e-01
4.128090452261e-04 1.261699132902e-01 4.128090452261e-04 1.044465973281e-01 4.128090452261e-04 2.871997286240e-01 4.128090452261e-04 2.818137287763e-01 4.128090452261e-04 2.007097116695e-01
4.157788944724e-04 1.261505798962e-01 4.157788944724e-04 1.044398491198e-01 4.157788944724e-04 2.871997985846e-01 4.157788944724e-04 2.818976706503e-01 4.157788944724e-04 2.006661672284e-01
4.187487437186e-04 1.261334398293e-01 4.187487437186e-04 1.044340869963e-01 4.187487437186e-04 2.871998505086e-01 4.187487437186e-04 2.819736576741e-01 4.187487437186e-04 2.006244549680e-01
4.217185929648e-04 1.261182456268e-01 4.217185929648e-04 1.044291653916e-01 4.217185929648e-04 2.871998890463e-01 4.217185929648e-04 2.820424409810e-01 4.217185929648e-04 2.005845256329e-01
4.246884422111e-04 1.261047774618e-01 4.246884422111e-04 1.044249604689e-01 4.246884422111e-04 2.871999176488e-01 4.246884422111e-04 2.821047017071e-01 4.246884422111e-04 2.005463278918e-01
4.276582914573e-04 1.260928401151e-01 4.276582914573e-04 1.044213668392e-01 4.276582914573e-04 2.871999388776e-01 4.276582914573e-04 2.821610572944e-01 4.276582914573e-04 2.005098088593e-01
4.306281407035e-04 1.260822602680e-01 4.306281407035e-04 1.044182947808e-01 4.306281407035e-04 2.871999546338e-01 4.306281407035e-04 2.822120672723e-01 4.306281407035e-04 2.004749145738e-01
4.335979899497e-04 1.260728840825e-01 4.335979899497e-04 1.044156678828e-01 4.335979899497e-04 2.871999663281e-01 4.335979899497e-04 2.822582385514e-01 4.335979899497e-04 2.004415904243e-01
4.365678391960e-04 1.260645750415e-01 4.365678391960e-04 1.044134210477e-01 4.365678391960e-04 2.871999750078e-01 4.365678391960e-04 2.823000302630e-01 4.365678391960e-04 2.004097815266e-01
4.395376884422e-04 1.260572120221e-01 4.395376884422e-04 1.044114987963e-01 4.395376884422e-04 2.871999814501e-01 4.395376884422e-04 2.823378581773e-01 4.395376884422e-04 2.003794330510e-01
4.425075376884e-04 1.260506875788e-01 4.425075376884e-04 1.044098538309e-01 4.425075376884e-04 2.871999862316e-01 4.425075376884e-04 2.823720987331e-01 4.425075376884e-04 2.003504905033e-01
4.454773869347e-04 1.260449064134e-01 4.454773869347e-04 1.044084458148e-01 4.454773869347e-04 2.871999897806e-01 4.454773869347e-04 2.824030927077e-01 4.454773869347e-04 2.003228999647e-01
4.484472361809e-04 1.260397840137e-01 4.484472361809e-04 1.044072403364e-01 4.484472361809e-04 2.871999924147e-01 4.484472361809e-04 2.824311485567e-01 4.484472361809e-04 2.002966082937e-01
4.514170854271e-04 1.260352454420e-01 4.514170854271e-04 1.044062080293e-01 4.514170854271e-04 2.871999943699e-01 4.514170854271e-04 2.824565454512e-01 4.514170854271e-04 2.002715632940e-01
4.543869346734e-04 1.260312242578e-01 4.543869346734e-04 1.044053238246e-01 4.543869346734e-04 2.871999958211e-01 4.543869346734e-04 2.824795360366e-01 4.543869346734e-04 2.002477138533e-01
4.573567839196e-04 1.260276615597e-01 4.573567839196e-04 1.044045663153e-01 4.573567839196e-04 2.871999968982e-01 4.573567839196e-04 2.825003489380e-01 4.573567839196e-04 2.002250100552e-01
4.603266331658e-04 1.260245051353e-01 4.603266331658e-04 1.044039172161e-01 4.603266331658e-04 2.871999976977e-01 4.603266331658e-04 2.825191910333e-01 4.603266331658e-04 2.002034032685e-01
4.632964824121e-04 1.260217087044e-01 4.632964824121e-04 1.044033609030e-01 4.632964824121e-04 2.871999982911e-01 4.632964824121e-04 2.825362495148e-01 4.632964824121e-04 2.001828462158e-01
4.662663316583e-04 1.260192312482e-01 4.662663316583e-04 1.044028840229e-01 4.662663316583e-04 2.871999987315e-01 4.662663316583e-04 2.825516937583e-01 4.662663316583e-04 2.001632930254e-01
4.692361809045e-04 1.260170364137e-01 4.692361809045e-04 1.044024751595e-01 4.692361809045e-04 2.871999990585e-01 4.692361809045e-04 2.825656770164e-01 4.692361809045e-04 2.001446992676e-01
4.722060301508e-04 1.260150919841e-01 4.722060301508e-04 1.044021245503e-01 4.722060301508e-04 2.871999993011e-01 4.722060301508e-04 2.825783379530e-01 4.722060301508e-04 2.001270219776e-01
4.751758793970e-04 1.260133694101e-01 4.751758793970e-04 1.044018238447e-01 4.751758793970e-04 2.871999994813e-01 4.751758793970e-04 2.825898020322e-01 4.751758793970e-04 2.001102196679e-01
4.781457286432e-04 1.260118433933e-01 4.781457286432e-04 1.044015658979e-01 4.781457286432e-04 2.871999996150e-01 4.781457286432e-04 2.826001827761e-01 4.781457286432e-04 2.000942523303e-01
4.811155778894e-04 1.260104915169e-01 4.811155778894e-04 1.044013445952e-01 4.811155778894e-04 2.871999997142e-01 4.811155778894e-04 2.826095829033e-01 4.811155778894e-04 2.000790814301e-01
4.840854271357e-04 1.260092939181e-01 4.840854271357e-04 1.044011547025e-01 4.840854271357e-04 2.871999997879e-01 4.840854271357e-04 2.826180953592e-01 4.840854271357e-04 2.000646698934e-01
4.870552763819e-04 1.260082329979e-01 4.870552763819e-04 1.044009917381e-01 4.870552763819e-04 2.871999998425e-01 4.870552763819e-04 2.826258042480e-01 4.870552763819e-04 2.000509820879e-01
4.900251256281e-04 1.260072931633e-01 4.900251256281e-04 1.044008518641e-01 4.900251256281e-04 2.871999998831e-01 4.900251256281e-04 2.826327856762e-01 4.900251256281e-04 2.000379837997e-01
4.929949748744e-04 1.260064605987e-01 4.929949748744e-04 1.044007317927e-01 4.929949748744e-04 2.871999999132e-01 4.929949748744e-04 2.826391085155e-01 4.929949748744e-04 2.000256422055e-01
4.959648241206e-04 1.260057230643e-01 4.959648241206e-04 1.044006287073e-01 4.959648241206e-04 2.871999999356e-01 4.959648241206e-04 2.826448350930e-01 4.959648241206e-04 2.000139258413e-01
4.989346733668e-04 1.260050697159e-01 4.989346733668e-04 1.044005401941e-01 4.989346733668e-04 2.871999999522e-01 4.989346733668e-04 2.826500218150e-01 4.989346733668e-04 2.000028045694e-01
5.019045226131e-04 1.260044909463e-01 5.019045226131e-04 1.044004641841e-01 5.019045226131e-04 2.871999999645e-01 5.019045226131e-04 2.826547197319e-01 5.019045226131e-04 1.999922495421e-01
5.048743718593e-04 1.260039782440e-01 5.048743718593e-04 1.044003989039e-01 5.048743718593e-04 2.871999999737e-01 5.048743718593e-04 2.826589750486e-01 5.048743718593e-04 1.999822331647e-01
5.078442211055e-04 1.260035240688e-01 5.078442211055e-04 1.044003428326e-01 5.078442211055e-04 2.871999999804e-01 5.078442211055e-04 2.826628295865e-01 5.078442211055e-04 1.999727290571e-01
5.108140703518e-04 1.260031217406e-01 5.108140703518e-04 1.044002946663e-01 5.108140703518e-04 2.871999999855e-01 5.108140703518e-04 2.826663212005e-01 5.108140703518e-04 1.999637120146e-01
5.137839195980e-04 1.260027653414e-01 5.137839195980e-04 1.044002532863e-01 5.137839195980e-04 2.871999999892e-01 5.137839195980e-04 2.826694841574e-01 5.137839195980e-04 1.999551579680e-01
5.167537688442e-04 1.260024496289e-01 5.167537688442e-04 1.044002177331e-01 5.167537688442e-04 2.871999999920e-01 5.167537688442e-04 2.826723494771e-01 5.167537688442e-04 1.999470439440e-01
5.197236180905e-04 1.260021699587e-01 5.197236180905e-04 1.044001871835e-01 5.197236180905e-04 2.871999999941e-01 5.197236180905e-04 2.826749452414e-01 5.197236180905e-04 1.999393480254e-01
5.226934673367e-04 1.260019222166e-01 5.226934673367e-04 1.044001609309e-01 5.226934673367e-04 2.871999999956e-01 5.226934673367e-04 2.826772968738e-01 5.226934673367e-04 1.999320493117e-01
5.256633165829e-04 1.260017027577e-01 5.256633165829e-04 1.044001383690e-01 5.256633165829e-04 2.871999999967e-01 5.256633165829e-04 2.826794273919e-01 5.256633165829e-04 1.999251278796e-01
5.286331658291e-04 1.260015083536e-01 5.286331658291e-04 1.044001189775e-01 5.286331658291e-04 2.871999999976e-01 5.286331658291e-04 2.826813576359e-01 5.286331658291e-04 1.999185647450e-01
5.316030150754e-04 1.260013361439e-01 5.316030150754e-04 1.044001023095e-01 5.316030150754e-04 2.871999999982e-01 5.316030150754e-04 2.826831064760e-01 5.316030150754e-04 1.999123418250e-01
5.345728643216e-04 1.260011835949e-01 5.345728643216e-04 1.044000879815e-01 5.345728643216e-04 2.871999999987e-01 5.345728643216e-04 2.826846909986e-01 5.345728643216e-04 1.999064419006e-01
5.375427135678e-04 1.260010484622e-01 5.375427135678e-04 1.044000756642e-01 5.375427135678e-04 2.871999999990e-01 5.375427135678e-04 2.826861266760e-01 5.375427135678e-04 1.999008485811e-01
5.405125628141e-04 1.260009287574e-01 5.405125628141e-04 1.044000650745e-01 5.405125628141e-04 2.871999999993e-01 5.405125628141e-04 2.826874275196e-01 5.405125628141e-04 1.998955462684e-01
5.434824120603e-04 1.260008227193e-01 5.434824120603e-04 1.044000559697e-01 5.434824120603e-04 2.871999999995e-01 5.434824120603e-04 2.826886062178e-01 5.434824120603e-04 1.998905201234e-01
5.464522613065e-04 1.260007287875e-01 5.464522613065e-04 1.044000481410e-01 5.464522613065e-04 2.871999999996e-01 5.464522613065e-04 2.826896742621e-01 5.464522613065e-04 1.998857560318e-01
5.494221105528e-04 1.260006455800e-01 5.494221105528e-04 1.044000414092e-01 5.494221105528e-04 2.871999999997e-01 5.494221105528e-04 2.826906420598e-01 5.494221105528e-04 1.998812405730e-01
5.523919597990e-04 1.260005718724e-01 5.523919597990e-04 1.044000356202e-01 5.523919597990e-04 2.871999999998e-01 5.523919597990e-04 2.826915190368e-01 5.523919597990e-04 1.998769609884e-01
5.553618090452e-04 1.260005065801e-01 5.553618090452e-04 1.044000306418e-01 5.553618090452e-04 2.871999999998e-01 5.553618090452e-04 2.826923137309e-01 5.553618090452e-04 1.998729051515e-01
5.583316582915e-04 1.260004487423e-01 5.583316582915e-04 1.044000263602e-01 5.583316582915e-04 2.871999999999e-01 5.583316582915e-04 2.826930338749e-01 5.583316582915e-04 1.998690615391e-01
5.613015075377e-04 1.260003975080e-01 5.613015075377e-04 1.044000226777e-01 5.613015075377e-04 2.871999999999e-01 5.613015075377e-04 2.826936864736e-01 5.613015075377e-04 1.998654192032e-01
5.642713567839e-04 1.260003521232e-01 5.642713567839e-04 1.044000195104e-01 5.642713567839e-04 2.871999999999e-01 5.642713567839e-04 2.826942778720e-01 5.642713567839e-04 1.998619677444e-01
5.672412060302e-04 1.260003119201e-01 5.672412060302e-04 1.044000167860e-01 5.672412060302e-04 2.871999999999e-01 5.672412060302e-04 2.826948138179e-01 5.672412060302e-04 1.998586972859e-01
5.702110552764e-04 1.260002763070e-01 5.702110552764e-04 1.044000144424e-01 5.702110552764e-04 2.872000000000e-01 5.702110552764e-04 2.826952995180e-01 5.702110552764e-04 1.998555984490e-01
5.731809045226e-04 1.260002447601e-01 5.731809045226e-04 1.044000124265e-01 5.731809045226e-04 2.872000000000e-01 5.731809045226e-04 2.826957396895e-01 5.731809045226e-04 1.998526623291e-01
5.761507537688e-04 1.260002168149e-01 5.761507537688e-04 1.044000106923e-01 5.761507537688e-04 2.872000000000e-01 5.761507537688e-04 2.826961386055e-01 5.761507537688e-04 1.998498804732e-01
5.791206030151e-04 1.260001920603e-01 5.791206030151e-04 1.044000092003e-01 5.791206030151e-04 2.872000000000e-01 5.791206030151e-04 2.826965001376e-01 5.791206030151e-04 1.998472448579e-01
5.820904522613e-04 1.260001701321e-01 5.820904522613e-04 1.044000079168e-01 5.820904522613e-04 2.872000000000e-01 5.820904522613e-04 2.826968277933e-01 5.820904522613e-04 1.998447478688e-01
5.850603015075e-04 1.260001507074e-01 5.850603015075e-04 1.044000068125e-01 5.850603015075e-04 2.872000000000e-01 5.850603015075e-04 2.826971247505e-01 5.850603015075e-04 1.998423822803e-01
5.880301507538e-04 1.260001335006e-01 5.880301507538e-04 1.044000058624e-01 5.880301507538e-04 2.872000000000e-01 5.880301507538e-04 2.826973938886e-01 5.880301507538e-04 1.998401412363e-01
5.910000000000e-04 1.260001182583e-01 5.910000000000e-04 1.044000050449e-01 5.910000000000e-04 2.872000000000e-01 5.910000000000e-04 2.826976378164e-01 5.910000000000e-04 1.998380182329e-01
