0.000000000000e+00 1.945000000000e-01 0.000000000000e+00 1.911000000017e-01 0.000000000000e+00 3.040999999448e-01 0.000000000000e+00 3.103000000000e-01
1.618090452261e-06 1.945000000000e-01 1.618090452261e-06 1.911000000022e-01 1.618090452261e-06 3.040999999320e-01 1.618090452261e-06 3.103000000000e-01
3.236180904523e-06 1.945000000000e-01 3.236180904523e-06 1.911000000028e-01 3.236180904523e-06 3.040999999161e-01 3.236180904523e-06 3.103000000000e-01
4.854271356784e-06 1.945000000000e-01 4.854271356784e-06 1.911000000035e-01 4.854271356784e-06 3.040999998966e-01 4.854271356784e-06 3.103000000000e-01
6.472361809045e-06 1.945000000000e-01 6.472361809045e-06 1.911000000045e-01 6.472361809045e-06 3.040999998725e-01 6.472361809045e-06 3.103000000000e-01
8.090452261307e-06 1.945000000000e-01 8.090452261307e-06 1.911000000058e-01 8.090452261307e-06 3.040999998428e-01 8.090452261307e-06 3.103000000000e-01
9.708542713568e-06 1.945000000000e-01 9.708542713568e-06 1.911000000074e-01 9.708542713568e-06 3.040999998062e-01 9.708542713568e-06 3.103000000000e-01
1.132663316583e-05 1.945000000000e-01 1.132663316583e-05 1.911000000095e-01 1.132663316583e-05 3.040999997610e-01 1.132663316583e-05 3.103000000000e-01
1.294472361809e-05 1.945000000000e-01 1.294472361809e-05 1.911000000121e-01 1.294472361809e-05 3.040999997054e-01 1.294472361809e-05 3.103000000000e-01
1.456281407035e-05 1.945000000000e-01 1.456281407035e-05 1.911000000155e-01 1.456281407035e-05 3.040999996368e-01 1.456281407035e-05 3.103000000000e-01
1.618090452261e-05 1.945000000000e-01 1.618090452261e-05 1.911000000198e-01 1.618090452261e-05 3.040999995522e-01 1.618090452261e-05 3.103000000000e-01
1.779899497487e-05 1.945000000000e-01 1.779899497487e-05 1.911000000253e-01 1.779899497487e-05 3.040999994479e-01 1.779899497487e-05 3.103000000000e-01
1.941708542714e-05 1.945000000000e-01 1.941708542714e-05 1.911000000324e-01 1.941708542714e-05 3.040999993193e-01 1.941708542714e-05 3.103000000000e-01
2.103517587940e-05 1.945000000000e-01 2.103517587940e-05 1.911000000415e-01 2.103517587940e-05 3.040999991607e-01 2.103517587940e-05 3.103000000000e-01
2.265326633166e-05 1.945000000000e-01 2.265326633166e-05 1.911000000530e-01 2.265326633166e-05 3.040999989653e-01 2.265326633166e-05 3.103000000000e-01
2.427135678392e-05 1.945000000000e-01 2.427135678392e-05 1.911000000678e-01 2.427135678392e-05 3.040999987243e-01 2.427135678392e-05 3.103000000000e-01
2.588944723618e-05 1.945000000000e-01 2.588944723618e-05 1.911000000867e-01 2.588944723618e-05 3.040999984272e-01 2.588944723618e-05 3.103000000000e-01
2.750753768844e-05 1.945000000000e-01 2.750753768844e-05 1.911000001109e-01 2.750753768844e-05 3.040999980609e-01 2.750753768844e-05 3.103000000000e-01
2.912562814070e-05 1.945000000000e-01 2.912562814070e-05 1.911000001418e-01 2.912562814070e-05 3.040999976092e-01 2.912562814070e-05 3.103000000000e-01
3.074371859296e-05 1.945000000000e-01 3.074371859296e-05 1.911000001814e-01 3.074371859296e-05 3.040999970524e-01 3.074371859296e-05 3.103000000000e-01
3.236180904523e-05 1.945000000000e-01 3.236180904523e-05 1.911000002320e-01 3.236180904523e-05 3.040999963659e-01 3.236180904523e-05 3.103000000000e-01
3.397989949749e-05 1.945000000000e-01 3.397989949749e-05 1.911000002967e-01 3.397989949749e-05 3.040999955195e-01 3.397989949749e-05 3.103000000000e-01
3.559798994975e-05 1.945000000000e-01 3.559798994975e-05 1.911000003794e-01 3.559798994975e-05 3.040999944759e-01 3.559798994975e-05 3.103000000000e-01
3.721608040201e-05 1.945000000000e-01 3.721608040201e-05 1.911000004852e-01 3.721608040201e-05 3.040999931894e-01 3.721608040201e-05 3.103000000000e-01
3.883417085427e-05 1.945000000000e-01 3.883417085427e-05 1.911000006205e-01 3.883417085427e-05 3.040999916031e-01 3.883417085427e-05 3.103000000000e-01
4.045226130653e-05 1.945000000000e-01 4.045226130653e-05 1.911000007936e-01 4.045226130653e-05 3.040999896474e-01 4.045226130653e-05 3.103000000000e-01
4.207035175879e-05 1.945000000000e-01 4.207035175879e-05 1.911000010150e-01 4.207035175879e-05 3.040999872363e-01 4.207035175879e-05 3.103000000000e-01
4.368844221106e-05 1.945000000000e-01 4.368844221106e-05 1.911000012980e-01 4.368844221106e-05 3.040999842635e-01 4.368844221106e-05 3.103000000000e-01
4.530653266332e-05 1.945000000000e-01 4.530653266332e-05 1.911000016600e-01 4.530653266332e-05 3.040999805985e-01 4.530653266332e-05 3.103000000000e-01
4.692462311558e-05 1.945000000000e-01 4.692462311558e-05 1.911000021230e-01 4.692462311558e-05 3.040999760797e-01 4.692462311558e-05 3.103000000000e-01
4.854271356784e-05 1.945000000000e-01 4.854271356784e-05 1.911000027151e-01 4.854271356784e-05 3.040999705086e-01 4.854271356784e-05 3.103000000000e-01
5.016080402010e-05 1.945000000000e-01 5.016080402010e-05 1.911000034724e-01 5.016080402010e-05 3.040999636399e-01 5.016080402010e-05 3.103000000000e-01
5.177889447236e-05 1.945000000000e-01 5.177889447236e-05 1.911000044408e-01 5.177889447236e-05 3.040999551715e-01 5.177889447236e-05 3.103000000000e-01
5.339698492462e-05 1.945000000000e-01 5.339698492462e-05 1.911000056794e-01 5.339698492462e-05 3.040999447307e-01 5.339698492462e-05 3.103000000000e-01
5.501507537688e-05 1.945000000000e-01 5.501507537688e-05 1.911000072633e-01 5.501507537688e-05 3.040999318582e-01 5.501507537688e-05 3.103000000000e-01
5.663316582915e-05 1.945000000000e-01 5.663316582915e-05 1.911000092891e-01 5.663316582915e-05 3.040999159877e-01 5.663316582915e-05 3.103000000000e-01
5.825125628141e-05 1.945000000000e-01 5.825125628141e-05 1.911000118798e-01 5.825125628141e-05 3.040998964209e-01 5.825125628141e-05 3.103000000000e-01
5.986934673367e-05 1.945000000000e-01 5.986934673367e-05 1.911000151930e-01 5.986934673367e-05 3.040998722968e-01 5.986934673367e-05 3.103000000000e-01
6.148743718593e-05 1.945000000000e-01 6.148743718593e-05 1.911000194303e-01 6.148743718593e-05 3.040998425542e-01 6.148743718593e-05 3.103000000000e-01
6.310552763819e-05 1.945000000000e-01 6.310552763819e-05 1.911000248494e-01 6.310552763819e-05 3.040998058844e-01 6.310552763819e-05 3.103000000000e-01
6.472361809045e-05 1.945000000000e-01 6.472361809045e-05 1.911000317799e-01 6.472361809045e-05 3.040997606742e-01 6.472361809045e-05 3.103000000000e-01
6.634170854271e-05 1.945000000000e-01 6.634170854271e-05 1.911000406432e-01 6.634170854271e-05 3.040997049343e-01 6.634170854271e-05 3.103000000000e-01
6.795979899497e-05 1.945000000000e-01 6.795979899497e-05 1.911000519786e-01 6.795979899497e-05 3.040996362124e-01 6.795979899497e-05 3.103000000000e-01
6.957788944724e-05 1.945000000000e-01 6.957788944724e-05 1.911000664753e-01 6.957788944724e-05 3.040995514852e-01 6.957788944724e-05 3.103000000000e-01
7.119597989950e-05 1.945000000000e-01 7.119597989950e-05 1.911000850152e-01 7.119597989950e-05 3.040994470248e-01 7.119597989950e-05 3.103000000000e-01
7.281407035176e-05 1.945000000000e-01 7.281407035176e-05 1.911001087257e-01 7.281407035176e-05 3.040993182356e-01 7.281407035176e-05 3.103000000000e-01
7.443216080402e-05 1.945000000000e-01 7.443216080402e-05 1.911001390491e-01 7.443216080402e-05 3.040991594516e-01 7.443216080402e-05 3.103000000000e-01
7.605025125628e-05 1.945000000000e-01 7.605025125628e-05 1.911001778296e-01 7.605025125628e-05 3.040989636870e-01 7.605025125628e-05 3.103000000000e-01
7.766834170854e-05 1.945000000000e-01 7.766834170854e-05 1.911002274259e-01 7.766834170854e-05 3.040987223297e-01 7.766834170854e-05 3.103000000000e-01
7.928643216080e-05 1.945000000000e-01 7.928643216080e-05 1.911002908544e-01 7.928643216080e-05 3.040984247617e-01 7.928643216080e-05 3.103000000000e-01
8.090452261307e-05 1.945000000000e-01 8.090452261307e-05 1.911003719729e-01 8.090452261307e-05 3.040980578926e-01 8.090452261307e-05 3.103000000000e-01
8.252261306533e-05 1.945000000000e-01 8.252261306533e-05 1.911004757149e-01 8.252261306533e-05 3.040976055838e-01 8.252261306533e-05 3.103000000000e-01
8.414070351759e-05 1.945000000000e-01 8.414070351759e-05 1.911006083900e-01 8.414070351759e-05 3.040970479392e-01 8.414070351759e-05 3.103000000000e-01
8.575879396985e-05 1.945000000000e-01 8.575879396985e-05 1.911007780672e-01 8.575879396985e-05 3.040963604300e-01 8.575879396985e-05 3.103000000000e-01
8.737688442211e-05 1.945000000000e-01 8.737688442211e-05 1.911009950660e-01 8.737688442211e-05 3.040955128174e-01 8.737688442211e-05 3.103000000000e-01
8.899497487437e-05 1.945000000000e-01 8.899497487437e-05 1.911012725835e-01 8.899497487437e-05 3.040944678232e-01 8.899497487437e-05 3.103000000000e-01
9.061306532663e-05 1.945000000000e-01 9.061306532663e-05 1.911016274971e-01 9.061306532663e-05 3.040931794922e-01 9.061306532663e-05 3.103000000000e-01
9.223115577889e-05 1.945000000000e-01 9.223115577889e-05 1.911020813903e-01 9.223115577889e-05 3.040915911748e-01 9.223115577889e-05 3.103000000000e-01
9.384924623116e-05 1.945000000000e-01 9.384924623116e-05 1.911026618654e-01 9.384924623116e-05 3.040896330395e-01 9.384924623116e-05 3.103000000000e-01
9.546733668342e-05 1.945000000000e-01 9.546733668342e-05 1.911034042203e-01 9.546733668342e-05 3.040872190101e-01 9.546733668342e-05 3.103000000000e-01
9.708542713568e-05 1.945000000000e-01 9.708542713568e-05 1.911043535945e-01 9.708542713568e-05 3.040842429912e-01 9.708542713568e-05 3.103000000000e-01
9.870351758794e-05 1.945000000000e-01 9.870351758794e-05 1.911055677113e-01 9.870351758794e-05 3.040805742207e-01 9.870351758794e-05 3.103000000000e-01
1.003216080402e-04 1.945000000000e-01 1.003216080402e-04 1.911071203840e-01 1.003216080402e-04 3.040760515469e-01 1.003216080402e-04 3.103000000000e-01
1.019396984925e-04 1.945000000000e-01 1.019396984925e-04 1.911091059979e-01 1.019396984925e-04 3.040704763839e-01 1.019396984925e-04 3.103000000000e-01
1.035577889447e-04 1.945000000000e-01 1.035577889447e-04 1.911116452390e-01 1.035577889447e-04 3.040636040429e-01 1.035577889447e-04 3.103000000000e-01
1.051758793970e-04 1.945000000000e-01 1.051758793970e-04 1.911148924138e-01 1.051758793970e-04 3.040551330711e-01 1.051758793970e-04 3.103000000000e-01
1.067939698492e-04 1.945000000001e-01 1.067939698492e-04 1.911190448027e-01 1.067939698492e-04 3.040446921444e-01 1.067939698492e-04 3.103000000000e-01
1.084120603015e-04 1.945000000002e-01 1.084120603015e-04 1.911243546065e-01 1.084120603015e-04 3.040318239661e-01 1.084120603015e-04 3.103000000000e-01
1.100301507538e-04 1.945000000004e-01 1.100301507538e-04 1.911311441997e-01 1.100301507538e-04 3.040159655007e-01 1.100301507538e-04 3.102999999999e-01
1.116482412060e-04 1.945000000009e-01 1.116482412060e-04 1.911398255999e-01 1.116482412060e-04 3.039964237337e-01 1.116482412060e-04 3.102999999999e-01
1.132663316583e-04 1.945000000021e-01 1.132663316583e-04 1.911509253018e-01 1.132663316583e-04 3.039723459798e-01 1.132663316583e-04 3.102999999997e-01
1.148844221106e-04 1.945000000048e-01 1.148844221106e-04 1.911651159343e-01 1.148844221106e-04 3.039426835622e-01 1.148844221106e-04 3.102999999992e-01
1.165025125628e-04 1.945000000111e-01 1.165025125628e-04 1.911832565787e-01 1.165025125628e-04 3.039061474641e-01 1.165025125628e-04 3.102999999980e-01
1.181206030151e-04 1.945000000258e-01 1.181206030151e-04 1.912064440586e-01 1.181206030151e-04 3.038611542884e-01 1.181206030151e-04 3.102999999950e-01
1.197386934673e-04 1.945000000598e-01 1.197386934673e-04 1.912360780961e-01 1.197386934673e-04 3.038057605760e-01 1.197386934673e-04 3.102999999875e-01
1.213567839196e-04 1.945000001387e-01 1.213567839196e-04 1.912739439311e-01 1.213567839196e-04 3.037375832210e-01 1.213567839196e-04 3.102999999690e-01
1.229748743719e-04 1.945000003219e-01 1.229748743719e-04 1.913223168432e-01 1.229748743719e-04 3.036537033927e-01 1.229748743719e-04 3.102999999232e-01
1.245929648241e-04 1.945000007471e-01 1.245929648241e-04 1.913840939965e-01 1.245929648241e-04 3.035505510653e-01 1.245929648241e-04 3.102999998096e-01
1.262110552764e-04 1.945000017339e-01 1.262110552764e-04 1.914629601352e-01 1.262110552764e-04 3.034237669662e-01 1.262110552764e-04 3.102999995276e-01
1.278291457286e-04 1.945000040243e-01 1.278291457286e-04 1.915635948481e-01 1.278291457286e-04 3.032680385562e-01 1.278291457286e-04 3.102999988280e-01
1.294472361809e-04 1.945000093409e-01 1.294472361809e-04 1.916919303034e-01 1.294472361809e-04 3.030769065501e-01 1.294472361809e-04 3.102999970922e-01
1.310653266332e-04 1.945000216827e-01 1.310653266332e-04 1.918554693763e-01 1.310653266332e-04 3.028425385341e-01 1.310653266332e-04 3.102999927851e-01
1.326834170854e-04 1.945000503347e-01 1.326834170854e-04 1.920636747072e-01 1.326834170854e-04 3.025554663695e-01 1.326834170854e-04 3.102999820971e-01
1.343015075377e-04 1.945001168576e-01 1.343015075377e-04 1.923284391156e-01 1.343015075377e-04 3.022042841451e-01 1.343015075377e-04 3.102999555722e-01
1.359195979899e-04 1.945002713216e-01 1.359195979899e-04 1.926646466257e-01 1.359195979899e-04 3.017753029542e-01 1.359195979899e-04 3.102998897390e-01
1.375376884422e-04 1.945006300204e-01 1.375376884422e-04 1.930908310048e-01 1.375376884422e-04 3.012521566844e-01 1.375376884422e-04 3.102997263300e-01
1.391557788945e-04 1.945014630914e-01 1.391557788945e-04 1.936299358064e-01 1.391557788945e-04 3.006153472146e-01 1.391557788945e-04 3.102993206842e-01
1.407738693467e-04 1.945033981062e-01 1.407738693467e-04 1.943101789499e-01 1.407738693467e-04 2.998417041032e-01 1.407738693467e-04 3.102983136199e-01
1.423919597990e-04 1.945078931090e-01 1.423919597990e-04 1.951660323132e-01 1.423919597990e-04 2.989037067292e-01 1.423919597990e-04 3.102958132715e-01
1.440100502513e-04 1.945183353583e-01 1.440100502513e-04 1.962393562542e-01 1.440100502513e-04 2.977685666067e-01 1.440100502513e-04 3.102896051716e-01
1.456281407035e-04 1.945425907284e-01 1.456281407035e-04 1.975808045849e-01 1.456281407035e-04 2.963968832620e-01 1.456281407035e-04 3.102741923317e-01
1.472462311558e-04 1.945989027197e-01 1.472462311558e-04 1.992517714825e-01 1.472462311558e-04 2.947405625943e-01 1.472462311558e-04 3.102359409248e-01
1.488643216080e-04 1.947294494079e-01 1.488643216080e-04 2.013274141924e-01 1.488643216080e-04 2.927395413210e-01 1.488643216080e-04 3.101411121193e-01
1.504824120603e-04 1.950309944044e-01 1.504824120603e-04 2.039016030803e-01 1.504824120603e-04 2.903167900556e-01 1.504824120603e-04 3.099066958086e-01
1.521005025126e-04 1.957215158566e-01 1.521005025126e-04 2.070947082125e-01 1.521005025126e-04 2.873713474106e-01 1.521005025126e-04 3.093313933045e-01
1.537185929648e-04 1.972715736233e-01 1.537185929648e-04 2.110639593006e-01 1.537185929648e-04 2.837703971967e-01 1.537185929648e-04 3.079442740560e-01
1.553366834171e-04 2.006011680331e-01 1.553366834171e-04 2.160115844393e-01 1.553366834171e-04 2.793447354499e-01 1.553366834171e-04 3.047368822101e-01
1.569547738693e-04 2.071327687584e-01 1.569547738693e-04 2.221751814181e-01 1.569547738693e-04 2.738984056002e-01 1.569547738693e-04 2.979741892643e-01
1.585728643216e-04 2.180120931902e-01 1.585728643216e-04 2.297692148676e-01 1.585728643216e-04 2.672510419323e-01 1.585728643216e-04 2.860165550768e-01
1.601909547739e-04 2.324104217366e-01 1.601909547739e-04 2.388460565435e-01 1.601909547739e-04 2.593300004658e-01 1.601909547739e-04 2.696188209250e-01
1.618090452261e-04 2.480441784507e-01 1.618090452261e-04 2.491055242150e-01 1.618090452261e-04 2.502975896892e-01 1.618090452261e-04 2.515204681773e-01
1.634271356784e-04 2.645117961246e-01 1.634271356784e-04 2.598082468441e-01 1.634271356784e-04 2.406327723663e-01 1.634271356784e-04 2.328632809807e-01
1.650452261307e-04 2.819821122126e-01 1.650452261307e-04 2.699727319864e-01 1.650452261307e-04 2.310555788314e-01 1.650452261307e-04 2.154448875754e-01
1.666633165829e-04 2.970578090959e-01 1.666633165829e-04 2.787809036728e-01 1.666633165829e-04 2.222861884409e-01 1.666633165829e-04 2.030417138862e-01
1.682814070352e-04 3.064852404276e-01 1.682814070352e-04 2.858605120730e-01 1.682814070352e-04 2.147986853482e-01 1.682814070352e-04 1.964126494304e-01
1.698994974874e-04 3.110729320715e-01 1.698994974874e-04 2.912627093173e-01 1.698994974874e-04 2.087367249412e-01 1.698994974874e-04 1.934643669261e-01
1.715175879397e-04 3.130220777629e-01 1.715175879397e-04 2.952660624937e-01 1.715175879397e-04 2.039935910428e-01 1.715175879397e-04 1.922648375446e-01
1.731356783920e-04 3.138021294927e-01 1.731356783920e-04 2.981985386082e-01 1.731356783920e-04 2.003456644535e-01 1.731356783920e-04 1.917947046147e-01
1.747537688442e-04 3.141070812635e-01 1.747537688442e-04 3.003463547998e-01 1.747537688442e-04 1.975530284645e-01 1.747537688442e-04 1.916131189009e-01
1.763718592965e-04 3.142253232834e-01 1.763718592965e-04 3.019291613541e-01 1.763718592965e-04 1.954081864934e-01 1.763718592965e-04 1.915433641838e-01
1.779899497487e-04 3.142710716095e-01 1.779899497487e-04 3.031058083733e-01 1.779899497487e-04 1.937488713619e-01 1.779899497487e-04 1.915166190765e-01
1.796080402010e-04 3.142887764062e-01 1.796080402010e-04 3.039885066191e-01 1.796080402010e-04 1.924541259645e-01 1.796080402010e-04 1.915063698741e-01
1.812261306533e-04 3.142956370044e-01 1.812261306533e-04 3.046562275314e-01 1.812261306533e-04 1.914354425544e-01 1.812261306533e-04 1.915024421443e-01
1.828442211055e-04 3.142983001964e-01 1.828442211055e-04 3.051649343723e-01 1.828442211055e-04 1.906281405539e-01 1.828442211055e-04 1.915009366095e-01
1.844623115578e-04 3.142993361534e-01 1.844623115578e-04 3.055547608436e-01 1.844623115578e-04 1.899845504162e-01 1.844623115578e-04 1.915003593425e-01
1.860804020101e-04 3.142997400573e-01 1.860804020101e-04 3.058548801873e-01 1.860804020101e-04 1.894690727993e-01 1.860804020101e-04 1.915001379216e-01
1.876984924623e-04 3.142998979272e-01 1.876984924623e-04 3.060867793946e-01 1.876984924623e-04 1.890547304461e-01 1.876984924623e-04 1.915000529588e-01
1.893165829146e-04 3.142999597983e-01 1.893165829146e-04 3.062664723081e-01 1.893165829146e-04 1.887207911131e-01 1.893165829146e-04 1.915000203439e-01
1.909346733668e-04 3.142999841162e-01 1.909346733668e-04 3.064060145533e-01 1.909346733668e-04 1.884511238553e-01 1.909346733668e-04 1.915000078186e-01
1.925527638191e-04 3.142999937033e-01 1.925527638191e-04 3.065145575636e-01 1.925527638191e-04 1.882330481969e-01 1.925527638191e-04 1.915000030063e-01
1.941708542714e-04 3.142999974952e-01 1.941708542714e-04 3.065990947646e-01 1.941708542714e-04 1.880565139434e-01 1.941708542714e-04 1.915000011565e-01
1.957889447236e-04 3.142999990000e-01 1.957889447236e-04 3.066649987829e-01 1.957889447236e-04 1.879135047916e-01 1.957889447236e-04 1.915000004451e-01
1.974070351759e-04 3.142999995993e-01 1.974070351759e-04 3.067164141763e-01 1.974070351759e-04 1.877975958736e-01 1.974070351759e-04 1.915000001714e-01
1.990251256281e-04 3.142999998388e-01 1.990251256281e-04 3.067565483983e-01 1.990251256281e-04 1.877036193539e-01 1.990251256281e-04 1.915000000660e-01
2.006432160804e-04 3.142999999349e-01 2.006432160804e-04 3.067878898092e-01 2.006432160804e-04 1.876274075792e-01 2.006432160804e-04 1.915000000255e-01
2.022613065327e-04 3.142999999736e-01 2.022613065327e-04 3.068123725431e-01 2.022613065327e-04 1.875655931294e-01 2.022613065327e-04 1.915000000098e-01
2.038793969849e-04 3.142999999893e-01 2.038793969849e-04 3.068315021190e-01 2.038793969849e-04 1.875154514853e-01 2.038793969849e-04 1.915000000038e-01
2.054974874372e-04 3.142999999956e-01 2.054974874372e-04 3.068464517120e-01 2.054974874372e-04 1.874747761895e-01 2.054974874372e-04 1.915000000015e-01
2.071155778894e-04 3.142999999982e-01 2.071155778894e-04 3.068581362819e-01 2.071155778894e-04 1.874417791599e-01 2.071155778894e-04 1.915000000006e-01
2.087336683417e-04 3.142999999993e-01 2.087336683417e-04 3.068672698578e-01 2.087336683417e-04 1.874150107107e-01 2.087336683417e-04 1.915000000002e-01
2.103517587940e-04 3.142999999997e-01 2.103517587940e-04 3.068744099316e-01 2.103517587940e-04 1.873932951615e-01 2.103517587940e-04 1.915000000001e-01
2.119698492462e-04 3.142999999999e-01 2.119698492462e-04 3.068799919335e-01 2.119698492462e-04 1.873756788655e-01 2.119698492462e-04 1.915000000000e-01
2.135879396985e-04 3.142999999999e-01 2.135879396985e-04 3.068843560507e-01 2.135879396985e-04 1.873613881886e-01 2.135879396985e-04 1.915000000000e-01
2.152060301508e-04 3.143000000000e-01 2.152060301508e-04 3.068877681150e-01 2.152060301508e-04 1.873497954888e-01 2.152060301508e-04 1.915000000000e-01
2.168241206030e-04 3.143000000000e-01 2.168241206030e-04 3.068904358879e-01 2.168241206030e-04 1.873403915519e-01 2.168241206030e-04 1.915000000000e-01
2.184422110553e-04 3.143000000000e-01 2.184422110553e-04 3.068925217645e-01 2.184422110553e-04 1.873327632426e-01 2.184422110553e-04 1.915000000000e-01
2.200603015075e-04 3.143000000000e-01 2.200603015075e-04 3.068941526913e-01 2.200603015075e-04 1.873265753791e-01 2.200603015075e-04 1.915000000000e-01
2.216783919598e-04 3.143000000000e-01 2.216783919598e-04 3.068954279108e-01 2.216783919598e-04 1.873215560291e-01 2.216783919598e-04 1.915000000000e-01
2.232964824121e-04 3.143000000000e-01 2.232964824121e-04 3.068964250110e-01 2.232964824121e-04 1.873174845788e-01 2.232964824121e-04 1.915000000000e-01
2.249145728643e-04 3.143000000000e-01 2.249145728643e-04 3.068972046530e-01 2.249145728643e-04 1.873141820529e-01 2.249145728643e-04 1.915000000000e-01
2.265326633166e-04 3.143000000000e-01 2.265326633166e-04 3.068978142651e-01 2.265326633166e-04 1.873115032587e-01 2.265326633166e-04 1.915000000000e-01
2.281507537688e-04 3.143000000000e-01 2.281507537688e-04 3.068982909302e-01 2.281507537688e-04 1.873093304125e-01 2.281507537688e-04 1.915000000000e-01
2.297688442211e-04 3.143000000000e-01 2.297688442211e-04 3.068986636429e-01 2.297688442211e-04 1.873075679673e-01 2.297688442211e-04 1.915000000000e-01
2.313869346734e-04 3.143000000000e-01 2.313869346734e-04 3.068989550739e-01 2.313869346734e-04 1.873061384162e-01 2.313869346734e-04 1.915000000000e-01
2.330050251256e-04 3.143000000000e-01 2.330050251256e-04 3.068991829496e-01 2.330050251256e-04 1.873049788875e-01 2.330050251256e-04 1.915000000000e-01
2.346231155779e-04 3.143000000000e-01 2.346231155779e-04 3.068993611304e-01 2.346231155779e-04 1.873040383816e-01 2.346231155779e-04 1.915000000000e-01
2.362412060302e-04 3.143000000000e-01 2.362412060302e-04 3.068995004536e-01 2.362412060302e-04 1.873032755302e-01 2.362412060302e-04 1.915000000000e-01
2.378592964824e-04 3.143000000000e-01 2.378592964824e-04 3.068996093935e-01 2.378592964824e-04 1.873026567777e-01 2.378592964824e-04 1.915000000000e-01
2.394773869347e-04 3.143000000000e-01 2.394773869347e-04 3.068996945760e-01 2.394773869347e-04 1.873021549057e-01 2.394773869347e-04 1.915000000000e-01
2.410954773869e-04 3.143000000000e-01 2.410954773869e-04 3.068997611821e-01 2.410954773869e-04 1.873017478368e-01 2.410954773869e-04 1.915000000000e-01
2.427135678392e-04 3.143000000000e-01 2.427135678392e-04 3.068998132629e-01 2.427135678392e-04 1.873014176633e-01 2.427135678392e-04 1.915000000000e-01
2.443316582915e-04 3.143000000000e-01 2.443316582915e-04 3.068998539860e-01 2.443316582915e-04 1.873011498601e-01 2.443316582915e-04 1.915000000000e-01
2.459497487437e-04 3.143000000000e-01 2.459497487437e-04 3.068998858283e-01 2.459497487437e-04 1.873009326456e-01 2.459497487437e-04 1.915000000000e-01
2.475678391960e-04 3.143000000000e-01 2.475678391960e-04 3.068999107266e-01 2.475678391960e-04 1.873007564637e-01 2.475678391960e-04 1.915000000000e-01
2.491859296482e-04 3.143000000000e-01 2.491859296482e-04 3.068999301951e-01 2.491859296482e-04 1.873006135632e-01 2.491859296482e-04 1.915000000000e-01
2.508040201005e-04 3.143000000000e-01 2.508040201005e-04 3.068999454179e-01 2.508040201005e-04 1.873004976574e-01 2.508040201005e-04 1.915000000000e-01
2.524221105528e-04 3.143000000000e-01 2.524221105528e-04 3.068999573210e-01 2.524221105528e-04 1.873004036467e-01 2.524221105528e-04 1.915000000000e-01
2.540402010050e-04 3.143000000000e-01 2.540402010050e-04 3.068999666284e-01 2.540402010050e-04 1.873003273952e-01 2.540402010050e-04 1.915000000000e-01
2.556582914573e-04 3.143000000000e-01 2.556582914573e-04 3.068999739060e-01 2.556582914573e-04 1.873002655480e-01 2.556582914573e-04 1.915000000000e-01
2.572763819095e-04 3.143000000000e-01 2.572763819095e-04 3.068999795965e-01 2.572763819095e-04 1.873002153842e-01 2.572763819095e-04 1.915000000000e-01
2.588944723618e-04 3.143000000000e-01 2.588944723618e-04 3.068999840460e-01 2.588944723618e-04 1.873001746966e-01 2.588944723618e-04 1.915000000000e-01
2.605125628141e-04 3.143000000000e-01 2.605125628141e-04 3.068999875252e-01 2.605125628141e-04 1.873001416952e-01 2.605125628141e-04 1.915000000000e-01
2.621306532663e-04 3.143000000000e-01 2.621306532663e-04 3.068999902457e-01 2.621306532663e-04 1.873001149280e-01 2.621306532663e-04 1.915000000000e-01
2.637487437186e-04 3.143000000000e-01 2.637487437186e-04 3.068999923729e-01 2.637487437186e-04 1.873000932173e-01 2.637487437186e-04 1.915000000000e-01
2.653668341709e-04 3.143000000000e-01 2.653668341709e-04 3.068999940362e-01 2.653668341709e-04 1.873000756078e-01 2.653668341709e-04 1.915000000000e-01
2.669849246231e-04 3.143000000000e-01 2.669849246231e-04 3.068999953368e-01 2.669849246231e-04 1.873000613250e-01 2.669849246231e-04 1.915000000000e-01
2.686030150754e-04 3.143000000000e-01 2.686030150754e-04 3.068999963537e-01 2.686030150754e-04 1.873000497402e-01 2.686030150754e-04 1.915000000000e-01
2.702211055276e-04 3.143000000000e-01 2.702211055276e-04 3.068999971489e-01 2.702211055276e-04 1.873000403439e-01 2.702211055276e-04 1.915000000000e-01
2.718391959799e-04 3.143000000000e-01 2.718391959799e-04 3.068999977706e-01 2.718391959799e-04 1.873000327227e-01 2.718391959799e-04 1.915000000000e-01
2.734572864322e-04 3.143000000000e-01 2.734572864322e-04 3.068999982568e-01 2.734572864322e-04 1.873000265411e-01 2.734572864322e-04 1.915000000000e-01
2.750753768844e-04 3.143000000000e-01 2.750753768844e-04 3.068999986370e-01 2.750753768844e-04 1.873000215273e-01 2.750753768844e-04 1.915000000000e-01
2.766934673367e-04 3.143000000000e-01 2.766934673367e-04 3.068999989342e-01 2.766934673367e-04 1.873000174606e-01 2.766934673367e-04 1.915000000000e-01
2.783115577889e-04 3.143000000000e-01 2.783115577889e-04 3.068999991666e-01 2.783115577889e-04 1.873000141622e-01 2.783115577889e-04 1.915000000000e-01
2.799296482412e-04 3.143000000000e-01 2.799296482412e-04 3.068999993484e-01 2.799296482412e-04 1.873000114869e-01 2.799296482412e-04 1.915000000000e-01
2.815477386935e-04 3.143000000000e-01 2.815477386935e-04 3.068999994905e-01 2.815477386935e-04 1.873000093169e-01 2.815477386935e-04 1.915000000000e-01
2.831658291457e-04 3.143000000000e-01 2.831658291457e-04 3.068999996016e-01 2.831658291457e-04 1.873000075569e-01 2.831658291457e-04 1.915000000000e-01
2.847839195980e-04 3.143000000000e-01 2.847839195980e-04 3.068999996885e-01 2.847839195980e-04 1.873000061293e-01 2.847839195980e-04 1.915000000000e-01
2.864020100503e-04 3.143000000000e-01 2.864020100503e-04 3.068999997564e-01 2.864020100503e-04 1.873000049714e-01 2.864020100503e-04 1.915000000000e-01
2.880201005025e-04 3.143000000000e-01 2.880201005025e-04 3.068999998095e-01 2.880201005025e-04 1.873000040323e-01 2.880201005025e-04 1.915000000000e-01
2.896381909548e-04 3.143000000000e-01 2.896381909548e-04 3.068999998511e-01 2.896381909548e-04 1.873000032706e-01 2.896381909548e-04 1.915000000000e-01
2.912562814070e-04 3.143000000000e-01 2.912562814070e-04 3.068999998835e-01 2.912562814070e-04 1.873000026527e-01 2.912562814070e-04 1.915000000000e-01
2.928743718593e-04 3.143000000000e-01 2.928743718593e-04 3.068999999089e-01 2.928743718593e-04 1.873000021516e-01 2.928743718593e-04 1.915000000000e-01
2.944924623116e-04 3.143000000000e-01 2.944924623116e-04 3.068999999288e-01 2.944924623116e-04 1.873000017452e-01 2.944924623116e-04 1.915000000000e-01
2.961105527638e-04 3.143000000000e-01 2.961105527638e-04 3.068999999443e-01 2.961105527638e-04 1.873000014155e-01 2.961105527638e-04 1.915000000000e-01
2.977286432161e-04 3.143000000000e-01 2.977286432161e-04 3.068999999565e-01 2.977286432161e-04 1.873000011481e-01 2.977286432161e-04 1.915000000000e-01
2.993467336683e-04 3.143000000000e-01 2.993467336683e-04 3.068999999660e-01 2.993467336683e-04 1.873000009312e-01 2.993467336683e-04 1.915000000000e-01
3.009648241206e-04 3.143000000000e-01 3.009648241206e-04 3.068999999734e-01 3.009648241206e-04 1.873000007553e-01 3.009648241206e-04 1.915000000000e-01
3.025829145729e-04 3.143000000000e-01 3.025829145729e-04 3.068999999792e-01 3.025829145729e-04 1.873000006126e-01 3.025829145729e-04 1.915000000000e-01
3.042010050251e-04 3.143000000000e-01 3.042010050251e-04 3.068999999837e-01 3.042010050251e-04 1.873000004969e-01 3.042010050251e-04 1.915000000000e-01
3.058190954774e-04 3.143000000000e-01 3.058190954774e-04 3.068999999873e-01 3.058190954774e-04 1.873000004030e-01 3.058190954774e-04 1.915000000000e-01
3.074371859296e-04 3.143000000000e-01 3.074371859296e-04 3.068999999901e-01 3.074371859296e-04 1.873000003269e-01 3.074371859296e-04 1.915000000000e-01
3.090552763819e-04 3.143000000000e-01 3.090552763819e-04 3.068999999922e-01 3.090552763819e-04 1.873000002651e-01 3.090552763819e-04 1.915000000000e-01
3.106733668342e-04 3.143000000000e-01 3.106733668342e-04 3.068999999939e-01 3.106733668342e-04 1.873000002150e-01 3.106733668342e-04 1.915000000000e-01
3.122914572864e-04 3.143000000000e-01 3.122914572864e-04 3.068999999952e-01 3.122914572864e-04 1.873000001744e-01 3.122914572864e-04 1.915000000000e-01
3.139095477387e-04 3.143000000000e-01 3.139095477387e-04 3.068999999963e-01 3.139095477387e-04 1.873000001415e-01 3.139095477387e-04 1.915000000000e-01
3.155276381910e-04 3.143000000000e-01 3.155276381910e-04 3.068999999971e-01 3.155276381910e-04 1.873000001147e-01 3.155276381910e-04 1.915000000000e-01
3.171457286432e-04 3.143000000000e-01 3.171457286432e-04 3.068999999977e-01 3.171457286432e-04 1.873000000931e-01 3.171457286432e-04 1.915000000000e-01
3.187638190955e-04 3.143000000000e-01 3.187638190955e-04 3.068999999982e-01 3.187638190955e-04 1.873000000755e-01 3.187638190955e-04 1.915000000000e-01
3.203819095477e-04 3.143000000000e-01 3.203819095477e-04 3.068999999986e-01 3.203819095477e-04 1.873000000612e-01 3.203819095477e-04 1.915000000000e-01
3.220000000000e-04 3.143000000000e-01 3.220000000000e-04 3.068999999989e-01 3.220000000000e-04 1.873000000497e-01 3.220000000000e-04 1.915000000000e-01
