0.000000000000e+00 3.430999993380e-01 0.000000000000e+00 2.516493562101e-01 0.000000000000e+00 1.697219607340e-01 0.000000000000e+00 2.355002094124e-01
2.371859296482e-06 3.430999992055e-01 2.371859296482e-06 2.516454615225e-01 2.371859296482e-06 1.697236847424e-01 2.371859296482e-06 2.355002395632e-01
4.743718592965e-06 3.430999990463e-01 4.743718592965e-06 2.516412673925e-01 4.743718592965e-06 1.697255440253e-01 4.743718592965e-06 2.355002740580e-01
7.115577889447e-06 3.430999988551e-01 7.115577889447e-06 2.516367508098e-01 7.115577889447e-06 1.697275491867e-01 7.115577889447e-06 2.355003135232e-01
9.487437185930e-06 3.430999986254e-01 9.487437185930e-06 2.516318869982e-01 9.487437185930e-06 1.697297116603e-01 9.487437185930e-06 2.355003586756e-01
1.185929648241e-05 3.430999983495e-01 1.185929648241e-05 2.516266492799e-01 1.185929648241e-05 1.697320437741e-01 1.185929648241e-05 2.355004103357e-01
1.423115577889e-05 3.430999980178e-01 1.423115577889e-05 2.516210089304e-01 1.423115577889e-05 1.697345588201e-01 1.423115577889e-05 2.355004694424e-01
1.660301507538e-05 3.430999976192e-01 1.660301507538e-05 2.516149350218e-01 1.660301507538e-05 1.697372711295e-01 1.660301507538e-05 2.355005370702e-01
1.897487437186e-05 3.430999971401e-01 1.897487437186e-05 2.516083942540e-01 1.897487437186e-05 1.697401961535e-01 1.897487437186e-05 2.355006144489e-01
2.134673366834e-05 3.430999965641e-01 2.134673366834e-05 2.516013507742e-01 2.134673366834e-05 1.697433505506e-01 2.134673366834e-05 2.355007029860e-01
2.371859296482e-05 3.430999958715e-01 2.371859296482e-05 2.515937659810e-01 2.371859296482e-05 1.697467522802e-01 2.371859296482e-05 2.355008042926e-01
2.609045226131e-05 3.430999950385e-01 2.609045226131e-05 2.515855983151e-01 2.609045226131e-05 1.697504207038e-01 2.609045226131e-05 2.355009202128e-01
2.846231155779e-05 3.430999940366e-01 2.846231155779e-05 2.515768030335e-01 2.846231155779e-05 1.697543766943e-01 2.846231155779e-05 2.355010528573e-01
3.083417085427e-05 3.430999928313e-01 3.083417085427e-05 2.515673319666e-01 3.083417085427e-05 1.697586427525e-01 3.083417085427e-05 2.355012046423e-01
3.320603015075e-05 3.430999913810e-01 3.320603015075e-05 2.515571332573e-01 3.320603015075e-05 1.697632431343e-01 3.320603015075e-05 2.355013783335e-01
3.557788944724e-05 3.430999896357e-01 3.557788944724e-05 2.515461510801e-01 3.557788944724e-05 1.697682039860e-01 3.557788944724e-05 2.355015770974e-01
3.794974874372e-05 3.430999875349e-01 3.794974874372e-05 2.515343253394e-01 3.794974874372e-05 1.697735534912e-01 3.794974874372e-05 2.355018045587e-01
4.032160804020e-05 3.430999850059e-01 4.032160804020e-05 2.515215913443e-01 4.032160804020e-05 1.697793220283e-01 4.032160804020e-05 2.355020648673e-01
4.269346733668e-05 3.430999819606e-01 4.269346733668e-05 2.515078794605e-01 4.269346733668e-05 1.697855423403e-01 4.269346733668e-05 2.355023627743e-01
4.506532663317e-05 3.430999782931e-01 4.506532663317e-05 2.514931147344e-01 4.506532663317e-05 1.697922497175e-01 4.506532663317e-05 2.355027037199e-01
4.743718592965e-05 3.430999738754e-01 4.743718592965e-05 2.514772164905e-01 4.743718592965e-05 1.697994821945e-01 4.743718592965e-05 2.355030939326e-01
4.980904522613e-05 3.430999685528e-01 4.980904522613e-05 2.514600978977e-01 4.980904522613e-05 1.698072807619e-01 4.980904522613e-05 2.355035405449e-01
5.218090452261e-05 3.430999621388e-01 5.218090452261e-05 2.514416655045e-01 5.218090452261e-05 1.698156895940e-01 5.218090452261e-05 2.355040517240e-01
5.455276381910e-05 3.430999544080e-01 5.455276381910e-05 2.514218187379e-01 5.455276381910e-05 1.698247562947e-01 5.455276381910e-05 2.355046368227e-01
5.692462311558e-05 3.430999450881e-01 5.692462311558e-05 2.514004493673e-01 5.692462311558e-05 1.698345321613e-01 5.692462311558e-05 2.355053065520e-01
5.929648241206e-05 3.430999338500e-01 5.929648241206e-05 2.513774409272e-01 5.929648241206e-05 1.698450724690e-01 5.929648241206e-05 2.355060731790e-01
6.166834170854e-05 3.430999202960e-01 6.166834170854e-05 2.513526680976e-01 6.166834170854e-05 1.698564367768e-01 6.166834170854e-05 2.355069507537e-01
6.404020100503e-05 3.430999039452e-01 6.404020100503e-05 2.513259960394e-01 6.404020100503e-05 1.698686892573e-01 6.404020100503e-05 2.355079553685e-01
6.641206030151e-05 3.430998842161e-01 6.641206030151e-05 2.512972796809e-01 6.641206030151e-05 1.698818990509e-01 6.641206030151e-05 2.355091054568e-01
6.878391959799e-05 3.430998604053e-01 6.878391959799e-05 2.512663629510e-01 6.878391959799e-05 1.698961406480e-01 6.878391959799e-05 2.355104221339e-01
7.115577889447e-05 3.430998316615e-01 7.115577889447e-05 2.512330779584e-01 7.115577889447e-05 1.699114943001e-01 7.115577889447e-05 2.355119295892e-01
7.352763819095e-05 3.430997969546e-01 7.352763819095e-05 2.511972441093e-01 7.352763819095e-05 1.699280464626e-01 7.352763819095e-05 2.355136555343e-01
7.589949748744e-05 3.430997550377e-01 7.589949748744e-05 2.511586671622e-01 7.589949748744e-05 1.699458902722e-01 7.589949748744e-05 2.355156317184e-01
7.827135678392e-05 3.430997044004e-01 7.827135678392e-05 2.511171382136e-01 7.827135678392e-05 1.699651260608e-01 7.827135678392e-05 2.355178945180e-01
8.064321608040e-05 3.430996432137e-01 8.064321608040e-05 2.510724326108e-01 8.064321608040e-05 1.699858619097e-01 8.064321608040e-05 2.355204856133e-01
8.301507537688e-05 3.430995692615e-01 8.301507537688e-05 2.510243087866e-01 8.301507537688e-05 1.700082142479e-01 8.301507537688e-05 2.355234527641e-01
8.538693467337e-05 3.430994798578e-01 8.538693467337e-05 2.509725070096e-01 8.538693467337e-05 1.700323084972e-01 8.538693467337e-05 2.355268506989e-01
8.775879396985e-05 3.430993717468e-01 8.775879396985e-05 2.509167480452e-01 8.775879396985e-05 1.700582797686e-01 8.775879396985e-05 2.355307421345e-01
9.013065326633e-05 3.430992409803e-01 9.013065326633e-05 2.508567317204e-01 9.013065326633e-05 1.700862736160e-01 9.013065326633e-05 2.355351989446e-01
9.250251256281e-05 3.430990827695e-01 9.250251256281e-05 2.507921353860e-01 9.250251256281e-05 1.701164468509e-01 9.250251256281e-05 2.355403035001e-01
9.487437185930e-05 3.430988913043e-01 9.487437185930e-05 2.507226122677e-01 9.487437185930e-05 1.701489684247e-01 9.487437185930e-05 2.355461502046e-01
9.724623115578e-05 3.430986595334e-01 9.724623115578e-05 2.506477896996e-01 9.724623115578e-05 1.701840203858e-01 9.724623115578e-05 2.355528472546e-01
9.961809045226e-05 3.430983788969e-01 9.961809045226e-05 2.505672672300e-01 9.961809045226e-05 1.702217989195e-01 9.961809045226e-05 2.355605186566e-01
1.019899497487e-04 3.430980390004e-01 1.019899497487e-04 2.504806145901e-01 1.019899497487e-04 1.702625154781e-01 1.019899497487e-04 2.355693065376e-01
1.043618090452e-04 3.430976272185e-01 1.043618090452e-04 2.503873695153e-01 1.043618090452e-04 1.703063980143e-01 1.043618090452e-04 2.355793737921e-01
1.067336683417e-04 3.430971282112e-01 1.067336683417e-04 2.502870354063e-01 1.067336683417e-04 1.703536923280e-01 1.067336683417e-04 2.355909071122e-01
1.091055276382e-04 3.430965233358e-01 1.091055276382e-04 2.501790788182e-01 1.091055276382e-04 1.704046635403e-01 1.091055276382e-04 2.356041204567e-01
1.114773869347e-04 3.430957899286e-01 1.114773869347e-04 2.500629267607e-01 1.114773869347e-04 1.704595977137e-01 1.114773869347e-04 2.356192590188e-01
1.138492462312e-04 3.430949004302e-01 1.138492462312e-04 2.499379637938e-01 1.138492462312e-04 1.705188036355e-01 1.138492462312e-04 2.356366037643e-01
1.162211055276e-04 3.430938213191e-01 1.162211055276e-04 2.498035289003e-01 1.162211055276e-04 1.705826147885e-01 1.162211055276e-04 2.356564766168e-01
1.185929648241e-04 3.430925118102e-01 1.185929648241e-04 2.496589121116e-01 1.185929648241e-04 1.706513915366e-01 1.185929648241e-04 2.356792463784e-01
1.209648241206e-04 3.430909222679e-01 1.209648241206e-04 2.495033508630e-01 1.209648241206e-04 1.707255235569e-01 1.209648241206e-04 2.357053354852e-01
1.233366834171e-04 3.430889922691e-01 1.233366834171e-04 2.493360260503e-01 1.233366834171e-04 1.708054325579e-01 1.233366834171e-04 2.357352277061e-01
1.257085427136e-04 3.430866482401e-01 1.257085427136e-04 2.491560577533e-01 1.257085427136e-04 1.708915753294e-01 1.257085427136e-04 2.357694769065e-01
1.280804020101e-04 3.430838005714e-01 1.280804020101e-04 2.489625005892e-01 1.280804020101e-04 1.709844471791e-01 1.280804020101e-04 2.358087170106e-01
1.304522613065e-04 3.430803400966e-01 1.304522613065e-04 2.487543386534e-01 1.304522613065e-04 1.710845858230e-01 1.304522613065e-04 2.358536733069e-01
1.328241206030e-04 3.430761337928e-01 1.328241206030e-04 2.485304799965e-01 1.328241206030e-04 1.711925758064e-01 1.328241206030e-04 2.359051752536e-01
1.351959798995e-04 3.430710195322e-01 1.351959798995e-04 2.482897505818e-01 1.351959798995e-04 1.713090535516e-01 1.351959798995e-04 2.359641709510e-01
1.375678391960e-04 3.430647996732e-01 1.375678391960e-04 2.480308876610e-01 1.375678391960e-04 1.714347131437e-01 1.375678391960e-04 2.360317434541e-01
1.399396984925e-04 3.430572332377e-01 1.399396984925e-04 2.477525324947e-01 1.399396984925e-04 1.715703129885e-01 1.399396984925e-04 2.361091291047e-01
1.423115577889e-04 3.430480263615e-01 1.423115577889e-04 2.474532223424e-01 1.423115577889e-04 1.717166835010e-01 1.423115577889e-04 2.361977380577e-01
1.446834170854e-04 3.430368206413e-01 1.446834170854e-04 2.471313816373e-01 1.446834170854e-04 1.718747360124e-01 1.446834170854e-04 2.362991771695e-01
1.470552763819e-04 3.430231789185e-01 1.470552763819e-04 2.467853122576e-01 1.470552763819e-04 1.720454731169e-01 1.470552763819e-04 2.364152753943e-01
1.494271356784e-04 3.430065679475e-01 1.494271356784e-04 2.464131828099e-01 1.494271356784e-04 1.722300007145e-01 1.494271356784e-04 2.365481117984e-01
1.517989949749e-04 3.429863372773e-01 1.517989949749e-04 2.460130168415e-01 1.517989949749e-04 1.724295420508e-01 1.517989949749e-04 2.367000462489e-01
1.541708542714e-04 3.429616935445e-01 1.541708542714e-04 2.455826799162e-01 1.541708542714e-04 1.726454540934e-01 1.541708542714e-04 2.368737527559e-01
1.565427135678e-04 3.429316692193e-01 1.565427135678e-04 2.451198655187e-01 1.565427135678e-04 1.728792466317e-01 1.565427135678e-04 2.370722553337e-01
1.589145728643e-04 3.428950846647e-01 1.589145728643e-04 2.446220797938e-01 1.589145728643e-04 1.731326045264e-01 1.589145728643e-04 2.372989661035e-01
1.612864321608e-04 3.428505021728e-01 1.612864321608e-04 2.440866252050e-01 1.612864321608e-04 1.734074135670e-01 1.612864321608e-04 2.375577251669e-01
1.636582914573e-04 3.427961704230e-01 1.636582914573e-04 2.435105832966e-01 1.636582914573e-04 1.737057904107e-01 1.636582914573e-04 2.378528415342e-01
1.660301507538e-04 3.427299575883e-01 1.660301507538e-04 2.428907968982e-01 1.660301507538e-04 1.740301170631e-01 1.660301507538e-04 2.381891340947e-01
1.684020100503e-04 3.426492711053e-01 1.684020100503e-04 2.422238523102e-01 1.684020100503e-04 1.743830802937e-01 1.684020100503e-04 2.385719712484e-01
1.707738693467e-04 3.425509619671e-01 1.707738693467e-04 2.415060622875e-01 1.707738693467e-04 1.747677162467e-01 1.707738693467e-04 2.390073074032e-01
1.731457286432e-04 3.424312113388e-01 1.731457286432e-04 2.407334509913e-01 1.731457286432e-04 1.751874602583e-01 1.731457286432e-04 2.395017140586e-01
1.755175879397e-04 3.422853974310e-01 1.755175879397e-04 2.399017425339e-01 1.755175879397e-04 1.756462014852e-01 1.755175879397e-04 2.400624026923e-01
1.778894472362e-04 3.421079410127e-01 1.778894472362e-04 2.390063552935e-01 1.778894472362e-04 1.761483413312e-01 1.778894472362e-04 2.406972361340e-01
1.802613065327e-04 3.418921289050e-01 1.802613065327e-04 2.380424048370e-01 1.802613065327e-04 1.766988537402e-01 1.802613065327e-04 2.414147246257e-01
1.826331658291e-04 3.416299165230e-01 1.826331658291e-04 2.370047190360e-01 1.826331658291e-04 1.773033441293e-01 1.826331658291e-04 2.422240023452e-01
1.850050251256e-04 3.413117133873e-01 1.850050251256e-04 2.358878697645e-01 1.850050251256e-04 1.779681019741e-01 1.850050251256e-04 2.431347799034e-01
1.873768844221e-04 3.409261599591e-01 1.873768844221e-04 2.346862263538e-01 1.873768844221e-04 1.787001397461e-01 1.873768844221e-04 2.441572682500e-01
1.897487437186e-04 3.404599106813e-01 1.897487437186e-04 2.333940366402e-01 1.897487437186e-04 1.795072080179e-01 1.897487437186e-04 2.453020695950e-01
1.921206030151e-04 3.398974472368e-01 1.921206030151e-04 2.320055418160e-01 1.921206030151e-04 1.803977731518e-01 1.921206030151e-04 2.465800313852e-01
1.944924623116e-04 3.392209580805e-01 1.944924623116e-04 2.305151311504e-01 1.944924623116e-04 1.813809403125e-01 1.944924623116e-04 2.480020600115e-01
1.968643216080e-04 3.384103350323e-01 1.968643216080e-04 2.289175417210e-01 1.968643216080e-04 1.824663010992e-01 1.968643216080e-04 2.495788916463e-01
1.992361809045e-04 3.374433538397e-01 1.992361809045e-04 2.272081062742e-01 1.992361809045e-04 1.836636827587e-01 1.992361809045e-04 2.513208182241e-01
2.016080402010e-04 3.362961200099e-01 2.016080402010e-04 2.253830489236e-01 2.016080402010e-04 1.849827760725e-01 2.016080402010e-04 2.532373668438e-01
2.039798994975e-04 3.349438681567e-01 2.039798994975e-04 2.234398234135e-01 2.039798994975e-04 1.864326234124e-01 2.039798994975e-04 2.553369306319e-01
2.063517587940e-04 3.333621939038e-01 2.063517587940e-04 2.213774821203e-01 2.063517587940e-04 1.880209591856e-01 2.063517587940e-04 2.576263484091e-01
2.087236180905e-04 3.315287611586e-01 2.087236180905e-04 2.191970561949e-01 2.087236180905e-04 1.897534137488e-01 2.087236180905e-04 2.601104298782e-01
2.110954773869e-04 3.294254544915e-01 2.110954773869e-04 2.169019190559e-01 2.110954773869e-04 1.916326194629e-01 2.110954773869e-04 2.627914236652e-01
2.134673366834e-04 3.270408339441e-01 2.134673366834e-04 2.144980981235e-01 2.134673366834e-04 1.936572920911e-01 2.134673366834e-04 2.656684292940e-01
2.158391959799e-04 3.243726114029e-01 2.158391959799e-04 2.119944949458e-01 2.158391959799e-04 1.958213968060e-01 2.158391959799e-04 2.687367634356e-01
2.182110552764e-04 3.214297401204e-01 2.182110552764e-04 2.094029735873e-01 2.182110552764e-04 1.981135362452e-01 2.182110552764e-04 2.719873075936e-01
2.205829145729e-04 3.182336486973e-01 2.205829145729e-04 2.067382828908e-01 2.205829145729e-04 2.005167062109e-01 2.205829145729e-04 2.754058892468e-01
2.229547738693e-04 3.148182154582e-01 2.229547738693e-04 2.040177907151e-01 2.229547738693e-04 2.030085414753e-01 2.229547738693e-04 2.789727786133e-01
2.253266331658e-04 3.112282928845e-01 2.253266331658e-04 2.012610268321e-01 2.253266331658e-04 2.055621147225e-01 2.253266331658e-04 2.826624115199e-01
2.276984924623e-04 3.075169135805e-01 2.276984924623e-04 1.984890535749e-01 2.276984924623e-04 2.081472622079e-01 2.276984924623e-04 2.864434640949e-01
2.300703517588e-04 3.037416315010e-01 2.300703517588e-04 1.957237059072e-01 2.300703517588e-04 2.107323093013e-01 2.300703517588e-04 2.902793944673e-01
2.324422110553e-04 2.999606452984e-01 2.324422110553e-04 1.929867610289e-01 2.324422110553e-04 2.132859851405e-01 2.324422110553e-04 2.941295212892e-01
2.348140703518e-04 2.962293346920e-01 2.348140703518e-04 1.902991080938e-01 2.348140703518e-04 2.157792740917e-01 2.348140703518e-04 2.979506292907e-01
2.371859296482e-04 2.925976345896e-01 2.371859296482e-04 1.876799887871e-01 2.371859296482e-04 2.181869662306e-01 2.371859296482e-04 3.016989921821e-01
2.395577889447e-04 2.891083812086e-01 2.395577889447e-04 1.851463693507e-01 2.395577889447e-04 2.204887347615e-01 2.395577889447e-04 3.053326086191e-01
2.419296482412e-04 2.857965173994e-01 2.419296482412e-04 1.827124863619e-01 2.419296482412e-04 2.226696641039e-01 2.419296482412e-04 3.088133867356e-01
2.443015075377e-04 2.826889205792e-01 2.443015075377e-04 1.803895859859e-01 2.443015075377e-04 2.247202501641e-01 2.443015075377e-04 3.121090078844e-01
2.466733668342e-04 2.798046192953e-01 2.466733668342e-04 1.781858538390e-01 2.466733668342e-04 2.266359699724e-01 2.466733668342e-04 3.151942542007e-01
2.490452261307e-04 2.771552407494e-01 2.490452261307e-04 1.761065137374e-01 2.490452261307e-04 2.284165587166e-01 2.490452261307e-04 3.180516816789e-01
2.514170854271e-04 2.747456168684e-01 2.514170854271e-04 1.741540607864e-01 2.514170854271e-04 2.300651382047e-01 2.514170854271e-04 3.206716323898e-01
2.537889447236e-04 2.725745287265e-01 2.537889447236e-04 1.723285882360e-01 2.537889447236e-04 2.315873208689e-01 2.537889447236e-04 3.230516770437e-01
2.561608040201e-04 2.706355793978e-01 2.561608040201e-04 1.706281675931e-01 2.561608040201e-04 2.329903798647e-01 2.561608040201e-04 3.251956423120e-01
2.585326633166e-04 2.689181681623e-01 2.585326633166e-04 1.690492461121e-01 2.585326633166e-04 2.342825396776e-01 2.585326633166e-04 3.271123998730e-01
2.609045226131e-04 2.674085156764e-01 2.609045226131e-04 1.675870330914e-01 2.609045226131e-04 2.354724103166e-01 2.609045226131e-04 3.288145818777e-01
2.632763819095e-04 2.660906759334e-01 2.632763819095e-04 1.662358546732e-01 2.632763819095e-04 2.365685650896e-01 2.632763819095e-04 3.303173529796e-01
2.656482412060e-04 2.649474721895e-01 2.656482412060e-04 1.649894647321e-01 2.656482412060e-04 2.375792475284e-01 2.656482412060e-04 3.316373257854e-01
2.680201005025e-04 2.639613080212e-01 2.680201005025e-04 1.638413061461e-01 2.680201005025e-04 2.385121858852e-01 2.680201005025e-04 3.327916651725e-01
2.703919597990e-04 2.631148250329e-01 2.703919597990e-04 1.627847218813e-01 2.703919597990e-04 2.393744917492e-01 2.703919597990e-04 3.337973935928e-01
2.727638190955e-04 2.623913992348e-01 2.727638190955e-04 1.618131188735e-01 2.727638190955e-04 2.401726207406e-01 2.727638190955e-04 3.346708864291e-01
2.751356783920e-04 2.617754846240e-01 2.751356783920e-04 1.609200898322e-01 2.751356783920e-04 2.409123763521e-01 2.751356783920e-04 3.354275330853e-01
2.775075376884e-04 2.612528233165e-01 2.775075376884e-04 1.600994991198e-01 2.775075376884e-04 2.415989417177e-01 2.775075376884e-04 3.360815337863e-01
2.798793969849e-04 2.608105468696e-01 2.798793969849e-04 1.593455390699e-01 2.798793969849e-04 2.422369277068e-01 2.798793969849e-04 3.366458016411e-01
2.822512562814e-04 2.604371943624e-01 2.822512562814e-04 1.586527627837e-01 2.822512562814e-04 2.428304289315e-01 2.822512562814e-04 3.371319422610e-01
2.846231155779e-04 2.601226708505e-01 2.846231155779e-04 1.580160988123e-01 2.846231155779e-04 2.433830818600e-01 2.846231155779e-04 3.375502874672e-01
2.869949748744e-04 2.598581663154e-01 2.869949748744e-04 1.574308523537e-01 2.869949748744e-04 2.438981212607e-01 2.869949748744e-04 3.379099642806e-01
2.893668341709e-04 2.596360511910e-01 2.893668341709e-04 1.568926967932e-01 2.893668341709e-04 2.443784327104e-01 2.893668341709e-04 3.382189847859e-01
2.917386934673e-04 2.594497606374e-01 2.917386934673e-04 1.563976586528e-01 2.917386934673e-04 2.448265999744e-01 2.917386934673e-04 3.384843462845e-01
2.941105527638e-04 2.592936762850e-01 2.941105527638e-04 1.559420983433e-01 2.941105527638e-04 2.452449468079e-01 2.941105527638e-04 3.387121342760e-01
2.964824120603e-04 2.591630113505e-01 2.964824120603e-04 1.555226885315e-01 2.964824120603e-04 2.456355732055e-01 2.964824120603e-04 3.389076232580e-01
2.988542713568e-04 2.590537028276e-01 2.988542713568e-04 1.551363914637e-01 2.988542713568e-04 2.460003864197e-01 2.988542713568e-04 3.390753721740e-01
3.012261306533e-04 2.589623128237e-01 3.012261306533e-04 1.547804362026e-01 3.012261306533e-04 2.463411272287e-01 3.012261306533e-04 3.392193126904e-01
3.035979899497e-04 2.588859399545e-01 3.035979899497e-04 1.544522964398e-01 3.035979899497e-04 2.466593920077e-01 3.035979899497e-04 3.393428294273e-01
3.059698492462e-04 2.588221409197e-01 3.059698492462e-04 1.541496693143e-01 3.059698492462e-04 2.469566511652e-01 3.059698492462e-04 3.394488319186e-01
3.083417085427e-04 2.587688618781e-01 3.083417085427e-04 1.538704555011e-01 3.083417085427e-04 2.472342644866e-01 3.083417085427e-04 3.395398184936e-01
3.107135678392e-04 2.587243789410e-01 3.107135678392e-04 1.536127407072e-01 3.107135678392e-04 2.474934938784e-01 3.107135678392e-04 3.396179325335e-01
3.130854271357e-04 2.586872469474e-01 3.130854271357e-04 1.533747786251e-01 3.130854271357e-04 2.477355139550e-01 3.130854271357e-04 3.396850116986e-01
3.154572864322e-04 2.586562556273e-01 3.154572864322e-04 1.531549753314e-01 3.154572864322e-04 2.479614208505e-01 3.154572864322e-04 3.397426307846e-01
3.178291457286e-04 2.586303922691e-01 3.178291457286e-04 1.529518750810e-01 3.178291457286e-04 2.481722395819e-01 3.178291457286e-04 3.397921388832e-01
3.202010050251e-04 2.586088100490e-01 3.202010050251e-04 1.527641474174e-01 3.202010050251e-04 2.483689302400e-01 3.202010050251e-04 3.398346914971e-01
3.225728643216e-04 2.585908012502e-01 3.225728643216e-04 1.525905755112e-01 3.225728643216e-04 2.485523932353e-01 3.225728643216e-04 3.398712782238e-01
3.249447236181e-04 2.585757746773e-01 3.249447236181e-04 1.524300456275e-01 3.249447236181e-04 2.487234737860e-01 3.249447236181e-04 3.399027465686e-01
3.273165829146e-04 2.585632366494e-01 3.273165829146e-04 1.522815376261e-01 3.273165829146e-04 2.488829658010e-01 3.273165829146e-04 3.399298223940e-01
3.296884422111e-04 2.585527750331e-01 3.296884422111e-04 1.521441163978e-01 3.296884422111e-04 2.490316152792e-01 3.296884422111e-04 3.399531274586e-01
3.320603015075e-04 2.585440458490e-01 3.320603015075e-04 1.520169241475e-01 3.320603015075e-04 2.491701233234e-01 3.320603015075e-04 3.399731944431e-01
3.344321608040e-04 2.585367620509e-01 3.344321608040e-04 1.518991734390e-01 3.344321608040e-04 2.492991488451e-01 3.344321608040e-04 3.399904798138e-01
3.368040201005e-04 2.585306841333e-01 3.368040201005e-04 1.517901409240e-01 3.368040201005e-04 2.494193110217e-01 3.368040201005e-04 3.400053748288e-01
3.391758793970e-04 2.585256122762e-01 3.391758793970e-04 1.516891616846e-01 3.391758793970e-04 2.495311915512e-01 3.391758793970e-04 3.400182149504e-01
3.415477386935e-04 2.585213797802e-01 3.415477386935e-04 1.515956241257e-01 3.415477386935e-04 2.496353367424e-01 3.415477386935e-04 3.400292878925e-01
3.439195979899e-04 2.585178475822e-01 3.439195979899e-04 1.515089653590e-01 3.439195979899e-04 2.497322594666e-01 3.439195979899e-04 3.400388404997e-01
3.462914572864e-04 2.585148996760e-01 3.462914572864e-04 1.514286670274e-01 3.462914572864e-04 2.498224409929e-01 3.462914572864e-04 3.400470846275e-01
3.486633165829e-04 2.585124392897e-01 3.486633165829e-04 1.513542515239e-01 3.486633165829e-04 2.499063327224e-01 3.486633165829e-04 3.400542021685e-01
3.510351758794e-04 2.585103856956e-01 3.510351758794e-04 1.512852785641e-01 3.510351758794e-04 2.499843578328e-01 3.510351758794e-04 3.400603493492e-01
3.534070351759e-04 2.585086715490e-01 3.534070351759e-04 1.512213420742e-01 3.534070351759e-04 2.500569128428e-01 3.534070351759e-04 3.400656604033e-01
3.557788944724e-04 2.585072406679e-01 3.557788944724e-04 1.511620673651e-01 3.557788944724e-04 2.501243691022e-01 3.557788944724e-04 3.400702507132e-01
3.581507537688e-04 2.585060461808e-01 3.581507537688e-04 1.511071085603e-01 3.581507537688e-04 2.501870742136e-01 3.581507537688e-04 3.400742194969e-01
3.605226130653e-04 2.585050489822e-01 3.605226130653e-04 1.510561462544e-01 3.605226130653e-04 2.502453533880e-01 3.605226130653e-04 3.400776521064e-01
3.628944723618e-04 2.585042164444e-01 3.628944723618e-04 1.510088853779e-01 3.628944723618e-04 2.502995107384e-01 3.628944723618e-04 3.400806219955e-01
3.652663316583e-04 2.585035213430e-01 3.652663316583e-04 1.509650532493e-01 3.652663316583e-04 2.503498305137e-01 3.652663316583e-04 3.400831924037e-01
3.676381909548e-04 2.585029409610e-01 3.676381909548e-04 1.509243977950e-01 3.676381909548e-04 2.503965782735e-01 3.676381909548e-04 3.400854177986e-01
3.700100502513e-04 2.585024563415e-01 3.700100502513e-04 1.508866859217e-01 3.700100502513e-04 2.504400020074e-01 3.700100502513e-04 3.400873451111e-01
3.723819095477e-04 2.585020516643e-01 3.723819095477e-04 1.508517020267e-01 3.723819095477e-04 2.504803331990e-01 3.723819095477e-04 3.400890147949e-01
3.747537688442e-04 2.585017137264e-01 3.747537688442e-04 1.508192466334e-01 3.747537688442e-04 2.505177878372e-01 3.747537688442e-04 3.400904617339e-01
3.771256281407e-04 2.585014315082e-01 3.771256281407e-04 1.507891351399e-01 3.771256281407e-04 2.505525673748e-01 3.771256281407e-04 3.400917160210e-01
3.794974874372e-04 2.585011958119e-01 3.794974874372e-04 1.507611966709e-01 3.794974874372e-04 2.505848596385e-01 3.794974874372e-04 3.400928036261e-01
3.818693467337e-04 2.585009989600e-01 3.818693467337e-04 1.507352730237e-01 3.818693467337e-04 2.506148396888e-01 3.818693467337e-04 3.400937469695e-01
3.842412060302e-04 2.585008345438e-01 3.842412060302e-04 1.507112176992e-01 3.842412060302e-04 2.506426706342e-01 3.842412060302e-04 3.400945654147e-01
3.866130653266e-04 2.585006972130e-01 3.866130653266e-04 1.506888950110e-01 3.866130653266e-04 2.506685043998e-01 3.866130653266e-04 3.400952756908e-01
3.889849246231e-04 2.585005825010e-01 3.889849246231e-04 1.506681792657e-01 3.889849246231e-04 2.506924824522e-01 3.889849246231e-04 3.400958922568e-01
3.913567839196e-04 2.585004866786e-01 3.913567839196e-04 1.506489540088e-01 3.913567839196e-04 2.507147364828e-01 3.913567839196e-04 3.400964276138e-01
3.937286432161e-04 2.585004066323e-01 3.937286432161e-04 1.506311113286e-01 3.937286432161e-04 2.507353890514e-01 3.937286432161e-04 3.400968925738e-01
3.961005025126e-04 2.585003397622e-01 3.961005025126e-04 1.506145512165e-01 3.961005025126e-04 2.507545541915e-01 3.961005025126e-04 3.400972964917e-01
3.984723618090e-04 2.585002838974e-01 3.984723618090e-04 1.505991809755e-01 3.984723618090e-04 2.507723379786e-01 3.984723618090e-04 3.400976474639e-01
4.008442211055e-04 2.585002372250e-01 4.008442211055e-04 1.505849146756e-01 4.008442211055e-04 2.507888390641e-01 4.008442211055e-04 3.400979525000e-01
4.032160804020e-04 2.585001982312e-01 4.032160804020e-04 1.505716726506e-01 4.032160804020e-04 2.508041491766e-01 4.032160804020e-04 3.400982176709e-01
4.055879396985e-04 2.585001656515e-01 4.055879396985e-04 1.505593810338e-01 4.055879396985e-04 2.508183535913e-01 4.055879396985e-04 3.400984482360e-01
4.079597989950e-04 2.585001384301e-01 4.079597989950e-04 1.505479713292e-01 4.079597989950e-04 2.508315315697e-01 4.079597989950e-04 3.400986487531e-01
4.103316582915e-04 2.585001156849e-01 4.103316582915e-04 1.505373800151e-01 4.103316582915e-04 2.508437567714e-01 4.103316582915e-04 3.400988231731e-01
4.127035175879e-04 2.585000966794e-01 4.127035175879e-04 1.505275481777e-01 4.127035175879e-04 2.508550976394e-01 4.127035175879e-04 3.400989749221e-01
4.150753768844e-04 2.585000807982e-01 4.150753768844e-04 1.505184211725e-01 4.150753768844e-04 2.508656177601e-01 4.150753768844e-04 3.400991069717e-01
4.174472361809e-04 2.585000675273e-01 4.174472361809e-04 1.505099483114e-01 4.174472361809e-04 2.508753762002e-01 4.174472361809e-04 3.400992219000e-01
4.198190954774e-04 2.585000564374e-01 4.198190954774e-04 1.505020825727e-01 4.198190954774e-04 2.508844278202e-01 4.198190954774e-04 3.400993219446e-01
4.221909547739e-04 2.585000471699e-01 4.221909547739e-04 1.504947803332e-01 4.221909547739e-04 2.508928235686e-01 4.221909547739e-04 3.400994090477e-01
4.245628140704e-04 2.585000394250e-01 4.245628140704e-04 1.504880011199e-01 4.245628140704e-04 2.509006107550e-01 4.245628140704e-04 3.400994848959e-01
4.269346733668e-04 2.585000329524e-01 4.269346733668e-04 1.504817073809e-01 4.269346733668e-04 2.509078333059e-01 4.269346733668e-04 3.400995509539e-01
4.293065326633e-04 2.585000275430e-01 4.293065326633e-04 1.504758642721e-01 4.293065326633e-04 2.509145320022e-01 4.293065326633e-04 3.400996084941e-01
4.316783919598e-04 2.585000230220e-01 4.316783919598e-04 1.504704394609e-01 4.316783919598e-04 2.509207447014e-01 4.316783919598e-04 3.400996586223e-01
4.340502512563e-04 2.585000192435e-01 4.340502512563e-04 1.504654029434e-01 4.340502512563e-04 2.509265065439e-01 4.340502512563e-04 3.400997022995e-01
4.364221105528e-04 2.585000160854e-01 4.364221105528e-04 1.504607268756e-01 4.364221105528e-04 2.509318501458e-01 4.364221105528e-04 3.400997403610e-01
4.387939698492e-04 2.585000134459e-01 4.387939698492e-04 1.504563854171e-01 4.387939698492e-04 2.509368057775e-01 4.387939698492e-04 3.400997735333e-01
4.411658291457e-04 2.585000112397e-01 4.411658291457e-04 1.504523545858e-01 4.411658291457e-04 2.509414015309e-01 4.411658291457e-04 3.400998024481e-01
4.435376884422e-04 2.585000093956e-01 4.435376884422e-04 1.504486121233e-01 4.435376884422e-04 2.509456634743e-01 4.435376884422e-04 3.400998276549e-01
4.459095477387e-04 2.585000078542e-01 4.459095477387e-04 1.504451373708e-01 4.459095477387e-04 2.509496157968e-01 4.459095477387e-04 3.400998496318e-01
4.482814070352e-04 2.585000065658e-01 4.482814070352e-04 1.504419111533e-01 4.482814070352e-04 2.509532809426e-01 4.482814070352e-04 3.400998687949e-01
4.506532663317e-04 2.585000054888e-01 4.506532663317e-04 1.504389156724e-01 4.506532663317e-04 2.509566797355e-01 4.506532663317e-04 3.400998855062e-01
4.530251256281e-04 2.585000045885e-01 4.530251256281e-04 1.504361344073e-01 4.530251256281e-04 2.509598314955e-01 4.530251256281e-04 3.400999000810e-01
4.553969849246e-04 2.585000038360e-01 4.553969849246e-04 1.504335520225e-01 4.553969849246e-04 2.509627541459e-01 4.553969849246e-04 3.400999127938e-01
4.577688442211e-04 2.585000032069e-01 4.577688442211e-04 1.504311542826e-01 4.577688442211e-04 2.509654643141e-01 4.577688442211e-04 3.400999238834e-01
4.601407035176e-04 2.585000026810e-01 4.601407035176e-04 1.504289279729e-01 4.601407035176e-04 2.509679774246e-01 4.601407035176e-04 3.400999335581e-01
4.625125628141e-04 2.585000022414e-01 4.625125628141e-04 1.504268608262e-01 4.625125628141e-04 2.509703077853e-01 4.625125628141e-04 3.400999419991e-01
4.648844221106e-04 2.585000018739e-01 4.648844221106e-04 1.504249414544e-01 4.648844221106e-04 2.509724686682e-01 4.648844221106e-04 3.400999493644e-01
4.672562814070e-04 2.585000015667e-01 4.672562814070e-04 1.504231592856e-01 4.672562814070e-04 2.509744723836e-01 4.672562814070e-04 3.400999557917e-01
4.696281407035e-04 2.585000013098e-01 4.696281407035e-04 1.504215045050e-01 4.696281407035e-04 2.509763303500e-01 4.696281407035e-04 3.400999614007e-01
4.720000000000e-04 2.585000010951e-01 4.720000000000e-04 1.504199680011e-01 4.720000000000e-04 2.509780531578e-01 4.720000000000e-04 3.400999662962e-01
