0.000000000000e+00 3.246000000000e-01 0.000000000000e+00 3.162999989171e-01 0.000000000000e+00 1.717314698403e-01 0.000000000000e+00 1.875000000000e-01
2.095477386935e-06 3.246000000000e-01 2.095477386935e-06 3.162999987157e-01 2.095477386935e-06 1.717339918324e-01 2.095477386935e-06 1.875000000000e-01
4.190954773869e-06 3.246000000000e-01 4.190954773869e-06 3.162999984767e-01 4.190954773869e-06 1.717367158209e-01 4.190954773869e-06 1.875000000000e-01
6.286432160804e-06 3.246000000000e-01 6.286432160804e-06 3.162999981934e-01 6.286432160804e-06 1.717396579653e-01 6.286432160804e-06 1.875000000000e-01
8.381909547739e-06 3.245999999999e-01 8.381909547739e-06 3.162999978573e-01 8.381909547739e-06 1.717428357145e-01 8.381909547739e-06 1.875000000000e-01
1.047738693467e-05 3.245999999999e-01 1.047738693467e-05 3.162999974588e-01 1.047738693467e-05 1.717462679091e-01 1.047738693467e-05 1.875000000000e-01
1.257286432161e-05 3.245999999999e-01 1.257286432161e-05 3.162999969861e-01 1.257286432161e-05 1.717499748922e-01 1.257286432161e-05 1.875000000000e-01
1.466834170854e-05 3.245999999999e-01 1.466834170854e-05 3.162999964254e-01 1.466834170854e-05 1.717539786282e-01 1.466834170854e-05 1.875000000000e-01
1.676381909548e-05 3.245999999998e-01 1.676381909548e-05 3.162999957605e-01 1.676381909548e-05 1.717583028311e-01 1.676381909548e-05 1.875000000000e-01
1.885929648241e-05 3.245999999997e-01 1.885929648241e-05 3.162999949719e-01 1.885929648241e-05 1.717629731030e-01 1.885929648241e-05 1.875000000000e-01
2.095477386935e-05 3.245999999997e-01 2.095477386935e-05 3.162999940366e-01 2.095477386935e-05 1.717680170833e-01 2.095477386935e-05 1.875000000000e-01
2.305025125628e-05 3.245999999995e-01 2.305025125628e-05 3.162999929273e-01 2.305025125628e-05 1.717734646093e-01 2.305025125628e-05 1.875000000000e-01
2.514572864322e-05 3.245999999994e-01 2.514572864322e-05 3.162999916116e-01 2.514572864322e-05 1.717793478897e-01 2.514572864322e-05 1.875000000000e-01
2.724120603015e-05 3.245999999992e-01 2.724120603015e-05 3.162999900512e-01 2.724120603015e-05 1.717857016908e-01 2.724120603015e-05 1.875000000000e-01
2.933668341709e-05 3.245999999989e-01 2.933668341709e-05 3.162999882006e-01 2.933668341709e-05 1.717925635378e-01 2.933668341709e-05 1.875000000000e-01
3.143216080402e-05 3.245999999985e-01 3.143216080402e-05 3.162999860057e-01 3.143216080402e-05 1.717999739312e-01 3.143216080402e-05 1.875000000000e-01
3.352763819095e-05 3.245999999979e-01 3.352763819095e-05 3.162999834025e-01 3.352763819095e-05 1.718079765797e-01 3.352763819095e-05 1.875000000000e-01
3.562311557789e-05 3.245999999972e-01 3.562311557789e-05 3.162999803151e-01 3.562311557789e-05 1.718166186509e-01 3.562311557789e-05 1.875000000000e-01
3.771859296482e-05 3.245999999963e-01 3.771859296482e-05 3.162999766534e-01 3.771859296482e-05 1.718259510411e-01 3.771859296482e-05 1.875000000000e-01
3.981407035176e-05 3.245999999950e-01 3.981407035176e-05 3.162999723106e-01 3.981407035176e-05 1.718360286655e-01 3.981407035176e-05 1.875000000000e-01
4.190954773869e-05 3.245999999932e-01 4.190954773869e-05 3.162999671599e-01 4.190954773869e-05 1.718469107701e-01 4.190954773869e-05 1.875000000000e-01
4.400502512563e-05 3.245999999909e-01 4.400502512563e-05 3.162999610511e-01 4.400502512563e-05 1.718586612670e-01 4.400502512563e-05 1.875000000000e-01
4.610050251256e-05 3.245999999877e-01 4.610050251256e-05 3.162999538060e-01 4.610050251256e-05 1.718713490945e-01 4.610050251256e-05 1.875000000000e-01
4.819597989950e-05 3.245999999835e-01 4.819597989950e-05 3.162999452131e-01 4.819597989950e-05 1.718850486041e-01 4.819597989950e-05 1.875000000000e-01
5.029145728643e-05 3.245999999778e-01 5.029145728643e-05 3.162999350219e-01 5.029145728643e-05 1.718998399750e-01 5.029145728643e-05 1.875000000000e-01
5.238693467337e-05 3.245999999701e-01 5.238693467337e-05 3.162999229349e-01 5.238693467337e-05 1.719158096603e-01 5.238693467337e-05 1.875000000000e-01
5.448241206030e-05 3.245999999598e-01 5.448241206030e-05 3.162999085995e-01 5.448241206030e-05 1.719330508633e-01 5.448241206030e-05 1.875000000000e-01
5.657788944724e-05 3.245999999459e-01 5.657788944724e-05 3.162998915976e-01 5.657788944724e-05 1.719516640497e-01 5.657788944724e-05 1.875000000000e-01
5.867336683417e-05 3.245999999273e-01 5.867336683417e-05 3.162998714330e-01 5.867336683417e-05 1.719717574949e-01 5.867336683417e-05 1.875000000000e-01
6.076884422111e-05 3.245999999021e-01 6.076884422111e-05 3.162998475174e-01 6.076884422111e-05 1.719934478695e-01 6.076884422111e-05 1.875000000000e-01
6.286432160804e-05 3.245999998683e-01 6.286432160804e-05 3.162998191532e-01 6.286432160804e-05 1.720168608658e-01 6.286432160804e-05 1.875000000000e-01
6.495979899497e-05 3.245999998228e-01 6.495979899497e-05 3.162997855128e-01 6.495979899497e-05 1.720421318664e-01 6.495979899497e-05 1.875000000000e-01
6.705527638191e-05 3.245999997616e-01 6.705527638191e-05 3.162997456147e-01 6.705527638191e-05 1.720694066575e-01 6.705527638191e-05 1.875000000000e-01
6.915075376884e-05 3.245999996793e-01 6.915075376884e-05 3.162996982950e-01 6.915075376884e-05 1.720988421891e-01 6.915075376884e-05 1.875000000000e-01
7.124623115578e-05 3.245999995685e-01 7.124623115578e-05 3.162996421731e-01 7.124623115578e-05 1.721306073847e-01 7.124623115578e-05 1.875000000000e-01
7.334170854271e-05 3.245999994194e-01 7.334170854271e-05 3.162995756117e-01 7.334170854271e-05 1.721648840016e-01 7.334170854271e-05 1.875000000000e-01
7.543718592965e-05 3.245999992188e-01 7.543718592965e-05 3.162994966688e-01 7.543718592965e-05 1.722018675441e-01 7.543718592965e-05 1.875000000000e-01
7.753266331658e-05 3.245999989490e-01 7.753266331658e-05 3.162994030414e-01 7.753266331658e-05 1.722417682315e-01 7.753266331658e-05 1.875000000000e-01
7.962814070352e-05 3.245999985858e-01 7.962814070352e-05 3.162992919979e-01 7.962814070352e-05 1.722848120229e-01 7.962814070352e-05 1.875000000000e-01
8.172361809045e-05 3.245999980973e-01 8.172361809045e-05 3.162991602987e-01 8.172361809045e-05 1.723312416983e-01 8.172361809045e-05 1.875000000000e-01
8.381909547739e-05 3.245999974399e-01 8.381909547739e-05 3.162990041016e-01 8.381909547739e-05 1.723813179986e-01 8.381909547739e-05 1.875000000000e-01
8.591457286432e-05 3.245999965554e-01 8.591457286432e-05 3.162988188496e-01 8.591457286432e-05 1.724353208236e-01 8.591457286432e-05 1.875000000000e-01
8.801005025126e-05 3.245999953653e-01 8.801005025126e-05 3.162985991382e-01 8.801005025126e-05 1.724935504889e-01 8.801005025126e-05 1.875000000000e-01
9.010552763819e-05 3.245999937641e-01 9.010552763819e-05 3.162983385573e-01 9.010552763819e-05 1.725563290386e-01 9.010552763819e-05 1.875000000000e-01
9.220100502513e-05 3.245999916097e-01 9.220100502513e-05 3.162980295049e-01 9.220100502513e-05 1.726240016142e-01 9.220100502513e-05 1.875000000000e-01
9.429648241206e-05 3.245999887110e-01 9.429648241206e-05 3.162976629644e-01 9.429648241206e-05 1.726969378754e-01 9.429648241206e-05 1.875000000000e-01
9.639195979899e-05 3.245999848108e-01 9.639195979899e-05 3.162972282422e-01 9.639195979899e-05 1.727755334680e-01 9.639195979899e-05 1.875000000000e-01
9.848743718593e-05 3.245999795631e-01 9.848743718593e-05 3.162967126554e-01 9.848743718593e-05 1.728602115357e-01 9.848743718593e-05 1.875000000000e-01
1.005829145729e-04 3.245999725024e-01 1.005829145729e-04 3.162961011617e-01 1.005829145729e-04 1.729514242653e-01 1.005829145729e-04 1.875000000000e-01
1.026783919598e-04 3.245999630023e-01 1.026783919598e-04 3.162953759203e-01 1.026783919598e-04 1.730496544588e-01 1.026783919598e-04 1.875000000000e-01
1.047738693467e-04 3.245999502201e-01 1.047738693467e-04 3.162945157710e-01 1.047738693467e-04 1.731554171201e-01 1.047738693467e-04 1.875000000000e-01
1.068693467337e-04 3.245999330218e-01 1.068693467337e-04 3.162934956167e-01 1.068693467337e-04 1.732692610423e-01 1.068693467337e-04 1.875000000000e-01
1.089648241206e-04 3.245999098817e-01 1.089648241206e-04 3.162922856897e-01 1.089648241206e-04 1.733917703805e-01 1.089648241206e-04 1.875000000000e-01
1.110603015075e-04 3.245998787471e-01 1.110603015075e-04 3.162908506824e-01 1.110603015075e-04 1.735235661899e-01 1.110603015075e-04 1.875000000000e-01
1.131557788945e-04 3.245998368559e-01 1.131557788945e-04 3.162891487146e-01 1.131557788945e-04 1.736653079090e-01 1.131557788945e-04 1.875000000000e-01
1.152512562814e-04 3.245997804919e-01 1.152512562814e-04 3.162871301083e-01 1.152512562814e-04 1.738176947606e-01 1.152512562814e-04 1.875000000000e-01
1.173467336683e-04 3.245997046551e-01 1.173467336683e-04 3.162847359323e-01 1.173467336683e-04 1.739814670454e-01 1.173467336683e-04 1.875000000000e-01
1.194422110553e-04 3.245996026179e-01 1.194422110553e-04 3.162818962747e-01 1.194422110553e-04 1.741574072951e-01 1.194422110553e-04 1.875000000000e-01
1.215376884422e-04 3.245994653286e-01 1.215376884422e-04 3.162785281891e-01 1.215376884422e-04 1.743463412533e-01 1.215376884422e-04 1.875000000000e-01
1.236331658291e-04 3.245992806086e-01 1.236331658291e-04 3.162745332537e-01 1.236331658291e-04 1.745491386493e-01 1.236331658291e-04 1.875000000000e-01
1.257286432161e-04 3.245990320718e-01 1.257286432161e-04 3.162697946673e-01 1.257286432161e-04 1.747667137301e-01 1.257286432161e-04 1.875000000000e-01
1.278241206030e-04 3.245986976716e-01 1.278241206030e-04 3.162641737913e-01 1.278241206030e-04 1.750000255169e-01 1.278241206030e-04 1.875000000000e-01
1.299195979899e-04 3.245982477459e-01 1.299195979899e-04 3.162575060283e-01 1.299195979899e-04 1.752500777586e-01 1.299195979899e-04 1.875000000000e-01
1.320150753769e-04 3.245976423861e-01 1.320150753769e-04 3.162495959022e-01 1.320150753769e-04 1.755179185620e-01 1.320150753769e-04 1.875000000000e-01
1.341105527638e-04 3.245968278998e-01 1.341105527638e-04 3.162402111765e-01 1.341105527638e-04 1.758046396928e-01 1.341105527638e-04 1.875000000000e-01
1.362060301508e-04 3.245957320503e-01 1.362060301508e-04 3.162290758059e-01 1.362060301508e-04 1.761113755653e-01 1.362060301508e-04 1.875000000000e-01
1.383015075377e-04 3.245942576560e-01 1.383015075377e-04 3.162158614682e-01 1.383015075377e-04 1.764393019696e-01 1.383015075377e-04 1.875000000000e-01
1.403969849246e-04 3.245922739808e-01 1.403969849246e-04 3.162001773577e-01 1.403969849246e-04 1.767896346338e-01 1.403969849246e-04 1.875000000001e-01
1.424924623116e-04 3.245896051584e-01 1.424924623116e-04 3.161815578317e-01 1.424924623116e-04 1.771636277868e-01 1.424924623116e-04 1.875000000001e-01
1.445879396985e-04 3.245860146312e-01 1.445879396985e-04 3.161594473869e-01 1.445879396985e-04 1.775625729784e-01 1.445879396985e-04 1.875000000004e-01
1.466834170854e-04 3.245811842377e-01 1.466834170854e-04 3.161331822797e-01 1.466834170854e-04 1.779877985448e-01 1.466834170854e-04 1.875000000009e-01
1.487788944724e-04 3.245746861186e-01 1.487788944724e-04 3.161019678838e-01 1.487788944724e-04 1.784406702823e-01 1.487788944724e-04 1.875000000022e-01
1.508743718593e-04 3.245659450004e-01 1.508743718593e-04 3.160648505684e-01 1.508743718593e-04 1.789225941304e-01 1.508743718593e-04 1.875000000054e-01
1.529698492462e-04 3.245541875933e-01 1.529698492462e-04 3.160206824411e-01 1.529698492462e-04 1.794350219868e-01 1.529698492462e-04 1.875000000132e-01
1.550653266332e-04 3.245383747741e-01 1.550653266332e-04 3.159680766794e-01 1.550653266332e-04 1.799794622071e-01 1.550653266332e-04 1.875000000323e-01
1.571608040201e-04 3.245171108196e-01 1.571608040201e-04 3.159053502742e-01 1.571608040201e-04 1.805574969163e-01 1.571608040201e-04 1.875000000794e-01
1.592562814070e-04 3.244885221508e-01 1.592562814070e-04 3.158304497233e-01 1.592562814070e-04 1.811708090199e-01 1.592562814070e-04 1.875000001951e-01
1.613517587940e-04 3.244500957514e-01 1.613517587940e-04 3.157408533330e-01 1.613517587940e-04 1.818212228121e-01 1.613517587940e-04 1.875000004793e-01
1.634472361809e-04 3.243984645841e-01 1.634472361809e-04 3.156334410718e-01 1.634472361809e-04 1.825107633905e-01 1.634472361809e-04 1.875000011774e-01
1.655427135678e-04 3.243291239433e-01 1.655427135678e-04 3.155043189620e-01 1.655427135678e-04 1.832417418070e-01 1.655427135678e-04 1.875000028924e-01
1.676381909548e-04 3.242360588956e-01 1.676381909548e-04 3.153485792688e-01 1.676381909548e-04 1.840168750702e-01 1.676381909548e-04 1.875000071055e-01
1.697336683417e-04 3.241112592151e-01 1.697336683417e-04 3.151599694986e-01 1.697336683417e-04 1.848394528815e-01 1.697336683417e-04 1.875000174556e-01
1.718291457286e-04 3.239440954981e-01 1.718291457286e-04 3.149304314755e-01 1.718291457286e-04 1.857135663522e-01 1.718291457286e-04 1.875000428820e-01
1.739246231156e-04 3.237205303927e-01 1.739246231156e-04 3.146494553863e-01 1.739246231156e-04 1.866444178785e-01 1.739246231156e-04 1.875001053473e-01
1.760201005025e-04 3.234221456466e-01 1.760201005025e-04 3.143031716132e-01 1.760201005025e-04 1.876387355702e-01 1.760201005025e-04 1.875002588079e-01
1.781155778894e-04 3.230249849149e-01 1.781155778894e-04 3.138730751951e-01 1.781155778894e-04 1.887053194167e-01 1.781155778894e-04 1.875006358257e-01
1.802110552764e-04 3.224982530816e-01 1.802110552764e-04 3.133342464729e-01 1.802110552764e-04 1.898557482333e-01 1.802110552764e-04 1.875015620804e-01
1.823065326633e-04 3.218029874234e-01 1.823065326633e-04 3.126529064925e-01 1.823065326633e-04 1.911052733777e-01 1.823065326633e-04 1.875038376786e-01
1.844020100503e-04 3.208909364553e-01 1.844020100503e-04 3.117831526348e-01 1.844020100503e-04 1.924739119489e-01 1.844020100503e-04 1.875094280116e-01
1.864974874372e-04 3.197040509524e-01 1.864974874372e-04 3.106628164691e-01 1.864974874372e-04 1.939877197067e-01 1.864974874372e-04 1.875231591583e-01
1.885929648241e-04 3.181751772569e-01 1.885929648241e-04 3.092086873794e-01 1.885929648241e-04 1.956801584337e-01 1.885929648241e-04 1.875568706892e-01
1.906884422111e-04 3.162306389760e-01 1.906884422111e-04 3.073120499588e-01 1.906884422111e-04 1.975933550553e-01 1.906884422111e-04 1.876395401565e-01
1.927839195980e-04 3.137951649720e-01 1.927839195980e-04 3.048368484638e-01 1.927839195980e-04 1.997788604469e-01 1.927839195980e-04 1.878416801546e-01
1.948793969849e-04 3.107986923453e-01 1.948793969849e-04 3.016249322323e-01 1.948793969849e-04 2.022972463237e-01 1.948793969849e-04 1.883324334255e-01
1.969748743719e-04 3.071825695953e-01 1.969748743719e-04 2.975151001844e-01 1.969748743719e-04 2.052155631405e-01 1.969748743719e-04 1.895034857824e-01
1.990703517588e-04 3.028997200697e-01 1.990703517588e-04 2.923825259062e-01 1.990703517588e-04 2.086014495063e-01 1.990703517588e-04 1.921864182704e-01
2.011658291457e-04 2.979009080181e-01 2.011658291457e-04 2.861977827183e-01 2.011658291457e-04 2.125128152456e-01 2.011658291457e-04 1.978001444476e-01
2.032613065327e-04 2.921014139648e-01 2.032613065327e-04 2.790868027343e-01 2.032613065327e-04 2.169829385168e-01 2.032613065327e-04 2.076117076817e-01
2.053567839196e-04 2.853364285466e-01 2.053567839196e-04 2.713532744546e-01 2.053567839196e-04 2.220028662873e-01 2.053567839196e-04 2.204443269429e-01
2.074522613065e-04 2.773474237573e-01 2.074522613065e-04 2.634284583033e-01 2.074522613065e-04 2.275059176810e-01 2.074522613065e-04 2.324588688851e-01
2.095477386935e-04 2.678874178132e-01 2.095477386935e-04 2.557566687166e-01 2.095477386935e-04 2.333613894850e-01 2.095477386935e-04 2.418408750329e-01
2.116432160804e-04 2.570159135248e-01 2.116432160804e-04 2.486764043743e-01 2.116432160804e-04 2.393838198161e-01 2.116432160804e-04 2.509178097294e-01
2.137386934673e-04 2.454339978961e-01 2.137386934673e-04 2.423606466846e-01 2.137386934673e-04 2.453588844758e-01 2.137386934673e-04 2.631419971356e-01
2.158341708543e-04 2.344142337646e-01 2.158341708543e-04 2.368309775355e-01 2.158341708543e-04 2.510791073759e-01 2.158341708543e-04 2.779894396865e-01
2.179296482412e-04 2.251580426285e-01 2.179296482412e-04 2.320134593564e-01 2.179296482412e-04 2.563772171060e-01 2.179296482412e-04 2.900956818665e-01
2.200251256281e-04 2.181885635254e-01 2.200251256281e-04 2.277966073655e-01 2.200251256281e-04 2.611463023044e-01 2.200251256281e-04 2.967923925863e-01
2.221206030151e-04 2.133394139095e-01 2.221206030151e-04 2.240705432164e-01 2.221206030151e-04 2.653428561031e-01 2.221206030151e-04 2.997054440946e-01
2.242160804020e-04 2.101207013325e-01 2.242160804020e-04 2.207453176797e-01 2.242160804020e-04 2.689762196501e-01 2.242160804020e-04 3.008378469675e-01
2.263115577889e-04 2.080294313189e-01 2.263115577889e-04 2.177548728600e-01 2.263115577889e-04 2.720915543861e-01 2.263115577889e-04 3.012586359677e-01
2.284070351759e-04 2.066756802292e-01 2.284070351759e-04 2.150537508289e-01 2.284070351759e-04 2.747528169805e-01 2.284070351759e-04 3.014123932799e-01
2.305025125628e-04 2.057930118968e-01 2.305025125628e-04 2.126114166792e-01 2.305025125628e-04 2.770294326798e-01 2.305025125628e-04 3.014682433061e-01
2.325979899497e-04 2.052098901241e-01 2.325979899497e-04 2.104067621029e-01 2.325979899497e-04 2.789876699129e-01 2.325979899497e-04 3.014884908051e-01
2.346934673367e-04 2.048185649115e-01 2.346934673367e-04 2.084238122128e-01 2.346934673367e-04 2.806861008576e-01 2.346934673367e-04 3.014958279132e-01
2.367889447236e-04 2.045516908335e-01 2.367889447236e-04 2.066488225271e-01 2.367889447236e-04 2.821739553603e-01 2.367889447236e-04 3.014984869848e-01
2.388844221106e-04 2.043669053490e-01 2.388844221106e-04 2.050685782864e-01 2.388844221106e-04 2.834912209024e-01 2.388844221106e-04 3.014994510135e-01
2.409798994975e-04 2.042372121938e-01 2.409798994975e-04 2.036695880377e-01 2.409798994975e-04 2.846696277178e-01 2.409798994975e-04 3.014998006830e-01
2.430753768844e-04 2.041451202237e-01 2.430753768844e-04 2.024378673434e-01 2.430753768844e-04 2.857339652757e-01 2.430753768844e-04 3.014999275856e-01
2.451708542714e-04 2.040790903101e-01 2.451708542714e-04 2.013590634534e-01 2.451708542714e-04 2.867034171744e-01 2.451708542714e-04 3.014999736708e-01
2.472663316583e-04 2.040313710730e-01 2.472663316583e-04 2.004187396167e-01 2.472663316583e-04 2.875927623312e-01 2.472663316583e-04 3.014999904188e-01
2.493618090452e-04 2.039966658308e-01 2.493618090452e-04 1.996027001080e-01 2.493618090452e-04 2.884133861950e-01 2.493618090452e-04 3.014999965101e-01
2.514572864322e-04 2.039712989446e-01 2.514572864322e-04 1.988972867498e-01 2.514572864322e-04 2.891740970597e-01 2.514572864322e-04 3.014999987275e-01
2.535527638191e-04 2.039526851474e-01 2.535527638191e-04 1.982896134344e-01 2.535527638191e-04 2.898817665871e-01 2.535527638191e-04 3.014999995355e-01
2.556482412060e-04 2.039389852661e-01 2.556482412060e-04 1.977677285042e-01 2.556482412060e-04 2.905418222977e-01 2.556482412060e-04 3.014999998302e-01
2.577437185930e-04 2.039288785406e-01 2.577437185930e-04 1.973207085495e-01 2.577437185930e-04 2.911586205262e-01 2.577437185930e-04 3.014999999378e-01
2.598391959799e-04 2.039214092469e-01 2.598391959799e-04 1.969386940385e-01 2.598391959799e-04 2.917357255010e-01 2.598391959799e-04 3.014999999772e-01
2.619346733668e-04 2.039158815956e-01 2.619346733668e-04 1.966128795968e-01 2.619346733668e-04 2.922761161234e-01 2.619346733668e-04 3.014999999916e-01
2.640301507538e-04 2.039117866088e-01 2.640301507538e-04 1.963354715443e-01 2.640301507538e-04 2.927823378636e-01 2.640301507538e-04 3.014999999969e-01
2.661256281407e-04 2.039087505732e-01 2.661256281407e-04 1.960996237459e-01 2.661256281407e-04 2.932566134592e-01 2.661256281407e-04 3.014999999989e-01
2.682211055276e-04 2.039064983005e-01 2.682211055276e-04 1.958993607672e-01 2.682211055276e-04 2.937009229794e-01 2.682211055276e-04 3.014999999996e-01
2.703165829146e-04 2.039048267023e-01 2.703165829146e-04 1.957294952219e-01 2.703165829146e-04 2.941170612951e-01 2.703165829146e-04 3.014999999998e-01
2.724120603015e-04 2.039035856451e-01 2.724120603015e-04 1.955855443116e-01 2.724120603015e-04 2.945066790178e-01 2.724120603015e-04 3.014999999999e-01
2.745075376884e-04 2.039026639987e-01 2.745075376884e-04 1.954636489840e-01 2.745075376884e-04 2.948713114381e-01 2.745075376884e-04 3.015000000000e-01
2.766030150754e-04 2.039019794221e-01 2.766030150754e-04 1.953604978990e-01 2.766030150754e-04 2.952123988298e-01 2.766030150754e-04 3.015000000000e-01
2.786984924623e-04 2.039014708598e-01 2.786984924623e-04 1.952732574559e-01 2.786984924623e-04 2.955313005996e-01 2.786984924623e-04 3.015000000000e-01
2.807939698492e-04 2.039010930137e-01 2.807939698492e-04 1.951995084595e-01 2.807939698492e-04 2.958293051035e-01 2.807939698492e-04 3.015000000000e-01
2.828894472362e-04 2.039008122621e-01 2.828894472362e-04 1.951371895346e-01 2.828894472362e-04 2.961076364518e-01 2.828894472362e-04 3.015000000000e-01
2.849849246231e-04 2.039006036414e-01 2.849849246231e-04 1.950845470868e-01 2.849849246231e-04 2.963674592597e-01 2.849849246231e-04 3.015000000000e-01
2.870804020101e-04 2.039004486122e-01 2.870804020101e-04 1.950400914165e-01 2.870804020101e-04 2.966098820272e-01 2.870804020101e-04 3.015000000000e-01
2.891758793970e-04 2.039003334035e-01 2.891758793970e-04 1.950025584871e-01 2.891758793970e-04 2.968359596321e-01 2.891758793970e-04 3.015000000000e-01
2.912713567839e-04 2.039002477847e-01 2.912713567839e-04 1.949708768008e-01 2.912713567839e-04 2.970466952749e-01 2.912713567839e-04 3.015000000000e-01
2.933668341709e-04 2.039001841547e-01 2.933668341709e-04 1.949441388284e-01 2.933668341709e-04 2.972430421049e-01 2.933668341709e-04 3.015000000000e-01
2.954623115578e-04 2.039001368655e-01 2.954623115578e-04 1.949215764583e-01 2.954623115578e-04 2.974259046844e-01 2.954623115578e-04 3.015000000000e-01
2.975577889447e-04 2.039001017203e-01 2.975577889447e-04 1.949025399656e-01 2.975577889447e-04 2.975961403887e-01 2.975577889447e-04 3.015000000000e-01
2.996532663317e-04 2.039000756002e-01 2.996532663317e-04 1.948864800405e-01 2.996532663317e-04 2.977545608038e-01 2.996532663317e-04 3.015000000000e-01
3.017487437186e-04 2.039000561874e-01 3.017487437186e-04 1.948729324662e-01 3.017487437186e-04 2.979019331556e-01 3.017487437186e-04 3.015000000000e-01
3.038442211055e-04 2.039000417596e-01 3.038442211055e-04 1.948615050774e-01 3.038442211055e-04 2.980389817861e-01 3.038442211055e-04 3.015000000000e-01
3.059396984925e-04 2.039000310367e-01 3.059396984925e-04 1.948518666766e-01 3.059396984925e-04 2.981663896799e-01 3.059396984925e-04 3.015000000000e-01
3.080351758794e-04 2.039000230671e-01 3.080351758794e-04 1.948437376277e-01 3.080351758794e-04 2.982848000363e-01 3.080351758794e-04 3.015000000000e-01
3.101306532663e-04 2.039000171440e-01 3.101306532663e-04 1.948368818787e-01 3.101306532663e-04 2.983948178791e-01 3.101306532663e-04 3.015000000000e-01
3.122261306533e-04 2.039000127419e-01 3.122261306533e-04 1.948311002056e-01 3.122261306533e-04 2.984970116910e-01 3.122261306533e-04 3.015000000000e-01
3.143216080402e-04 2.039000094701e-01 3.143216080402e-04 1.948262244919e-01 3.143216080402e-04 2.985919150626e-01 3.143216080402e-04 3.015000000000e-01
3.164170854271e-04 2.039000070384e-01 3.164170854271e-04 1.948221128899e-01 3.164170854271e-04 2.986800283410e-01 3.164170854271e-04 3.015000000000e-01
3.185125628141e-04 2.039000052311e-01 3.185125628141e-04 1.948186457288e-01 3.185125628141e-04 2.987618202695e-01 3.185125628141e-04 3.015000000000e-01
3.206080402010e-04 2.039000038879e-01 3.206080402010e-04 1.948157220574e-01 3.206080402010e-04 2.988377296054e-01 3.206080402010e-04 3.015000000000e-01
3.227035175879e-04 2.039000028896e-01 3.227035175879e-04 1.948132567219e-01 3.227035175879e-04 2.989081667088e-01 3.227035175879e-04 3.015000000000e-01
3.247989949749e-04 2.039000021476e-01 3.247989949749e-04 1.948111778989e-01 3.247989949749e-04 2.989735150935e-01 3.247989949749e-04 3.015000000000e-01
3.268944723618e-04 2.039000015961e-01 3.268944723618e-04 1.948094250117e-01 3.268944723618e-04 2.990341329338e-01 3.268944723618e-04 3.015000000000e-01
3.289899497487e-04 2.039000011863e-01 3.289899497487e-04 1.948079469718e-01 3.289899497487e-04 2.990903545228e-01 3.289899497487e-04 3.015000000000e-01
3.310854271357e-04 2.039000008817e-01 3.310854271357e-04 1.948067006942e-01 3.310854271357e-04 2.991424916771e-01 3.310854271357e-04 3.015000000000e-01
3.331809045226e-04 2.039000006553e-01 3.331809045226e-04 1.948056498451e-01 3.331809045226e-04 2.991908350865e-01 3.331809045226e-04 3.015000000000e-01
3.352763819095e-04 2.039000004870e-01 3.352763819095e-04 1.948047637846e-01 3.352763819095e-04 2.992356556049e-01 3.352763819095e-04 3.015000000000e-01
3.373718592965e-04 2.039000003620e-01 3.373718592965e-04 1.948040166751e-01 3.373718592965e-04 2.992772054835e-01 3.373718592965e-04 3.015000000000e-01
3.394673366834e-04 2.039000002690e-01 3.394673366834e-04 1.948033867291e-01 3.394673366834e-04 2.993157195442e-01 3.394673366834e-04 3.015000000000e-01
3.415628140704e-04 2.039000001999e-01 3.415628140704e-04 1.948028555746e-01 3.415628140704e-04 2.993514162936e-01 3.415628140704e-04 3.015000000000e-01
3.436582914573e-04 2.039000001486e-01 3.436582914573e-04 1.948024077199e-01 3.436582914573e-04 2.993844989796e-01 3.436582914573e-04 3.015000000000e-01
3.457537688442e-04 2.039000001104e-01 3.457537688442e-04 1.948020301023e-01 3.457537688442e-04 2.994151565903e-01 3.457537688442e-04 3.015000000000e-01
3.478492462312e-04 2.039000000821e-01 3.478492462312e-04 1.948017117071e-01 3.478492462312e-04 2.994435647969e-01 3.478492462312e-04 3.015000000000e-01
3.499447236181e-04 2.039000000610e-01 3.499447236181e-04 1.948014432469e-01 3.499447236181e-04 2.994698868426e-01 3.499447236181e-04 3.015000000000e-01
3.520402010050e-04 2.039000000453e-01 3.520402010050e-04 1.948012168906e-01 3.520402010050e-04 2.994942743799e-01 3.520402010050e-04 3.015000000000e-01
3.541356783920e-04 2.039000000337e-01 3.541356783920e-04 1.948010260350e-01 3.541356783920e-04 2.995168682567e-01 3.541356783920e-04 3.015000000000e-01
3.562311557789e-04 2.039000000250e-01 3.562311557789e-04 1.948008651125e-01 3.562311557789e-04 2.995377992547e-01 3.562311557789e-04 3.015000000000e-01
3.583266331658e-04 2.039000000186e-01 3.583266331658e-04 1.948007294287e-01 3.583266331658e-04 2.995571887822e-01 3.583266331658e-04 3.015000000000e-01
3.604221105528e-04 2.039000000138e-01 3.604221105528e-04 1.948006150252e-01 3.604221105528e-04 2.995751495223e-01 3.604221105528e-04 3.015000000000e-01
3.625175879397e-04 2.039000000103e-01 3.625175879397e-04 1.948005185646e-01 3.625175879397e-04 2.995917860408e-01 3.625175879397e-04 3.015000000000e-01
3.646130653266e-04 2.039000000076e-01 3.646130653266e-04 1.948004372328e-01 3.646130653266e-04 2.996071953529e-01 3.646130653266e-04 3.015000000000e-01
3.667085427136e-04 2.039000000057e-01 3.667085427136e-04 1.948003686570e-01 3.667085427136e-04 2.996214674548e-01 3.667085427136e-04 3.015000000000e-01
3.688040201005e-04 2.039000000042e-01 3.688040201005e-04 1.948003108366e-01 3.688040201005e-04 2.996346858181e-01 3.688040201005e-04 3.015000000000e-01
3.708994974874e-04 2.039000000031e-01 3.708994974874e-04 1.948002620848e-01 3.708994974874e-04 2.996469278526e-01 3.708994974874e-04 3.015000000000e-01
3.729949748744e-04 2.039000000023e-01 3.729949748744e-04 1.948002209792e-01 3.729949748744e-04 2.996582653369e-01 3.729949748744e-04 3.015000000000e-01
3.750904522613e-04 2.039000000017e-01 3.750904522613e-04 1.948001863206e-01 3.750904522613e-04 2.996687648204e-01 3.750904522613e-04 3.015000000000e-01
3.771859296482e-04 2.039000000013e-01 3.771859296482e-04 1.948001570979e-01 3.771859296482e-04 2.996784879972e-01 3.771859296482e-04 3.015000000000e-01
3.792814070352e-04 2.039000000010e-01 3.792814070352e-04 1.948001324585e-01 3.792814070352e-04 2.996874920544e-01 3.792814070352e-04 3.015000000000e-01
3.813768844221e-04 2.039000000007e-01 3.813768844221e-04 1.948001116836e-01 3.813768844221e-04 2.996958299967e-01 3.813768844221e-04 3.015000000000e-01
3.834723618090e-04 2.039000000005e-01 3.834723618090e-04 1.948000941670e-01 3.834723618090e-04 2.997035509478e-01 3.834723618090e-04 3.015000000000e-01
3.855678391960e-04 2.039000000004e-01 3.855678391960e-04 1.948000793977e-01 3.855678391960e-04 2.997107004308e-01 3.855678391960e-04 3.015000000000e-01
3.876633165829e-04 2.039000000003e-01 3.876633165829e-04 1.948000669449e-01 3.876633165829e-04 2.997173206288e-01 3.876633165829e-04 3.015000000000e-01
3.897587939698e-04 2.039000000002e-01 3.897587939698e-04 1.948000564452e-01 3.897587939698e-04 2.997234506276e-01 3.897587939698e-04 3.015000000000e-01
3.918542713568e-04 2.039000000002e-01 3.918542713568e-04 1.948000475922e-01 3.918542713568e-04 2.997291266408e-01 3.918542713568e-04 3.015000000000e-01
3.939497487437e-04 2.039000000001e-01 3.939497487437e-04 1.948000401278e-01 3.939497487437e-04 2.997343822183e-01 3.939497487437e-04 3.015000000000e-01
3.960452261307e-04 2.039000000001e-01 3.960452261307e-04 1.948000338341e-01 3.960452261307e-04 2.997392484413e-01 3.960452261307e-04 3.015000000000e-01
3.981407035176e-04 2.039000000001e-01 3.981407035176e-04 1.948000285275e-01 3.981407035176e-04 2.997437541017e-01 3.981407035176e-04 3.015000000000e-01
4.002361809045e-04 2.039000000000e-01 4.002361809045e-04 1.948000240532e-01 4.002361809045e-04 2.997479258702e-01 4.002361809045e-04 3.015000000000e-01
4.023316582915e-04 2.039000000000e-01 4.023316582915e-04 1.948000202807e-01 4.023316582915e-04 2.997517884510e-01 4.023316582915e-04 3.015000000000e-01
4.044271356784e-04 2.039000000000e-01 4.044271356784e-04 1.948000170998e-01 4.044271356784e-04 2.997553647260e-01 4.044271356784e-04 3.015000000000e-01
4.065226130653e-04 2.039000000000e-01 4.065226130653e-04 1.948000144179e-01 4.065226130653e-04 2.997586758885e-01 4.065226130653e-04 3.015000000000e-01
4.086180904523e-04 2.039000000000e-01 4.086180904523e-04 1.948000121566e-01 4.086180904523e-04 2.997617415671e-01 4.086180904523e-04 3.015000000000e-01
4.107135678392e-04 2.039000000000e-01 4.107135678392e-04 1.948000102499e-01 4.107135678392e-04 2.997645799404e-01 4.107135678392e-04 3.015000000000e-01
4.128090452261e-04 2.039000000000e-01 4.128090452261e-04 1.948000086423e-01 4.128090452261e-04 2.997672078442e-01 4.128090452261e-04 3.015000000000e-01
4.149045226131e-04 2.039000000000e-01 4.149045226131e-04 1.948000072868e-01 4.149045226131e-04 2.997696408696e-01 4.149045226131e-04 3.015000000000e-01
4.170000000000e-04 2.039000000000e-01 4.170000000000e-04 1.948000061439e-01 4.170000000000e-04 2.997718934551e-01 4.170000000000e-04 3.015000000000e-01
