0.000000000000e+00 2.457972131713e-01 0.000000000000e+00 1.418007620717e-01 0.000000000000e+00 2.597970574618e-01 0.000000000000e+00 3.524149638722e-01
2.688442211055e-06 2.457967500561e-01 2.688442211055e-06 1.418008563602e-01 2.688442211055e-06 2.598186281925e-01 2.688442211055e-06 3.523894818011e-01
5.376884422111e-06 2.457962100993e-01 5.376884422111e-06 1.418009623145e-01 5.376884422111e-06 2.598417683727e-01 5.376884422111e-06 3.523626711742e-01
8.065326633166e-06 2.457955805734e-01 8.065326633166e-06 1.418010813779e-01 8.065326633166e-06 2.598665905580e-01 8.065326633166e-06 3.523344638203e-01
1.075376884422e-05 2.457948466484e-01 1.075376884422e-05 1.418012151723e-01 1.075376884422e-05 2.598932150077e-01 1.075376884422e-05 3.523047881882e-01
1.344221105528e-05 2.457939910455e-01 1.344221105528e-05 1.418013655201e-01 1.344221105528e-05 2.599217701479e-01 1.344221105528e-05 3.522735691910e-01
1.613065326633e-05 2.457929936351e-01 1.613065326633e-05 1.418015344692e-01 1.613065326633e-05 2.599523930514e-01 1.613065326633e-05 3.522407280463e-01
1.881909547739e-05 2.457918309687e-01 1.881909547739e-05 1.418017243209e-01 1.881909547739e-05 2.599852299338e-01 1.881909547739e-05 3.522061821091e-01
2.150753768844e-05 2.457904757356e-01 2.150753768844e-05 1.418019376609e-01 2.150753768844e-05 2.600204366623e-01 2.150753768844e-05 3.521698446997e-01
2.419597989950e-05 2.457888961314e-01 2.419597989950e-05 1.418021773951e-01 2.419597989950e-05 2.600581792776e-01 2.419597989950e-05 3.521316249256e-01
2.688442211055e-05 2.457870551250e-01 2.688442211055e-05 1.418024467884e-01 2.688442211055e-05 2.600986345224e-01 2.688442211055e-05 3.520914274979e-01
2.957286432161e-05 2.457849096078e-01 2.957286432161e-05 1.418027495097e-01 2.957286432161e-05 2.601419903761e-01 2.957286432161e-05 3.520491525412e-01
3.226130653266e-05 2.457824094081e-01 3.226130653266e-05 1.418030896815e-01 3.226130653266e-05 2.601884465880e-01 3.226130653266e-05 3.520046953982e-01
3.494974874372e-05 2.457794961488e-01 3.494974874372e-05 1.418034719361e-01 3.494974874372e-05 2.602382152057e-01 3.494974874372e-05 3.519579464294e-01
3.763819095477e-05 2.457761019266e-01 3.763819095477e-05 1.418039014786e-01 3.763819095477e-05 2.602915210910e-01 3.763819095477e-05 3.519087908060e-01
4.032663316583e-05 2.457721477849e-01 4.032663316583e-05 1.418043841576e-01 4.032663316583e-05 2.603486024141e-01 4.032663316583e-05 3.518571082992e-01
4.301507537688e-05 2.457675419524e-01 4.301507537688e-05 1.418049265443e-01 4.301507537688e-05 2.604097111187e-01 4.301507537688e-05 3.518027730631e-01
4.570351758794e-05 2.457621778137e-01 4.570351758794e-05 1.418055360227e-01 4.570351758794e-05 2.604751133450e-01 4.570351758794e-05 3.517456534143e-01
4.839195979899e-05 2.457559315777e-01 4.839195979899e-05 1.418062208888e-01 4.839195979899e-05 2.605450897975e-01 4.839195979899e-05 3.516856116063e-01
5.108040201005e-05 2.457486596022e-01 5.108040201005e-05 1.418069904638e-01 5.108040201005e-05 2.606199360438e-01 5.108040201005e-05 3.516225036009e-01
5.376884422111e-05 2.457401953371e-01 5.376884422111e-05 1.418078552204e-01 5.376884422111e-05 2.606999627252e-01 5.376884422111e-05 3.515561788357e-01
5.645728643216e-05 2.457303458394e-01 5.645728643216e-05 1.418088269248e-01 5.645728643216e-05 2.607854956597e-01 5.645728643216e-05 3.514864799900e-01
5.914572864322e-05 2.457188878211e-01 5.914572864322e-05 1.418099187958e-01 5.914572864322e-05 2.608768758146e-01 5.914572864322e-05 3.514132427481e-01
6.183417085427e-05 2.457055631852e-01 6.183417085427e-05 1.418111456841e-01 6.183417085427e-05 2.609744591225e-01 6.183417085427e-05 3.513362955613e-01
6.452261306533e-05 2.456900740188e-01 6.452261306533e-05 1.418125242730e-01 6.452261306533e-05 2.610786161121e-01 6.452261306533e-05 3.512554594112e-01
6.721105527638e-05 2.456720770163e-01 6.721105527638e-05 1.418140733037e-01 6.721105527638e-05 2.611897313204e-01 6.721105527638e-05 3.511705475723e-01
6.989949748744e-05 2.456511773265e-01 6.989949748744e-05 1.418158138282e-01 6.989949748744e-05 2.613082024512e-01 6.989949748744e-05 3.510813653776e-01
7.258793969849e-05 2.456269218455e-01 7.258793969849e-05 1.418177694932e-01 7.258793969849e-05 2.614344392395e-01 7.258793969849e-05 3.509877099875e-01
7.527638190955e-05 2.455987920141e-01 7.527638190955e-05 1.418199668582e-01 7.527638190955e-05 2.615688619791e-01 7.527638190955e-05 3.508893701630e-01
7.796482412060e-05 2.455661962395e-01 7.796482412060e-05 1.418224357525e-01 7.796482412060e-05 2.617118996661e-01 7.796482412060e-05 3.507861260460e-01
8.065326633166e-05 2.455284621375e-01 8.065326633166e-05 1.418252096751e-01 8.065326633166e-05 2.618639877080e-01 8.065326633166e-05 3.506777489465e-01
8.334170854271e-05 2.454848289045e-01 8.334170854271e-05 1.418283262430e-01 8.334170854271e-05 2.620255651467e-01 8.334170854271e-05 3.505640011402e-01
8.603015075377e-05 2.454344402694e-01 8.603015075377e-05 1.418318276936e-01 8.603015075377e-05 2.621970713383e-01 8.603015075377e-05 3.504446356774e-01
8.871859296482e-05 2.453763386696e-01 8.871859296482e-05 1.418357614473e-01 8.871859296482e-05 2.623789420345e-01 8.871859296482e-05 3.503193962060e-01
9.140703517588e-05 2.453094615323e-01 9.140703517588e-05 1.418401807365e-01 9.140703517588e-05 2.625716048089e-01 9.140703517588e-05 3.501880168093e-01
9.409547738693e-05 2.452326408496e-01 9.409547738693e-05 1.418451453107e-01 9.409547738693e-05 2.627754737718e-01 9.409547738693e-05 3.500502218625e-01
9.678391959799e-05 2.451446075906e-01 9.678391959799e-05 1.418507222232e-01 9.678391959799e-05 2.629909435228e-01 9.678391959799e-05 3.499057259090e-01
9.947236180905e-05 2.450440029224e-01 9.947236180905e-05 1.418569867116e-01 9.947236180905e-05 2.632183822943e-01 9.947236180905e-05 3.497542335588e-01
1.021608040201e-04 2.449293986650e-01 1.021608040201e-04 1.418640231799e-01 1.021608040201e-04 2.634581242478e-01 1.021608040201e-04 3.495954394122e-01
1.048492462312e-04 2.447993298742e-01 1.048492462312e-04 1.418719262948e-01 1.048492462312e-04 2.637104608991e-01 1.048492462312e-04 3.494290280086e-01
1.075376884422e-04 2.446523428488e-01 1.075376884422e-04 1.418808022066e-01 1.075376884422e-04 2.639756316605e-01 1.075376884422e-04 3.492546738057e-01
1.102261306533e-04 2.444870620937e-01 1.102261306533e-04 1.418907699096e-01 1.102261306533e-04 2.642538135127e-01 1.102261306533e-04 3.490720411868e-01
1.129145728643e-04 2.443022796871e-01 1.129145728643e-04 1.419019627535e-01 1.129145728643e-04 2.645451098418e-01 1.129145728643e-04 3.488807845010e-01
1.156030150754e-04 2.440970698879e-01 1.156030150754e-04 1.419145301226e-01 1.156030150754e-04 2.648495385069e-01 1.156030150754e-04 3.486805481340e-01
1.182914572864e-04 2.438709304123e-01 1.182914572864e-04 1.419286392965e-01 1.182914572864e-04 2.651670192432e-01 1.182914572864e-04 3.484709666112e-01
1.209798994975e-04 2.436239493405e-01 1.209798994975e-04 1.419444775091e-01 1.209798994975e-04 2.654973605423e-01 1.209798994975e-04 3.482516647317e-01
1.236683417085e-04 2.433569928161e-01 1.236683417085e-04 1.419622542223e-01 1.236683417085e-04 2.658402462010e-01 1.236683417085e-04 3.480222577292e-01
1.263567839196e-04 2.430719034740e-01 1.263567839196e-04 1.419822036304e-01 1.263567839196e-04 2.661952217803e-01 1.263567839196e-04 3.477823514589e-01
1.290452261307e-04 2.427716930259e-01 1.290452261307e-04 1.420045874107e-01 1.290452261307e-04 2.665616812697e-01 1.290452261307e-04 3.475315426011e-01
1.317336683417e-04 2.424607052666e-01 1.317336683417e-04 1.420296977355e-01 1.317336683417e-04 2.669388543082e-01 1.317336683417e-04 3.472694188754e-01
1.344221105528e-04 2.421447191479e-01 1.344221105528e-04 1.420578605581e-01 1.344221105528e-04 2.673257943690e-01 1.344221105528e-04 3.469955592536e-01
1.371105527638e-04 2.418309573724e-01 1.371105527638e-04 1.420894391814e-01 1.371105527638e-04 2.677213683656e-01 1.371105527638e-04 3.467095341546e-01
1.397989949749e-04 2.415279665381e-01 1.397989949749e-04 1.421248381149e-01 1.397989949749e-04 2.681242481836e-01 1.397989949749e-04 3.464109056045e-01
1.424874371859e-04 2.412453425485e-01 1.424874371859e-04 1.421645072189e-01 1.424874371859e-04 2.685329046744e-01 1.424874371859e-04 3.460992273336e-01
1.451758793970e-04 2.409932912751e-01 1.451758793970e-04 1.422089461250e-01 1.451758793970e-04 2.689456046673e-01 1.451758793970e-04 3.457740447811e-01
1.478643216080e-04 2.407820389065e-01 1.478643216080e-04 1.422587089128e-01 1.478643216080e-04 2.693604115542e-01 1.478643216080e-04 3.454348949662e-01
1.505527638191e-04 2.406211359131e-01 1.505527638191e-04 1.423144090069e-01 1.505527638191e-04 2.697751899755e-01 1.505527638191e-04 3.450813061775e-01
1.532412060302e-04 2.405187271266e-01 1.532412060302e-04 1.423767242414e-01 1.532412060302e-04 2.701876150828e-01 1.532412060302e-04 3.447127974189e-01
1.559296482412e-04 2.404808803678e-01 1.559296482412e-04 1.424464020144e-01 1.559296482412e-04 2.705951867651e-01 1.559296482412e-04 3.443288775393e-01
1.586180904523e-04 2.405110700969e-01 1.586180904523e-04 1.425242644293e-01 1.586180904523e-04 2.709952491090e-01 1.586180904523e-04 3.439290439546e-01
1.613065326633e-04 2.406098967815e-01 1.613065326633e-04 1.426112132862e-01 1.613065326633e-04 2.713850152073e-01 1.613065326633e-04 3.435127808543e-01
1.639949748744e-04 2.407750885345e-01 1.639949748744e-04 1.427082347460e-01 1.639949748744e-04 2.717615972497e-01 1.639949748744e-04 3.430795567584e-01
1.666834170854e-04 2.410017862652e-01 1.666834170854e-04 1.428164034458e-01 1.666834170854e-04 2.721220416146e-01 1.666834170854e-04 3.426288212696e-01
1.693718592965e-04 2.412830680036e-01 1.693718592965e-04 1.429368857930e-01 1.693718592965e-04 2.724633684561e-01 1.693718592965e-04 3.421600008285e-01
1.720603015075e-04 2.416106331787e-01 1.720603015075e-04 1.430709421102e-01 1.720603015075e-04 2.727826150420e-01 1.720603015075e-04 3.416724932481e-01
1.747487437186e-04 2.419755509004e-01 1.747487437186e-04 1.432199272430e-01 1.747487437186e-04 2.730768818659e-01 1.747487437186e-04 3.411656607583e-01
1.774371859296e-04 2.423689794447e-01 1.774371859296e-04 1.433852891877e-01 1.774371859296e-04 2.733433803460e-01 1.774371859296e-04 3.406388212445e-01
1.801256281407e-04 2.427827834651e-01 1.801256281407e-04 1.435685652407e-01 1.801256281407e-04 2.735794807454e-01 1.801256281407e-04 3.400912373082e-01
1.828140703518e-04 2.432100037907e-01 1.828140703518e-04 1.437713751353e-01 1.828140703518e-04 2.737827588189e-01 1.828140703518e-04 3.395221027115e-01
1.855025125628e-04 2.436451642649e-01 1.855025125628e-04 1.439954106102e-01 1.855025125628e-04 2.739510396306e-01 1.855025125628e-04 3.389305257005e-01
1.881909547739e-04 2.440844248471e-01 1.881909547739e-04 1.442424208719e-01 1.881909547739e-04 2.740824369900e-01 1.881909547739e-04 3.383155086198e-01
1.908793969849e-04 2.445256068584e-01 1.908793969849e-04 1.445141934754e-01 1.908793969849e-04 2.741753870452e-01 1.908793969849e-04 3.376759231481e-01
1.935678391960e-04 2.449681242845e-01 1.935678391960e-04 1.448125302769e-01 1.935678391960e-04 2.742286747353e-01 1.935678391960e-04 3.370104803953e-01
1.962562814070e-04 2.454128558558e-01 1.962562814070e-04 1.451392183167e-01 1.962562814070e-04 2.742414520472e-01 1.962562814070e-04 3.363176950164e-01
1.989447236181e-04 2.458619885199e-01 1.989447236181e-04 1.454959957991e-01 1.989447236181e-04 2.742132473239e-01 1.989447236181e-04 3.355958424134e-01
2.016331658291e-04 2.463188562598e-01 2.016331658291e-04 1.458845137468e-01 2.016331658291e-04 2.741439652260e-01 2.016331658291e-04 3.348429080435e-01
2.043216080402e-04 2.467877908840e-01 2.043216080402e-04 1.463062944294e-01 2.043216080402e-04 2.740338773279e-01 2.043216080402e-04 3.340565278262e-01
2.070100502513e-04 2.472739946558e-01 2.070100502513e-04 1.467626882948e-01 2.070100502513e-04 2.738836037198e-01 2.070100502513e-04 3.332339186837e-01
2.096984924623e-04 2.477834390651e-01 2.096984924623e-04 1.472548318303e-01 2.096984924623e-04 2.736940863597e-01 2.096984924623e-04 3.323717983931e-01
2.123869346734e-04 2.483227898393e-01 2.123869346734e-04 1.477836095059e-01 2.123869346734e-04 2.734665552562e-01 2.123869346734e-04 3.314662942188e-01
2.150753768844e-04 2.488993553212e-01 2.150753768844e-04 1.483496236301e-01 2.150753768844e-04 2.732024888518e-01 2.150753768844e-04 3.305128403130e-01
2.177638190955e-04 2.495210533495e-01 2.177638190955e-04 1.489531764712e-01 2.177638190955e-04 2.729035701902e-01 2.177638190955e-04 3.295060647001e-01
2.204522613065e-04 2.501963904548e-01 2.204522613065e-04 1.495942692568e-01 2.204522613065e-04 2.725716406015e-01 2.204522613065e-04 3.284396679254e-01
2.231407035176e-04 2.509344462756e-01 2.231407035176e-04 1.502726225165e-01 2.231407035176e-04 2.722086527029e-01 2.231407035176e-04 3.273062972937e-01
2.258291457286e-04 2.517448553633e-01 2.258291457286e-04 1.509877215607e-01 2.258291457286e-04 2.718166245119e-01 2.258291457286e-04 3.260974232046e-01
2.285175879397e-04 2.526377778494e-01 2.285175879397e-04 1.517388895809e-01 2.285175879397e-04 2.713975963954e-01 2.285175879397e-04 3.248032275899e-01
2.312060301508e-04 2.536238496982e-01 2.312060301508e-04 1.525253888434e-01 2.312060301508e-04 2.709535924517e-01 2.312060301508e-04 3.234125189848e-01
2.338944723618e-04 2.547141024473e-01 2.338944723618e-04 1.533465477158e-01 2.338944723618e-04 2.704865877523e-01 2.338944723618e-04 3.219126943691e-01
2.365829145729e-04 2.559198415075e-01 2.365829145729e-04 1.542019078474e-01 2.365829145729e-04 2.699984826639e-01 2.365829145729e-04 3.202897744075e-01
2.392713567839e-04 2.572524713699e-01 2.392713567839e-04 1.550913818269e-01 2.392713567839e-04 2.694910852516e-01 2.392713567839e-04 3.185285455652e-01
2.419597989950e-04 2.587232556730e-01 2.419597989950e-04 1.560154072177e-01 2.419597989950e-04 2.689661025229e-01 2.419597989950e-04 3.166128486994e-01
2.446482412060e-04 2.603430003159e-01 2.446482412060e-04 1.569750782629e-01 2.446482412060e-04 2.684251410344e-01 2.446482412060e-04 3.145260572724e-01
2.473366834171e-04 2.621216490735e-01 2.473366834171e-04 1.579722321275e-01 2.473366834171e-04 2.678697171301e-01 2.473366834171e-04 3.122517865735e-01
2.500251256281e-04 2.640677839807e-01 2.500251256281e-04 1.590094628697e-01 2.500251256281e-04 2.673012768289e-01 2.500251256281e-04 3.097748647291e-01
2.527135678392e-04 2.661880276824e-01 2.527135678392e-04 1.600900343271e-01 2.527135678392e-04 2.667212251119e-01 2.527135678392e-04 3.070825729867e-01
2.554020100503e-04 2.684863525971e-01 2.554020100503e-04 1.612176641537e-01 2.554020100503e-04 2.661309640737e-01 2.554020100503e-04 3.041661237984e-01
2.580904522613e-04 2.709633126262e-01 2.580904522613e-04 1.623961572486e-01 2.580904522613e-04 2.655319390889e-01 2.580904522613e-04 3.010222904093e-01
2.607788944724e-04 2.736152275431e-01 2.607788944724e-04 1.636288799816e-01 2.607788944724e-04 2.649256917960e-01 2.607788944724e-04 2.976550359639e-01
2.634673366834e-04 2.764333679125e-01 2.634673366834e-04 1.649180888168e-01 2.634673366834e-04 2.643139183094e-01 2.634673366834e-04 2.940769257418e-01
2.661557788945e-04 2.794032085133e-01 2.661557788945e-04 1.662641584597e-01 2.661557788945e-04 2.636985306405e-01 2.661557788945e-04 2.903100624384e-01
2.688442211055e-04 2.825038387902e-01 2.688442211055e-04 1.676647926071e-01 2.688442211055e-04 2.630817188439e-01 2.688442211055e-04 2.863862844248e-01
2.715326633166e-04 2.857076366782e-01 2.715326633166e-04 1.691143371380e-01 2.715326633166e-04 2.624660109251e-01 2.715326633166e-04 2.823464293243e-01
2.742211055276e-04 2.889803227365e-01 2.742211055276e-04 1.706033387985e-01 2.742211055276e-04 2.618543270855e-01 2.742211055276e-04 2.782385938118e-01
2.769095477387e-04 2.922815094840e-01 2.769095477387e-04 1.721184876198e-01 2.769095477387e-04 2.612500244771e-01 2.769095477387e-04 2.741154960821e-01
2.795979899497e-04 2.955658404566e-01 2.795979899497e-04 1.736430378394e-01 2.795979899497e-04 2.606569283577e-01 2.795979899497e-04 2.700312280790e-01
2.822864321608e-04 2.987847702216e-01 2.822864321608e-04 1.751577205476e-01 2.822864321608e-04 2.600793454402e-01 2.822864321608e-04 2.660378178349e-01
2.849748743719e-04 3.018889684922e-01 2.849748743719e-04 1.766420581751e-01 2.849748743719e-04 2.595220553951e-01 2.849748743719e-04 2.621820653252e-01
2.876633165829e-04 3.048312412534e-01 2.876633165829e-04 1.780758962209e-01 2.876633165829e-04 2.589902769559e-01 2.876633165829e-04 2.585030536398e-01
2.903517587940e-04 3.075697580333e-01 2.903517587940e-04 1.794409135409e-01 2.903517587940e-04 2.584896059586e-01 2.903517587940e-04 2.550305916016e-01
2.930402010050e-04 3.100712720262e-01 2.930402010050e-04 1.807218789158e-01 2.930402010050e-04 2.580259239282e-01 2.930402010050e-04 2.517846603896e-01
2.957286432161e-04 3.123139388205e-01 2.957286432161e-04 1.819074858614e-01 2.957286432161e-04 2.576052775072e-01 2.957286432161e-04 2.487757671881e-01
2.984170854271e-04 3.142893025934e-01 2.984170854271e-04 1.829906960980e-01 2.984170854271e-04 2.572337310206e-01 2.984170854271e-04 2.460059916666e-01
3.011055276382e-04 3.160030467628e-01 3.011055276382e-04 1.839686217706e-01 3.011055276382e-04 2.569171966639e-01 3.011055276382e-04 2.434704609161e-01
3.037939698492e-04 3.174742137468e-01 3.037939698492e-04 1.848420498404e-01 3.037939698492e-04 2.566612490023e-01 3.037939698492e-04 2.411589980584e-01
3.064824120603e-04 3.187327885775e-01 3.064824120603e-04 1.856147461850e-01 3.064824120603e-04 2.564709324438e-01 3.064824120603e-04 2.390577389068e-01
3.091708542714e-04 3.198157999020e-01 3.091708542714e-04 1.862926744059e-01 3.091708542714e-04 2.563505718614e-01 3.091708542714e-04 2.371505769414e-01
3.118592964824e-04 3.207623844202e-01 3.118592964824e-04 1.868832373285e-01 3.118592964824e-04 2.563035973516e-01 3.118592964824e-04 2.354203612579e-01
3.145477386935e-04 3.216085288874e-01 3.145477386935e-04 1.873946121353e-01 3.145477386935e-04 2.563323940524e-01 3.145477386935e-04 2.338498242587e-01
3.172361809045e-04 3.223823712074e-01 3.172361809045e-04 1.878352144099e-01 3.172361809045e-04 2.564381869280e-01 3.172361809045e-04 2.324222518423e-01
3.199246231156e-04 3.231009324008e-01 3.199246231156e-04 1.882132985117e-01 3.199246231156e-04 2.566209684674e-01 3.199246231156e-04 2.311219295600e-01
3.226130653266e-04 3.237689196684e-01 3.226130653266e-04 1.885366835397e-01 3.226130653266e-04 2.568794745069e-01 3.226130653266e-04 2.299344069239e-01
3.253015075377e-04 3.243798100746e-01 3.253015075377e-04 1.888125847000e-01 3.253015075377e-04 2.572112101163e-01 3.253015075377e-04 2.288466226033e-01
3.279899497487e-04 3.249189007440e-01 3.279899497487e-04 1.890475268984e-01 3.279899497487e-04 2.576125240206e-01 3.279899497487e-04 2.278469290635e-01
3.306783919598e-04 3.253675588064e-01 3.306783919598e-04 1.892473184401e-01 3.306783919598e-04 2.580787267263e-01 3.306783919598e-04 2.269250488407e-01
3.333668341709e-04 3.257076768260e-01 3.333668341709e-04 1.894170658570e-01 3.333668341709e-04 2.586042447173e-01 3.333668341709e-04 2.260719878096e-01
3.360552763819e-04 3.259254067750e-01 3.360552763819e-04 1.895612147512e-01 3.360552763819e-04 2.591828010456e-01 3.360552763819e-04 2.252799244532e-01
3.387437185930e-04 3.260135587293e-01 3.387437185930e-04 1.896836053041e-01 3.387437185930e-04 2.598076115268e-01 3.387437185930e-04 2.245420887383e-01
3.414321608040e-04 3.259724718408e-01 3.414321608040e-04 1.897875343694e-01 3.414321608040e-04 2.604715855945e-01 3.414321608040e-04 2.238526398773e-01
3.441206030151e-04 3.258095417410e-01 3.441206030151e-04 1.898758186893e-01 3.441206030151e-04 2.611675215944e-01 3.441206030151e-04 2.232065489435e-01
3.468090452261e-04 3.255378194727e-01 3.468090452261e-04 1.899508557690e-01 3.468090452261e-04 2.618882877433e-01 3.468090452261e-04 2.225994898804e-01
3.494974874372e-04 3.251741599031e-01 3.494974874372e-04 1.900146803884e-01 3.494974874372e-04 2.626269819038e-01 3.494974874372e-04 2.220277407263e-01
3.521859296482e-04 3.247373316058e-01 3.521859296482e-04 1.900690157395e-01 3.521859296482e-04 2.633770654949e-01 3.521859296482e-04 2.214880957045e-01
3.548743718593e-04 3.242463695083e-01 3.548743718593e-04 1.901153188451e-01 3.548743718593e-04 2.641324690382e-01 3.548743718593e-04 2.209777880698e-01
3.575628140704e-04 3.237193132498e-01 3.575628140704e-04 1.901548203420e-01 3.575628140704e-04 2.648876688309e-01 3.575628140704e-04 2.204944231379e-01
3.602512562814e-04 3.231723629337e-01 3.602512562814e-04 1.901885589595e-01 3.602512562814e-04 2.656377359212e-01 3.602512562814e-04 2.200359206658e-01
3.629396984925e-04 3.226194120570e-01 3.629396984925e-04 1.902174111608e-01 3.629396984925e-04 2.663783598383e-01 3.629396984925e-04 2.196004656328e-01
3.656281407035e-04 3.220718819152e-01 3.656281407035e-04 1.902421164633e-01 3.656281407035e-04 2.671058504086e-01 3.656281407035e-04 2.191864664474e-01
3.683165829146e-04 3.215387729890e-01 3.683165829146e-04 1.902632989653e-01 3.683165829146e-04 2.678171214596e-01 3.683165829146e-04 2.187925196334e-01
3.710050251256e-04 3.210268560235e-01 3.710050251256e-04 1.902814855770e-01 3.710050251256e-04 2.685096603576e-01 3.710050251256e-04 2.184173801179e-01
3.736934673367e-04 3.205409401378e-01 3.736934673367e-04 1.902971214164e-01 3.736934673367e-04 2.691814871914e-01 3.736934673367e-04 2.180599363170e-01
3.763819095477e-04 3.200841716185e-01 3.763819095477e-04 1.903105827835e-01 3.763819095477e-04 2.698311070932e-01 3.763819095477e-04 2.177191893114e-01
3.790703517588e-04 3.196583319066e-01 3.790703517588e-04 1.903221880747e-01 3.790703517588e-04 2.704574587360e-01 3.790703517588e-04 2.173942354815e-01
3.817587939698e-04 3.192641153317e-01 3.817587939698e-04 1.903322069552e-01 3.817587939698e-04 2.710598615429e-01 3.817587939698e-04 2.170842520621e-01
3.844472361809e-04 3.189013761325e-01 3.844472361809e-04 1.903408680614e-01 3.844472361809e-04 2.716379636204e-01 3.844472361809e-04 2.167884851460e-01
3.871356783920e-04 3.185693405554e-01 3.871356783920e-04 1.903483654651e-01 3.871356783920e-04 2.721916919350e-01 3.871356783920e-04 2.165062397373e-01
3.898241206030e-04 3.182667838787e-01 3.898241206030e-04 1.903548640990e-01 3.898241206030e-04 2.727212058028e-01 3.898241206030e-04 2.162368715132e-01
3.925125628141e-04 3.179921746170e-01 3.925125628141e-04 1.903605043102e-01 3.925125628141e-04 2.732268543818e-01 3.925125628141e-04 2.159797800079e-01
3.952010050251e-04 3.177437894229e-01 3.952010050251e-04 1.903654056819e-01 3.952010050251e-04 2.737091385331e-01 3.952010050251e-04 2.157344029741e-01
3.978894472362e-04 3.175198026906e-01 3.978894472362e-04 1.903696702438e-01 3.978894472362e-04 2.741686771724e-01 3.978894472362e-04 2.155002117199e-01
4.005778894472e-04 3.173183548811e-01 4.005778894472e-04 1.903733851691e-01 4.005778894472e-04 2.746061780372e-01 4.005778894472e-04 2.152767072500e-01
4.032663316583e-04 3.171376033247e-01 4.032663316583e-04 1.903766250429e-01 4.032663316583e-04 2.750224126628e-01 4.032663316583e-04 2.150634170693e-01
4.059547738693e-04 3.169757588526e-01 4.059547738693e-04 1.903794537705e-01 4.059547738693e-04 2.754181952673e-01 4.059547738693e-04 2.148598925308e-01
4.086432160804e-04 3.168311111577e-01 4.086432160804e-04 1.903819261855e-01 4.086432160804e-04 2.757943651906e-01 4.086432160804e-04 2.146657066288e-01
4.113316582915e-04 3.167020453320e-01 4.113316582915e-04 1.903840894047e-01 4.113316582915e-04 2.761517725106e-01 4.113316582915e-04 2.144804521572e-01
4.140201005025e-04 3.165870516051e-01 4.140201005025e-04 1.903859839721e-01 4.140201005025e-04 2.764912664494e-01 4.140201005025e-04 2.143037401650e-01
4.167085427136e-04 3.164847299382e-01 4.167085427136e-04 1.903876448260e-01 4.167085427136e-04 2.768136862020e-01 4.167085427136e-04 2.141351986538e-01
4.193969849246e-04 3.163937907996e-01 4.193969849246e-04 1.903891021158e-01 4.193969849246e-04 2.771198538345e-01 4.193969849246e-04 2.139744714721e-01
4.220854271357e-04 3.163130531765e-01 4.220854271357e-04 1.903903818953e-01 4.220854271357e-04 2.774105689320e-01 4.220854271357e-04 2.138212173693e-01
4.247738693467e-04 3.162414406521e-01 4.247738693467e-04 1.903915067095e-01 4.247738693467e-04 2.776866047070e-01 4.247738693467e-04 2.136751091777e-01
4.274623115578e-04 3.161779761875e-01 4.274623115578e-04 1.903924960937e-01 4.274623115578e-04 2.779487053121e-01 4.274623115578e-04 2.135358330997e-01
4.301507537688e-04 3.161217760999e-01 4.301507537688e-04 1.903933669971e-01 4.301507537688e-04 2.781975841323e-01 4.301507537688e-04 2.134030880781e-01
4.328391959799e-04 3.160720436089e-01 4.328391959799e-04 1.903941341445e-01 4.328391959799e-04 2.784339228656e-01 4.328391959799e-04 2.132765852344e-01
4.355276381910e-04 3.160280622239e-01 4.355276381910e-04 1.903948103441e-01 4.355276381910e-04 2.786583712262e-01 4.355276381910e-04 2.131560473613e-01
4.382160804020e-04 3.159891891737e-01 4.382160804020e-04 1.903954067502e-01 4.382160804020e-04 2.788715471331e-01 4.382160804020e-04 2.130412084596e-01
4.409045226131e-04 3.159548490203e-01 4.409045226131e-04 1.903959330883e-01 4.409045226131e-04 2.790740372680e-01 4.409045226131e-04 2.129318133095e-01
4.435929648241e-04 3.159245275507e-01 4.435929648241e-04 1.903963978479e-01 4.435929648241e-04 2.792663979073e-01 4.435929648241e-04 2.128276170718e-01
4.462814070352e-04 3.158977660119e-01 4.462814070352e-04 1.903968084471e-01 4.462814070352e-04 2.794491559510e-01 4.462814070352e-04 2.127283849114e-01
4.489698492462e-04 3.158741557228e-01 4.489698492462e-04 1.903971713754e-01 4.489698492462e-04 2.796228100852e-01 4.489698492462e-04 2.126338916404e-01
4.516582914573e-04 3.158533330797e-01 4.516582914573e-04 1.903974923148e-01 4.516582914573e-04 2.797878320290e-01 4.516582914573e-04 2.125439213775e-01
4.543467336683e-04 3.158349749592e-01 4.543467336683e-04 1.903977762457e-01 4.543467336683e-04 2.799446678250e-01 4.543467336683e-04 2.124582672203e-01
4.570351758794e-04 3.158187945101e-01 4.570351758794e-04 1.903980275371e-01 4.570351758794e-04 2.800937391449e-01 4.570351758794e-04 2.123767309293e-01
4.597236180905e-04 3.158045373192e-01 4.597236180905e-04 1.903982500252e-01 4.597236180905e-04 2.802354445842e-01 4.597236180905e-04 2.122991226218e-01
4.624120603015e-04 3.157919779335e-01 4.624120603015e-04 1.903984470813e-01 4.624120603015e-04 2.803701609319e-01 4.624120603015e-04 2.122252604751e-01
4.651005025126e-04 3.157809167154e-01 4.651005025126e-04 1.903986216701e-01 4.651005025126e-04 2.804982443998e-01 4.651005025126e-04 2.121549704376e-01
4.677889447236e-04 3.157711770083e-01 4.677889447236e-04 1.903987764010e-01 4.677889447236e-04 2.806200318043e-01 4.677889447236e-04 2.120880859476e-01
4.704773869347e-04 3.157626025888e-01 4.704773869347e-04 1.903989135723e-01 4.704773869347e-04 2.807358416946e-01 4.704773869347e-04 2.120244476593e-01
4.731658291457e-04 3.157550553811e-01 4.731658291457e-04 1.903990352094e-01 4.731658291457e-04 2.808459754244e-01 4.731658291457e-04 2.119639031754e-01
4.758542713568e-04 3.157484134119e-01 4.758542713568e-04 1.903991430986e-01 4.758542713568e-04 2.809507181655e-01 4.758542713568e-04 2.119063067874e-01
4.785427135678e-04 3.157425689827e-01 4.785427135678e-04 1.903992388161e-01 4.785427135678e-04 2.810503398620e-01 4.785427135678e-04 2.118515192214e-01
4.812311557789e-04 3.157374270401e-01 4.812311557789e-04 1.903993237537e-01 4.812311557789e-04 2.811450961291e-01 4.812311557789e-04 2.117994073913e-01
4.839195979899e-04 3.157329037233e-01 4.839195979899e-04 1.903993991406e-01 4.839195979899e-04 2.812352290950e-01 4.839195979899e-04 2.117498441583e-01
4.866080402010e-04 3.157289250728e-01 4.866080402010e-04 1.903994660635e-01 4.866080402010e-04 2.813209681899e-01 4.866080402010e-04 2.117027080969e-01
4.892964824121e-04 3.157254258822e-01 4.892964824121e-04 1.903995254830e-01 4.892964824121e-04 2.814025308845e-01 4.892964824121e-04 2.116578832677e-01
4.919849246231e-04 3.157223486797e-01 4.919849246231e-04 1.903995782491e-01 4.919849246231e-04 2.814801233803e-01 4.919849246231e-04 2.116152589964e-01
4.946733668342e-04 3.157196428244e-01 4.946733668342e-04 1.903996251139e-01 4.946733668342e-04 2.815539412554e-01 4.946733668342e-04 2.115747296597e-01
4.973618090452e-04 3.157172637053e-01 4.973618090452e-04 1.903996667432e-01 4.973618090452e-04 2.816241700671e-01 4.973618090452e-04 2.115361944775e-01
5.000502512563e-04 3.157151720326e-01 5.000502512563e-04 1.903997037269e-01 5.000502512563e-04 2.816909859160e-01 5.000502512563e-04 2.114995573121e-01
5.027386934673e-04 3.157133332098e-01 5.027386934673e-04 1.903997365873e-01 5.027386934673e-04 2.817545559731e-01 5.027386934673e-04 2.114647264727e-01
5.054271356784e-04 3.157117167797e-01 5.054271356784e-04 1.903997657874e-01 5.054271356784e-04 2.818150389728e-01 5.054271356784e-04 2.114316145280e-01
5.081155778894e-04 3.157102959333e-01 5.081155778894e-04 1.903997917378e-01 5.081155778894e-04 2.818725856744e-01 5.081155778894e-04 2.114001381240e-01
5.108040201005e-04 3.157090470767e-01 5.108040201005e-04 1.903998148022e-01 5.108040201005e-04 2.819273392939e-01 5.108040201005e-04 2.113702178079e-01
5.134924623116e-04 3.157079494491e-01 5.134924623116e-04 1.903998353036e-01 5.134924623116e-04 2.819794359095e-01 5.134924623116e-04 2.113417778596e-01
5.161809045226e-04 3.157069847847e-01 5.161809045226e-04 1.903998535283e-01 5.161809045226e-04 2.820290048413e-01 5.161809045226e-04 2.113147461279e-01
5.188693467337e-04 3.157061370150e-01 5.188693467337e-04 1.903998697303e-01 5.188693467337e-04 2.820761690077e-01 5.188693467337e-04 2.112890538733e-01
5.215577889447e-04 3.157053920063e-01 5.215577889447e-04 1.903998841352e-01 5.215577889447e-04 2.821210452605e-01 5.215577889447e-04 2.112646356168e-01
5.242462311558e-04 3.157047373279e-01 5.242462311558e-04 1.903998969433e-01 5.242462311558e-04 2.821637447003e-01 5.242462311558e-04 2.112414289941e-01
5.269346733668e-04 3.157041620481e-01 5.269346733668e-04 1.903999083321e-01 5.269346733668e-04 2.822043729726e-01 5.269346733668e-04 2.112193746158e-01
5.296231155779e-04 3.157036565544e-01 5.296231155779e-04 1.903999184596e-01 5.296231155779e-04 2.822430305473e-01 5.296231155779e-04 2.111984159332e-01
5.323115577889e-04 3.157032123947e-01 5.323115577889e-04 1.903999274660e-01 5.323115577889e-04 2.822798129820e-01 5.323115577889e-04 2.111784991087e-01
5.350000000000e-04 3.157028221382e-01 5.350000000000e-04 1.903999354757e-01 5.350000000000e-04 2.823148111703e-01 5.350000000000e-04 2.111595728923e-01
