0.000000000000e+00 2.040008330070e-01 0.000000000000e+00 2.999994198566e-01 0.000000000000e+00 2.020049540330e-01 0.000000000000e+00 2.999999966032e-01
6.319517587940e-07 2.040009115143e-01 6.319517587940e-07 2.999993513417e-01 6.319517587940e-07 2.020054017059e-01 6.319517587940e-07 2.999999960633e-01
1.263903517588e-06 2.040009974204e-01 1.263903517588e-06 2.999992747295e-01 1.263903517588e-06 2.020058898456e-01 1.263903517588e-06 2.999999954375e-01
1.895855276382e-06 2.040010914226e-01 1.895855276382e-06 2.999991890624e-01 1.895855276382e-06 2.020064221108e-01 1.895855276382e-06 2.999999947123e-01
2.527807035176e-06 2.040011942838e-01 2.527807035176e-06 2.999990932696e-01 2.527807035176e-06 2.020070024913e-01 2.527807035176e-06 2.999999938718e-01
3.159758793970e-06 2.040013068389e-01 3.159758793970e-06 2.999989861535e-01 3.159758793970e-06 2.020076353376e-01 3.159758793970e-06 2.999999928977e-01
3.791710552764e-06 2.040014300015e-01 3.791710552764e-06 2.999988663749e-01 3.791710552764e-06 2.020083253934e-01 3.791710552764e-06 2.999999917688e-01
4.423662311558e-06 2.040015647711e-01 4.423662311558e-06 2.999987324360e-01 4.423662311558e-06 2.020090778313e-01 4.423662311558e-06 2.999999904604e-01
5.055614070352e-06 2.040017122415e-01 5.055614070352e-06 2.999985826619e-01 5.055614070352e-06 2.020098982919e-01 5.055614070352e-06 2.999999889441e-01
5.687565829146e-06 2.040018736096e-01 5.687565829146e-06 2.999984151794e-01 5.687565829146e-06 2.020107929252e-01 5.687565829146e-06 2.999999871868e-01
6.319517587940e-06 2.040020501851e-01 6.319517587940e-06 2.999982278935e-01 6.319517587940e-06 2.020117684376e-01 6.319517587940e-06 2.999999851501e-01
6.951469346734e-06 2.040022434008e-01 6.951469346734e-06 2.999980184617e-01 6.951469346734e-06 2.020128321413e-01 6.951469346734e-06 2.999999827897e-01
7.583421105528e-06 2.040024548249e-01 7.583421105528e-06 2.999977842638e-01 7.583421105528e-06 2.020139920096e-01 7.583421105528e-06 2.999999800540e-01
8.215372864322e-06 2.040026861731e-01 8.215372864322e-06 2.999975223697e-01 8.215372864322e-06 2.020152567363e-01 8.215372864322e-06 2.999999768836e-01
8.847324623116e-06 2.040029393227e-01 8.847324623116e-06 2.999972295025e-01 8.847324623116e-06 2.020166358008e-01 8.847324623116e-06 2.999999732092e-01
9.479276381910e-06 2.040032163280e-01 9.479276381910e-06 2.999969019975e-01 9.479276381910e-06 2.020181395389e-01 9.479276381910e-06 2.999999689508e-01
1.011122814070e-05 2.040035194368e-01 1.011122814070e-05 2.999965357563e-01 1.011122814070e-05 2.020197792201e-01 1.011122814070e-05 2.999999640155e-01
1.074317989950e-05 2.040038511085e-01 1.074317989950e-05 2.999961261953e-01 1.074317989950e-05 2.020215671315e-01 1.074317989950e-05 2.999999582957e-01
1.137513165829e-05 2.040042140343e-01 1.137513165829e-05 2.999956681887e-01 1.137513165829e-05 2.020235166702e-01 1.137513165829e-05 2.999999516667e-01
1.200708341709e-05 2.040046111587e-01 1.200708341709e-05 2.999951560038e-01 1.200708341709e-05 2.020256424423e-01 1.200708341709e-05 2.999999439841e-01
1.263903517588e-05 2.040050457038e-01 1.263903517588e-05 2.999945832296e-01 1.263903517588e-05 2.020279603727e-01 1.263903517588e-05 2.999999350803e-01
1.327098693467e-05 2.040055211948e-01 1.327098693467e-05 2.999939426965e-01 1.327098693467e-05 2.020304878231e-01 1.327098693467e-05 2.999999247612e-01
1.390293869347e-05 2.040060414890e-01 1.390293869347e-05 2.999932263862e-01 1.390293869347e-05 2.020332437212e-01 1.390293869347e-05 2.999999128019e-01
1.453489045226e-05 2.040066108070e-01 1.453489045226e-05 2.999924253319e-01 1.453489045226e-05 2.020362487021e-01 1.453489045226e-05 2.999998989416e-01
1.516684221106e-05 2.040072337667e-01 1.516684221106e-05 2.999915295059e-01 1.516684221106e-05 2.020395252607e-01 1.516684221106e-05 2.999998828783e-01
1.579879396985e-05 2.040079154207e-01 1.579879396985e-05 2.999905276937e-01 1.579879396985e-05 2.020430979193e-01 1.579879396985e-05 2.999998642616e-01
1.643074572864e-05 2.040086612972e-01 1.643074572864e-05 2.999894073547e-01 1.643074572864e-05 2.020469934089e-01 1.643074572864e-05 2.999998426859e-01
1.706269748744e-05 2.040094774448e-01 1.706269748744e-05 2.999881544645e-01 1.706269748744e-05 2.020512408672e-01 1.706269748744e-05 2.999998176806e-01
1.769464924623e-05 2.040103704812e-01 1.769464924623e-05 2.999867533404e-01 1.769464924623e-05 2.020558720537e-01 1.769464924623e-05 2.999997887008e-01
1.832660100503e-05 2.040113476470e-01 1.832660100503e-05 2.999851864451e-01 1.832660100503e-05 2.020609215844e-01 1.832660100503e-05 2.999997551146e-01
1.895855276382e-05 2.040124168638e-01 1.895855276382e-05 2.999834341679e-01 1.895855276382e-05 2.020664271863e-01 1.895855276382e-05 2.999997161899e-01
1.959050452261e-05 2.040135867985e-01 1.959050452261e-05 2.999814745800e-01 1.959050452261e-05 2.020724299747e-01 1.959050452261e-05 2.999996710781e-01
2.022245628141e-05 2.040148669332e-01 2.022245628141e-05 2.999792831616e-01 2.022245628141e-05 2.020789747549e-01 2.022245628141e-05 2.999996187959e-01
2.085440804020e-05 2.040162676413e-01 2.085440804020e-05 2.999768324956e-01 2.085440804020e-05 2.020861103498e-01 2.085440804020e-05 2.999995582034e-01
2.148635979899e-05 2.040178002719e-01 2.148635979899e-05 2.999740919273e-01 2.148635979899e-05 2.020938899561e-01 2.148635979899e-05 2.999994879798e-01
2.211831155779e-05 2.040194772403e-01 2.211831155779e-05 2.999710271825e-01 2.211831155779e-05 2.021023715314e-01 2.211831155779e-05 2.999994065944e-01
2.275026331658e-05 2.040213121288e-01 2.275026331658e-05 2.999675999425e-01 2.275026331658e-05 2.021116182147e-01 2.275026331658e-05 2.999993122729e-01
2.338221507538e-05 2.040233197954e-01 2.338221507538e-05 2.999637673684e-01 2.338221507538e-05 2.021216987822e-01 2.338221507538e-05 2.999992029593e-01
2.401416683417e-05 2.040255164937e-01 2.401416683417e-05 2.999594815707e-01 2.401416683417e-05 2.021326881431e-01 2.401416683417e-05 2.999990762708e-01
2.464611859296e-05 2.040279200030e-01 2.464611859296e-05 2.999546890173e-01 2.464611859296e-05 2.021446678763e-01 2.464611859296e-05 2.999989294457e-01
2.527807035176e-05 2.040305497711e-01 2.527807035176e-05 2.999493298723e-01 2.527807035176e-05 2.021577268127e-01 2.527807035176e-05 2.999987592836e-01
2.591002211055e-05 2.040334270705e-01 2.591002211055e-05 2.999433372596e-01 2.591002211055e-05 2.021719616665e-01 2.591002211055e-05 2.999985620754e-01
2.654197386935e-05 2.040365751682e-01 2.654197386935e-05 2.999366364408e-01 2.654197386935e-05 2.021874777176e-01 2.654197386935e-05 2.999983335226e-01
2.717392562814e-05 2.040400195120e-01 2.717392562814e-05 2.999291438990e-01 2.717392562814e-05 2.022043895513e-01 2.717392562814e-05 2.999980686435e-01
2.780587738693e-05 2.040437879338e-01 2.780587738693e-05 2.999207663188e-01 2.780587738693e-05 2.022228218572e-01 2.780587738693e-05 2.999977616651e-01
2.843782914573e-05 2.040479108711e-01 2.843782914573e-05 2.999113994488e-01 2.843782914573e-05 2.022429102927e-01 2.843782914573e-05 2.999974058966e-01
2.906978090452e-05 2.040524216099e-01 2.906978090452e-05 2.999009268373e-01 2.906978090452e-05 2.022648024147e-01 2.906978090452e-05 2.999969935845e-01
2.970173266332e-05 2.040573565483e-01 2.970173266332e-05 2.998892184248e-01 2.970173266332e-05 2.022886586848e-01 2.970173266332e-05 2.999965157432e-01
3.033368442211e-05 2.040627554862e-01 3.033368442211e-05 2.998761289794e-01 3.033368442211e-05 2.023146535506e-01 3.033368442211e-05 2.999959619596e-01
3.096563618090e-05 2.040686619393e-01 3.096563618090e-05 2.998614963597e-01 3.096563618090e-05 2.023429766108e-01 3.096563618090e-05 2.999953201666e-01
3.159758793970e-05 2.040751234833e-01 3.159758793970e-05 2.998451395861e-01 3.159758793970e-05 2.023738338649e-01 3.159758793970e-05 2.999945763802e-01
3.222953969849e-05 2.040821921282e-01 3.222953969849e-05 2.998268567034e-01 3.222953969849e-05 2.024074490549e-01 3.222953969849e-05 2.999937143954e-01
3.286149145729e-05 2.040899247273e-01 3.286149145729e-05 2.998064224125e-01 3.286149145729e-05 2.024440651015e-01 3.286149145729e-05 2.999927154338e-01
3.349344321608e-05 2.040983834221e-01 3.349344321608e-05 2.997835854518e-01 3.349344321608e-05 2.024839456393e-01 3.349344321608e-05 2.999915577354e-01
3.412539497487e-05 2.041076361277e-01 3.412539497487e-05 2.997580657050e-01 3.412539497487e-05 2.025273766537e-01 3.412539497487e-05 2.999902160860e-01
3.475734673367e-05 2.041177570611e-01 3.475734673367e-05 2.997295510112e-01 3.475734673367e-05 2.025746682239e-01 3.475734673367e-05 2.999886612692e-01
3.538929849246e-05 2.041288273168e-01 3.538929849246e-05 2.996976936539e-01 3.538929849246e-05 2.026261563714e-01 3.538929849246e-05 2.999868594324e-01
3.602125025126e-05 2.041409354929e-01 3.602125025126e-05 2.996621065052e-01 3.602125025126e-05 2.026822050173e-01 3.602125025126e-05 2.999847713529e-01
3.665320201005e-05 2.041541783726e-01 3.665320201005e-05 2.996223587998e-01 3.665320201005e-05 2.027432080458e-01 3.665320201005e-05 2.999823515873e-01
3.728515376884e-05 2.041686616648e-01 3.728515376884e-05 2.995779715180e-01 3.728515376884e-05 2.028095914733e-01 3.728515376884e-05 2.999795474884e-01
3.791710552764e-05 2.041845008092e-01 3.791710552764e-05 2.995284123552e-01 3.791710552764e-05 2.028818157172e-01 3.791710552764e-05 2.999762980658e-01
3.854905728643e-05 2.042018218515e-01 3.854905728643e-05 2.994730902628e-01 3.854905728643e-05 2.029603779582e-01 3.854905728643e-05 2.999725326692e-01
3.918100904523e-05 2.042207623929e-01 3.918100904523e-05 2.994113495482e-01 3.918100904523e-05 2.030458145864e-01 3.918100904523e-05 2.999681694641e-01
3.981296080402e-05 2.042414726206e-01 3.981296080402e-05 2.993424635286e-01 3.981296080402e-05 2.031387037162e-01 3.981296080402e-05 2.999631136702e-01
4.044491256281e-05 2.042641164263e-01 4.044491256281e-05 2.992656277468e-01 4.044491256281e-05 2.032396677529e-01 4.044491256281e-05 2.999572555247e-01
4.107686432161e-05 2.042888726175e-01 4.107686432161e-05 2.991799527655e-01 4.107686432161e-05 2.033493759875e-01 4.107686432161e-05 2.999504679293e-01
4.170881608040e-05 2.043159362307e-01 4.170881608040e-05 2.990844565792e-01 4.170881608040e-05 2.034685471912e-01 4.170881608040e-05 2.999426037322e-01
4.234076783920e-05 2.043455199534e-01 4.234076783920e-05 2.989780567011e-01 4.234076783920e-05 2.035979521720e-01 4.234076783920e-05 2.999334925923e-01
4.297271959799e-05 2.043778556626e-01 4.297271959799e-05 2.988595620124e-01 4.297271959799e-05 2.037384162529e-01 4.297271959799e-05 2.999229373613e-01
4.360467135678e-05 2.044131960902e-01 4.360467135678e-05 2.987276644952e-01 4.360467135678e-05 2.038908216163e-01 4.360467135678e-05 2.999107099140e-01
4.423662311558e-05 2.044518166235e-01 4.423662311558e-05 2.985809310134e-01 4.423662311558e-05 2.040561094562e-01 4.423662311558e-05 2.998965463481e-01
4.486857487437e-05 2.044940172527e-01 4.486857487437e-05 2.984177953559e-01 4.486857487437e-05 2.042352818632e-01 4.486857487437e-05 2.998801414612e-01
4.550052663317e-05 2.045401246766e-01 4.550052663317e-05 2.982365508179e-01 4.550052663317e-05 2.044294033612e-01 4.550052663317e-05 2.998611424069e-01
4.613247839196e-05 2.045904945797e-01 4.613247839196e-05 2.980353436653e-01 4.613247839196e-05 2.046396019982e-01 4.613247839196e-05 2.998391414164e-01
4.676443015075e-05 2.046455140970e-01 4.676443015075e-05 2.978121679104e-01 4.676443015075e-05 2.048670698854e-01 4.676443015075e-05 2.998136674631e-01
4.739638190955e-05 2.047056044837e-01 4.739638190955e-05 2.975648619138e-01 4.739638190955e-05 2.051130630614e-01 4.739638190955e-05 2.997841767349e-01
4.802833366834e-05 2.047712240101e-01 4.802833366834e-05 2.972911074309e-01 4.802833366834e-05 2.053789005513e-01 4.802833366834e-05 2.997500417697e-01
4.866028542714e-05 2.048428711090e-01 4.866028542714e-05 2.969884318191e-01 4.866028542714e-05 2.056659624738e-01 4.866028542714e-05 2.997105390991e-01
4.929223718593e-05 2.049210878057e-01 4.929223718593e-05 2.966542142328e-01 4.929223718593e-05 2.059756870445e-01 4.929223718593e-05 2.996648352423e-01
4.992418894472e-05 2.050064634700e-01 4.992418894472e-05 2.962856967253e-01 4.992418894472e-05 2.063095663132e-01 4.992418894472e-05 2.996119708900e-01
5.055614070352e-05 2.050996389405e-01 5.055614070352e-05 2.958800012605e-01 5.055614070352e-05 2.066691404711e-01 5.055614070352e-05 2.995508431260e-01
5.118809246231e-05 2.052013110840e-01 5.118809246231e-05 2.954341536898e-01 5.118809246231e-05 2.070559905671e-01 5.118809246231e-05 2.994801855532e-01
5.182004422111e-05 2.053122378728e-01 5.182004422111e-05 2.949451157536e-01 5.182004422111e-05 2.074717294778e-01 5.182004422111e-05 2.993985462223e-01
5.245199597990e-05 2.054332440861e-01 5.245199597990e-05 2.944098261082e-01 5.245199597990e-05 2.079179909961e-01 5.245199597990e-05 2.993042633204e-01
5.308394773869e-05 2.055652277762e-01 5.308394773869e-05 2.938252512309e-01 5.308394773869e-05 2.083964169276e-01 5.308394773869e-05 2.991954386536e-01
5.371589949749e-05 2.057091676807e-01 5.371589949749e-05 2.931884467971e-01 5.371589949749e-05 2.089086421241e-01 5.371589949749e-05 2.990699090840e-01
5.434785125628e-05 2.058661318215e-01 5.434785125628e-05 2.924966297312e-01 5.434785125628e-05 2.094562774328e-01 5.434785125628e-05 2.989252162435e-01
5.497980301508e-05 2.060372876038e-01 5.497980301508e-05 2.917472605872e-01 5.497980301508e-05 2.100408906089e-01 5.497980301508e-05 2.987585750768e-01
5.561175477387e-05 2.062239138256e-01 5.561175477387e-05 2.909381352165e-01 5.561175477387e-05 2.106639853155e-01 5.561175477387e-05 2.985668420621e-01
5.624370653266e-05 2.064274151352e-01 5.624370653266e-05 2.900674838225e-01 5.624370653266e-05 2.113269784322e-01 5.624370653266e-05 2.983464843447e-01
5.687565829146e-05 2.066493396335e-01 5.687565829146e-05 2.891340745282e-01 5.687565829146e-05 2.120311760009e-01 5.687565829146e-05 2.980935514971e-01
5.750761005025e-05 2.068914005279e-01 5.750761005025e-05 2.881373175386e-01 5.750761005025e-05 2.127777482541e-01 5.750761005025e-05 2.978036522017e-01
5.813956180905e-05 2.071555030051e-01 5.813956180905e-05 2.870773649514e-01 5.813956180905e-05 2.135677042962e-01 5.813956180905e-05 2.974719388333e-01
5.877151356784e-05 2.074437778191e-01 5.877151356784e-05 2.859552003745e-01 5.877151356784e-05 2.144018671309e-01 5.877151356784e-05 2.970931036736e-01
5.940346532663e-05 2.077586234997e-01 5.940346532663e-05 2.847727118752e-01 5.940346532663e-05 2.152808498448e-01 5.940346532663e-05 2.966613912691e-01
6.003541708543e-05 2.081027595767e-01 6.003541708543e-05 2.835327415661e-01 6.003541708543e-05 2.162050338537e-01 6.003541708543e-05 2.961706321716e-01
6.066736884422e-05 2.084792938016e-01 6.066736884422e-05 2.822391054480e-01 6.066736884422e-05 2.171745501920e-01 6.066736884422e-05 2.956143038114e-01
6.129932060302e-05 2.088918070077e-01 6.129932060302e-05 2.808965780901e-01 6.129932060302e-05 2.181892648564e-01 6.129932060302e-05 2.949856243668e-01
6.193127236181e-05 2.093444599609e-01 6.193127236181e-05 2.795108383470e-01 6.193127236181e-05 2.192487691963e-01 6.193127236181e-05 2.942776849033e-01
6.256322412060e-05 2.098421272302e-01 6.256322412060e-05 2.780883745499e-01 6.256322412060e-05 2.203523762725e-01 6.256322412060e-05 2.934836234121e-01
6.319517587940e-05 2.103905636079e-01 6.319517587940e-05 2.766363503071e-01 6.319517587940e-05 2.214991239612e-01 6.319517587940e-05 2.925968412541e-01
6.382712763819e-05 2.109966086681e-01 6.382712763819e-05 2.751624349677e-01 6.382712763819e-05 2.226877853733e-01 6.382712763819e-05 2.916112574848e-01
6.445907939698e-05 2.116684342239e-01 6.445907939698e-05 2.736746056286e-01 6.445907939698e-05 2.239168868876e-01 6.445907939698e-05 2.905215892345e-01
6.509103115578e-05 2.124158370180e-01 6.509103115578e-05 2.721809299750e-01 6.509103115578e-05 2.251847337623e-01 6.509103115578e-05 2.893236365768e-01
6.572298291457e-05 2.132505738744e-01 6.572298291457e-05 2.706893409269e-01 6.572298291457e-05 2.264894429173e-01 6.572298291457e-05 2.880145382985e-01
6.635493467337e-05 2.141867271794e-01 6.635493467337e-05 2.692074148031e-01 6.635493467337e-05 2.278289820772e-01 6.635493467337e-05 2.865929513476e-01
6.698688643216e-05 2.152410728877e-01 6.698688643216e-05 2.677421644127e-01 6.698688643216e-05 2.292012140699e-01 6.698688643216e-05 2.850590926952e-01
6.761883819095e-05 2.164333988217e-01 6.761883819095e-05 2.662998571833e-01 6.761883819095e-05 2.306039446955e-01 6.761883819095e-05 2.834145697645e-01
6.825078994975e-05 2.177866857220e-01 6.825078994975e-05 2.648858663113e-01 6.825078994975e-05 2.320349722636e-01 6.825078994975e-05 2.816619168390e-01
6.888274170854e-05 2.193270168982e-01 6.888274170854e-05 2.635045602544e-01 6.888274170854e-05 2.334921366517e-01 6.888274170854e-05 2.798037529217e-01
6.951469346734e-05 2.210830286386e-01 6.951469346734e-05 2.621592330016e-01 6.951469346734e-05 2.349733655938e-01 6.951469346734e-05 2.778414852464e-01
7.014664522613e-05 2.230846659234e-01 7.014664522613e-05 2.608520747782e-01 7.014664522613e-05 2.364767158810e-01 7.014664522613e-05 2.757735080292e-01
7.077859698492e-05 2.253609938214e-01 7.077859698492e-05 2.595841804452e-01 7.077859698492e-05 2.380004072497e-01 7.077859698492e-05 2.735928989278e-01
7.141054874372e-05 2.279368783104e-01 7.141054874372e-05 2.583555910219e-01 7.141054874372e-05 2.395428469534e-01 7.141054874372e-05 2.712847161695e-01
7.204250050251e-05 2.308285447715e-01 7.204250050251e-05 2.571653625848e-01 7.204250050251e-05 2.411026433493e-01 7.204250050251e-05 2.688231817261e-01
7.267445226131e-05 2.340383843336e-01 7.267445226131e-05 2.560116562838e-01 7.267445226131e-05 2.426786072729e-01 7.267445226131e-05 2.661693484835e-01
7.330640402010e-05 2.375498761000e-01 7.330640402010e-05 2.548918432767e-01 7.330640402010e-05 2.442697404979e-01 7.330640402010e-05 2.632703341861e-01
7.393835577889e-05 2.413239728739e-01 7.393835577889e-05 2.538026189120e-01 7.393835577889e-05 2.458752111720e-01 7.393835577889e-05 2.600618306479e-01
7.457030753769e-05 2.452984784501e-01 7.457030753769e-05 2.527401213191e-01 7.457030753769e-05 2.474943167452e-01 7.457030753769e-05 2.564761140563e-01
7.520225929648e-05 2.493915332922e-01 7.520225929648e-05 2.517000505697e-01 7.520225929648e-05 2.491264355559e-01 7.520225929648e-05 2.524575332616e-01
7.583421105528e-05 2.535092487917e-01 7.583421105528e-05 2.506777856127e-01 7.583421105528e-05 2.507709688648e-01 7.583421105528e-05 2.479853694171e-01
7.646616281407e-05 2.575561250985e-01 7.646616281407e-05 2.496684971553e-01 7.646616281407e-05 2.524272757230e-01 7.646616281407e-05 2.430992852181e-01
7.709811457286e-05 2.614458201916e-01 7.709811457286e-05 2.486672554998e-01 7.709811457286e-05 2.540946035749e-01 7.709811457286e-05 2.379166430149e-01
7.773006633166e-05 2.651096991279e-01 7.773006633166e-05 2.476691329941e-01 7.773006633166e-05 2.557720179197e-01 7.773006633166e-05 2.326285895360e-01
7.836201809045e-05 2.685014628165e-01 7.836201809045e-05 2.466693011938e-01 7.836201809045e-05 2.574583346381e-01 7.836201809045e-05 2.274686645765e-01
7.899396984925e-05 2.715975430349e-01 7.899396984925e-05 2.456631230690e-01 7.899396984925e-05 2.591520587149e-01 7.899396984925e-05 2.226628436227e-01
7.962592160804e-05 2.743941603371e-01 7.962592160804e-05 2.446462406223e-01 7.962592160804e-05 2.608513330165e-01 7.962592160804e-05 2.183822603510e-01
8.025787336683e-05 2.769025303303e-01 8.025787336683e-05 2.436146581408e-01 8.025787336683e-05 2.625539004995e-01 8.025787336683e-05 2.147179897725e-01
8.088982512563e-05 2.791436511504e-01 8.088982512563e-05 2.425648210228e-01 8.088982512563e-05 2.642570827210e-01 8.088982512563e-05 2.116830215923e-01
8.152177688442e-05 2.811436717045e-01 8.152177688442e-05 2.414936897242e-01 8.152177688442e-05 2.659577767965e-01 8.152177688442e-05 2.092326688075e-01
8.215372864322e-05 2.829303268621e-01 8.215372864322e-05 2.403988079109e-01 8.215372864322e-05 2.676524720389e-01 8.215372864322e-05 2.072902467331e-01
8.278568040201e-05 2.845305222483e-01 8.278568040201e-05 2.392783634354e-01 8.278568040201e-05 2.693372864562e-01 8.278568040201e-05 2.057686398119e-01
8.341763216080e-05 2.859689160786e-01 8.341763216080e-05 2.381312403199e-01 8.341763216080e-05 2.710080221535e-01 8.341763216080e-05 2.045843080313e-01
8.404958391960e-05 2.872672540285e-01 8.404958391960e-05 2.369570595902e-01 8.404958391960e-05 2.726602375605e-01 8.404958391960e-05 2.036643428570e-01
8.468153567839e-05 2.884442127218e-01 8.468153567839e-05 2.357562066145e-01 8.468153567839e-05 2.742893333842e-01 8.468153567839e-05 2.029487131666e-01
8.531348743719e-05 2.895155501589e-01 8.531348743719e-05 2.345298426057e-01 8.531348743719e-05 2.758906483474e-01 8.531348743719e-05 2.023898024585e-01
8.594543919598e-05 2.904944156615e-01 8.594543919598e-05 2.332798981857e-01 8.594543919598e-05 2.774595602029e-01 8.594543919598e-05 2.019507348146e-01
8.657739095477e-05 2.913917213066e-01 8.657739095477e-05 2.320090473926e-01 8.657739095477e-05 2.789915872532e-01 8.657739095477e-05 2.016033719878e-01
8.720934271357e-05 2.922165153451e-01 8.720934271357e-05 2.307206612417e-01 8.720934271357e-05 2.804824856846e-01 8.720934271357e-05 2.013264213812e-01
8.784129447236e-05 2.929763253003e-01 8.784129447236e-05 2.294187408806e-01 8.784129447236e-05 2.819283384213e-01 8.784129447236e-05 2.011038288251e-01
8.847324623116e-05 2.936774562003e-01 8.847324623116e-05 2.281078314538e-01 8.847324623116e-05 2.833256318830e-01 8.847324623116e-05 2.009234908944e-01
8.910519798995e-05 2.943252401779e-01 8.910519798995e-05 2.267929189194e-01 8.910519798995e-05 2.846713179089e-01 8.910519798995e-05 2.007762589024e-01
8.973714974874e-05 2.949242396659e-01 8.973714974874e-05 2.254793131357e-01 8.973714974874e-05 2.859628591132e-01 8.973714974874e-05 2.006551851776e-01
9.036910150754e-05 2.954784093353e-01 9.036910150754e-05 2.241725214564e-01 9.036910150754e-05 2.871982569634e-01 9.036910150754e-05 2.005549603778e-01
9.100105326633e-05 2.959912229924e-01 9.100105326633e-05 2.228781177385e-01 9.100105326633e-05 2.883760628431e-01 9.100105326633e-05 2.004714967798e-01
9.163300502513e-05 2.964657716537e-01 9.163300502513e-05 2.216016120006e-01 9.163300502513e-05 2.894953732063e-01 9.163300502513e-05 2.004016209507e-01
9.226495678392e-05 2.969048384924e-01 9.226495678392e-05 2.203483259388e-01 9.226495678392e-05 2.905558105958e-01 9.226495678392e-05 2.003428473742e-01
9.289690854271e-05 2.973109555877e-01 9.289690854271e-05 2.191232791103e-01 9.289690854271e-05 2.915574927674e-01 9.289690854271e-05 2.002932115519e-01
9.352886030151e-05 2.976864465982e-01 9.352886030151e-05 2.179310898682e-01 9.352886030151e-05 2.925009924240e-01 9.352886030151e-05 2.002511466168e-01
9.416081206030e-05 2.980334587095e-01 9.416081206030e-05 2.167758941576e-01 9.416081206030e-05 2.933872901396e-01 9.416081206030e-05 2.002153917310e-01
9.479276381910e-05 2.983539865265e-01 9.479276381910e-05 2.156612841558e-01 9.479276381910e-05 2.942177229663e-01 9.479276381910e-05 2.001849237066e-01
9.542471557789e-05 2.986498899961e-01 9.542471557789e-05 2.145902675597e-01 9.542471557789e-05 2.949939310091e-01 9.542471557789e-05 2.001589056259e-01
9.605666733668e-05 2.989229079708e-01 9.605666733668e-05 2.135652472069e-01 9.605666733668e-05 2.957178039592e-01 9.605666733668e-05 2.001366479431e-01
9.668861909548e-05 2.991746686334e-01 9.668861909548e-05 2.125880197311e-01 9.668861909548e-05 2.963914292306e-01 9.668861909548e-05 2.001175787923e-01
9.732057085427e-05 2.994066976946e-01 9.732057085427e-05 2.116597911708e-01 9.732057085427e-05 2.970170429903e-01 9.732057085427e-05 2.001012211188e-01
9.795252261307e-05 2.996204250389e-01 9.795252261307e-05 2.107812069031e-01 9.795252261307e-05 2.975969850175e-01 9.795252261307e-05 2.000871749032e-01
9.858447437186e-05 2.998171903041e-01 9.858447437186e-05 2.099523929609e-01 9.858447437186e-05 2.981336580104e-01 9.858447437186e-05 2.000751032116e-01
9.921642613065e-05 2.999982477430e-01 9.921642613065e-05 2.091730057073e-01 9.921642613065e-05 2.986294916753e-01 9.921642613065e-05 2.000647211443e-01
9.984837788945e-05 3.001647706075e-01 9.984837788945e-05 2.084422869406e-01 9.984837788945e-05 2.990869116996e-01 9.984837788945e-05 2.000557869988e-01
1.004803296482e-04 3.003178552191e-01 1.004803296482e-04 2.077591217534e-01 1.004803296482e-04 2.995083135245e-01 1.004803296482e-04 2.000480951417e-01
1.011122814070e-04 3.004585248315e-01 1.011122814070e-04 2.071220968144e-01 1.011122814070e-04 2.998960406908e-01 1.011122814070e-04 2.000414702076e-01
1.017442331658e-04 3.005877333519e-01 1.017442331658e-04 2.065295571502e-01 1.017442331658e-04 3.002523674353e-01 1.017442331658e-04 2.000357623442e-01
1.023761849246e-04 3.007063689573e-01 1.023761849246e-04 2.059796599237e-01 1.023761849246e-04 3.005794851487e-01 1.023761849246e-04 2.000308432854e-01
1.030081366834e-04 3.008152576257e-01 1.030081366834e-04 2.054704241153e-01 1.030081366834e-04 3.008794922764e-01 1.030081366834e-04 2.000266030879e-01
1.036400884422e-04 3.009151665854e-01 1.036400884422e-04 2.049997753887e-01 1.036400884422e-04 3.011543872321e-01 1.036400884422e-04 2.000229474039e-01
1.042720402010e-04 3.010068076835e-01 1.042720402010e-04 2.045655857485e-01 1.042720402010e-04 3.014060639007e-01 1.042720402010e-04 2.000197951909e-01
1.049039919598e-04 3.010908406639e-01 1.049039919598e-04 2.041657078661e-01 1.049039919598e-04 3.016363093311e-01 1.049039919598e-04 2.000170767791e-01
1.055359437186e-04 3.011678763488e-01 1.055359437186e-04 2.037980041643e-01 1.055359437186e-04 3.018468032473e-01 1.055359437186e-04 2.000147322364e-01
1.061678954774e-04 3.012384797142e-01 1.061678954774e-04 2.034603709111e-01 1.061678954774e-04 3.020391190390e-01 1.061678954774e-04 2.000127099792e-01
1.067998472362e-04 3.013031728513e-01 1.067998472362e-04 2.031507576832e-01 1.067998472362e-04 3.022147259337e-01 1.067998472362e-04 2.000109655891e-01
1.074317989950e-04 3.013624378065e-01 1.074317989950e-04 2.028671826282e-01 1.074317989950e-04 3.023749920846e-01 1.074317989950e-04 2.000094608040e-01
1.080637507538e-04 3.014167192958e-01 1.080637507538e-04 2.026077439934e-01 1.080637507538e-04 3.025211883494e-01 1.080637507538e-04 2.000081626546e-01
1.086957025126e-04 3.014664272893e-01 1.086957025126e-04 2.023706283947e-01 1.086957025126e-04 3.026544925644e-01 1.086957025126e-04 2.000070427252e-01
1.093276542714e-04 3.015119394631e-01 1.093276542714e-04 2.021541162895e-01 1.093276542714e-04 3.027759941537e-01 1.093276542714e-04 2.000060765196e-01
1.099596060302e-04 3.015536035192e-01 1.099596060302e-04 2.019565850932e-01 1.099596060302e-04 3.028866989364e-01 1.099596060302e-04 2.000052429172e-01
1.105915577889e-04 3.015917393737e-01 1.105915577889e-04 2.017765103442e-01 1.105915577889e-04 3.029875340253e-01 1.105915577889e-04 2.000045237052e-01
1.112235095477e-04 3.016266412149e-01 1.112235095477e-04 2.016124652819e-01 1.112235095477e-04 3.030793527261e-01 1.112235095477e-04 2.000039031765e-01
1.118554613065e-04 3.016585794346e-01 1.118554613065e-04 2.014631191635e-01 1.118554613065e-04 3.031629393701e-01 1.118554613065e-04 2.000033677838e-01
1.124874130653e-04 3.016878024365e-01 1.124874130653e-04 2.013272346002e-01 1.124874130653e-04 3.032390140255e-01 1.124874130653e-04 2.000029058415e-01
1.131193648241e-04 3.017145383251e-01 1.131193648241e-04 2.012036641581e-01 1.131193648241e-04 3.033082370483e-01 1.131193648241e-04 2.000025072695e-01
1.137513165829e-04 3.017389964813e-01 1.137513165829e-04 2.010913464263e-01 1.137513165829e-04 3.033712134434e-01 1.137513165829e-04 2.000021633722e-01
1.143832683417e-04 3.017613690290e-01 1.143832683417e-04 2.009893017262e-01 1.143832683417e-04 3.034284970162e-01 1.143832683417e-04 2.000018666477e-01
1.150152201005e-04 3.017818321975e-01 1.150152201005e-04 2.008966276025e-01 1.150152201005e-04 3.034805943027e-01 1.150152201005e-04 2.000016106242e-01
1.156471718593e-04 3.018005475867e-01 1.156471718593e-04 2.008124942105e-01 1.156471718593e-04 3.035279682724e-01 1.156471718593e-04 2.000013897179e-01
1.162791236181e-04 3.018176633393e-01 1.162791236181e-04 2.007361396906e-01 1.162791236181e-04 3.035710418013e-01 1.162791236181e-04 2.000011991115e-01
1.169110753769e-04 3.018333152256e-01 1.169110753769e-04 2.006668656029e-01 1.169110753769e-04 3.036102009190e-01 1.169110753769e-04 2.000010346486e-01
1.175430271357e-04 3.018476276476e-01 1.175430271357e-04 2.006040324758e-01 1.175430271357e-04 3.036457978333e-01 1.175430271357e-04 2.000008927430e-01
1.181749788945e-04 3.018607145648e-01 1.181749788945e-04 2.005470555085e-01 1.181749788945e-04 3.036781537412e-01 1.181749788945e-04 2.000007703007e-01
1.188069306533e-04 3.018726803507e-01 1.188069306533e-04 2.004954004593e-01 1.188069306533e-04 3.037075614338e-01 1.188069306533e-04 2.000006646520e-01
1.194388824121e-04 3.018836205807e-01 1.194388824121e-04 2.004485797359e-01 1.194388824121e-04 3.037342877051e-01 1.194388824121e-04 2.000005734935e-01
1.200708341709e-04 3.018936227591e-01 1.200708341709e-04 2.004061487023e-01 1.200708341709e-04 3.037585755763e-01 1.200708341709e-04 2.000004948377e-01
1.207027859296e-04 3.019027669884e-01 1.207027859296e-04 2.003677022068e-01 1.207027859296e-04 3.037806463442e-01 1.207027859296e-04 2.000004269698e-01
1.213347376884e-04 3.019111265844e-01 1.213347376884e-04 2.003328713325e-01 1.213347376884e-04 3.038007014666e-01 1.213347376884e-04 2.000003684102e-01
1.219666894472e-04 3.019187686431e-01 1.219666894472e-04 2.003013203673e-01 1.219666894472e-04 3.038189242941e-01 1.219666894472e-04 2.000003178822e-01
1.225986412060e-04 3.019257545606e-01 1.225986412060e-04 2.002727439889e-01 1.225986412060e-04 3.038354816599e-01 1.225986412060e-04 2.000002742842e-01
1.232305929648e-04 3.019321405110e-01 1.232305929648e-04 2.002468646557e-01 1.232305929648e-04 3.038505253363e-01 1.232305929648e-04 2.000002366658e-01
1.238625447236e-04 3.019379778860e-01 1.238625447236e-04 2.002234301959e-01 1.238625447236e-04 3.038641933691e-01 1.238625447236e-04 2.000002042067e-01
1.244944964824e-04 3.019433136970e-01 1.244944964824e-04 2.002022115839e-01 1.244944964824e-04 3.038766112981e-01 1.244944964824e-04 2.000001761995e-01
1.251264482412e-04 3.019481909454e-01 1.251264482412e-04 2.001830008948e-01 1.251264482412e-04 3.038878932736e-01 1.251264482412e-04 2.000001520335e-01
1.257584000000e-04 3.019526489613e-01 1.257584000000e-04 2.001656094242e-01 1.257584000000e-04 3.038981430755e-01 1.257584000000e-04 2.000001311820e-01
