0.000000000000e+00 1.532684694057e-01 0.000000000000e+00 1.970000000000e-01 0.000000000000e+00 2.652899793220e-01 0.000000000000e+00 2.893177391691e-01 0.000000000000e+00 1.009563578610e-01
7.426020100503e-07 1.532916011031e-01 7.426020100503e-07 1.970000000000e-01 7.426020100503e-07 2.652899762806e-01 7.426020100503e-07 2.892598871957e-01 7.426020100503e-07 1.009982558877e-01
1.485204020101e-06 1.533167132118e-01 1.485204020101e-06 1.970000000000e-01 1.485204020101e-06 2.652899727906e-01 1.485204020101e-06 2.891971706725e-01 1.485204020101e-06 1.010421090171e-01
2.227806030151e-06 1.533439729580e-01 2.227806030151e-06 1.970000000000e-01 2.227806030151e-06 2.652899687853e-01 2.227806030151e-06 2.891291878633e-01 2.227806030151e-06 1.010880201375e-01
2.970408040201e-06 1.533735612668e-01 2.970408040201e-06 1.970000000000e-01 2.970408040201e-06 2.652899641882e-01 2.970408040201e-06 2.890555051482e-01 2.970408040201e-06 1.011360986092e-01
3.713010050251e-06 1.534056738085e-01 3.713010050251e-06 1.970000000000e-01 3.713010050251e-06 2.652899589111e-01 3.713010050251e-06 2.889756547218e-01 3.713010050251e-06 1.011864607555e-01
4.455612060302e-06 1.534405221101e-01 4.455612060302e-06 1.970000000000e-01 4.455612060302e-06 2.652899528525e-01 4.455612060302e-06 2.888891321674e-01 4.455612060302e-06 1.012392303953e-01
5.198214070352e-06 1.534783347354e-01 5.198214070352e-06 1.970000000000e-01 5.198214070352e-06 2.652899458956e-01 5.198214070352e-06 2.887953939065e-01 5.198214070352e-06 1.012945394233e-01
5.940816080402e-06 1.535193585327e-01 5.940816080402e-06 1.970000000000e-01 5.940816080402e-06 2.652899379056e-01 5.940816080402e-06 2.886938545276e-01 5.940816080402e-06 1.013525284399e-01
6.683418090452e-06 1.535638599518e-01 6.683418090452e-06 1.970000000000e-01 6.683418090452e-06 2.652899287272e-01 6.683418090452e-06 2.885838840000e-01 6.683418090452e-06 1.014133474360e-01
7.426020100503e-06 1.536121264286e-01 7.426020100503e-06 1.970000000000e-01 7.426020100503e-06 2.652899181810e-01 7.426020100503e-06 2.884648047799e-01 7.426020100503e-06 1.014771565395e-01
8.168622110553e-06 1.536644678366e-01 8.168622110553e-06 1.970000000000e-01 8.168622110553e-06 2.652899060598e-01 8.168622110553e-06 2.883358888203e-01 8.168622110553e-06 1.015441268260e-01
8.911224120603e-06 1.537212180017e-01 8.911224120603e-06 1.970000000000e-01 8.911224120603e-06 2.652898921242e-01 8.911224120603e-06 2.881963545009e-01 8.911224120603e-06 1.016144412016e-01
9.653826130653e-06 1.537827362758e-01 9.653826130653e-06 1.970000000000e-01 9.653826130653e-06 2.652898760969e-01 9.653826130653e-06 2.880453634977e-01 9.653826130653e-06 1.016882953650e-01
1.039642814070e-05 1.538494091623e-01 1.039642814070e-05 1.970000000000e-01 1.039642814070e-05 2.652898576565e-01 1.039642814070e-05 2.878820176181e-01 1.039642814070e-05 1.017658988528e-01
1.113903015075e-05 1.539216519857e-01 1.113903015075e-05 1.970000000000e-01 1.113903015075e-05 2.652898364302e-01 1.113903015075e-05 2.877053556325e-01 1.113903015075e-05 1.018474761788e-01
1.188163216080e-05 1.539999105924e-01 1.188163216080e-05 1.970000000000e-01 1.188163216080e-05 2.652898119848e-01 1.188163216080e-05 2.875143501430e-01 1.188163216080e-05 1.019332680745e-01
1.262423417085e-05 1.540846630694e-01 1.262423417085e-05 1.970000000000e-01 1.262423417085e-05 2.652897838160e-01 1.262423417085e-05 2.873079045361e-01 1.262423417085e-05 1.020235328379e-01
1.336683618090e-05 1.541764214619e-01 1.336683618090e-05 1.970000000000e-01 1.336683618090e-05 2.652897513358e-01 1.336683618090e-05 2.870848500749e-01 1.336683618090e-05 1.021185478030e-01
1.410943819095e-05 1.542757334670e-01 1.410943819095e-05 1.970000000000e-01 1.410943819095e-05 2.652897138572e-01 1.410943819095e-05 2.868439432007e-01 1.410943819095e-05 1.022186109376e-01
1.485204020101e-05 1.543831840778e-01 1.485204020101e-05 1.970000000000e-01 1.485204020101e-05 2.652896705759e-01 1.485204020101e-05 2.865838631203e-01 1.485204020101e-05 1.023240425823e-01
1.559464221106e-05 1.544993971435e-01 1.559464221106e-05 1.970000000000e-01 1.559464221106e-05 2.652896205480e-01 1.559464221106e-05 2.863032097722e-01 1.559464221106e-05 1.024351873407e-01
1.633724422111e-05 1.546250368084e-01 1.633724422111e-05 1.970000000000e-01 1.633724422111e-05 2.652895626630e-01 1.633724422111e-05 2.860005022771e-01 1.633724422111e-05 1.025524161335e-01
1.707984623116e-05 1.547608087835e-01 1.707984623116e-05 1.970000000000e-01 1.707984623116e-05 2.652894956108e-01 1.707984623116e-05 2.856741779924e-01 1.707984623116e-05 1.026761284311e-01
1.782244824121e-05 1.549074613986e-01 1.782244824121e-05 1.970000000000e-01 1.782244824121e-05 2.652894178413e-01 1.782244824121e-05 2.853225923081e-01 1.782244824121e-05 1.028067546750e-01
1.856505025126e-05 1.550657863742e-01 1.856505025126e-05 1.970000000000e-01 1.856505025126e-05 2.652893275148e-01 1.856505025126e-05 2.849440193347e-01 1.856505025126e-05 1.029447589059e-01
1.930765226131e-05 1.552366192440e-01 1.930765226131e-05 1.970000000000e-01 1.930765226131e-05 2.652892224400e-01 1.930765226131e-05 2.845366536523e-01 1.930765226131e-05 1.030906416104e-01
2.005025427136e-05 1.554208393507e-01 2.005025427136e-05 1.970000000000e-01 2.005025427136e-05 2.652890999986e-01 2.005025427136e-05 2.840986133049e-01 2.005025427136e-05 1.032449428023e-01
2.079285628141e-05 1.556193693267e-01 2.079285628141e-05 1.970000000000e-01 2.079285628141e-05 2.652889570499e-01 2.079285628141e-05 2.836279442385e-01 2.079285628141e-05 1.034082453544e-01
2.153545829146e-05 1.558331739656e-01 2.153545829146e-05 1.970000000000e-01 2.153545829146e-05 2.652887898124e-01 2.153545829146e-05 2.831226263928e-01 2.153545829146e-05 1.035811785948e-01
2.227806030151e-05 1.560632583786e-01 2.227806030151e-05 1.970000000000e-01 2.227806030151e-05 2.652885937151e-01 2.227806030151e-05 2.825805816685e-01 2.227806030151e-05 1.037644221820e-01
2.302066231156e-05 1.563106653230e-01 2.302066231156e-05 1.970000000000e-01 2.302066231156e-05 2.652883632106e-01 2.302066231156e-05 2.819996839933e-01 2.302066231156e-05 1.039587102747e-01
2.376326432161e-05 1.565764715855e-01 2.376326432161e-05 1.970000000000e-01 2.376326432161e-05 2.652880915386e-01 2.376326432161e-05 2.813777717123e-01 2.376326432161e-05 1.041648360063e-01
2.450586633166e-05 1.568617832960e-01 2.450586633166e-05 1.970000000000e-01 2.450586633166e-05 2.652877704274e-01 2.450586633166e-05 2.807126625155e-01 2.450586633166e-05 1.043836562760e-01
2.524846834171e-05 1.571677300474e-01 2.524846834171e-05 1.970000000000e-01 2.524846834171e-05 2.652873897137e-01 2.524846834171e-05 2.800021711013e-01 2.524846834171e-05 1.046160968645e-01
2.599107035176e-05 1.574954576999e-01 2.599107035176e-05 1.970000000000e-01 2.599107035176e-05 2.652869368602e-01 2.599107035176e-05 2.792441297408e-01 2.599107035176e-05 1.048631578766e-01
2.673367236181e-05 1.578461197542e-01 2.673367236181e-05 1.970000000000e-01 2.673367236181e-05 2.652863963383e-01 2.673367236181e-05 2.784364118676e-01 2.673367236181e-05 1.051259195122e-01
2.747627437186e-05 1.582208671912e-01 2.747627437186e-05 1.970000000000e-01 2.747627437186e-05 2.652857488406e-01 2.747627437186e-05 2.775769587582e-01 2.747627437186e-05 1.054055481563e-01
2.821887638191e-05 1.586208366977e-01 2.821887638191e-05 1.970000000000e-01 2.821887638191e-05 2.652849702705e-01 2.821887638191e-05 2.766638092927e-01 2.821887638191e-05 1.057033027742e-01
2.896147839196e-05 1.590471372230e-01 2.896147839196e-05 1.970000000000e-01 2.896147839196e-05 2.652840304461e-01 2.896147839196e-05 2.756951326923e-01 2.896147839196e-05 1.060205415862e-01
2.970408040201e-05 1.595008348505e-01 2.970408040201e-05 1.970000000000e-01 2.970408040201e-05 2.652828914340e-01 2.970408040201e-05 2.746692640219e-01 2.970408040201e-05 1.063587289847e-01
3.044668241206e-05 1.599829360160e-01 3.044668241206e-05 1.970000000000e-01 3.044668241206e-05 2.652815054033e-01 3.044668241206e-05 2.735847421132e-01 3.044668241206e-05 1.067194426413e-01
3.118928442211e-05 1.604943691598e-01 3.118928442211e-05 1.970000000000e-01 3.118928442211e-05 2.652798118608e-01 3.118928442211e-05 2.724403494246e-01 3.118928442211e-05 1.071043807336e-01
3.193188643216e-05 1.610359649694e-01 3.193188643216e-05 1.970000000000e-01 3.193188643216e-05 2.652777340809e-01 3.193188643216e-05 2.712351531957e-01 3.193188643216e-05 1.075153692003e-01
3.267448844221e-05 1.616084354459e-01 3.267448844221e-05 1.970000000000e-01 3.267448844221e-05 2.652751744956e-01 3.267448844221e-05 2.699685470947e-01 3.267448844221e-05 1.079543689072e-01
3.341709045226e-05 1.622123521115e-01 3.341709045226e-05 1.970000000000e-01 3.341709045226e-05 2.652720087329e-01 3.341709045226e-05 2.686402923935e-01 3.341709045226e-05 1.084234825775e-01
3.415969246231e-05 1.628481237652e-01 3.415969246231e-05 1.970000000000e-01 3.415969246231e-05 2.652680779041e-01 3.415969246231e-05 2.672505575546e-01 3.415969246231e-05 1.089249613054e-01
3.490229447236e-05 1.635159742869e-01 3.490229447236e-05 1.970000000000e-01 3.490229447236e-05 2.652631786203e-01 3.490229447236e-05 2.657999549807e-01 3.490229447236e-05 1.094612104332e-01
3.564489648241e-05 1.642159210755e-01 3.564489648241e-05 1.970000000000e-01 3.564489648241e-05 2.652570500636e-01 3.564489648241e-05 2.642895735786e-01 3.564489648241e-05 1.100347945270e-01
3.638749849246e-05 1.649477547884e-01 3.638749849246e-05 1.970000000000e-01 3.638749849246e-05 2.652493572413e-01 3.638749849246e-05 2.627210057289e-01 3.638749849246e-05 1.106484411380e-01
3.713010050251e-05 1.657110211126e-01 3.713010050251e-05 1.970000000000e-01 3.713010050251e-05 2.652396692958e-01 3.713010050251e-05 2.610963672536e-01 3.713010050251e-05 1.113050429822e-01
3.787270251256e-05 1.665050053374e-01 3.787270251256e-05 1.970000000000e-01 3.787270251256e-05 2.652274314157e-01 3.787270251256e-05 2.594183090341e-01 3.787270251256e-05 1.120076581152e-01
3.861530452261e-05 1.673287205162e-01 3.861530452261e-05 1.970000000000e-01 3.861530452261e-05 2.652119284790e-01 3.861530452261e-05 2.576900190687e-01 3.861530452261e-05 1.127595076168e-01
3.935790653266e-05 1.681808999741e-01 3.935790653266e-05 1.970000000000e-01 3.935790653266e-05 2.651922380309e-01 3.935790653266e-05 2.559152139714e-01 3.935790653266e-05 1.135639702432e-01
4.010050854271e-05 1.690599948630e-01 4.010050854271e-05 1.970000000000e-01 4.010050854271e-05 2.651671695432e-01 4.010050854271e-05 2.540981191957e-01 4.010050854271e-05 1.144245734456e-01
4.084311055276e-05 1.699641773522e-01 4.084311055276e-05 1.970000000000e-01 4.084311055276e-05 2.651351860891e-01 4.084311055276e-05 2.522434376271e-01 4.084311055276e-05 1.153449801020e-01
4.158571256281e-05 1.708913498983e-01 4.158571256281e-05 1.970000000000e-01 4.158571256281e-05 2.650943035872e-01 4.158571256281e-05 2.503563065884e-01 4.158571256281e-05 1.163289702730e-01
4.232831457286e-05 1.718391608447e-01 4.232831457286e-05 1.970000000000e-01 4.232831457286e-05 2.650419616207e-01 4.232831457286e-05 2.484422437512e-01 4.232831457286e-05 1.173804172641e-01
4.307091658291e-05 1.728050263829e-01 4.307091658291e-05 1.970000000000e-01 4.307091658291e-05 2.649748585550e-01 4.307091658291e-05 2.465070828945e-01 4.307091658291e-05 1.185032572858e-01
4.381351859296e-05 1.737861586582e-01 4.381351859296e-05 1.970000000000e-01 4.381351859296e-05 2.648887423637e-01 4.381351859296e-05 2.445569008949e-01 4.381351859296e-05 1.197014520321e-01
4.455612060302e-05 1.747795995498e-01 4.455612060302e-05 1.970000000000e-01 4.455612060302e-05 2.647781474436e-01 4.455612060302e-05 2.425979377248e-01 4.455612060302e-05 1.209789435805e-01
4.529872261307e-05 1.757822594066e-01 4.529872261307e-05 1.970000000000e-01 4.529872261307e-05 2.646360671769e-01 4.529872261307e-05 2.406365115583e-01 4.529872261307e-05 1.223396011445e-01
4.604132462312e-05 1.767909597904e-01 4.604132462312e-05 1.970000000000e-01 4.604132462312e-05 2.644535528300e-01 4.604132462312e-05 2.386789313193e-01 4.604132462312e-05 1.237871594010e-01
4.678392663317e-05 1.778024790885e-01 4.678392663317e-05 1.970000000000e-01 4.678392663317e-05 2.642192328394e-01 4.678392663317e-05 2.367314091236e-01 4.678392663317e-05 1.253251483810e-01
4.752652864322e-05 1.788135997211e-01 4.752652864322e-05 1.970000000000e-01 4.752652864322e-05 2.639187546401e-01 4.752652864322e-05 2.347999750738e-01 4.752652864322e-05 1.269568152460e-01
4.826913065327e-05 1.798211555859e-01 4.826913065327e-05 1.970000000000e-01 4.826913065327e-05 2.635341670015e-01 4.826913065327e-05 2.328903967466e-01 4.826913065327e-05 1.286850386919e-01
4.901173266332e-05 1.808220783780e-01 4.901173266332e-05 1.970000000000e-01 4.901173266332e-05 2.630432885636e-01 4.901173266332e-05 2.310081054868e-01 4.901173266332e-05 1.305122372115e-01
4.975433467337e-05 1.818134414744e-01 4.975433467337e-05 1.970000000000e-01 4.975433467337e-05 2.624191530350e-01 4.975433467337e-05 2.291581313046e-01 4.975433467337e-05 1.324402729964e-01
5.049693668342e-05 1.827925001976e-01 5.049693668342e-05 1.970000000000e-01 5.049693668342e-05 2.616296880124e-01 5.049693668342e-05 2.273450477769e-01 5.049693668342e-05 1.344703538533e-01
5.123953869347e-05 1.837567274467e-01 5.123953869347e-05 1.970000000000e-01 5.123953869347e-05 2.606378734088e-01 5.123953869347e-05 2.255729279196e-01 5.123953869347e-05 1.366029361045e-01
5.198214070352e-05 1.847038438998e-01 5.198214070352e-05 1.970000000000e-01 5.198214070352e-05 2.594027270848e-01 5.198214070352e-05 2.238453115443e-01 5.198214070352e-05 1.388376320139e-01
5.272474271357e-05 1.856318422387e-01 5.272474271357e-05 1.970000000000e-01 5.272474271357e-05 2.578815478470e-01 5.272474271357e-05 2.221651841681e-01 5.272474271357e-05 1.411731257500e-01
5.346734472362e-05 1.865390050967e-01 5.346734472362e-05 1.970000000000e-01 5.346734472362e-05 2.560338441357e-01 5.346734472362e-05 2.205349671363e-01 5.346734472362e-05 1.436071022389e-01
5.420994673367e-05 1.874239166825e-01 5.420994673367e-05 1.970000000000e-01 5.420994673367e-05 2.538271886356e-01 5.420994673367e-05 2.189565182631e-01 5.420994673367e-05 1.461361933796e-01
5.495254874372e-05 1.882854682610e-01 5.495254874372e-05 1.970000000000e-01 5.495254874372e-05 2.512447550029e-01 5.495254874372e-05 2.174311420049e-01 5.495254874372e-05 1.487559459679e-01
5.569515075377e-05 1.891228578687e-01 5.569515075377e-05 1.970000000000e-01 5.569515075377e-05 2.482934798571e-01 5.569515075377e-05 2.159596079664e-01 5.569515075377e-05 1.514608152302e-01
5.643775276382e-05 1.899355848069e-01 5.643775276382e-05 1.970000000000e-01 5.643775276382e-05 2.450108286607e-01 5.643775276382e-05 2.145421764030e-01 5.643775276382e-05 1.542441871070e-01
5.718035477387e-05 1.907234395671e-01 5.718035477387e-05 1.970000000000e-01 5.718035477387e-05 2.414675075071e-01 5.718035477387e-05 2.131786293157e-01 5.718035477387e-05 1.570984313420e-01
5.792295678392e-05 1.914864899243e-01 5.792295678392e-05 1.970000000000e-01 5.792295678392e-05 2.377638049654e-01 5.792295678392e-05 2.118683057372e-01 5.792295678392e-05 1.600149860631e-01
5.866555879397e-05 1.922250639599e-01 5.866555879397e-05 1.970000000000e-01 5.866555879397e-05 2.340189338856e-01 5.866555879397e-05 2.106101398633e-01 5.866555879397e-05 1.629844729753e-01
5.940816080402e-05 1.929397307772e-01 5.940816080402e-05 1.970000000000e-01 5.940816080402e-05 2.303553155969e-01 5.940816080402e-05 2.094027007842e-01 5.940816080402e-05 1.659968406144e-01
6.015076281407e-05 1.936312796316e-01 6.015076281407e-05 1.970000000000e-01 6.015076281407e-05 2.268819103364e-01 6.015076281407e-05 2.082442327047e-01 6.015076281407e-05 1.690415314744e-01
6.089336482412e-05 1.943006981408e-01 6.089336482412e-05 1.970000000000e-01 6.089336482412e-05 2.236811282641e-01 6.089336482412e-05 2.071326946941e-01 6.089336482412e-05 1.721076673559e-01
6.163596683417e-05 1.949491501597e-01 6.163596683417e-05 1.970000000000e-01 6.163596683417e-05 2.208022752856e-01 6.163596683417e-05 2.060657991703e-01 6.163596683417e-05 1.751842461254e-01
6.237856884422e-05 1.955779538159e-01 6.237856884422e-05 1.970000000000e-01 6.237856884422e-05 2.182618985147e-01 6.237856884422e-05 2.050410484899e-01 6.237856884422e-05 1.782603423313e-01
6.312117085427e-05 1.961885601088e-01 6.312117085427e-05 1.970000000000e-01 6.312117085427e-05 2.160492405815e-01 6.312117085427e-05 2.040557691710e-01 6.312117085427e-05 1.813253038730e-01
6.386377286432e-05 1.967825323791e-01 6.386377286432e-05 1.970000000000e-01 6.386377286432e-05 2.141341336560e-01 6.386377286432e-05 2.031071434266e-01 6.386377286432e-05 1.843689371807e-01
6.460637487437e-05 1.973615268679e-01 6.460637487437e-05 1.970000000000e-01 6.460637487437e-05 2.124749806938e-01 6.460637487437e-05 2.021922378173e-01 6.460637487437e-05 1.873816741177e-01
6.534897688442e-05 1.979272744995e-01 6.534897688442e-05 1.970000000000e-01 6.534897688442e-05 2.110253777023e-01 6.534897688442e-05 2.013080289487e-01 6.534897688442e-05 1.903547149841e-01
6.609157889447e-05 1.984815639505e-01 6.609157889447e-05 1.970000000000e-01 6.609157889447e-05 2.097388435750e-01 6.609157889447e-05 2.004514262373e-01 6.609157889447e-05 1.932801434690e-01
6.683418090452e-05 1.990262260032e-01 6.683418090452e-05 1.970000000000e-01 6.683418090452e-05 2.085717464503e-01 6.683418090452e-05 1.996192918483e-01 6.683418090452e-05 1.961510110426e-01
6.757678291457e-05 1.995631191292e-01 6.757678291457e-05 1.970000000000e-01 6.757678291457e-05 2.074848123625e-01 6.757678291457e-05 1.988084579763e-01 6.757678291457e-05 1.989613899442e-01
6.831938492462e-05 2.000941162068e-01 6.831938492462e-05 1.970000000000e-01 6.831938492462e-05 2.064436655313e-01 6.831938492462e-05 1.980157416843e-01 6.831938492462e-05 2.017063954910e-01
6.906198693467e-05 2.006210922460e-01 6.906198693467e-05 1.970000000000e-01 6.906198693467e-05 2.054187910238e-01 6.906198693467e-05 1.972379575574e-01 6.906198693467e-05 2.043821797945e-01
6.980458894472e-05 2.011459129714e-01 6.980458894472e-05 1.970000000000e-01 6.980458894472e-05 2.043852105148e-01 6.980458894472e-05 1.964719284494e-01 6.980458894472e-05 2.069859000475e-01
7.054719095477e-05 2.016704241000e-01 7.054719095477e-05 1.970000000000e-01 7.054719095477e-05 2.033220642894e-01 7.054719095477e-05 1.957144946161e-01 7.054719095477e-05 2.095156653055e-01
7.128979296482e-05 2.021964411493e-01 7.128979296482e-05 1.970000000000e-01 7.128979296482e-05 2.022122145185e-01 7.128979296482e-05 1.949625215366e-01 7.128979296482e-05 2.119704661154e-01
7.203239497487e-05 2.027257396092e-01 7.203239497487e-05 1.970000000000e-01 7.203239497487e-05 2.010419285590e-01 7.203239497487e-05 1.942129067243e-01 7.203239497487e-05 2.143500914737e-01
7.277499698492e-05 2.032600453234e-01 7.277499698492e-05 1.970000000000e-01 7.277499698492e-05 1.998006628733e-01 7.277499698492e-05 1.934625858253e-01 7.277499698492e-05 2.166550374621e-01
7.351759899497e-05 2.038010249395e-01 7.351759899497e-05 1.970000000000e-01 7.351759899497e-05 1.984809430866e-01 7.351759899497e-05 1.927085382913e-01 7.351759899497e-05 2.188864115729e-01
7.426020100503e-05 2.043502763072e-01 7.426020100503e-05 1.970000000000e-01 7.426020100503e-05 1.970783194243e-01 7.426020100503e-05 1.919477929064e-01 7.426020100503e-05 2.210458362518e-01
7.500280301508e-05 2.049093187303e-01 7.500280301508e-05 1.970000000000e-01 7.500280301508e-05 1.955913664454e-01 7.500280301508e-05 1.911774334257e-01 7.500280301508e-05 2.231353546221e-01
7.574540502513e-05 2.054795830049e-01 7.574540502513e-05 1.970000000000e-01 7.574540502513e-05 1.940216901203e-01 7.574540502513e-05 1.903946045738e-01 7.574540502513e-05 2.251573407514e-01
7.648800703518e-05 2.060624012137e-01 7.648800703518e-05 1.970000000000e-01 7.648800703518e-05 1.923739034245e-01 7.648800703518e-05 1.895965186234e-01 7.648800703518e-05 2.271144162299e-01
7.723060904523e-05 2.066589962786e-01 7.723060904523e-05 1.970000000000e-01 7.723060904523e-05 1.906555338746e-01 7.723060904523e-05 1.887804627587e-01 7.723060904523e-05 2.290093742785e-01
7.797321105528e-05 2.072704713159e-01 7.797321105528e-05 1.970000000000e-01 7.797321105528e-05 1.888768330363e-01 7.797321105528e-05 1.879438073954e-01 7.797321105528e-05 2.308451121142e-01
7.871581306533e-05 2.078977988784e-01 7.871581306533e-05 1.970000000000e-01 7.871581306533e-05 1.870504688732e-01 7.871581306533e-05 1.870840156074e-01 7.871581306533e-05 2.326245718860e-01
7.945841507538e-05 2.085418102101e-01 7.945841507538e-05 1.970000000000e-01 7.945841507538e-05 1.851910960821e-01 7.945841507538e-05 1.861986537716e-01 7.945841507538e-05 2.343506901519e-01
8.020101708543e-05 2.092031846826e-01 8.020101708543e-05 1.970000000000e-01 8.020101708543e-05 1.833148156691e-01 8.020101708543e-05 1.852854035084e-01 8.020101708543e-05 2.360263556100e-01
8.094361909548e-05 2.098824396177e-01 8.094361909548e-05 1.970000000000e-01 8.094361909548e-05 1.814385506833e-01 8.094361909548e-05 1.843420749556e-01 8.094361909548e-05 2.376543746004e-01
8.168622110553e-05 2.105799207419e-01 8.168622110553e-05 1.970000000000e-01 8.168622110553e-05 1.795793777221e-01 8.168622110553e-05 1.833666213646e-01 8.168622110553e-05 2.392374437665e-01
8.242882311558e-05 2.112957935422e-01 8.242882311558e-05 1.970000000000e-01 8.242882311558e-05 1.777538613330e-01 8.242882311558e-05 1.823571549604e-01 8.242882311558e-05 2.407781291847e-01
8.317142512563e-05 2.120300358224e-01 8.317142512563e-05 1.970000000000e-01 8.317142512563e-05 1.759774394315e-01 8.317142512563e-05 1.813119639504e-01 8.317142512563e-05 2.422788512355e-01
8.391402713568e-05 2.127824317657e-01 8.391402713568e-05 1.970000000000e-01 8.391402713568e-05 1.742639022571e-01 8.391402713568e-05 1.802295305110e-01 8.391402713568e-05 2.437418744876e-01
8.465662914573e-05 2.135525678149e-01 8.465662914573e-05 1.970000000000e-01 8.465662914573e-05 1.726249963708e-01 8.465662914573e-05 1.791085495170e-01 8.465662914573e-05 2.451693018873e-01
8.539923115578e-05 2.143398306711e-01 8.539923115578e-05 1.970000000000e-01 8.539923115578e-05 1.710701709128e-01 8.539923115578e-05 1.779479477181e-01 8.539923115578e-05 2.465630725836e-01
8.614183316583e-05 2.151434076817e-01 8.614183316583e-05 1.970000000000e-01 8.614183316583e-05 1.696064683251e-01 8.614183316583e-05 1.767469030025e-01 8.614183316583e-05 2.479249627741e-01
8.688443517588e-05 2.159622898559e-01 8.688443517588e-05 1.970000000000e-01 8.688443517588e-05 1.682385483504e-01 8.688443517588e-05 1.755048633310e-01 8.688443517588e-05 2.492565890086e-01
8.762703718593e-05 2.167952776841e-01 8.762703718593e-05 1.970000000000e-01 8.762703718593e-05 1.669688240524e-01 8.762703718593e-05 1.742215648644e-01 8.762703718593e-05 2.505594134509e-01
8.836963919598e-05 2.176409898751e-01 8.836963919598e-05 1.970000000000e-01 8.836963919598e-05 1.657976826516e-01 8.836963919598e-05 1.728970487671e-01 8.836963919598e-05 2.518347506570e-01
8.911224120603e-05 2.184978750442e-01 8.911224120603e-05 1.970000000000e-01 8.911224120603e-05 1.647237621138e-01 8.911224120603e-05 1.715316761286e-01 8.911224120603e-05 2.530837754870e-01
8.985484321608e-05 2.193642262957e-01 8.985484321608e-05 1.970000000000e-01 8.985484321608e-05 1.637442559702e-01 8.985484321608e-05 1.701261404292e-01 8.985484321608e-05 2.543075318194e-01
9.059744522613e-05 2.202381985531e-01 9.059744522613e-05 1.970000000000e-01 9.059744522613e-05 1.628552227582e-01 9.059744522613e-05 1.686814769687e-01 9.059744522613e-05 2.555069417889e-01
9.134004723618e-05 2.211178283957e-01 9.134004723618e-05 1.970000000000e-01 9.134004723618e-05 1.620518816665e-01 9.134004723618e-05 1.671990687007e-01 9.134004723618e-05 2.566828153125e-01
9.208264924623e-05 2.220010560686e-01 9.208264924623e-05 1.970000000000e-01 9.208264924623e-05 1.613288814821e-01 9.208264924623e-05 1.656806479509e-01 9.208264924623e-05 2.578358597092e-01
9.282525125628e-05 2.228857492550e-01 9.282525125628e-05 1.970000000000e-01 9.282525125628e-05 1.606805350740e-01 9.282525125628e-05 1.641282935668e-01 9.282525125628e-05 2.589666892534e-01
9.356785326633e-05 2.237697281304e-01 9.356785326633e-05 1.970000000000e-01 9.356785326633e-05 1.601010159786e-01 9.356785326633e-05 1.625444231344e-01 9.356785326633e-05 2.600758345349e-01
9.431045527638e-05 2.246507911648e-01 9.431045527638e-05 1.970000000000e-01 9.431045527638e-05 1.595845169851e-01 9.431045527638e-05 1.609317800101e-01 9.431045527638e-05 2.611637515232e-01
9.505305728643e-05 2.255267411127e-01 9.505305728643e-05 1.970000000000e-01 9.505305728643e-05 1.591253729609e-01 9.505305728643e-05 1.592934150496e-01 9.505305728643e-05 2.622308302575e-01
9.579565929648e-05 2.263954106162e-01 9.579565929648e-05 1.970000000000e-01 9.579565929648e-05 1.587181516110e-01 9.579565929648e-05 1.576326630632e-01 9.579565929648e-05 2.632774031056e-01
9.653826130653e-05 2.272546868635e-01 9.653826130653e-05 1.970000000000e-01 9.653826130653e-05 1.583577165992e-01 9.653826130653e-05 1.559531141899e-01 9.653826130653e-05 2.643037525469e-01
9.728086331658e-05 2.281025347763e-01 9.728086331658e-05 1.970000000000e-01 9.728086331658e-05 1.580392676618e-01 9.728086331658e-05 1.542585805425e-01 9.728086331658e-05 2.653101184538e-01
9.802346532663e-05 2.289370182578e-01 9.802346532663e-05 1.970000000000e-01 9.802346532663e-05 1.577583621761e-01 9.802346532663e-05 1.525530586393e-01 9.802346532663e-05 2.662967048536e-01
9.876606733668e-05 2.297563190996e-01 9.876606733668e-05 1.970000000000e-01 9.876606733668e-05 1.575109222505e-01 9.876606733668e-05 1.508406882845e-01 9.876606733668e-05 2.672636861651e-01
9.950866934673e-05 2.305587532321e-01 9.950866934673e-05 1.970000000000e-01 9.950866934673e-05 1.572932308932e-01 9.950866934673e-05 1.491257086909e-01 9.950866934673e-05 2.682112129108e-01
1.002512713568e-04 2.313427840924e-01 1.002512713568e-04 1.970000000000e-01 1.002512713568e-04 1.571019202610e-01 1.002512713568e-04 1.474124127412e-01 1.002512713568e-04 2.691394169112e-01
1.009938733668e-04 2.321070329799e-01 1.009938733668e-04 1.970000000000e-01 1.009938733668e-04 1.569339544546e-01 1.009938733668e-04 1.457051003552e-01 1.009938733668e-04 2.700484159766e-01
1.017364753769e-04 2.328502863608e-01 1.017364753769e-04 1.970000000000e-01 1.017364753769e-04 1.567866088251e-01 1.017364753769e-04 1.440080319687e-01 1.017364753769e-04 2.709383181099e-01
1.024790773869e-04 2.335715001731e-01 1.024790773869e-04 1.970000000000e-01 1.024790773869e-04 1.566574473247e-01 1.024790773869e-04 1.423253831250e-01 1.024790773869e-04 2.718092252438e-01
1.032216793970e-04 2.342698012609e-01 1.032216793970e-04 1.970000000000e-01 1.032216793970e-04 1.565442990615e-01 1.032216793970e-04 1.406612011430e-01 1.032216793970e-04 2.726612365324e-01
1.039642814070e-04 2.349444861342e-01 1.039642814070e-04 1.970000000000e-01 1.039642814070e-04 1.564452349112e-01 1.039642814070e-04 1.390193647495e-01 1.039642814070e-04 2.734944512224e-01
1.047068834171e-04 2.355950173063e-01 1.047068834171e-04 1.970000000000e-01 1.047068834171e-04 1.563585447931e-01 1.047068834171e-04 1.374035474561e-01 1.047068834171e-04 2.743089711291e-01
1.054494854271e-04 2.362210174984e-01 1.054494854271e-04 1.970000000000e-01 1.054494854271e-04 1.562827160183e-01 1.054494854271e-04 1.358171853315e-01 1.054494854271e-04 2.751049027437e-01
1.061920874372e-04 2.368222620292e-01 1.061920874372e-04 1.970000000000e-01 1.061920874372e-04 1.562164129727e-01 1.061920874372e-04 1.342634496689e-01 1.061920874372e-04 2.758823589973e-01
1.069346894472e-04 2.373986697171e-01 1.069346894472e-04 1.970000000000e-01 1.069346894472e-04 1.561584582759e-01 1.069346894472e-04 1.327452248863e-01 1.069346894472e-04 2.766414607088e-01
1.076772914573e-04 2.379502926256e-01 1.076772914573e-04 1.970000000000e-01 1.076772914573e-04 1.561078154792e-01 1.076772914573e-04 1.312650918361e-01 1.076772914573e-04 2.773823377426e-01
1.084198934673e-04 2.384773049691e-01 1.084198934673e-04 1.970000000000e-01 1.084198934673e-04 1.560635732993e-01 1.084198934673e-04 1.298253165408e-01 1.084198934673e-04 2.781051299008e-01
1.091624954774e-04 2.389799914793e-01 1.091624954774e-04 1.970000000000e-01 1.091624954774e-04 1.560249313458e-01 1.091624954774e-04 1.284278442228e-01 1.091624954774e-04 2.788099875758e-01
1.099050974874e-04 2.394587355075e-01 1.099050974874e-04 1.970000000000e-01 1.099050974874e-04 1.559911872701e-01 1.099050974874e-04 1.270742983678e-01 1.099050974874e-04 2.794970721868e-01
1.106476994975e-04 2.399140071040e-01 1.106476994975e-04 1.970000000000e-01 1.106476994975e-04 1.559617252472e-01 1.106476994975e-04 1.257659844473e-01 1.106476994975e-04 2.801665564223e-01
1.113903015075e-04 2.403463512883e-01 1.113903015075e-04 1.970000000000e-01 1.113903015075e-04 1.559360056909e-01 1.113903015075e-04 1.245038978427e-01 1.113903015075e-04 2.808186243113e-01
1.121329035176e-04 2.407563766863e-01 1.121329035176e-04 1.970000000000e-01 1.121329035176e-04 1.559135561013e-01 1.121329035176e-04 1.232887354459e-01 1.121329035176e-04 2.814534711443e-01
1.128755055276e-04 2.411447446778e-01 1.128755055276e-04 1.970000000000e-01 1.128755055276e-04 1.558939629412e-01 1.128755055276e-04 1.221209103753e-01 1.128755055276e-04 2.820713032612e-01
1.136181075377e-04 2.415121591651e-01 1.136181075377e-04 1.970000000000e-01 1.136181075377e-04 1.558768644448e-01 1.136181075377e-04 1.210005692276e-01 1.136181075377e-04 2.826723377279e-01
1.143607095477e-04 2.418593570465e-01 1.143607095477e-04 1.970000000000e-01 1.143607095477e-04 1.558619442618e-01 1.143607095477e-04 1.199276112898e-01 1.143607095477e-04 2.832568019145e-01
1.151033115578e-04 2.421870994451e-01 1.151033115578e-04 1.970000000000e-01 1.151033115578e-04 1.558489258531e-01 1.151033115578e-04 1.189017091560e-01 1.151033115578e-04 2.838249329943e-01
1.158459135678e-04 2.424961637277e-01 1.158459135678e-04 1.970000000000e-01 1.158459135678e-04 1.558375675534e-01 1.158459135678e-04 1.179223302286e-01 1.158459135678e-04 2.843769773753e-01
1.165885155779e-04 2.427873363196e-01 1.165885155779e-04 1.970000000000e-01 1.165885155779e-04 1.558276582295e-01 1.165885155779e-04 1.169887586287e-01 1.165885155779e-04 2.849131900799e-01
1.173311175879e-04 2.430614063113e-01 1.173311175879e-04 1.970000000000e-01 1.173311175879e-04 1.558190134652e-01 1.173311175879e-04 1.161001170940e-01 1.173311175879e-04 2.854338340825e-01
1.180737195980e-04 2.433191598337e-01 1.180737195980e-04 1.970000000000e-01 1.180737195980e-04 1.558114722127e-01 1.180737195980e-04 1.152553884970e-01 1.180737195980e-04 2.859391796171e-01
1.188163216080e-04 2.435613751709e-01 1.188163216080e-04 1.970000000000e-01 1.188163216080e-04 1.558048938564e-01 1.188163216080e-04 1.144534366789e-01 1.188163216080e-04 2.864295034652e-01
1.195589236181e-04 2.437888185696e-01 1.195589236181e-04 1.970000000000e-01 1.195589236181e-04 1.557991556392e-01 1.195589236181e-04 1.136930263487e-01 1.195589236181e-04 2.869050882314e-01
1.203015256281e-04 2.440022406996e-01 1.203015256281e-04 1.970000000000e-01 1.203015256281e-04 1.557941504087e-01 1.203015256281e-04 1.129728418549e-01 1.203015256281e-04 2.873662216156e-01
1.210441276382e-04 2.442023737155e-01 1.210441276382e-04 1.970000000000e-01 1.210441276382e-04 1.557897846443e-01 1.210441276382e-04 1.122915046876e-01 1.210441276382e-04 2.878131956879e-01
1.217867296482e-04 2.443899288671e-01 1.217867296482e-04 1.970000000000e-01 1.217867296482e-04 1.557859767314e-01 1.217867296482e-04 1.116475896162e-01 1.217867296482e-04 2.882463061724e-01
1.225293316583e-04 2.445655946078e-01 1.225293316583e-04 1.970000000000e-01 1.225293316583e-04 1.557826554519e-01 1.225293316583e-04 1.110396394089e-01 1.225293316583e-04 2.886658517453e-01
1.232719336683e-04 2.447300351488e-01 1.232719336683e-04 1.970000000000e-01 1.232719336683e-04 1.557797586645e-01 1.232719336683e-04 1.104661781158e-01 1.232719336683e-04 2.890721333514e-01
1.240145356784e-04 2.448838894092e-01 1.240145356784e-04 1.970000000000e-01 1.240145356784e-04 1.557772321516e-01 1.240145356784e-04 1.099257229261e-01 1.240145356784e-04 2.894654535421e-01
1.247571376884e-04 2.450277703148e-01 1.247571376884e-04 1.970000000000e-01 1.247571376884e-04 1.557750286118e-01 1.247571376884e-04 1.094167946385e-01 1.247571376884e-04 2.898461158393e-01
1.254997396985e-04 2.451622644018e-01 1.254997396985e-04 1.970000000000e-01 1.254997396985e-04 1.557731067795e-01 1.254997396985e-04 1.089379267964e-01 1.254997396985e-04 2.902144241264e-01
1.262423417085e-04 2.452879316815e-01 1.262423417085e-04 1.970000000000e-01 1.262423417085e-04 1.557714306564e-01 1.262423417085e-04 1.084876735608e-01 1.262423417085e-04 2.905706820687e-01
1.269849437186e-04 2.454053057311e-01 1.269849437186e-04 1.970000000000e-01 1.269849437186e-04 1.557699688405e-01 1.269849437186e-04 1.080646163995e-01 1.269849437186e-04 2.909151925646e-01
1.277275457286e-04 2.455148939721e-01 1.277275457286e-04 1.970000000000e-01 1.277275457286e-04 1.557686939401e-01 1.277275457286e-04 1.076673696809e-01 1.277275457286e-04 2.912482572292e-01
1.284701477387e-04 2.456171781083e-01 1.284701477387e-04 1.970000000000e-01 1.284701477387e-04 1.557675820622e-01 1.284701477387e-04 1.072945852622e-01 1.284701477387e-04 2.915701759097e-01
1.292127497487e-04 2.457126146921e-01 1.292127497487e-04 1.970000000000e-01 1.292127497487e-04 1.557666123666e-01 1.292127497487e-04 1.069449561650e-01 1.292127497487e-04 2.918812462341e-01
1.299553517588e-04 2.458016357958e-01 1.299553517588e-04 1.970000000000e-01 1.299553517588e-04 1.557657666755e-01 1.299553517588e-04 1.066172194283e-01 1.299553517588e-04 2.921817631921e-01
1.306979537688e-04 2.458846497648e-01 1.306979537688e-04 1.970000000000e-01 1.306979537688e-04 1.557650291345e-01 1.306979537688e-04 1.063101582287e-01 1.306979537688e-04 2.924720187490e-01
1.314405557789e-04 2.459620420341e-01 1.314405557789e-04 1.970000000000e-01 1.314405557789e-04 1.557643859153e-01 1.314405557789e-04 1.060226033517e-01 1.314405557789e-04 2.927523014913e-01
1.321831577889e-04 2.460341759893e-01 1.321831577889e-04 1.970000000000e-01 1.321831577889e-04 1.557638249571e-01 1.321831577889e-04 1.057534340944e-01 1.321831577889e-04 2.930228963036e-01
1.329257597990e-04 2.461013938603e-01 1.329257597990e-04 1.970000000000e-01 1.329257597990e-04 1.557633357411e-01 1.329257597990e-04 1.055015786750e-01 1.329257597990e-04 2.932840840760e-01
1.336683618090e-04 2.461640176316e-01 1.336683618090e-04 1.970000000000e-01 1.336683618090e-04 1.557629090930e-01 1.336683618090e-04 1.052660142171e-01 1.336683618090e-04 2.935361414411e-01
1.344109638191e-04 2.462223499622e-01 1.344109638191e-04 1.970000000000e-01 1.344109638191e-04 1.557625370116e-01 1.344109638191e-04 1.050457663734e-01 1.344109638191e-04 2.937793405392e-01
1.351535658291e-04 2.462766751036e-01 1.351535658291e-04 1.970000000000e-01 1.351535658291e-04 1.557622125185e-01 1.351535658291e-04 1.048399086462e-01 1.351535658291e-04 2.940139488105e-01
1.358961678392e-04 2.463272598087e-01 1.358961678392e-04 1.970000000000e-01 1.358961678392e-04 1.557619295278e-01 1.358961678392e-04 1.046475614557e-01 1.358961678392e-04 2.942402288144e-01
1.366387698492e-04 2.463743542277e-01 1.366387698492e-04 1.970000000000e-01 1.366387698492e-04 1.557616827318e-01 1.366387698492e-04 1.044678910036e-01 1.366387698492e-04 2.944584380720e-01
1.373813718593e-04 2.464181927825e-01 1.373813718593e-04 1.970000000000e-01 1.373813718593e-04 1.557614675013e-01 1.373813718593e-04 1.043001079727e-01 1.373813718593e-04 2.946688289336e-01
1.381239738693e-04 2.464589950186e-01 1.381239738693e-04 1.970000000000e-01 1.381239738693e-04 1.557612797993e-01 1.381239738693e-04 1.041434660989e-01 1.381239738693e-04 2.948716484670e-01
1.388665758794e-04 2.464969664305e-01 1.388665758794e-04 1.970000000000e-01 1.388665758794e-04 1.557611161050e-01 1.388665758794e-04 1.039972606472e-01 1.388665758794e-04 2.950671383679e-01
1.396091778894e-04 2.465322992575e-01 1.396091778894e-04 1.970000000000e-01 1.396091778894e-04 1.557609733478e-01 1.396091778894e-04 1.038608268197e-01 1.396091778894e-04 2.952555348887e-01
1.403517798995e-04 2.465651732496e-01 1.403517798995e-04 1.970000000000e-01 1.403517798995e-04 1.557608488500e-01 1.403517798995e-04 1.037335381194e-01 1.403517798995e-04 2.954370687864e-01
1.410943819095e-04 2.465957564010e-01 1.410943819095e-04 1.970000000000e-01 1.410943819095e-04 1.557607402760e-01 1.410943819095e-04 1.036148046896e-01 1.410943819095e-04 2.956119652872e-01
1.418369839196e-04 2.466242056527e-01 1.418369839196e-04 1.970000000000e-01 1.418369839196e-04 1.557606455893e-01 1.418369839196e-04 1.035040716470e-01 1.418369839196e-04 2.957804440666e-01
1.425795859296e-04 2.466506675608e-01 1.425795859296e-04 1.970000000000e-01 1.425795859296e-04 1.557605630136e-01 1.425795859296e-04 1.034008174221e-01 1.425795859296e-04 2.959427192446e-01
1.433221879397e-04 2.466752789339e-01 1.433221879397e-04 1.970000000000e-01 1.433221879397e-04 1.557604909998e-01 1.433221879397e-04 1.033045521198e-01 1.433221879397e-04 2.960989993936e-01
1.440647899497e-04 2.466981674379e-01 1.440647899497e-04 1.970000000000e-01 1.440647899497e-04 1.557604281971e-01 1.440647899497e-04 1.032148159096e-01 1.440647899497e-04 2.962494875598e-01
1.448073919598e-04 2.467194521691e-01 1.448073919598e-04 1.970000000000e-01 1.448073919598e-04 1.557603734273e-01 1.448073919598e-04 1.031311774534e-01 1.448073919598e-04 2.963943812939e-01
1.455499939698e-04 2.467392441969e-01 1.455499939698e-04 1.970000000000e-01 1.455499939698e-04 1.557603256629e-01 1.455499939698e-04 1.030532323773e-01 1.455499939698e-04 2.965338726945e-01
1.462925959799e-04 2.467576470768e-01 1.462925959799e-04 1.970000000000e-01 1.462925959799e-04 1.557602840080e-01 1.462925959799e-04 1.029806017921e-01 1.462925959799e-04 2.966681484582e-01
1.470351979899e-04 2.467747573341e-01 1.470351979899e-04 1.970000000000e-01 1.470351979899e-04 1.557602476810e-01 1.470351979899e-04 1.029129308668e-01 1.470351979899e-04 2.967973899400e-01
1.477778000000e-04 2.467906649201e-01 1.477778000000e-04 1.970000000000e-01 1.477778000000e-04 1.557602160006e-01 1.477778000000e-04 1.028498874562e-01 1.477778000000e-04 2.969217732203e-01
