0.000000000000e+00 2.888991891647e-01 0.000000000000e+00 2.855999999927e-01 0.000000000000e+00 2.018999999955e-01 0.000000000000e+00 9.235000000000e-02 0.000000000000e+00 1.263000000083e-01
2.351758793970e-06 2.888990738607e-01 2.351758793970e-06 2.855999999909e-01 2.351758793970e-06 2.018999999943e-01 2.351758793970e-06 9.235000000000e-02 2.351758793970e-06 1.263000000104e-01
4.703517587940e-06 2.888989423546e-01 4.703517587940e-06 2.855999999887e-01 4.703517587940e-06 2.018999999929e-01 4.703517587940e-06 9.235000000000e-02 4.703517587940e-06 1.263000000130e-01
7.055276381910e-06 2.888987924039e-01 7.055276381910e-06 2.855999999859e-01 7.055276381910e-06 2.018999999912e-01 7.055276381910e-06 9.235000000000e-02 7.055276381910e-06 1.263000000162e-01
9.407035175879e-06 2.888986214617e-01 9.407035175879e-06 2.855999999825e-01 9.407035175879e-06 2.018999999891e-01 9.407035175879e-06 9.235000000000e-02 9.407035175879e-06 1.263000000203e-01
1.175879396985e-05 2.888984266364e-01 1.175879396985e-05 2.855999999783e-01 1.175879396985e-05 2.018999999864e-01 1.175879396985e-05 9.235000000000e-02 1.175879396985e-05 1.263000000254e-01
1.411055276382e-05 2.888982046467e-01 1.411055276382e-05 2.855999999729e-01 1.411055276382e-05 2.018999999830e-01 1.411055276382e-05 9.235000000000e-02 1.411055276382e-05 1.263000000317e-01
1.646231155779e-05 2.888979517702e-01 1.646231155779e-05 2.855999999663e-01 1.646231155779e-05 2.018999999789e-01 1.646231155779e-05 9.235000000000e-02 1.646231155779e-05 1.263000000396e-01
1.881407035176e-05 2.888976637863e-01 1.881407035176e-05 2.855999999581e-01 1.881407035176e-05 2.018999999737e-01 1.881407035176e-05 9.235000000000e-02 1.881407035176e-05 1.263000000496e-01
2.116582914573e-05 2.888973359112e-01 2.116582914573e-05 2.855999999478e-01 2.116582914573e-05 2.018999999673e-01 2.116582914573e-05 9.235000000000e-02 2.116582914573e-05 1.263000000620e-01
2.351758793970e-05 2.888969627254e-01 2.351758793970e-05 2.855999999350e-01 2.351758793970e-05 2.018999999592e-01 2.351758793970e-05 9.235000000000e-02 2.351758793970e-05 1.263000000775e-01
2.586934673367e-05 2.888965380927e-01 2.586934673367e-05 2.855999999191e-01 2.586934673367e-05 2.018999999493e-01 2.586934673367e-05 9.235000000000e-02 2.586934673367e-05 1.263000000969e-01
2.822110552764e-05 2.888960550681e-01 2.822110552764e-05 2.855999998992e-01 2.822110552764e-05 2.018999999368e-01 2.822110552764e-05 9.235000000000e-02 2.822110552764e-05 1.263000001211e-01
3.057286432161e-05 2.888955057959e-01 3.057286432161e-05 2.855999998744e-01 3.057286432161e-05 2.018999999213e-01 3.057286432161e-05 9.235000000000e-02 3.057286432161e-05 1.263000001514e-01
3.292462311558e-05 2.888948813953e-01 3.292462311558e-05 2.855999998435e-01 3.292462311558e-05 2.018999999020e-01 3.292462311558e-05 9.235000000000e-02 3.292462311558e-05 1.263000001893e-01
3.527638190955e-05 2.888941718321e-01 3.527638190955e-05 2.855999998050e-01 3.527638190955e-05 2.018999998780e-01 3.527638190955e-05 9.235000000000e-02 3.527638190955e-05 1.263000002367e-01
3.762814070352e-05 2.888933657764e-01 3.762814070352e-05 2.855999997569e-01 3.762814070352e-05 2.018999998481e-01 3.762814070352e-05 9.235000000000e-02 3.762814070352e-05 1.263000002959e-01
3.997989949749e-05 2.888924504430e-01 3.997989949749e-05 2.855999996968e-01 3.997989949749e-05 2.018999998108e-01 3.997989949749e-05 9.235000000000e-02 3.997989949749e-05 1.263000003700e-01
4.233165829146e-05 2.888914114147e-01 4.233165829146e-05 2.855999996218e-01 4.233165829146e-05 2.018999997645e-01 4.233165829146e-05 9.235000000000e-02 4.233165829146e-05 1.263000004625e-01
4.468341708543e-05 2.888902324459e-01 4.468341708543e-05 2.855999995281e-01 4.468341708543e-05 2.018999997067e-01 4.468341708543e-05 9.235000000000e-02 4.468341708543e-05 1.263000005783e-01
4.703517587940e-05 2.888888952441e-01 4.703517587940e-05 2.855999994111e-01 4.703517587940e-05 2.018999996348e-01 4.703517587940e-05 9.235000000000e-02 4.703517587940e-05 1.263000007230e-01
4.938693467337e-05 2.888873792291e-01 4.938693467337e-05 2.855999992648e-01 4.938693467337e-05 2.018999995452e-01 4.938693467337e-05 9.235000000000e-02 4.938693467337e-05 1.263000009039e-01
5.173869346734e-05 2.888856612668e-01 5.173869346734e-05 2.855999990818e-01 5.173869346734e-05 2.018999994337e-01 5.173869346734e-05 9.235000000000e-02 5.173869346734e-05 1.263000011301e-01
5.409045226131e-05 2.888837153758e-01 5.409045226131e-05 2.855999988529e-01 5.409045226131e-05 2.018999992949e-01 5.409045226131e-05 9.235000000000e-02 5.409045226131e-05 1.263000014130e-01
5.644221105528e-05 2.888815124055e-01 5.644221105528e-05 2.855999985665e-01 5.644221105528e-05 2.018999991219e-01 5.644221105528e-05 9.235000000000e-02 5.644221105528e-05 1.263000017666e-01
5.879396984925e-05 2.888790196836e-01 5.879396984925e-05 2.855999982078e-01 5.879396984925e-05 2.018999989066e-01 5.879396984925e-05 9.235000000000e-02 5.879396984925e-05 1.263000022086e-01
6.114572864322e-05 2.888762006312e-01 6.114572864322e-05 2.855999977586e-01 6.114572864322e-05 2.018999986385e-01 6.114572864322e-05 9.235000000000e-02 6.114572864322e-05 1.263000027614e-01
6.349748743719e-05 2.888730143449e-01 6.349748743719e-05 2.855999971957e-01 6.349748743719e-05 2.018999983046e-01 6.349748743719e-05 9.235000000000e-02 6.349748743719e-05 1.263000034524e-01
6.584924623116e-05 2.888694151441e-01 6.584924623116e-05 2.855999964898e-01 6.584924623116e-05 2.018999978888e-01 6.584924623116e-05 9.235000000000e-02 6.584924623116e-05 1.263000043164e-01
6.820100502513e-05 2.888653520841e-01 6.820100502513e-05 2.855999956044e-01 6.820100502513e-05 2.018999973711e-01 6.820100502513e-05 9.235000000000e-02 6.820100502513e-05 1.263000053966e-01
7.055276381910e-05 2.888607684347e-01 7.055276381910e-05 2.855999944932e-01 7.055276381910e-05 2.018999967263e-01 7.055276381910e-05 9.235000000000e-02 7.055276381910e-05 1.263000067472e-01
7.290452261307e-05 2.888556011264e-01 7.290452261307e-05 2.855999930977e-01 7.290452261307e-05 2.018999959233e-01 7.290452261307e-05 9.235000000000e-02 7.290452261307e-05 1.263000084359e-01
7.525628140704e-05 2.888497801669e-01 7.525628140704e-05 2.855999913444e-01 7.525628140704e-05 2.018999949234e-01 7.525628140704e-05 9.235000000000e-02 7.525628140704e-05 1.263000105472e-01
7.760804020101e-05 2.888432280321e-01 7.760804020101e-05 2.855999891400e-01 7.760804020101e-05 2.018999936781e-01 7.760804020101e-05 9.235000000000e-02 7.760804020101e-05 1.263000131869e-01
7.995979899497e-05 2.888358590396e-01 7.995979899497e-05 2.855999863670e-01 7.995979899497e-05 2.018999921272e-01 7.995979899497e-05 9.235000000000e-02 7.995979899497e-05 1.263000164875e-01
8.231155778894e-05 2.888275787140e-01 8.231155778894e-05 2.855999828765e-01 8.231155778894e-05 2.018999901957e-01 8.231155778894e-05 9.235000000000e-02 8.231155778894e-05 1.263000206142e-01
8.466331658291e-05 2.888182831571e-01 8.466331658291e-05 2.855999784800e-01 8.466331658291e-05 2.018999877901e-01 8.466331658291e-05 9.235000000000e-02 8.466331658291e-05 1.263000257741e-01
8.701507537688e-05 2.888078584429e-01 8.701507537688e-05 2.855999729386e-01 8.701507537688e-05 2.018999847939e-01 8.701507537688e-05 9.235000000000e-02 8.701507537688e-05 1.263000322257e-01
8.936683417085e-05 2.887961800590e-01 8.936683417085e-05 2.855999659496e-01 8.936683417085e-05 2.018999810618e-01 8.936683417085e-05 9.235000000000e-02 8.936683417085e-05 1.263000402928e-01
9.171859296482e-05 2.887831124281e-01 9.171859296482e-05 2.855999571285e-01 9.171859296482e-05 2.018999764130e-01 9.171859296482e-05 9.235000000000e-02 9.171859296482e-05 1.263000503800e-01
9.407035175879e-05 2.887685085484e-01 9.407035175879e-05 2.855999459871e-01 9.407035175879e-05 2.018999706220e-01 9.407035175879e-05 9.235000000000e-02 9.407035175879e-05 1.263000629933e-01
9.642211055276e-05 2.887522098036e-01 9.642211055276e-05 2.855999319048e-01 9.642211055276e-05 2.018999634074e-01 9.642211055276e-05 9.235000000000e-02 9.642211055276e-05 1.263000787660e-01
9.877386934673e-05 2.887340460084e-01 9.877386934673e-05 2.855999140919e-01 9.877386934673e-05 2.018999544185e-01 9.877386934673e-05 9.235000000000e-02 9.877386934673e-05 1.263000984901e-01
1.011256281407e-04 2.887138357696e-01 1.011256281407e-04 2.855998915428e-01 1.011256281407e-04 2.018999432180e-01 1.011256281407e-04 9.235000000000e-02 1.011256281407e-04 1.263001231563e-01
1.034773869347e-04 2.886913872642e-01 1.034773869347e-04 2.855998629761e-01 1.034773869347e-04 2.018999292600e-01 1.034773869347e-04 9.235000000000e-02 1.034773869347e-04 1.263001540046e-01
1.058291457286e-04 2.886664995601e-01 1.058291457286e-04 2.855998267571e-01 1.058291457286e-04 2.018999118631e-01 1.058291457286e-04 9.235000000000e-02 1.058291457286e-04 1.263001925864e-01
1.081809045226e-04 2.886389646329e-01 1.081809045226e-04 2.855997807987e-01 1.081809045226e-04 2.018998901765e-01 1.081809045226e-04 9.235000000000e-02 1.081809045226e-04 1.263002408438e-01
1.105326633166e-04 2.886085702719e-01 1.105326633166e-04 2.855997224343e-01 1.105326633166e-04 2.018998631373e-01 1.105326633166e-04 9.235000000000e-02 1.105326633166e-04 1.263003012079e-01
1.128844221106e-04 2.885751041039e-01 1.128844221106e-04 2.855996482535e-01 1.128844221106e-04 2.018998294166e-01 1.128844221106e-04 9.235000000000e-02 1.128844221106e-04 1.263003767229e-01
1.152361809045e-04 2.885383590204e-01 1.152361809045e-04 2.855995538911e-01 1.152361809045e-04 2.018997873522e-01 1.152361809045e-04 9.235000000000e-02 1.152361809045e-04 1.263004712021e-01
1.175879396985e-04 2.884981403485e-01 1.175879396985e-04 2.855994337548e-01 1.175879396985e-04 2.018997348634e-01 1.175879396985e-04 9.235000000000e-02 1.175879396985e-04 1.263005894230e-01
1.199396984925e-04 2.884542751773e-01 1.199396984925e-04 2.855992806745e-01 1.199396984925e-04 2.018996693429e-01 1.199396984925e-04 9.235000000000e-02 1.199396984925e-04 1.263007373743e-01
1.222914572864e-04 2.884066243312e-01 1.222914572864e-04 2.855990854487e-01 1.222914572864e-04 2.018995875201e-01 1.222914572864e-04 9.235000000000e-02 1.222914572864e-04 1.263009225660e-01
1.246432160804e-04 2.883550975742e-01 1.246432160804e-04 2.855988362595e-01 1.246432160804e-04 2.018994852881e-01 1.246432160804e-04 9.235000000000e-02 1.246432160804e-04 1.263011544209e-01
1.269949748744e-04 2.882996727323e-01 1.269949748744e-04 2.855985179160e-01 1.269949748744e-04 2.018993574818e-01 1.269949748744e-04 9.235000000000e-02 1.269949748744e-04 1.263014447696e-01
1.293467336683e-04 2.882404195344e-01 1.293467336683e-04 2.855981108755e-01 1.293467336683e-04 2.018991975949e-01 1.293467336683e-04 9.235000000000e-02 1.293467336683e-04 1.263018084765e-01
1.316984924623e-04 2.881775290965e-01 1.316984924623e-04 2.855975899762e-01 1.316984924623e-04 2.018989974169e-01 1.316984924623e-04 9.235000000000e-02 1.316984924623e-04 1.263022642346e-01
1.340502512563e-04 2.881113500951e-01 1.340502512563e-04 2.855969227961e-01 1.340502512563e-04 2.018987465639e-01 1.340502512563e-04 9.235000000000e-02 1.340502512563e-04 1.263028355751e-01
1.364020100503e-04 2.880424327980e-01 1.364020100503e-04 2.855960675257e-01 1.364020100503e-04 2.018984318723e-01 1.364020100503e-04 9.235000000000e-02 1.364020100503e-04 1.263035521553e-01
1.387537688442e-04 2.879715822158e-01 1.387537688442e-04 2.855949702088e-01 1.387537688442e-04 2.018980366079e-01 1.387537688442e-04 9.235000000000e-02 1.387537688442e-04 1.263044514055e-01
1.411055276382e-04 2.878999217015e-01 1.411055276382e-04 2.855935611623e-01 1.411055276382e-04 2.018975394323e-01 1.411055276382e-04 9.235000000000e-02 1.411055276382e-04 1.263055806418e-01
1.434572864322e-04 2.878289683055e-01 1.434572864322e-04 2.855917503274e-01 1.434572864322e-04 2.018969130410e-01 1.434572864322e-04 9.235000000000e-02 1.434572864322e-04 1.263069997892e-01
1.458090452261e-04 2.877607210719e-01 1.458090452261e-04 2.855894212321e-01 1.458090452261e-04 2.018961223603e-01 1.458090452261e-04 9.235000000000e-02 1.458090452261e-04 1.263087849044e-01
1.481608040201e-04 2.876977631514e-01 1.481608040201e-04 2.855864231447e-01 1.481608040201e-04 2.018951221446e-01 1.481608040201e-04 9.235000000000e-02 1.481608040201e-04 1.263110327558e-01
1.505125628141e-04 2.876433780435e-01 1.505125628141e-04 2.855825608754e-01 1.505125628141e-04 2.018938537529e-01 1.505125628141e-04 9.235000000000e-02 1.505125628141e-04 1.263138668111e-01
1.528643216080e-04 2.876016793429e-01 1.528643216080e-04 2.855775815160e-01 1.528643216080e-04 2.018922407976e-01 1.528643216080e-04 9.235000000000e-02 1.528643216080e-04 1.263174451061e-01
1.552160804020e-04 2.875777519208e-01 1.552160804020e-04 2.855711571977e-01 1.552160804020e-04 2.018901832324e-01 1.552160804020e-04 9.235000000000e-02 1.552160804020e-04 1.263219706527e-01
1.575678391960e-04 2.875778003391e-01 1.575678391960e-04 2.855628626712e-01 1.575678391960e-04 2.018875492667e-01 1.575678391960e-04 9.235000000000e-02 1.575678391960e-04 1.263277052902e-01
1.599195979899e-04 2.876092972864e-01 1.599195979899e-04 2.855521461619e-01 1.599195979899e-04 2.018841642400e-01 1.599195979899e-04 9.235000000000e-02 1.599195979899e-04 1.263349882452e-01
1.622713567839e-04 2.876811207106e-01 1.622713567839e-04 2.855382914998e-01 1.622713567839e-04 2.018797952223e-01 1.622713567839e-04 9.235000000000e-02 1.622713567839e-04 1.263442611711e-01
1.646231155779e-04 2.878036629110e-01 1.646231155779e-04 2.855203689505e-01 1.646231155779e-04 2.018741295778e-01 1.646231155779e-04 9.235000000000e-02 1.646231155779e-04 1.263561021625e-01
1.669748743719e-04 2.879888880116e-01 1.669748743719e-04 2.854971714553e-01 1.669748743719e-04 2.018667449727e-01 1.669748743719e-04 9.235000000000e-02 1.669748743719e-04 1.263712722837e-01
1.693266331658e-04 2.882503059834e-01 1.693266331658e-04 2.854671320927e-01 1.693266331658e-04 2.018570672123e-01 1.693266331658e-04 9.235000000000e-02 1.693266331658e-04 1.263907796477e-01
1.716783919598e-04 2.886028220410e-01 1.716783919598e-04 2.854282174997e-01 1.716783919598e-04 2.018443107237e-01 1.716783919598e-04 9.235000000000e-02 1.716783919598e-04 1.264159682381e-01
1.740301507538e-04 2.890624106015e-01 1.740301507538e-04 2.853777907274e-01 1.740301507538e-04 2.018273942455e-01 1.740301507538e-04 9.235000000000e-02 1.740301507538e-04 1.264486417894e-01
1.763819095477e-04 2.896455545730e-01 1.763819095477e-04 2.853124356106e-01 1.763819095477e-04 2.018048210599e-01 1.763819095477e-04 9.235000000000e-02 1.763819095477e-04 1.264912375321e-01
1.787336683417e-04 2.903683860309e-01 1.787336683417e-04 2.852277333371e-01 1.787336683417e-04 2.017745085333e-01 1.787336683417e-04 9.235000000000e-02 1.787336683417e-04 1.265470710939e-01
1.810854271357e-04 2.912454670268e-01 1.810854271357e-04 2.851179807892e-01 1.810854271357e-04 2.017335453075e-01 1.810854271357e-04 9.235000000000e-02 1.810854271357e-04 1.266206831336e-01
1.834371859296e-04 2.922881642804e-01 1.834371859296e-04 2.849758399596e-01 1.834371859296e-04 2.016778456450e-01 1.834371859296e-04 9.235000000000e-02 1.834371859296e-04 1.267183315125e-01
1.857889447236e-04 2.935026046473e-01 1.857889447236e-04 2.847919092902e-01 1.857889447236e-04 2.016016586086e-01 1.857889447236e-04 9.235000000000e-02 1.857889447236e-04 1.268486913696e-01
1.881407035176e-04 2.948872552836e-01 1.881407035176e-04 2.845542128091e-01 1.881407035176e-04 2.014968747597e-01 1.881407035176e-04 9.235000000000e-02 1.881407035176e-04 1.270238509694e-01
1.904924623116e-04 2.964302571072e-01 1.904924623116e-04 2.842476140681e-01 1.904924623116e-04 2.013520558344e-01 1.904924623116e-04 9.235000000000e-02 1.904924623116e-04 1.272607248877e-01
1.928442211055e-04 2.981067513143e-01 1.928442211055e-04 2.838531829686e-01 1.928442211055e-04 2.011510972526e-01 1.928442211055e-04 9.235000000000e-02 1.928442211055e-04 1.275830476707e-01
1.951959798995e-04 2.998765665179e-01 1.951959798995e-04 2.833475796861e-01 1.951959798995e-04 2.008714296373e-01 1.951959798995e-04 9.235000000000e-02 1.951959798995e-04 1.280241554321e-01
1.975477386935e-04 3.016827564350e-01 1.975477386935e-04 2.827025765257e-01 1.975477386935e-04 2.004816971612e-01 1.975477386935e-04 9.235000000000e-02 1.975477386935e-04 1.286307933295e-01
1.998994974874e-04 3.034515590446e-01 1.998994974874e-04 2.818849187804e-01 1.998994974874e-04 1.999389646306e-01 1.998994974874e-04 9.235000000000e-02 1.998994974874e-04 1.294681617243e-01
2.022512562814e-04 3.050943411692e-01 2.022512562814e-04 2.808568242249e-01 2.022512562814e-04 1.991857853228e-01 2.022512562814e-04 9.235000000000e-02 2.022512562814e-04 1.306262420032e-01
2.046030150754e-04 3.065119504779e-01 2.046030150754e-04 2.795775133248e-01 2.046030150754e-04 1.981480288564e-01 2.046030150754e-04 9.235000000000e-02 2.046030150754e-04 1.322269488436e-01
2.069547738693e-04 3.076015906222e-01 2.069547738693e-04 2.780061912906e-01 2.069547738693e-04 1.967353284354e-01 2.069547738693e-04 9.235000000000e-02 2.069547738693e-04 1.344305512977e-01
2.093065326633e-04 3.082658753856e-01 2.093065326633e-04 2.761067712081e-01 2.093065326633e-04 1.948472521457e-01 2.093065326633e-04 9.235000000000e-02 2.093065326633e-04 1.374377487838e-01
2.116582914573e-04 3.084231732656e-01 2.116582914573e-04 2.738542183012e-01 2.116582914573e-04 1.923890780786e-01 2.116582914573e-04 9.235000000000e-02 2.116582914573e-04 1.414807324670e-01
2.140100502513e-04 3.080178530505e-01 2.140100502513e-04 2.712416543789e-01 2.140100502513e-04 1.892994727046e-01 2.140100502513e-04 9.235000000000e-02 2.140100502513e-04 1.467937088300e-01
2.163618090452e-04 3.070287453635e-01 2.163618090452e-04 2.682864382628e-01 2.163618090452e-04 1.855859643903e-01 2.163618090452e-04 9.235000000000e-02 2.163618090452e-04 1.535546510461e-01
2.187135678392e-04 3.054741871528e-01 2.187135678392e-04 2.650327998626e-01 2.187135678392e-04 1.813531854140e-01 2.187135678392e-04 9.235000000000e-02 2.187135678392e-04 1.618021661592e-01
2.210653266332e-04 3.034124755604e-01 2.210653266332e-04 2.615489203387e-01 2.210653266332e-04 1.768015819093e-01 2.210653266332e-04 9.235000000000e-02 2.210653266332e-04 1.713572347345e-01
2.234170854271e-04 3.009373576076e-01 2.234170854271e-04 2.579180006335e-01 2.234170854271e-04 1.721840443821e-01 2.234170854271e-04 9.235000000000e-02 2.234170854271e-04 1.818040214871e-01
2.257688442211e-04 2.981691318882e-01 2.257688442211e-04 2.542253540603e-01 2.257688442211e-04 1.677355474651e-01 2.257688442211e-04 9.235000000000e-02 2.257688442211e-04 1.925716721519e-01
2.281206030151e-04 2.952427812584e-01 2.281206030151e-04 2.505455252405e-01 2.281206030151e-04 1.636127170412e-01 2.281206030151e-04 9.235000000000e-02 2.281206030151e-04 2.030948507197e-01
2.304723618090e-04 2.922950610024e-01 2.304723618090e-04 2.469335590180e-01 2.304723618090e-04 1.598723543374e-01 2.304723618090e-04 9.235000000000e-02 2.304723618090e-04 2.129660198815e-01
2.328241206030e-04 2.894525153456e-01 2.328241206030e-04 2.434226822022e-01 2.328241206030e-04 1.564892269852e-01 2.328241206030e-04 9.235000000000e-02 2.328241206030e-04 2.219991978902e-01
2.351758793970e-04 2.868220142432e-01 2.351758793970e-04 2.400279929889e-01 2.351758793970e-04 1.533928108793e-01 2.351758793970e-04 9.235000000000e-02 2.351758793970e-04 2.301955321801e-01
2.375276381910e-04 2.844847429560e-01 2.375276381910e-04 2.367537536772e-01 2.375276381910e-04 1.505024359098e-01 2.375276381910e-04 9.235000000000e-02 2.375276381910e-04 2.376594409249e-01
2.398793969849e-04 2.824938448159e-01 2.398793969849e-04 2.336012798828e-01 2.398793969849e-04 1.477508051317e-01 2.398793969849e-04 9.235000000000e-02 2.398793969849e-04 2.445187709707e-01
2.422311557789e-04 2.808752973173e-01 2.422311557789e-04 2.305750134121e-01 2.422311557789e-04 1.450950193622e-01 2.422311557789e-04 9.235000000000e-02 2.422311557789e-04 2.508753288214e-01
2.445829145729e-04 2.796312048816e-01 2.445829145729e-04 2.276855278144e-01 2.445829145729e-04 1.425182214467e-01 2.445829145729e-04 9.235000000000e-02 2.445829145729e-04 2.567870058215e-01
2.469346733668e-04 2.787445437177e-01 2.469346733668e-04 2.249493878203e-01 2.469346733668e-04 1.400254586568e-01 2.469346733668e-04 9.235000000000e-02 2.469346733668e-04 2.622714721857e-01
2.492864321608e-04 2.781844528553e-01 2.492864321608e-04 2.223866488108e-01 2.492864321608e-04 1.376366587115e-01 2.492864321608e-04 9.235000000000e-02 2.492864321608e-04 2.673202357556e-01
2.516381909548e-04 2.779113542796e-01 2.516381909548e-04 2.200172152637e-01 2.516381909548e-04 1.353788606950e-01 2.516381909548e-04 9.235000000000e-02 2.516381909548e-04 2.719146755203e-01
2.539899497487e-04 2.778814253017e-01 2.539899497487e-04 2.178572791342e-01 2.539899497487e-04 1.332792397700e-01 2.539899497487e-04 9.235000000000e-02 2.539899497487e-04 2.760391141994e-01
2.563417085427e-04 2.780501769082e-01 2.563417085427e-04 2.159167316939e-01 2.563417085427e-04 1.313599064034e-01 2.563417085427e-04 9.235000000000e-02 2.563417085427e-04 2.796889035971e-01
2.586934673367e-04 2.783750770306e-01 2.586934673367e-04 2.141979586550e-01 2.586934673367e-04 1.296348900410e-01 2.586934673367e-04 9.235000000000e-02 2.586934673367e-04 2.828735433798e-01
2.610452261307e-04 2.788172845375e-01 2.610452261307e-04 2.126959727592e-01 2.610452261307e-04 1.281091978260e-01 2.610452261307e-04 9.235000000000e-02 2.610452261307e-04 2.856160020346e-01
2.633969849246e-04 2.793426313058e-01 2.633969849246e-04 2.113995373233e-01 2.633969849246e-04 1.267794759015e-01 2.633969849246e-04 9.235000000000e-02 2.633969849246e-04 2.879497836897e-01
2.657487437186e-04 2.799220174096e-01 2.657487437186e-04 2.102928246224e-01 2.657487437186e-04 1.256356493233e-01 2.657487437186e-04 9.235000000000e-02 2.657487437186e-04 2.899151304398e-01
2.681005025126e-04 2.805313821391e-01 2.681005025126e-04 2.093571951942e-01 2.681005025126e-04 1.246629526606e-01 2.681005025126e-04 9.235000000000e-02 2.681005025126e-04 2.915553425283e-01
2.704522613065e-04 2.811513938805e-01 2.704522613065e-04 2.085728062886e-01 2.704522613065e-04 1.238439117296e-01 2.704522613065e-04 9.235000000000e-02 2.704522613065e-04 2.929137575986e-01
2.728040201005e-04 2.817669745703e-01 2.728040201005e-04 2.079198943110e-01 2.728040201005e-04 1.231600166642e-01 2.728040201005e-04 9.235000000000e-02 2.728040201005e-04 2.940315787930e-01
2.751557788945e-04 2.823667460375e-01 2.751557788945e-04 2.073796873409e-01 2.751557788945e-04 1.225929817243e-01 2.751557788945e-04 9.235000000000e-02 2.751557788945e-04 2.949465175709e-01
2.775075376884e-04 2.829424598296e-01 2.775075376884e-04 2.069349756595e-01 2.775075376884e-04 1.221255939564e-01 2.775075376884e-04 9.235000000000e-02 2.775075376884e-04 2.956921062884e-01
2.798592964824e-04 2.834884508282e-01 2.798592964824e-04 2.065704037244e-01 2.798592964824e-04 1.217422110329e-01 2.798592964824e-04 9.235000000000e-02 2.798592964824e-04 2.962975034028e-01
2.822110552764e-04 2.840011384927e-01 2.822110552764e-04 2.062725564480e-01 2.822110552764e-04 1.214289899975e-01 2.822110552764e-04 9.235000000000e-02 2.822110552764e-04 2.967876265178e-01
2.845628140704e-04 2.844785875762e-01 2.845628140704e-04 2.060299068478e-01 2.845628140704e-04 1.211739273092e-01 2.845628140704e-04 9.235000000000e-02 2.845628140704e-04 2.971834800799e-01
2.869145728643e-04 2.849201319083e-01 2.869145728643e-04 2.058326795905e-01 2.869145728643e-04 1.209667780940e-01 2.869145728643e-04 9.235000000000e-02 2.869145728643e-04 2.975025799568e-01
2.892663316583e-04 2.853260595480e-01 2.892663316583e-04 2.056726709951e-01 2.892663316583e-04 1.207989065652e-01 2.892663316583e-04 9.235000000000e-02 2.892663316583e-04 2.977594086572e-01
2.916180904523e-04 2.856973544946e-01 2.916180904523e-04 2.055430535086e-01 2.916180904523e-04 1.206631044284e-01 2.916180904523e-04 9.235000000000e-02 2.916180904523e-04 2.979658598006e-01
2.939698492462e-04 2.860354885835e-01 2.939698492462e-04 2.054381826087e-01 2.939698492462e-04 1.205534015761e-01 2.939698492462e-04 9.235000000000e-02 2.939698492462e-04 2.981316484747e-01
2.963216080402e-04 2.863422566588e-01 2.963216080402e-04 2.053534166344e-01 2.963216080402e-04 1.204648839125e-01 2.963216080402e-04 9.235000000000e-02 2.963216080402e-04 2.982646763732e-01
2.986733668342e-04 2.866196482374e-01 2.986733668342e-04 2.052849548712e-01 2.986733668342e-04 1.203935264650e-01 2.986733668342e-04 9.235000000000e-02 2.986733668342e-04 2.983713484154e-01
3.010251256281e-04 2.868697493755e-01 3.010251256281e-04 2.052296958153e-01 3.010251256281e-04 1.203360454633e-01 3.010251256281e-04 9.235000000000e-02 3.010251256281e-04 2.984568422028e-01
3.033768844221e-04 2.870946691391e-01 3.033768844221e-04 2.051851154597e-01 3.033768844221e-04 1.202897702593e-01 3.033768844221e-04 9.235000000000e-02 3.033768844221e-04 2.985253341605e-01
3.057286432161e-04 2.872964858306e-01 3.057286432161e-04 2.051491642578e-01 3.057286432161e-04 1.202525343051e-01 3.057286432161e-04 9.235000000000e-02 3.057286432161e-04 2.985801873341e-01
3.080804020101e-04 2.874772088709e-01 3.080804020101e-04 2.051201808454e-01 3.080804020101e-04 1.202225835345e-01 3.080804020101e-04 9.235000000000e-02 3.080804020101e-04 2.986241060857e-01
3.104321608040e-04 2.876387529243e-01 3.104321608040e-04 2.050968203994e-01 3.104321608040e-04 1.201985001184e-01 3.104321608040e-04 9.235000000000e-02 3.104321608040e-04 2.986592627265e-01
3.127839195980e-04 2.877829214709e-01 3.127839195980e-04 2.050779955385e-01 3.127839195980e-04 1.201791394886e-01 3.127839195980e-04 9.235000000000e-02 3.127839195980e-04 2.986874006715e-01
3.151356783920e-04 2.879113975647e-01 3.151356783920e-04 2.050628278188e-01 3.151356783920e-04 1.201635786262e-01 3.151356783920e-04 9.235000000000e-02 3.151356783920e-04 2.987099181499e-01
3.174874371859e-04 2.880257399653e-01 3.174874371859e-04 2.050506080848e-01 3.174874371859e-04 1.201510737931e-01 3.174874371859e-04 9.235000000000e-02 3.174874371859e-04 2.987279359293e-01
3.198391959799e-04 2.881273832123e-01 3.198391959799e-04 2.050407641634e-01 3.198391959799e-04 1.201410261068e-01 3.198391959799e-04 9.235000000000e-02 3.198391959799e-04 2.987423519799e-01
3.221909547739e-04 2.882176405156e-01 3.221909547739e-04 2.050328346050e-01 3.221909547739e-04 1.201329535839e-01 3.221909547739e-04 9.235000000000e-02 3.221909547739e-04 2.987538855121e-01
3.245427135678e-04 2.882977085933e-01 3.245427135678e-04 2.050264473849e-01 3.245427135678e-04 1.201264684866e-01 3.245427135678e-04 9.235000000000e-02 3.245427135678e-04 2.987631124018e-01
3.268944723618e-04 2.883686737842e-01 3.268944723618e-04 2.050213026534e-01 3.268944723618e-04 1.201212590007e-01 3.268944723618e-04 9.235000000000e-02 3.268944723618e-04 2.987704936536e-01
3.292462311558e-04 2.884315189306e-01 3.292462311558e-04 2.050171587827e-01 3.292462311558e-04 1.201170744374e-01 3.292462311558e-04 9.235000000000e-02 3.292462311558e-04 2.987763982498e-01
3.315979899497e-04 2.884871306496e-01 3.315979899497e-04 2.050138210934e-01 3.315979899497e-04 1.201137132950e-01 3.315979899497e-04 9.235000000000e-02 3.315979899497e-04 2.987811214772e-01
3.339497487437e-04 2.885363067135e-01 3.339497487437e-04 2.050111327502e-01 3.339497487437e-04 1.201110136360e-01 3.339497487437e-04 9.235000000000e-02 3.339497487437e-04 2.987848996202e-01
3.363015075377e-04 2.885797633388e-01 3.363015075377e-04 2.050089674171e-01 3.363015075377e-04 1.201088453377e-01 3.363015075377e-04 9.235000000000e-02 3.363015075377e-04 2.987879217331e-01
3.386532663317e-04 2.886181422425e-01 3.386532663317e-04 2.050072233324e-01 3.386532663317e-04 1.201071038528e-01 3.386532663317e-04 9.235000000000e-02 3.386532663317e-04 2.987903390704e-01
3.410050251256e-04 2.886520173706e-01 3.410050251256e-04 2.050058185326e-01 3.410050251256e-04 1.201057051907e-01 3.410050251256e-04 9.235000000000e-02 3.410050251256e-04 2.987922726377e-01
3.433567839196e-04 2.886819012388e-01 3.433567839196e-04 2.050046870021e-01 3.433567839196e-04 1.201045818801e-01 3.433567839196e-04 9.235000000000e-02 3.433567839196e-04 2.987938192369e-01
3.457085427136e-04 2.887082508529e-01 3.457085427136e-04 2.050037755715e-01 3.457085427136e-04 1.201036797232e-01 3.457085427136e-04 9.235000000000e-02 3.457085427136e-04 2.987950563044e-01
3.480603015075e-04 2.887314731944e-01 3.480603015075e-04 2.050030414181e-01 3.480603015075e-04 1.201029551866e-01 3.480603015075e-04 9.235000000000e-02 3.480603015075e-04 2.987960457839e-01
3.504120603015e-04 2.887519302704e-01 3.504120603015e-04 2.050024500522e-01 3.504120603015e-04 1.201023733036e-01 3.504120603015e-04 9.235000000000e-02 3.504120603015e-04 2.987968372247e-01
3.527638190955e-04 2.887699437390e-01 3.527638190955e-04 2.050019736958e-01 3.527638190955e-04 1.201019059900e-01 3.527638190955e-04 9.235000000000e-02 3.527638190955e-04 2.987974702612e-01
3.551155778894e-04 2.887857991271e-01 3.551155778894e-04 2.050015899762e-01 3.551155778894e-04 1.201015306894e-01 3.551155778894e-04 9.235000000000e-02 3.551155778894e-04 2.987979765961e-01
3.574673366834e-04 2.887997496604e-01 3.574673366834e-04 2.050012808738e-01 3.574673366834e-04 1.201012292858e-01 3.574673366834e-04 9.235000000000e-02 3.574673366834e-04 2.987983815879e-01
3.598190954774e-04 2.888120197316e-01 3.598190954774e-04 2.050010318754e-01 3.598190954774e-04 1.201009872295e-01 3.598190954774e-04 9.235000000000e-02 3.598190954774e-04 2.987987055199e-01
3.621708542714e-04 2.888228080307e-01 3.621708542714e-04 2.050008312910e-01 3.621708542714e-04 1.201007928352e-01 3.621708542714e-04 9.235000000000e-02 3.621708542714e-04 2.987989646161e-01
3.645226130653e-04 2.888322903634e-01 3.645226130653e-04 2.050006697051e-01 3.645226130653e-04 1.201006367184e-01 3.645226130653e-04 9.235000000000e-02 3.645226130653e-04 2.987991718533e-01
3.668743718593e-04 2.888406221838e-01 3.668743718593e-04 2.050005395339e-01 3.668743718593e-04 1.201005113421e-01 3.668743718593e-04 9.235000000000e-02 3.668743718593e-04 2.987993376111e-01
3.692261306533e-04 2.888479408650e-01 3.692261306533e-04 2.050004346684e-01 3.692261306533e-04 1.201004106535e-01 3.692261306533e-04 9.235000000000e-02 3.692261306533e-04 2.987994701918e-01
3.715778894472e-04 2.888543677317e-01 3.715778894472e-04 2.050003501883e-01 3.715778894472e-04 1.201003297914e-01 3.715778894472e-04 9.235000000000e-02 3.715778894472e-04 2.987995762358e-01
3.739296482412e-04 2.888600098764e-01 3.739296482412e-04 2.050002821298e-01 3.739296482412e-04 1.201002648518e-01 3.739296482412e-04 9.235000000000e-02 3.739296482412e-04 2.987996610546e-01
3.762814070352e-04 2.888649617801e-01 3.762814070352e-04 2.050002273003e-01 3.762814070352e-04 1.201002126995e-01 3.762814070352e-04 9.235000000000e-02 3.762814070352e-04 2.987997288965e-01
3.786331658291e-04 2.888693067576e-01 3.786331658291e-04 2.050001831280e-01 3.786331658291e-04 1.201001708166e-01 3.786331658291e-04 9.235000000000e-02 3.786331658291e-04 2.987997831594e-01
3.809849246231e-04 2.888731182429e-01 3.809849246231e-04 2.050001475410e-01 3.809849246231e-04 1.201001371808e-01 3.809849246231e-04 9.235000000000e-02 3.809849246231e-04 2.987998265613e-01
3.833366834171e-04 2.888764609330e-01 3.833366834171e-04 2.050001188704e-01 3.833366834171e-04 1.201001101683e-01 3.833366834171e-04 9.235000000000e-02 3.833366834171e-04 2.987998612761e-01
3.856884422111e-04 2.888793918039e-01 3.856884422111e-04 2.050000957718e-01 3.856884422111e-04 1.201000884749e-01 3.856884422111e-04 9.235000000000e-02 3.856884422111e-04 2.987998890425e-01
3.880402010050e-04 2.888819610122e-01 3.880402010050e-04 2.050000771622e-01 3.880402010050e-04 1.201000710532e-01 3.880402010050e-04 9.235000000000e-02 3.880402010050e-04 2.987999112513e-01
3.903919597990e-04 2.888842126946e-01 3.903919597990e-04 2.050000621690e-01 3.903919597990e-04 1.201000570620e-01 3.903919597990e-04 9.235000000000e-02 3.903919597990e-04 2.987999290149e-01
3.927437185930e-04 2.888861856768e-01 3.927437185930e-04 2.050000500894e-01 3.927437185930e-04 1.201000458258e-01 3.927437185930e-04 9.235000000000e-02 3.927437185930e-04 2.987999432230e-01
3.950954773869e-04 2.888879141004e-01 3.950954773869e-04 2.050000403572e-01 3.950954773869e-04 1.201000368021e-01 3.950954773869e-04 9.235000000000e-02 3.950954773869e-04 2.987999545872e-01
3.974472361809e-04 2.888894279785e-01 3.974472361809e-04 2.050000325160e-01 3.974472361809e-04 1.201000295554e-01 3.974472361809e-04 9.235000000000e-02 3.974472361809e-04 2.987999636769e-01
3.997989949749e-04 2.888907536865e-01 3.997989949749e-04 2.050000261985e-01 3.997989949749e-04 1.201000237356e-01 3.997989949749e-04 9.235000000000e-02 3.997989949749e-04 2.987999709471e-01
4.021507537688e-04 2.888919143959e-01 4.021507537688e-04 2.050000211085e-01 4.021507537688e-04 1.201000190617e-01 4.021507537688e-04 9.235000000000e-02 4.021507537688e-04 2.987999767622e-01
4.045025125628e-04 2.888929304577e-01 4.045025125628e-04 2.050000170075e-01 4.045025125628e-04 1.201000153083e-01 4.045025125628e-04 9.235000000000e-02 4.045025125628e-04 2.987999814134e-01
4.068542713568e-04 2.888938197405e-01 4.068542713568e-04 2.050000137033e-01 4.068542713568e-04 1.201000122939e-01 4.068542713568e-04 9.235000000000e-02 4.068542713568e-04 2.987999851336e-01
4.092060301508e-04 2.888945979292e-01 4.092060301508e-04 2.050000110410e-01 4.092060301508e-04 1.201000098731e-01 4.092060301508e-04 9.235000000000e-02 4.092060301508e-04 2.987999881092e-01
4.115577889447e-04 2.888952787884e-01 4.115577889447e-04 2.050000088961e-01 4.115577889447e-04 1.201000079289e-01 4.115577889447e-04 9.235000000000e-02 4.115577889447e-04 2.987999904892e-01
4.139095477387e-04 2.888958743940e-01 4.139095477387e-04 2.050000071678e-01 4.139095477387e-04 1.201000063676e-01 4.139095477387e-04 9.235000000000e-02 4.139095477387e-04 2.987999923929e-01
4.162613065327e-04 2.888963953385e-01 4.162613065327e-04 2.050000057753e-01 4.162613065327e-04 1.201000051138e-01 4.162613065327e-04 9.235000000000e-02 4.162613065327e-04 2.987999939155e-01
4.186130653266e-04 2.888968509103e-01 4.186130653266e-04 2.050000046534e-01 4.186130653266e-04 1.201000041068e-01 4.186130653266e-04 9.235000000000e-02 4.186130653266e-04 2.987999951333e-01
4.209648241206e-04 2.888972492529e-01 4.209648241206e-04 2.050000037494e-01 4.209648241206e-04 1.201000032981e-01 4.209648241206e-04 9.235000000000e-02 4.209648241206e-04 2.987999961074e-01
4.233165829146e-04 2.888975975043e-01 4.233165829146e-04 2.050000030210e-01 4.233165829146e-04 1.201000026487e-01 4.233165829146e-04 9.235000000000e-02 4.233165829146e-04 2.987999968865e-01
4.256683417085e-04 2.888979019196e-01 4.256683417085e-04 2.050000024342e-01 4.256683417085e-04 1.201000021271e-01 4.256683417085e-04 9.235000000000e-02 4.256683417085e-04 2.987999975097e-01
4.280201005025e-04 2.888981679796e-01 4.280201005025e-04 2.050000019613e-01 4.280201005025e-04 1.201000017083e-01 4.280201005025e-04 9.235000000000e-02 4.280201005025e-04 2.987999980082e-01
4.303718592965e-04 2.888984004851e-01 4.303718592965e-04 2.050000015803e-01 4.303718592965e-04 1.201000013719e-01 4.303718592965e-04 9.235000000000e-02 4.303718592965e-04 2.987999984068e-01
4.327236180905e-04 2.888986036407e-01 4.327236180905e-04 2.050000012733e-01 4.327236180905e-04 1.201000011018e-01 4.327236180905e-04 9.235000000000e-02 4.327236180905e-04 2.987999987257e-01
4.350753768844e-04 2.888987811283e-01 4.350753768844e-04 2.050000010260e-01 4.350753768844e-04 1.201000008848e-01 4.350753768844e-04 9.235000000000e-02 4.350753768844e-04 2.987999989808e-01
4.374271356784e-04 2.888989361712e-01 4.374271356784e-04 2.050000008267e-01 4.374271356784e-04 1.201000007106e-01 4.374271356784e-04 9.235000000000e-02 4.374271356784e-04 2.987999991848e-01
4.397788944724e-04 2.888990715907e-01 4.397788944724e-04 2.050000006661e-01 4.397788944724e-04 1.201000005707e-01 4.397788944724e-04 9.235000000000e-02 4.397788944724e-04 2.987999993480e-01
4.421306532663e-04 2.888991898563e-01 4.421306532663e-04 2.050000005367e-01 4.421306532663e-04 1.201000004583e-01 4.421306532663e-04 9.235000000000e-02 4.421306532663e-04 2.987999994785e-01
4.444824120603e-04 2.888992931285e-01 4.444824120603e-04 2.050000004325e-01 4.444824120603e-04 1.201000003680e-01 4.444824120603e-04 9.235000000000e-02 4.444824120603e-04 2.987999995829e-01
4.468341708543e-04 2.888993832977e-01 4.468341708543e-04 2.050000003485e-01 4.468341708543e-04 1.201000002956e-01 4.468341708543e-04 9.235000000000e-02 4.468341708543e-04 2.987999996663e-01
4.491859296482e-04 2.888994620175e-01 4.491859296482e-04 2.050000002808e-01 4.491859296482e-04 1.201000002374e-01 4.491859296482e-04 9.235000000000e-02 4.491859296482e-04 2.987999997331e-01
4.515376884422e-04 2.888995307338e-01 4.515376884422e-04 2.050000002262e-01 4.515376884422e-04 1.201000001906e-01 4.515376884422e-04 9.235000000000e-02 4.515376884422e-04 2.987999997865e-01
4.538894472362e-04 2.888995907115e-01 4.538894472362e-04 2.050000001823e-01 4.538894472362e-04 1.201000001531e-01 4.538894472362e-04 9.235000000000e-02 4.538894472362e-04 2.987999998293e-01
4.562412060302e-04 2.888996430562e-01 4.562412060302e-04 2.050000001469e-01 4.562412060302e-04 1.201000001229e-01 4.562412060302e-04 9.235000000000e-02 4.562412060302e-04 2.987999998634e-01
4.585929648241e-04 2.888996887346e-01 4.585929648241e-04 2.050000001184e-01 4.585929648241e-04 1.201000000987e-01 4.585929648241e-04 9.235000000000e-02 4.585929648241e-04 2.987999998908e-01
4.609447236181e-04 2.888997285915e-01 4.609447236181e-04 2.050000000954e-01 4.609447236181e-04 1.201000000793e-01 4.609447236181e-04 9.235000000000e-02 4.609447236181e-04 2.987999999126e-01
4.632964824121e-04 2.888997633654e-01 4.632964824121e-04 2.050000000768e-01 4.632964824121e-04 1.201000000637e-01 4.632964824121e-04 9.235000000000e-02 4.632964824121e-04 2.987999999301e-01
4.656482412060e-04 2.888997937015e-01 4.656482412060e-04 2.050000000619e-01 4.656482412060e-04 1.201000000511e-01 4.656482412060e-04 9.235000000000e-02 4.656482412060e-04 2.987999999441e-01
4.680000000000e-04 2.888998201636e-01 4.680000000000e-04 2.050000000499e-01 4.680000000000e-04 1.201000000411e-01 4.680000000000e-04 9.235000000000e-02 4.680000000000e-04 2.987999999553e-01
