0.000000000000e+00 2.925961728624e-01 0.000000000000e+00 2.850999208124e-01 0.000000000000e+00 2.033999991798e-01 0.000000000000e+00 9.140000000000e-02 0.000000000000e+00 1.239000000209e-01
2.266331658291e-06 2.925958161841e-01 2.266331658291e-06 2.850999101963e-01 2.266331658291e-06 2.033999990275e-01 2.266331658291e-06 9.140000000000e-02 2.266331658291e-06 1.239000000259e-01
4.532663316583e-06 2.925954262885e-01 4.532663316583e-06 2.850998981556e-01 4.532663316583e-06 2.033999988469e-01 4.532663316583e-06 9.140000000000e-02 4.532663316583e-06 1.239000000320e-01
6.798994974874e-06 2.925950000875e-01 6.798994974874e-06 2.850998844987e-01 6.798994974874e-06 2.033999986327e-01 6.798994974874e-06 9.140000000000e-02 6.798994974874e-06 1.239000000396e-01
9.065326633166e-06 2.925945342069e-01 9.065326633166e-06 2.850998690083e-01 9.065326633166e-06 2.033999983788e-01 9.065326633166e-06 9.140000000000e-02 9.065326633166e-06 1.239000000490e-01
1.133165829146e-05 2.925940249604e-01 1.133165829146e-05 2.850998514378e-01 1.133165829146e-05 2.033999980778e-01 1.133165829146e-05 9.140000000000e-02 1.133165829146e-05 1.239000000607e-01
1.359798994975e-05 2.925934683209e-01 1.359798994975e-05 2.850998315071e-01 1.359798994975e-05 2.033999977208e-01 1.359798994975e-05 9.140000000000e-02 1.359798994975e-05 1.239000000751e-01
1.586432160804e-05 2.925928598896e-01 1.586432160804e-05 2.850998088987e-01 1.586432160804e-05 2.033999972976e-01 1.586432160804e-05 9.140000000000e-02 1.586432160804e-05 1.239000000930e-01
1.813065326633e-05 2.925921948617e-01 1.813065326633e-05 2.850997832517e-01 1.813065326633e-05 2.033999967958e-01 1.813065326633e-05 9.140000000000e-02 1.813065326633e-05 1.239000001151e-01
2.039698492462e-05 2.925914679903e-01 2.039698492462e-05 2.850997541567e-01 2.039698492462e-05 2.033999962008e-01 2.039698492462e-05 9.140000000000e-02 2.039698492462e-05 1.239000001425e-01
2.266331658291e-05 2.925906735454e-01 2.266331658291e-05 2.850997211490e-01 2.266331658291e-05 2.033999954953e-01 2.266331658291e-05 9.140000000000e-02 2.266331658291e-05 1.239000001764e-01
2.492964824121e-05 2.925898052711e-01 2.492964824121e-05 2.850996837005e-01 2.492964824121e-05 2.033999946587e-01 2.492964824121e-05 9.140000000000e-02 2.492964824121e-05 1.239000002184e-01
2.719597989950e-05 2.925888563382e-01 2.719597989950e-05 2.850996412118e-01 2.719597989950e-05 2.033999936669e-01 2.719597989950e-05 9.140000000000e-02 2.719597989950e-05 1.239000002703e-01
2.946231155779e-05 2.925878192926e-01 2.946231155779e-05 2.850995930022e-01 2.946231155779e-05 2.033999924908e-01 2.946231155779e-05 9.140000000000e-02 2.946231155779e-05 1.239000003346e-01
3.172864321608e-05 2.925866860000e-01 3.172864321608e-05 2.850995382983e-01 3.172864321608e-05 2.033999910964e-01 3.172864321608e-05 9.140000000000e-02 3.172864321608e-05 1.239000004142e-01
3.399497487437e-05 2.925854475855e-01 3.399497487437e-05 2.850994762217e-01 3.399497487437e-05 2.033999894430e-01 3.399497487437e-05 9.140000000000e-02 3.399497487437e-05 1.239000005127e-01
3.626130653266e-05 2.925840943691e-01 3.626130653266e-05 2.850994057740e-01 3.626130653266e-05 2.033999874826e-01 3.626130653266e-05 9.140000000000e-02 3.626130653266e-05 1.239000006347e-01
3.852763819095e-05 2.925826157947e-01 3.852763819095e-05 2.850993258211e-01 3.852763819095e-05 2.033999851581e-01 3.852763819095e-05 9.140000000000e-02 3.852763819095e-05 1.239000007857e-01
4.079396984925e-05 2.925810003548e-01 4.079396984925e-05 2.850992350736e-01 4.079396984925e-05 2.033999824019e-01 4.079396984925e-05 9.140000000000e-02 4.079396984925e-05 1.239000009726e-01
4.306030150754e-05 2.925792355093e-01 4.306030150754e-05 2.850991320660e-01 4.306030150754e-05 2.033999791339e-01 4.306030150754e-05 9.140000000000e-02 4.306030150754e-05 1.239000012040e-01
4.532663316583e-05 2.925773075974e-01 4.532663316583e-05 2.850990151317e-01 4.532663316583e-05 2.033999752590e-01 4.532663316583e-05 9.140000000000e-02 4.532663316583e-05 1.239000014904e-01
4.759296482412e-05 2.925752017447e-01 4.759296482412e-05 2.850988823757e-01 4.759296482412e-05 2.033999706645e-01 4.759296482412e-05 9.140000000000e-02 4.759296482412e-05 1.239000018450e-01
4.985929648241e-05 2.925729017626e-01 4.985929648241e-05 2.850987316419e-01 4.985929648241e-05 2.033999652167e-01 4.985929648241e-05 9.140000000000e-02 4.985929648241e-05 1.239000022840e-01
5.212562814070e-05 2.925703900424e-01 5.212562814070e-05 2.850985604775e-01 5.212562814070e-05 2.033999587573e-01 5.212562814070e-05 9.140000000000e-02 5.212562814070e-05 1.239000028275e-01
5.439195979899e-05 2.925676474427e-01 5.439195979899e-05 2.850983660908e-01 5.439195979899e-05 2.033999510981e-01 5.439195979899e-05 9.140000000000e-02 5.439195979899e-05 1.239000035003e-01
5.665829145729e-05 2.925646531702e-01 5.665829145729e-05 2.850981453036e-01 5.665829145729e-05 2.033999420165e-01 5.665829145729e-05 9.140000000000e-02 5.665829145729e-05 1.239000043334e-01
5.892462311558e-05 2.925613846557e-01 5.892462311558e-05 2.850978944966e-01 5.892462311558e-05 2.033999312481e-01 5.892462311558e-05 9.140000000000e-02 5.892462311558e-05 1.239000053648e-01
6.119095477387e-05 2.925578174240e-01 6.119095477387e-05 2.850976095470e-01 6.119095477387e-05 2.033999184798e-01 6.119095477387e-05 9.140000000000e-02 6.119095477387e-05 1.239000066418e-01
6.345728643216e-05 2.925539249610e-01 6.345728643216e-05 2.850972857567e-01 6.345728643216e-05 2.033999033398e-01 6.345728643216e-05 9.140000000000e-02 6.345728643216e-05 1.239000082229e-01
6.572361809045e-05 2.925496785769e-01 6.572361809045e-05 2.850969177700e-01 6.572361809045e-05 2.033998853877e-01 6.572361809045e-05 9.140000000000e-02 6.572361809045e-05 1.239000101808e-01
6.798994974874e-05 2.925450472692e-01 6.798994974874e-05 2.850964994793e-01 6.798994974874e-05 2.033998641009e-01 6.798994974874e-05 9.140000000000e-02 6.798994974874e-05 1.239000126051e-01
7.025628140704e-05 2.925399975878e-01 7.025628140704e-05 2.850960239162e-01 7.025628140704e-05 2.033998388598e-01 7.025628140704e-05 9.140000000000e-02 7.025628140704e-05 1.239000156073e-01
7.252261306533e-05 2.925344935048e-01 7.252261306533e-05 2.850954831273e-01 7.252261306533e-05 2.033998089294e-01 7.252261306533e-05 9.140000000000e-02 7.252261306533e-05 1.239000193253e-01
7.478894472362e-05 2.925284962947e-01 7.478894472362e-05 2.850948680299e-01 7.478894472362e-05 2.033997734384e-01 7.478894472362e-05 9.140000000000e-02 7.478894472362e-05 1.239000239301e-01
7.705527638191e-05 2.925219644292e-01 7.705527638191e-05 2.850941682470e-01 7.705527638191e-05 2.033997313529e-01 7.705527638191e-05 9.140000000000e-02 7.705527638191e-05 1.239000296335e-01
7.932160804020e-05 2.925148534958e-01 7.932160804020e-05 2.850933719160e-01 7.932160804020e-05 2.033996814470e-01 7.932160804020e-05 9.140000000000e-02 7.932160804020e-05 1.239000366983e-01
8.158793969849e-05 2.925071161483e-01 8.158793969849e-05 2.850924654681e-01 8.158793969849e-05 2.033996222664e-01 8.158793969849e-05 9.140000000000e-02 8.158793969849e-05 1.239000454503e-01
8.385427135678e-05 2.924987021011e-01 8.385427135678e-05 2.850914333743e-01 8.385427135678e-05 2.033995520860e-01 8.385427135678e-05 9.140000000000e-02 8.385427135678e-05 1.239000562935e-01
8.612060301508e-05 2.924895581828e-01 8.612060301508e-05 2.850902578496e-01 8.612060301508e-05 2.033994688593e-01 8.612060301508e-05 9.140000000000e-02 8.612060301508e-05 1.239000697293e-01
8.838693467337e-05 2.924796284684e-01 8.838693467337e-05 2.850889185124e-01 8.838693467337e-05 2.033993701581e-01 8.838693467337e-05 9.140000000000e-02 8.838693467337e-05 1.239000863800e-01
9.065326633166e-05 2.924688545111e-01 9.065326633166e-05 2.850873919880e-01 9.065326633166e-05 2.033992531013e-01 9.065326633166e-05 9.140000000000e-02 9.065326633166e-05 1.239001070179e-01
9.291959798995e-05 2.924571757060e-01 9.291959798995e-05 2.850856514489e-01 9.291959798995e-05 2.033991142702e-01 9.291959798995e-05 9.140000000000e-02 9.291959798995e-05 1.239001326024e-01
9.518592964824e-05 2.924445298192e-01 9.518592964824e-05 2.850836660800e-01 9.518592964824e-05 2.033989496067e-01 9.518592964824e-05 9.140000000000e-02 9.518592964824e-05 1.239001643255e-01
9.745226130653e-05 2.924308537294e-01 9.745226130653e-05 2.850814004568e-01 9.745226130653e-05 2.033987542942e-01 9.745226130653e-05 9.140000000000e-02 9.745226130653e-05 1.239002036690e-01
9.971859296482e-05 2.924160844358e-01 9.971859296482e-05 2.850788138194e-01 9.971859296482e-05 2.033985226134e-01 9.971859296482e-05 9.140000000000e-02 9.971859296482e-05 1.239002524761e-01
1.019849246231e-04 2.924001604014e-01 1.019849246231e-04 2.850758592262e-01 1.019849246231e-04 2.033982477730e-01 1.019849246231e-04 9.140000000000e-02 1.019849246231e-04 1.239003130407e-01
1.042512562814e-04 2.923830233163e-01 1.042512562814e-04 2.850724825643e-01 1.042512562814e-04 2.033979217054e-01 1.042512562814e-04 9.140000000000e-02 1.042512562814e-04 1.239003882199e-01
1.065175879397e-04 2.923646203840e-01 1.065175879397e-04 2.850686213918e-01 1.065175879397e-04 2.033975348250e-01 1.065175879397e-04 9.140000000000e-02 1.065175879397e-04 1.239004815750e-01
1.087839195980e-04 2.923449072586e-01 1.087839195980e-04 2.850642035803e-01 1.087839195980e-04 2.033970757378e-01 1.087839195980e-04 9.140000000000e-02 1.087839195980e-04 1.239005975488e-01
1.110502512563e-04 2.923238517873e-01 1.110502512563e-04 2.850591457226e-01 1.110502512563e-04 2.033965308955e-01 1.110502512563e-04 9.140000000000e-02 1.110502512563e-04 1.239007416897e-01
1.133165829146e-04 2.923014387484e-01 1.133165829146e-04 2.850533512617e-01 1.133165829146e-04 2.033958841800e-01 1.133165829146e-04 9.140000000000e-02 1.133165829146e-04 1.239009209341e-01
1.155829145729e-04 2.922776758165e-01 1.155829145729e-04 2.850467082881e-01 1.155829145729e-04 2.033951164057e-01 1.155829145729e-04 9.140000000000e-02 1.155829145729e-04 1.239011439646e-01
1.178492462312e-04 2.922526010342e-01 1.178492462312e-04 2.850390869462e-01 1.178492462312e-04 2.033942047216e-01 1.178492462312e-04 9.140000000000e-02 1.178492462312e-04 1.239014216638e-01
1.201155778894e-04 2.922262921304e-01 1.201155778894e-04 2.850303363728e-01 1.201155778894e-04 2.033931218910e-01 1.201155778894e-04 9.140000000000e-02 1.201155778894e-04 1.239017676932e-01
1.223819095477e-04 2.921988780929e-01 1.223819095477e-04 2.850202810815e-01 1.223819095477e-04 2.033918354223e-01 1.223819095477e-04 9.140000000000e-02 1.223819095477e-04 1.239021992310e-01
1.246482412060e-04 2.921705534856e-01 1.246482412060e-04 2.850087166860e-01 1.246482412060e-04 2.033903065178e-01 1.246482412060e-04 9.140000000000e-02 1.246482412060e-04 1.239027379168e-01
1.269145728643e-04 2.921415960909e-01 1.269145728643e-04 2.849954048366e-01 1.269145728643e-04 2.033884887980e-01 1.269145728643e-04 9.140000000000e-02 1.269145728643e-04 1.239034110654e-01
1.291809045226e-04 2.921123885669e-01 1.291809045226e-04 2.849800672173e-01 1.291809045226e-04 2.033863267488e-01 1.291809045226e-04 9.140000000000e-02 1.291809045226e-04 1.239042532307e-01
1.314472361809e-04 2.920834449196e-01 1.314472361809e-04 2.849623784230e-01 1.314472361809e-04 2.033837538251e-01 1.314472361809e-04 9.140000000000e-02 1.314472361809e-04 1.239053082289e-01
1.337135678392e-04 2.920554427156e-01 1.337135678392e-04 2.849419575003e-01 1.337135678392e-04 2.033806901251e-01 1.337135678392e-04 9.140000000000e-02 1.337135678392e-04 1.239066317645e-01
1.359798994975e-04 2.920292620789e-01 1.359798994975e-04 2.849183578927e-01 1.359798994975e-04 2.033770395264e-01 1.359798994975e-04 9.140000000000e-02 1.359798994975e-04 1.239082948528e-01
1.382462311558e-04 2.920060326183e-01 1.382462311558e-04 2.848910554822e-01 1.382462311558e-04 2.033726861435e-01 1.382462311558e-04 9.140000000000e-02 1.382462311558e-04 1.239103882968e-01
1.405125628141e-04 2.919871894987e-01 1.405125628141e-04 2.848594343605e-01 1.405125628141e-04 2.033674899238e-01 1.405125628141e-04 9.140000000000e-02 1.405125628141e-04 1.239130285690e-01
1.427788944724e-04 2.919745398562e-01 1.427788944724e-04 2.848227698953e-01 1.427788944724e-04 2.033612811438e-01 1.427788944724e-04 9.140000000000e-02 1.427788944724e-04 1.239163655657e-01
1.450452261307e-04 2.919703406108e-01 1.450452261307e-04 2.847802085775e-01 1.450452261307e-04 2.033538534948e-01 1.450452261307e-04 9.140000000000e-02 1.450452261307e-04 1.239205928760e-01
1.473115577889e-04 2.919773883661e-01 1.473115577889e-04 2.847307440460e-01 1.473115577889e-04 2.033449553457e-01 1.473115577889e-04 9.140000000000e-02 1.473115577889e-04 1.239259614298e-01
1.495778894472e-04 2.919991213727e-01 1.495778894472e-04 2.846731885887e-01 1.495778894472e-04 2.033342786388e-01 1.495778894472e-04 9.140000000000e-02 1.495778894472e-04 1.239327977095e-01
1.518442211055e-04 2.920397322921e-01 1.518442211055e-04 2.846061393039e-01 1.518442211055e-04 2.033214446959e-01 1.518442211055e-04 9.140000000000e-02 1.518442211055e-04 1.239415281420e-01
1.541105527638e-04 2.921042884847e-01 1.541105527638e-04 2.845279380007e-01 1.541105527638e-04 2.033059859663e-01 1.541105527638e-04 9.140000000000e-02 1.541105527638e-04 1.239527118830e-01
1.563768844221e-04 2.921988534254e-01 1.563768844221e-04 2.844366237975e-01 1.563768844221e-04 2.032873224249e-01 1.563768844221e-04 9.140000000000e-02 1.563768844221e-04 1.239670850328e-01
1.586432160804e-04 2.923305982046e-01 1.586432160804e-04 2.843298772907e-01 1.586432160804e-04 2.032647308812e-01 1.586432160804e-04 9.140000000000e-02 1.586432160804e-04 1.239856204534e-01
1.609095477387e-04 2.925078854228e-01 1.609095477387e-04 2.842049551031e-01 1.609095477387e-04 2.032373048620e-01 1.609095477387e-04 9.140000000000e-02 1.609095477387e-04 1.240096089219e-01
1.631758793970e-04 2.927402986399e-01 1.631758793970e-04 2.840586136371e-01 1.631758793970e-04 2.032039019188e-01 1.631758793970e-04 9.140000000000e-02 1.631758793970e-04 1.240407695042e-01
1.654422110553e-04 2.930385785665e-01 1.654422110553e-04 2.838870209895e-01 1.654422110553e-04 2.031630741200e-01 1.654422110553e-04 9.140000000000e-02 1.654422110553e-04 1.240813999774e-01
1.677085427136e-04 2.934144124941e-01 1.677085427136e-04 2.836856563169e-01 1.677085427136e-04 2.031129760233e-01 1.677085427136e-04 9.140000000000e-02 1.677085427136e-04 1.241345821428e-01
1.699748743719e-04 2.938800071163e-01 1.699748743719e-04 2.834491965643e-01 1.699748743719e-04 2.030512424827e-01 1.699748743719e-04 9.140000000000e-02 1.699748743719e-04 1.242044622971e-01
1.722412060302e-04 2.944473596986e-01 1.722412060302e-04 2.831713915500e-01 1.722412060302e-04 2.029748260987e-01 1.722412060302e-04 9.140000000000e-02 1.722412060302e-04 1.242966343646e-01
1.745075376884e-04 2.951271340508e-01 1.745075376884e-04 2.828449301115e-01 1.745075376884e-04 2.028797808523e-01 1.745075376884e-04 9.140000000000e-02 1.745075376884e-04 1.244186626463e-01
1.767738693467e-04 2.959270553307e-01 1.767738693467e-04 2.824613026166e-01 1.767738693467e-04 2.027609744095e-01 1.767738693467e-04 9.140000000000e-02 1.767738693467e-04 1.245807930940e-01
1.790402010050e-04 2.968497750302e-01 1.790402010050e-04 2.820106689050e-01 1.790402010050e-04 2.026117068267e-01 1.790402010050e-04 9.140000000000e-02 1.790402010050e-04 1.247969163023e-01
1.813065326633e-04 2.978902412505e-01 1.813065326633e-04 2.814817459370e-01 1.813065326633e-04 2.024232083729e-01 1.813065326633e-04 9.140000000000e-02 1.813065326633e-04 1.250858607586e-01
1.835728643216e-04 2.990327543436e-01 1.835728643216e-04 2.808617362820e-01 1.835728643216e-04 2.021839851077e-01 1.835728643216e-04 9.140000000000e-02 1.835728643216e-04 1.254731076270e-01
1.858391959799e-04 3.002480966486e-01 1.858391959799e-04 2.801363270519e-01 1.858391959799e-04 2.018789803450e-01 1.858391959799e-04 9.140000000000e-02 1.858391959799e-04 1.259930199665e-01
1.881055276382e-04 3.014913716603e-01 1.881055276382e-04 2.792897984418e-01 1.881055276382e-04 2.014885284580e-01 1.881055276382e-04 9.140000000000e-02 1.881055276382e-04 1.266916523658e-01
1.903718592965e-04 3.027014021018e-01 1.903718592965e-04 2.783052903147e-01 1.903718592965e-04 2.009871042802e-01 1.903718592965e-04 9.140000000000e-02 1.903718592965e-04 1.276301188452e-01
1.926381909548e-04 3.038025986885e-01 1.926381909548e-04 2.771652815910e-01 1.926381909548e-04 2.003419328896e-01 1.926381909548e-04 9.140000000000e-02 1.926381909548e-04 1.288882920905e-01
1.949045226131e-04 3.047099807730e-01 1.949045226131e-04 2.758523362968e-01 1.949045226131e-04 1.995116450913e-01 1.949045226131e-04 9.140000000000e-02 1.949045226131e-04 1.305682039134e-01
1.971708542714e-04 3.053374152051e-01 1.971708542714e-04 2.743501560908e-01 1.971708542714e-04 1.984453728765e-01 1.971708542714e-04 9.140000000000e-02 1.971708542714e-04 1.327958241648e-01
1.994371859296e-04 3.056081985388e-01 1.994371859296e-04 2.726449453917e-01 1.994371859296e-04 1.970829954087e-01 1.994371859296e-04 9.140000000000e-02 1.994371859296e-04 1.357188859529e-01
2.017035175879e-04 3.054661131278e-01 2.017035175879e-04 2.707270371017e-01 2.017035175879e-04 1.953576357273e-01 2.017035175879e-04 9.140000000000e-02 2.017035175879e-04 1.394973198045e-01
2.039698492462e-04 3.048844749746e-01 2.039698492462e-04 2.685926454684e-01 2.039698492462e-04 1.932018039829e-01 2.039698492462e-04 9.140000000000e-02 2.039698492462e-04 1.442824382893e-01
2.062361809045e-04 3.038708538921e-01 2.062361809045e-04 2.662455198345e-01 2.062361809045e-04 1.905583896000e-01 2.062361809045e-04 9.140000000000e-02 2.062361809045e-04 1.501828466733e-01
2.085025125628e-04 3.024661738333e-01 2.085025125628e-04 2.636981948426e-01 2.085025125628e-04 1.873964204451e-01 2.085025125628e-04 9.140000000000e-02 2.085025125628e-04 1.572209655647e-01
2.107688442211e-04 3.007384506810e-01 2.107688442211e-04 2.609725061479e-01 2.107688442211e-04 1.837287209848e-01 2.107688442211e-04 9.140000000000e-02 2.107688442211e-04 1.652938507999e-01
2.130351758794e-04 2.987728672484e-01 2.130351758794e-04 2.580991015267e-01 2.130351758794e-04 1.796250126593e-01 2.130351758794e-04 9.140000000000e-02 2.130351758794e-04 1.741601906383e-01
2.153015075377e-04 2.966606516422e-01 2.153015075377e-04 2.551158393298e-01 2.153015075377e-04 1.752121829763e-01 2.153015075377e-04 9.140000000000e-02 2.153015075377e-04 1.834716769813e-01
2.175678391960e-04 2.944891099505e-01 2.175678391960e-04 2.520652029261e-01 2.175678391960e-04 1.706567045629e-01 2.175678391960e-04 9.140000000000e-02 2.175678391960e-04 1.928461075670e-01
2.198341708543e-04 2.923343789870e-01 2.198341708543e-04 2.489911021827e-01 2.198341708543e-04 1.661327773441e-01 2.198341708543e-04 9.140000000000e-02 2.198341708543e-04 2.019532309093e-01
2.221005025126e-04 2.902574456913e-01 2.221005025126e-04 2.459355938896e-01 2.221005025126e-04 1.617883207214e-01 2.221005025126e-04 9.140000000000e-02 2.221005025126e-04 2.105751555920e-01
2.243668341709e-04 2.883031253843e-01 2.243668341709e-04 2.429360683995e-01 2.243668341709e-04 1.577223142894e-01 2.243668341709e-04 9.140000000000e-02 2.243668341709e-04 2.186201036640e-01
2.266331658291e-04 2.865012037212e-01 2.266331658291e-04 2.400233133665e-01 2.266331658291e-04 1.539799215003e-01 2.266331658291e-04 9.140000000000e-02 2.266331658291e-04 2.260955948812e-01
2.288994974874e-04 2.848688262763e-01 2.288994974874e-04 2.372206323670e-01 2.288994974874e-04 1.505624356355e-01 2.288994974874e-04 9.140000000000e-02 2.288994974874e-04 2.330632867465e-01
2.311658291457e-04 2.834133475135e-01 2.311658291457e-04 2.345439528964e-01 2.311658291457e-04 1.474440115146e-01 2.311658291457e-04 9.140000000000e-02 2.311658291457e-04 2.395966937038e-01
2.334321608040e-04 2.821350876586e-01 2.334321608040e-04 2.320026802154e-01 2.334321608040e-04 1.445877653342e-01 2.334321608040e-04 9.140000000000e-02 2.334321608040e-04 2.457531057259e-01
2.356984924623e-04 2.810296869131e-01 2.356984924623e-04 2.296009762144e-01 2.356984924623e-04 1.419572839915e-01 2.356984924623e-04 9.140000000000e-02 2.356984924623e-04 2.515615716361e-01
2.379648241206e-04 2.800899367656e-01 2.379648241206e-04 2.273391583858e-01 2.379648241206e-04 1.395228278357e-01 2.379648241206e-04 9.140000000000e-02 2.379648241206e-04 2.570235144217e-01
2.402311557789e-04 2.793070930439e-01 2.402311557789e-04 2.252149892470e-01 2.402311557789e-04 1.372632938720e-01 2.402311557789e-04 9.140000000000e-02 2.402311557789e-04 2.621208728517e-01
2.424974874372e-04 2.786717426502e-01 2.424974874372e-04 2.232247222201e-01 2.424974874372e-04 1.351655051011e-01 2.424974874372e-04 9.140000000000e-02 2.424974874372e-04 2.668270163113e-01
2.447638190955e-04 2.781743217846e-01 2.447638190955e-04 2.213638566590e-01 2.447638190955e-04 1.332222036331e-01 2.447638190955e-04 9.140000000000e-02 2.447638190955e-04 2.711169014103e-01
2.470301507538e-04 2.778053839205e-01 2.470301507538e-04 2.196276173636e-01 2.470301507538e-04 1.314297166109e-01 2.470301507538e-04 9.140000000000e-02 2.470301507538e-04 2.749744098127e-01
2.492964824121e-04 2.775557031746e-01 2.492964824121e-04 2.180112096360e-01 2.492964824121e-04 1.297858684359e-01 2.492964824121e-04 9.140000000000e-02 2.492964824121e-04 2.783961695932e-01
2.515628140704e-04 2.774162811455e-01 2.515628140704e-04 2.165099140375e-01 2.515628140704e-04 1.282884084854e-01 2.515628140704e-04 9.140000000000e-02 2.515628140704e-04 2.813921831037e-01
2.538291457286e-04 2.773783074439e-01 2.538291457286e-04 2.151190826077e-01 2.538291457286e-04 1.269340179927e-01 2.538291457286e-04 9.140000000000e-02 2.538291457286e-04 2.839841538791e-01
2.560954773869e-04 2.774331082939e-01 2.560954773869e-04 2.138340873248e-01 2.560954773869e-04 1.257178374514e-01 2.560954773869e-04 9.140000000000e-02 2.560954773869e-04 2.862025533397e-01
2.583618090452e-04 2.775721046040e-01 2.583618090452e-04 2.126502574173e-01 2.583618090452e-04 1.246333967440e-01 2.583618090452e-04 9.140000000000e-02 2.583618090452e-04 2.880833242109e-01
2.606281407035e-04 2.777867908913e-01 2.606281407035e-04 2.115628283351e-01 2.606281407035e-04 1.236728150241e-01 2.606281407035e-04 9.140000000000e-02 2.606281407035e-04 2.896648387689e-01
2.628944723618e-04 2.780687391000e-01 2.628944723618e-04 2.105669136864e-01 2.628944723618e-04 1.228271494063e-01 2.628944723618e-04 9.140000000000e-02 2.628944723618e-04 2.909854419350e-01
2.651608040201e-04 2.784096263181e-01 2.651608040201e-04 2.096575029852e-01 2.651608040201e-04 1.220867971283e-01 2.651608040201e-04 9.140000000000e-02 2.651608040201e-04 2.920816822488e-01
2.674271356784e-04 2.788012822213e-01 2.674271356784e-04 2.088294825933e-01 2.674271356784e-04 1.214418851191e-01 2.674271356784e-04 9.140000000000e-02 2.674271356784e-04 2.929871888050e-01
2.696934673367e-04 2.792357503809e-01 2.696934673367e-04 2.080776743266e-01 2.696934673367e-04 1.208826076419e-01 2.696934673367e-04 9.140000000000e-02 2.696934673367e-04 2.937320799704e-01
2.719597989950e-04 2.797053570113e-01 2.719597989950e-04 2.073968851913e-01 2.719597989950e-04 1.203994938424e-01 2.719597989950e-04 9.140000000000e-02 2.719597989950e-04 2.943427687729e-01
2.742261306533e-04 2.802027809829e-01 2.742261306533e-04 2.067819619860e-01 2.742261306533e-04 1.199836018672e-01 2.742261306533e-04 9.140000000000e-02 2.742261306533e-04 2.948420388370e-01
2.764924623116e-04 2.807211197227e-01 2.764924623116e-04 2.062278455147e-01 2.764924623116e-04 1.196266453533e-01 2.764924623116e-04 9.140000000000e-02 2.764924623116e-04 2.952492872743e-01
2.787587939698e-04 2.812539467458e-01 2.787587939698e-04 2.057296204690e-01 2.787587939698e-04 1.193210627646e-01 2.787587939698e-04 9.140000000000e-02 2.787587939698e-04 2.955808566889e-01
2.810251256281e-04 2.817953578062e-01 2.810251256281e-04 2.052825583812e-01 2.810251256281e-04 1.190600416071e-01 2.810251256281e-04 9.140000000000e-02 2.810251256281e-04 2.958504019424e-01
2.832914572864e-04 2.823400038969e-01 2.832914572864e-04 2.048821522445e-01 2.832914572864e-04 1.188375091773e-01 2.832914572864e-04 9.140000000000e-02 2.832914572864e-04 2.960692563529e-01
2.855577889447e-04 2.828831104517e-01 2.855577889447e-04 2.045241423578e-01 2.855577889447e-04 1.186481000812e-01 2.855577889447e-04 9.140000000000e-02 2.855577889447e-04 2.962467762387e-01
2.878241206030e-04 2.834204830456e-01 2.878241206030e-04 2.042045336659e-01 2.878241206030e-04 1.184871089294e-01 2.878241206030e-04 9.140000000000e-02 2.878241206030e-04 2.963906527203e-01
2.900904522613e-04 2.839485006250e-01 2.900904522613e-04 2.039196053363e-01 2.900904522613e-04 1.183504347448e-01 2.900904522613e-04 9.140000000000e-02 2.900904522613e-04 2.965071863428e-01
2.923567839196e-04 2.844640978107e-01 2.923567839196e-04 2.036659135884e-01 2.923567839196e-04 1.182345219293e-01 2.923567839196e-04 9.140000000000e-02 2.923567839196e-04 2.966015242339e-01
2.946231155779e-04 2.849647381280e-01 2.946231155779e-04 2.034402889122e-01 2.946231155779e-04 1.181363012134e-01 2.946231155779e-04 9.140000000000e-02 2.946231155779e-04 2.966778619193e-01
2.968894472362e-04 2.854483801484e-01 2.968894472362e-04 2.032398288171e-01 2.968894472362e-04 1.180531328722e-01 2.968894472362e-04 9.140000000000e-02 2.968894472362e-04 2.967396131550e-01
2.991557788945e-04 2.859134385164e-01 2.991557788945e-04 2.030618871842e-01 2.991557788945e-04 1.179827536264e-01 2.991557788945e-04 9.140000000000e-02 2.991557788945e-04 2.967895516181e-01
3.014221105528e-04 2.863587417108e-01 3.014221105528e-04 2.029040611830e-01 3.014221105528e-04 1.179232280023e-01 3.014221105528e-04 9.140000000000e-02 3.014221105528e-04 2.968299283292e-01
3.036884422111e-04 2.867834881989e-01 3.036884422111e-04 2.027641765794e-01 3.036884422111e-04 1.178729044750e-01 3.036884422111e-04 9.140000000000e-02 3.036884422111e-04 2.968625684529e-01
3.059547738693e-04 2.871872023993e-01 3.059547738693e-04 2.026402721223e-01 3.059547738693e-04 1.178303764056e-01 3.059547738693e-04 9.140000000000e-02 3.059547738693e-04 2.968889507670e-01
3.082211055276e-04 2.875696916168e-01 3.082211055276e-04 2.025305835623e-01 3.082211055276e-04 1.177944475878e-01 3.082211055276e-04 9.140000000000e-02 3.082211055276e-04 2.969102726904e-01
3.104874371859e-04 2.879310048538e-01 3.104874371859e-04 2.024335277351e-01 3.104874371859e-04 1.177641020948e-01 3.104874371859e-04 9.140000000000e-02 3.104874371859e-04 2.969275033554e-01
3.127537688442e-04 2.882713941681e-01 3.127537688442e-04 2.023476870356e-01 3.127537688442e-04 1.177384780586e-01 3.127537688442e-04 9.140000000000e-02 3.127537688442e-04 2.969414268317e-01
3.150201005025e-04 2.885912790276e-01 3.150201005025e-04 2.022717945168e-01 3.150201005025e-04 1.177168449847e-01 3.150201005025e-04 9.140000000000e-02 3.150201005025e-04 2.969526772734e-01
3.172864321608e-04 2.888912139312e-01 3.172864321608e-04 2.022047197745e-01 3.172864321608e-04 1.176985842102e-01 3.172864321608e-04 9.140000000000e-02 3.172864321608e-04 2.969617674581e-01
3.195527638191e-04 2.891718594096e-01 3.195527638191e-04 2.021454557197e-01 3.195527638191e-04 1.176831721273e-01 3.195527638191e-04 9.140000000000e-02 3.195527638191e-04 2.969691119385e-01
3.218190954774e-04 2.894339563990e-01 3.218190954774e-04 2.020931062896e-01 3.218190954774e-04 1.176701658243e-01 3.218190954774e-04 9.140000000000e-02 3.218190954774e-04 2.969750458063e-01
3.240854271357e-04 2.896783038846e-01 3.240854271357e-04 2.020468751176e-01 3.240854271357e-04 1.176591908231e-01 3.240854271357e-04 9.140000000000e-02 3.240854271357e-04 2.969798398899e-01
3.263517587940e-04 2.899057396446e-01 3.263517587940e-04 2.020060551492e-01 3.263517587940e-04 1.176499306305e-01 3.263517587940e-04 9.140000000000e-02 3.263517587940e-04 2.969837130574e-01
3.286180904523e-04 2.901171238788e-01 3.286180904523e-04 2.019700191776e-01 3.286180904523e-04 1.176421178479e-01 3.286180904523e-04 9.140000000000e-02 3.286180904523e-04 2.969868421724e-01
3.308844221106e-04 2.903133254762e-01 3.308844221106e-04 2.019382112555e-01 3.308844221106e-04 1.176355266188e-01 3.308844221106e-04 9.140000000000e-02 3.308844221106e-04 2.969893701461e-01
3.331507537688e-04 2.904952106637e-01 3.331507537688e-04 2.019101389311e-01 3.331507537688e-04 1.176299662197e-01 3.331507537688e-04 9.140000000000e-02 3.331507537688e-04 2.969914124500e-01
3.354170854271e-04 2.906636337771e-01 3.354170854271e-04 2.018853662539e-01 3.354170854271e-04 1.176252756270e-01 3.354170854271e-04 9.140000000000e-02 3.354170854271e-04 2.969930623809e-01
3.376834170854e-04 2.908194298982e-01 3.376834170854e-04 2.018635074916e-01 3.376834170854e-04 1.176213189144e-01 3.376834170854e-04 9.140000000000e-02 3.376834170854e-04 2.969943953171e-01
3.399497487437e-04 2.909634091170e-01 3.399497487437e-04 2.018442214990e-01 3.399497487437e-04 1.176179813578e-01 3.399497487437e-04 9.140000000000e-02 3.399497487437e-04 2.969954721580e-01
3.422160804020e-04 2.910963521948e-01 3.422160804020e-04 2.018272066830e-01 3.422160804020e-04 1.176151661390e-01 3.422160804020e-04 9.140000000000e-02 3.422160804020e-04 2.969963421051e-01
3.444824120603e-04 2.912190074188e-01 3.444824120603e-04 2.018121965083e-01 3.444824120603e-04 1.176127915596e-01 3.444824120603e-04 9.140000000000e-02 3.444824120603e-04 2.969970449078e-01
3.467487437186e-04 2.913320884636e-01 3.467487437186e-04 2.017989554926e-01 3.467487437186e-04 1.176107886854e-01 3.467487437186e-04 9.140000000000e-02 3.467487437186e-04 2.969976126791e-01
3.490150753769e-04 2.914362730902e-01 3.490150753769e-04 2.017872756429e-01 3.490150753769e-04 1.176090993561e-01 3.490150753769e-04 9.140000000000e-02 3.490150753769e-04 2.969980713628e-01
3.512814070352e-04 2.915322025376e-01 3.512814070352e-04 2.017769732878e-01 3.512814070352e-04 1.176076745047e-01 3.512814070352e-04 9.140000000000e-02 3.512814070352e-04 2.969984419180e-01
3.535477386935e-04 2.916204814755e-01 3.535477386935e-04 2.017678862650e-01 3.535477386935e-04 1.176064727376e-01 3.535477386935e-04 9.140000000000e-02 3.535477386935e-04 2.969987412770e-01
3.558140703518e-04 2.917016784071e-01 3.558140703518e-04 2.017598714271e-01 3.558140703518e-04 1.176054591360e-01 3.558140703518e-04 9.140000000000e-02 3.558140703518e-04 2.969989831191e-01
3.580804020101e-04 2.917763264278e-01 3.580804020101e-04 2.017528024301e-01 3.580804020101e-04 1.176046042444e-01 3.580804020101e-04 9.140000000000e-02 3.580804020101e-04 2.969991784952e-01
3.603467336683e-04 2.918449242548e-01 3.603467336683e-04 2.017465677753e-01 3.603467336683e-04 1.176038832164e-01 3.603467336683e-04 9.140000000000e-02 3.603467336683e-04 2.969993363330e-01
3.626130653266e-04 2.919079374622e-01 3.626130653266e-04 2.017410690756e-01 3.626130653266e-04 1.176032750941e-01 3.626130653266e-04 9.140000000000e-02 3.626130653266e-04 2.969994638449e-01
3.648793969849e-04 2.919657998611e-01 3.648793969849e-04 2.017362195216e-01 3.648793969849e-04 1.176027622000e-01 3.648793969849e-04 9.140000000000e-02 3.648793969849e-04 2.969995668576e-01
3.671457286432e-04 2.920189149787e-01 3.671457286432e-04 2.017319425255e-01 3.671457286432e-04 1.176023296233e-01 3.671457286432e-04 9.140000000000e-02 3.671457286432e-04 2.969996500781e-01
3.694120603015e-04 2.920676575968e-01 3.694120603015e-04 2.017281705224e-01 3.694120603015e-04 1.176019647879e-01 3.694120603015e-04 9.140000000000e-02 3.694120603015e-04 2.969997173092e-01
3.716783919598e-04 2.921123753176e-01 3.716783919598e-04 2.017248439104e-01 3.716783919598e-04 1.176016570864e-01 3.716783919598e-04 9.140000000000e-02 3.716783919598e-04 2.969997716231e-01
3.739447236181e-04 2.921533901308e-01 3.739447236181e-04 2.017219101150e-01 3.739447236181e-04 1.176013975719e-01 3.739447236181e-04 9.140000000000e-02 3.739447236181e-04 2.969998155015e-01
3.762110552764e-04 2.921909999636e-01 3.762110552764e-04 2.017193227623e-01 3.762110552764e-04 1.176011786987e-01 3.762110552764e-04 9.140000000000e-02 3.762110552764e-04 2.969998509495e-01
3.784773869347e-04 2.922254801954e-01 3.784773869347e-04 2.017170409493e-01 3.784773869347e-04 1.176009941025e-01 3.784773869347e-04 9.140000000000e-02 3.784773869347e-04 2.969998795867e-01
3.807437185930e-04 2.922570851283e-01 3.807437185930e-04 2.017150285996e-01 3.807437185930e-04 1.176008384154e-01 3.807437185930e-04 9.140000000000e-02 3.807437185930e-04 2.969999027219e-01
3.830100502513e-04 2.922860494011e-01 3.830100502513e-04 2.017132538946e-01 3.830100502513e-04 1.176007071102e-01 3.830100502513e-04 9.140000000000e-02 3.830100502513e-04 2.969999214120e-01
3.852763819095e-04 2.923125893444e-01 3.852763819095e-04 2.017116887714e-01 3.852763819095e-04 1.176005963686e-01 3.852763819095e-04 9.140000000000e-02 3.852763819095e-04 2.969999365112e-01
3.875427135678e-04 2.923369042700e-01 3.875427135678e-04 2.017103084802e-01 3.875427135678e-04 1.176005029703e-01 3.875427135678e-04 9.140000000000e-02 3.875427135678e-04 2.969999487094e-01
3.898090452261e-04 2.923591776932e-01 3.898090452261e-04 2.017090911933e-01 3.898090452261e-04 1.176004241991e-01 3.898090452261e-04 9.140000000000e-02 3.898090452261e-04 2.969999585639e-01
3.920753768844e-04 2.923795784876e-01 3.920753768844e-04 2.017080176604e-01 3.920753768844e-04 1.176003577643e-01 3.920753768844e-04 9.140000000000e-02 3.920753768844e-04 2.969999665250e-01
3.943417085427e-04 2.923982619716e-01 3.943417085427e-04 2.017070709044e-01 3.943417085427e-04 1.176003017339e-01 3.943417085427e-04 9.140000000000e-02 3.943417085427e-04 2.969999729566e-01
3.966080402010e-04 2.924153709280e-01 3.966080402010e-04 2.017062359530e-01 3.966080402010e-04 1.176002544786e-01 3.966080402010e-04 9.140000000000e-02 3.966080402010e-04 2.969999781525e-01
3.988743718593e-04 2.924310365591e-01 3.988743718593e-04 2.017054996021e-01 3.988743718593e-04 1.176002146240e-01 3.988743718593e-04 9.140000000000e-02 3.988743718593e-04 2.969999823500e-01
4.011407035176e-04 2.924453793776e-01 4.011407035176e-04 2.017048502071e-01 4.011407035176e-04 1.176001810111e-01 4.011407035176e-04 9.140000000000e-02 4.011407035176e-04 2.969999857411e-01
4.034070351759e-04 2.924585100377e-01 4.034070351759e-04 2.017042774984e-01 4.034070351759e-04 1.176001526625e-01 4.034070351759e-04 9.140000000000e-02 4.034070351759e-04 2.969999884807e-01
4.056733668342e-04 2.924705301081e-01 4.056733668342e-04 2.017037724197e-01 4.056733668342e-04 1.176001287535e-01 4.056733668342e-04 9.140000000000e-02 4.056733668342e-04 2.969999906939e-01
4.079396984925e-04 2.924815327898e-01 4.079396984925e-04 2.017033269838e-01 4.079396984925e-04 1.176001085890e-01 4.079396984925e-04 9.140000000000e-02 4.079396984925e-04 2.969999924819e-01
4.102060301508e-04 2.924916035821e-01 4.102060301508e-04 2.017029341473e-01 4.102060301508e-04 1.176000915826e-01 4.102060301508e-04 9.140000000000e-02 4.102060301508e-04 2.969999939263e-01
4.124723618090e-04 2.925008208993e-01 4.124723618090e-04 2.017025876984e-01 4.124723618090e-04 1.176000772395e-01 4.124723618090e-04 9.140000000000e-02 4.124723618090e-04 2.969999950933e-01
4.147386934673e-04 2.925092566415e-01 4.147386934673e-04 2.017022821591e-01 4.147386934673e-04 1.176000651428e-01 4.147386934673e-04 9.140000000000e-02 4.147386934673e-04 2.969999960360e-01
4.170050251256e-04 2.925169767218e-01 4.170050251256e-04 2.017020126982e-01 4.170050251256e-04 1.176000549406e-01 4.170050251256e-04 9.140000000000e-02 4.170050251256e-04 2.969999967976e-01
4.192713567839e-04 2.925240415534e-01 4.192713567839e-04 2.017017750552e-01 4.192713567839e-04 1.176000463362e-01 4.192713567839e-04 9.140000000000e-02 4.192713567839e-04 2.969999974129e-01
4.215376884422e-04 2.925305064990e-01 4.215376884422e-04 2.017015654727e-01 4.215376884422e-04 1.176000390793e-01 4.215376884422e-04 9.140000000000e-02 4.215376884422e-04 2.969999979099e-01
4.238040201005e-04 2.925364222848e-01 4.238040201005e-04 2.017013806372e-01 4.238040201005e-04 1.176000329590e-01 4.238040201005e-04 9.140000000000e-02 4.238040201005e-04 2.969999983115e-01
4.260703517588e-04 2.925418353821e-01 4.260703517588e-04 2.017012176264e-01 4.260703517588e-04 1.176000277972e-01 4.260703517588e-04 9.140000000000e-02 4.260703517588e-04 2.969999986359e-01
4.283366834171e-04 2.925467883585e-01 4.283366834171e-04 2.017010738631e-01 4.283366834171e-04 1.176000234437e-01 4.283366834171e-04 9.140000000000e-02 4.283366834171e-04 2.969999988980e-01
4.306030150754e-04 2.925513202012e-01 4.306030150754e-04 2.017009470745e-01 4.306030150754e-04 1.176000197721e-01 4.306030150754e-04 9.140000000000e-02 4.306030150754e-04 2.969999991097e-01
4.328693467337e-04 2.925554666141e-01 4.328693467337e-04 2.017008352562e-01 4.328693467337e-04 1.176000166756e-01 4.328693467337e-04 9.140000000000e-02 4.328693467337e-04 2.969999992808e-01
4.351356783920e-04 2.925592602910e-01 4.351356783920e-04 2.017007366405e-01 4.351356783920e-04 1.176000140639e-01 4.351356783920e-04 9.140000000000e-02 4.351356783920e-04 2.969999994190e-01
4.374020100503e-04 2.925627311667e-01 4.374020100503e-04 2.017006496685e-01 4.374020100503e-04 1.176000118613e-01 4.374020100503e-04 9.140000000000e-02 4.374020100503e-04 2.969999995306e-01
4.396683417085e-04 2.925659066475e-01 4.396683417085e-04 2.017005729653e-01 4.396683417085e-04 1.176000100037e-01 4.396683417085e-04 9.140000000000e-02 4.396683417085e-04 2.969999996208e-01
4.419346733668e-04 2.925688118225e-01 4.419346733668e-04 2.017005053184e-01 4.419346733668e-04 1.176000084370e-01 4.419346733668e-04 9.140000000000e-02 4.419346733668e-04 2.969999996936e-01
4.442010050251e-04 2.925714696586e-01 4.442010050251e-04 2.017004456584e-01 4.442010050251e-04 1.176000071156e-01 4.442010050251e-04 9.140000000000e-02 4.442010050251e-04 2.969999997525e-01
4.464673366834e-04 2.925739011779e-01 4.464673366834e-04 2.017003930424e-01 4.464673366834e-04 1.176000060012e-01 4.464673366834e-04 9.140000000000e-02 4.464673366834e-04 2.969999998001e-01
4.487336683417e-04 2.925761256217e-01 4.487336683417e-04 2.017003466386e-01 4.487336683417e-04 1.176000050614e-01 4.487336683417e-04 9.140000000000e-02 4.487336683417e-04 2.969999998385e-01
4.510000000000e-04 2.925781606002e-01 4.510000000000e-04 2.017003057135e-01 4.510000000000e-04 1.176000042687e-01 4.510000000000e-04 9.140000000000e-02 4.510000000000e-04 2.969999998695e-01
