0.000000000000e+00 3.166059981141e-01 0.000000000000e+00 1.937669007649e-01 0.000000000000e+00 1.778464470022e-01 0.000000000000e+00 3.116119783798e-01
2.316582914573e-06 3.165630928350e-01 2.316582914573e-06 1.937611593319e-01 2.316582914573e-06 1.779311725696e-01 2.316582914573e-06 3.115803548202e-01
4.633165829146e-06 3.165175632990e-01 4.633165829146e-06 1.937545119389e-01 4.633165829146e-06 1.780210816749e-01 4.633165829146e-06 3.115472629523e-01
6.949748743719e-06 3.164692526651e-01 6.949748743719e-06 1.937468248079e-01 6.949748743719e-06 1.781164723348e-01 6.949748743719e-06 3.115126336310e-01
9.266331658291e-06 3.164179951898e-01 9.266331658291e-06 1.937379458907e-01 9.266331658291e-06 1.782176572366e-01 9.266331658291e-06 3.114763943958e-01
1.158291457286e-05 3.163636157817e-01 1.158291457286e-05 1.937277027309e-01 1.158291457286e-05 1.783249641374e-01 1.158291457286e-05 3.114384693084e-01
1.389949748744e-05 3.163059295424e-01 1.389949748744e-05 1.937159001822e-01 1.389949748744e-05 1.784387362290e-01 1.389949748744e-05 3.113987787823e-01
1.621608040201e-05 3.162447412936e-01 1.621608040201e-05 1.937023180113e-01 1.621608040201e-05 1.785593324585e-01 1.621608040201e-05 3.113572394043e-01
1.853266331658e-05 3.161798450909e-01 1.853266331658e-05 1.936867084299e-01 1.853266331658e-05 1.786871277968e-01 1.853266331658e-05 3.113137637467e-01
2.084924623116e-05 3.161110237270e-01 2.084924623116e-05 1.936687936241e-01 2.084924623116e-05 1.788225134438e-01 2.084924623116e-05 3.112682601702e-01
2.316582914573e-05 3.160380482233e-01 2.316582914573e-05 1.936482633793e-01 2.316582914573e-05 1.789658969594e-01 2.316582914573e-05 3.112206326172e-01
2.548241206030e-05 3.159606773136e-01 2.548241206030e-05 1.936247729335e-01 2.548241206030e-05 1.791177023088e-01 2.548241206030e-05 3.111707803945e-01
2.779899497487e-05 3.158786569209e-01 2.779899497487e-05 1.935979412459e-01 2.779899497487e-05 1.792783698073e-01 2.779899497487e-05 3.111185979457e-01
3.011557788945e-05 3.157917196303e-01 3.011557788945e-05 1.935673499183e-01 3.011557788945e-05 1.794483559511e-01 3.011557788945e-05 3.110639746118e-01
3.243216080402e-05 3.156995841595e-01 3.243216080402e-05 1.935325430867e-01 3.243216080402e-05 1.796281331188e-01 3.243216080402e-05 3.110067943797e-01
3.474874371859e-05 3.156019548324e-01 3.474874371859e-05 1.934930286773e-01 3.474874371859e-05 1.798181891255e-01 3.474874371859e-05 3.109469356193e-01
3.706532663317e-05 3.154985210569e-01 3.706532663317e-05 1.934482815242e-01 3.706532663317e-05 1.800190266139e-01 3.706532663317e-05 3.108842708065e-01
3.938190954774e-05 3.153889568139e-01 3.938190954774e-05 1.933977489469e-01 3.938190954774e-05 1.802311622619e-01 3.938190954774e-05 3.108186662327e-01
4.169849246231e-05 3.152729201597e-01 4.169849246231e-05 1.933408595009e-01 4.169849246231e-05 1.804551257892e-01 4.169849246231e-05 3.107499817007e-01
4.401507537688e-05 3.151500527500e-01 4.401507537688e-05 1.932770357178e-01 4.401507537688e-05 1.806914587413e-01 4.401507537688e-05 3.106780702044e-01
4.633165829146e-05 3.150199793897e-01 4.633165829146e-05 1.932057117373e-01 4.633165829146e-05 1.809407130328e-01 4.633165829146e-05 3.106027775939e-01
4.864824120603e-05 3.148823076172e-01 4.864824120603e-05 1.931263567751e-01 4.864824120603e-05 1.812034492279e-01 4.864824120603e-05 3.105239422236e-01
5.096482412060e-05 3.147366273289e-01 5.096482412060e-05 1.930385053395e-01 5.096482412060e-05 1.814802345398e-01 5.096482412060e-05 3.104413945831e-01
5.328140703518e-05 3.145825104556e-01 5.328140703518e-05 1.929417949639e-01 5.328140703518e-05 1.817716405291e-01 5.328140703518e-05 3.103549569106e-01
5.559798994975e-05 3.144195106975e-01 5.559798994975e-05 1.928360119115e-01 5.559798994975e-05 1.820782404840e-01 5.559798994975e-05 3.102644427872e-01
5.791457286432e-05 3.142471633296e-01 5.791457286432e-05 1.927211447881e-01 5.791457286432e-05 1.824006064667e-01 5.791457286432e-05 3.101696567118e-01
6.023115577889e-05 3.140649850896e-01 6.023115577889e-05 1.925974452067e-01 6.023115577889e-05 1.827393060124e-01 6.023115577889e-05 3.100703936559e-01
6.254773869347e-05 3.138724741590e-01 6.254773869347e-05 1.924654935612e-01 6.254773869347e-05 1.830948984713e-01 6.254773869347e-05 3.099664385967e-01
6.486432160804e-05 3.136691102523e-01 6.486432160804e-05 1.923262665834e-01 6.486432160804e-05 1.834679309885e-01 6.486432160804e-05 3.098575660295e-01
6.718090452261e-05 3.134543548277e-01 6.718090452261e-05 1.921812017391e-01 6.718090452261e-05 1.838589341200e-01 6.718090452261e-05 3.097435394558e-01
6.949748743719e-05 3.132276514345e-01 6.949748743719e-05 1.920322518159e-01 6.949748743719e-05 1.842684170912e-01 6.949748743719e-05 3.096241108495e-01
7.181407035176e-05 3.129884262140e-01 7.181407035176e-05 1.918819215229e-01 7.181407035176e-05 1.846968627097e-01 7.181407035176e-05 3.094990200972e-01
7.413065326633e-05 3.127360885689e-01 7.413065326633e-05 1.917332769151e-01 7.413065326633e-05 1.851447219525e-01 7.413065326633e-05 3.093679944155e-01
7.644723618090e-05 3.124700320201e-01 7.644723618090e-05 1.915899184292e-01 7.644723618090e-05 1.856124082561e-01 7.644723618090e-05 3.092307477409e-01
7.876381909548e-05 3.121896352675e-01 7.876381909548e-05 1.914559097101e-01 7.876381909548e-05 1.861002915482e-01 7.876381909548e-05 3.090869800945e-01
8.108040201005e-05 3.118942634724e-01 8.108040201005e-05 1.913356575628e-01 8.108040201005e-05 1.866086920699e-01 8.108040201005e-05 3.089363769205e-01
8.339698492462e-05 3.115832697802e-01 8.339698492462e-05 1.912337433503e-01 8.339698492462e-05 1.871378740462e-01 8.339698492462e-05 3.087786083964e-01
8.571356783920e-05 3.112559970982e-01 8.571356783920e-05 1.911547126377e-01 8.571356783920e-05 1.876880392778e-01 8.571356783920e-05 3.086133287177e-01
8.803015075377e-05 3.109117801474e-01 8.803015075377e-05 1.911028370198e-01 8.803015075377e-05 1.882593207332e-01 8.803015075377e-05 3.084401753549e-01
9.034673366834e-05 3.105499478008e-01 9.034673366834e-05 1.910818686004e-01 9.034673366834e-05 1.888517762351e-01 9.034673366834e-05 3.082587682833e-01
9.266331658291e-05 3.101698257226e-01 9.266331658291e-05 1.910948120166e-01 9.266331658291e-05 1.894653823436e-01 9.266331658291e-05 3.080687091881e-01
9.497989949749e-05 3.097707393180e-01 9.497989949749e-05 1.911437398987e-01 9.497989949749e-05 1.901000285460e-01 9.497989949749e-05 3.078695806433e-01
9.729648241206e-05 3.093520170008e-01 9.729648241206e-05 1.912296744458e-01 9.729648241206e-05 1.907555118749e-01 9.729648241206e-05 3.076609452675e-01
9.961306532663e-05 3.089129937837e-01 9.961306532663e-05 1.913525505431e-01 9.961306532663e-05 1.914315320754e-01 9.961306532663e-05 3.074423448583e-01
1.019296482412e-04 3.084530151882e-01 1.019296482412e-04 1.915112656684e-01 1.019296482412e-04 1.921276874513e-01 1.019296482412e-04 3.072132995078e-01
1.042462311558e-04 3.079714414700e-01 1.042462311558e-04 1.917038106401e-01 1.042462311558e-04 1.928434715147e-01 1.042462311558e-04 3.069733067018e-01
1.065628140704e-04 3.074676521454e-01 1.065628140704e-04 1.919274652265e-01 1.065628140704e-04 1.935782705630e-01 1.065628140704e-04 3.067218404091e-01
1.088793969849e-04 3.069410508020e-01 1.088793969849e-04 1.921790356169e-01 1.088793969849e-04 1.943313622986e-01 1.088793969849e-04 3.064583501636e-01
1.111959798995e-04 3.063910701640e-01 1.111959798995e-04 1.924551078335e-01 1.111959798995e-04 1.951019155951e-01 1.111959798995e-04 3.061822601474e-01
1.135125628141e-04 3.058171773799e-01 1.135125628141e-04 1.927522924138e-01 1.135125628141e-04 1.958889914998e-01 1.135125628141e-04 3.058929682827e-01
1.158291457286e-04 3.052188794872e-01 1.158291457286e-04 1.930674403020e-01 1.158291457286e-04 1.966915455405e-01 1.158291457286e-04 3.055898453406e-01
1.181457286432e-04 3.045957290020e-01 1.181457286432e-04 1.933978164975e-01 1.181457286432e-04 1.975084313854e-01 1.181457286432e-04 3.052722340799e-01
1.204623115578e-04 3.039473295711e-01 1.204623115578e-04 1.937412251352e-01 1.204623115578e-04 1.983384058748e-01 1.204623115578e-04 3.049394484276e-01
1.227788944724e-04 3.032733416158e-01 1.227788944724e-04 1.940960860624e-01 1.227788944724e-04 1.991801354192e-01 1.227788944724e-04 3.045907727181e-01
1.250954773869e-04 3.025734878865e-01 1.250954773869e-04 1.944614678425e-01 1.250954773869e-04 2.000322037230e-01 1.250954773869e-04 3.042254610081e-01
1.274120603015e-04 3.018475588409e-01 1.274120603015e-04 1.948370851352e-01 1.274120603015e-04 2.008931207673e-01 1.274120603015e-04 3.038427364897e-01
1.297286432161e-04 3.010954177488e-01 1.297286432161e-04 1.952232696802e-01 1.297286432161e-04 2.017613329504e-01 1.297286432161e-04 3.034417910251e-01
1.320452261307e-04 3.003170054231e-01 1.320452261307e-04 1.956209239860e-01 1.320452261307e-04 2.026352342573e-01 1.320452261307e-04 3.030217848324e-01
1.343618090452e-04 2.995123444721e-01 1.343618090452e-04 1.960314657587e-01 1.343618090452e-04 2.035131783022e-01 1.343618090452e-04 3.025818463524e-01
1.366783919598e-04 2.986815429642e-01 1.366783919598e-04 1.964567695255e-01 1.366783919598e-04 2.043934910641e-01 1.366783919598e-04 3.021210723354e-01
1.389949748744e-04 2.978247974015e-01 1.389949748744e-04 1.968991101831e-01 1.389949748744e-04 2.052744841184e-01 1.389949748744e-04 3.016385281868e-01
1.413115577889e-04 2.969423948972e-01 1.413115577889e-04 1.973611115621e-01 1.413115577889e-04 2.061544681521e-01 1.413115577889e-04 3.011332486175e-01
1.436281407035e-04 2.960347144620e-01 1.436281407035e-04 1.978457017053e-01 1.436281407035e-04 2.070317665436e-01 1.436281407035e-04 3.006042386517e-01
1.459447236181e-04 2.951022273148e-01 1.459447236181e-04 1.983560754464e-01 1.459447236181e-04 2.079047287872e-01 1.459447236181e-04 3.000504750446e-01
1.482613065327e-04 2.941454961431e-01 1.482613065327e-04 1.988956640661e-01 1.482613065327e-04 2.087717435468e-01 1.482613065327e-04 2.994709081738e-01
1.505778894472e-04 2.931651732601e-01 1.505778894472e-04 1.994681112412e-01 1.505778894472e-04 2.096312511331e-01 1.505778894472e-04 2.988644644686e-01
1.528944723618e-04 2.921619976215e-01 1.528944723618e-04 2.000772541518e-01 1.528944723618e-04 2.104817552187e-01 1.528944723618e-04 2.982300494470e-01
1.552110552764e-04 2.911367906893e-01 1.552110552764e-04 2.007271084118e-01 1.552110552764e-04 2.113218336234e-01 1.552110552764e-04 2.975665514353e-01
1.575276381910e-04 2.900904511539e-01 1.575276381910e-04 2.014218553964e-01 1.575276381910e-04 2.121501480291e-01 1.575276381910e-04 2.968728460458e-01
1.598442211055e-04 2.890239485536e-01 1.598442211055e-04 2.021658305109e-01 1.598442211055e-04 2.129654525127e-01 1.598442211055e-04 2.961478014903e-01
1.621608040201e-04 2.879383158556e-01 1.621608040201e-04 2.029635109579e-01 1.621608040201e-04 2.137666008155e-01 1.621608040201e-04 2.953902848078e-01
1.644773869347e-04 2.868346410912e-01 1.644773869347e-04 2.038195015897e-01 1.644773869347e-04 2.145525522980e-01 1.644773869347e-04 2.945991690796e-01
1.667939698492e-04 2.857140581635e-01 1.667939698492e-04 2.047385174631e-01 1.667939698492e-04 2.153223765615e-01 1.667939698492e-04 2.937733417017e-01
1.691105527638e-04 2.845777369709e-01 1.691105527638e-04 2.057253617537e-01 1.691105527638e-04 2.160752567463e-01 1.691105527638e-04 2.929117137733e-01
1.714271356784e-04 2.834268730084e-01 1.714271356784e-04 2.067848977179e-01 1.714271356784e-04 2.168104915443e-01 1.714271356784e-04 2.920132306494e-01
1.737437185930e-04 2.822626766310e-01 1.737437185930e-04 2.079220134335e-01 1.737437185930e-04 2.175274959879e-01 1.737437185930e-04 2.910768836862e-01
1.760603015075e-04 2.810863621709e-01 1.760603015075e-04 2.091415781035e-01 1.760603015075e-04 2.182258010991e-01 1.760603015075e-04 2.901017231859e-01
1.783768844221e-04 2.798991371148e-01 1.783768844221e-04 2.104483887835e-01 1.783768844221e-04 2.189050524987e-01 1.783768844221e-04 2.890868725198e-01
1.806934673367e-04 2.787021915448e-01 1.806934673367e-04 2.118471065110e-01 1.806934673367e-04 2.195650080897e-01 1.806934673367e-04 2.880315433750e-01
1.830100502513e-04 2.774966880473e-01 1.830100502513e-04 2.133421809818e-01 1.830100502513e-04 2.202055349385e-01 1.830100502513e-04 2.869350520290e-01
1.853266331658e-04 2.762837522852e-01 1.853266331658e-04 2.149377631610e-01 1.853266331658e-04 2.208266054819e-01 1.853266331658e-04 2.857968365149e-01
1.876432160804e-04 2.750644644146e-01 1.876432160804e-04 2.166376055428e-01 1.876432160804e-04 2.214282931907e-01 1.876432160804e-04 2.846164744846e-01
1.899597989950e-04 2.738398515099e-01 1.899597989950e-04 2.184449502126e-01 1.899597989950e-04 2.220107678193e-01 1.899597989950e-04 2.833937015311e-01
1.922763819095e-04 2.726108811372e-01 1.922763819095e-04 2.203624054227e-01 1.922763819095e-04 2.225742903668e-01 1.922763819095e-04 2.821284296676e-01
1.945929648241e-04 2.713784561918e-01 1.945929648241e-04 2.223918120919e-01 1.945929648241e-04 2.231192078666e-01 1.945929648241e-04 2.808207656106e-01
1.969095477387e-04 2.701434110848e-01 1.969095477387e-04 2.245341024766e-01 1.969095477387e-04 2.236459481168e-01 1.969095477387e-04 2.794710284586e-01
1.992261306533e-04 2.689065093360e-01 1.992261306533e-04 2.267891542424e-01 1.992261306533e-04 2.241550144509e-01 1.992261306533e-04 2.780797663079e-01
2.015427135678e-04 2.676684425951e-01 2.015427135678e-04 2.291556442646e-01 2.015427135678e-04 2.246469806382e-01 2.015427135678e-04 2.766477713103e-01
2.038592964824e-04 2.664298310875e-01 2.038592964824e-04 2.316309076794e-01 2.038592964824e-04 2.251224859931e-01 2.038592964824e-04 2.751760926477e-01
2.061758793970e-04 2.651912254453e-01 2.061758793970e-04 2.342108089291e-01 2.061758793970e-04 2.255822307600e-01 2.061758793970e-04 2.736660468891e-01
2.084924623116e-04 2.639531098595e-01 2.084924623116e-04 2.368896327229e-01 2.084924623116e-04 2.260269718285e-01 2.084924623116e-04 2.721192252013e-01
2.108090452261e-04 2.627159064617e-01 2.108090452261e-04 2.396600038598e-01 2.108090452261e-04 2.264575188234e-01 2.108090452261e-04 2.705374969169e-01
2.131256281407e-04 2.614799808198e-01 2.131256281407e-04 2.425128455966e-01 2.131256281407e-04 2.268747306027e-01 2.131256281407e-04 2.689230090161e-01
2.154422110553e-04 2.602456484128e-01 2.154422110553e-04 2.454373865430e-01 2.154422110553e-04 2.272795121860e-01 2.154422110553e-04 2.672781811579e-01
2.177587939698e-04 2.590131819324e-01 2.177587939698e-04 2.484212257576e-01 2.177587939698e-04 2.276728121256e-01 2.177587939698e-04 2.656056960005e-01
2.200753768844e-04 2.577828192471e-01 2.200753768844e-04 2.514504646369e-01 2.200753768844e-04 2.280556203255e-01 2.200753768844e-04 2.639084846747e-01
2.223919597990e-04 2.565547718538e-01 2.223919597990e-04 2.545099121875e-01 2.223919597990e-04 2.284289663009e-01 2.223919597990e-04 2.621897074187e-01
2.247085427136e-04 2.553292336358e-01 2.247085427136e-04 2.575833672477e-01 2.247085427136e-04 2.287939178677e-01 2.247085427136e-04 2.604527295373e-01
2.270251256281e-04 2.541063897474e-01 2.270251256281e-04 2.606539771512e-01 2.270251256281e-04 2.291515802372e-01 2.270251256281e-04 2.587010930088e-01
2.293417085427e-04 2.528864254415e-01 2.293417085427e-04 2.637046672616e-01 2.293417085427e-04 2.295030954907e-01 2.293417085427e-04 2.569384842223e-01
2.316582914573e-04 2.516695346656e-01 2.316582914573e-04 2.667186299523e-01 2.316582914573e-04 2.298496423939e-01 2.316582914573e-04 2.551686984730e-01
2.339748743719e-04 2.504559282575e-01 2.339748743719e-04 2.696798552900e-01 2.339748743719e-04 2.301924365105e-01 2.339748743719e-04 2.533956019707e-01
2.362914572864e-04 2.492458415814e-01 2.362914572864e-04 2.725736793619e-01 2.362914572864e-04 2.305327305597e-01 2.362914572864e-04 2.516230922179e-01
2.386080402010e-04 2.480395414627e-01 2.386080402010e-04 2.753873204781e-01 2.386080402010e-04 2.308718149600e-01 2.386080402010e-04 2.498550576771e-01
2.409246231156e-04 2.468373322902e-01 2.409246231156e-04 2.781103690536e-01 2.409246231156e-04 2.312110184895e-01 2.409246231156e-04 2.480953376791e-01
2.432412060302e-04 2.456395611753e-01 2.432412060302e-04 2.807351945580e-01 2.432412060302e-04 2.315517089847e-01 2.432412060302e-04 2.463476835123e-01
2.455577889447e-04 2.444466220788e-01 2.455577889447e-04 2.832572331916e-01 2.455577889447e-04 2.318952939914e-01 2.455577889447e-04 2.446157215828e-01
2.478743718593e-04 2.432589588321e-01 2.478743718593e-04 2.856751234567e-01 2.478743718593e-04 2.322432212683e-01 2.478743718593e-04 2.429029194536e-01
2.501909547739e-04 2.420770670084e-01 2.501909547739e-04 2.879906638775e-01 2.501909547739e-04 2.325969790348e-01 2.501909547739e-04 2.412125554535e-01
2.525075376884e-04 2.409014946167e-01 2.525075376884e-04 2.902085777893e-01 2.525075376884e-04 2.329580958423e-01 2.525075376884e-04 2.395476924091e-01
2.548241206030e-04 2.397328416189e-01 2.548241206030e-04 2.923360839907e-01 2.548241206030e-04 2.333281399370e-01 2.548241206030e-04 2.379111559012e-01
2.571407035176e-04 2.385717582916e-01 2.571407035176e-04 2.943822882946e-01 2.571407035176e-04 2.337087179672e-01 2.571407035176e-04 2.363055172844e-01
2.594572864322e-04 2.374189424767e-01 2.594572864322e-04 2.963574283198e-01 2.594572864322e-04 2.341014728814e-01 2.594572864322e-04 2.347330815508e-01
2.617738693467e-04 2.362751357881e-01 2.617738693467e-04 2.982720204868e-01 2.617738693467e-04 2.345080808483e-01 2.617738693467e-04 2.331958799720e-01
2.640904522613e-04 2.351411188590e-01 2.640904522613e-04 3.001359720829e-01 2.640904522613e-04 2.349302470230e-01 2.640904522613e-04 2.316956673140e-01
2.664070351759e-04 2.340177057342e-01 2.664070351759e-04 3.019577302878e-01 2.664070351759e-04 2.353696999763e-01 2.664070351759e-04 2.302339233111e-01
2.687236180905e-04 2.329057375270e-01 2.687236180905e-04 3.037435422786e-01 2.687236180905e-04 2.358281846015e-01 2.687236180905e-04 2.288118579913e-01
2.710402010050e-04 2.318060754705e-01 2.710402010050e-04 3.054968946625e-01 2.710402010050e-04 2.363074533155e-01 2.710402010050e-04 2.274304203807e-01
2.733567839196e-04 2.307195935039e-01 2.733567839196e-04 3.072181861770e-01 2.733567839196e-04 2.368092553787e-01 2.733567839196e-04 2.260903100734e-01
2.756733668342e-04 2.296471705416e-01 2.756733668342e-04 3.089046658544e-01 2.756733668342e-04 2.373353241748e-01 2.756733668342e-04 2.247919911353e-01
2.779899497487e-04 2.285896825704e-01 2.779899497487e-04 3.105506419888e-01 2.779899497487e-04 2.378873623202e-01 2.779899497487e-04 2.235357078122e-01
2.803065326633e-04 2.275479947244e-01 2.803065326633e-04 3.121479387731e-01 2.803065326633e-04 2.384670245063e-01 2.803065326633e-04 2.223215015344e-01
2.826231155779e-04 2.265229534780e-01 2.826231155779e-04 3.136865514525e-01 2.826231155779e-04 2.390758980320e-01 2.826231155779e-04 2.211492287419e-01
2.849396984925e-04 2.255153790927e-01 2.849396984925e-04 3.151554311650e-01 2.849396984925e-04 2.397154810487e-01 2.849396984925e-04 2.200185791006e-01
2.872562814070e-04 2.245260584399e-01 2.872562814070e-04 3.165433201985e-01 2.872562814070e-04 2.403871586166e-01 2.872562814070e-04 2.189290937317e-01
2.895728643216e-04 2.235557383121e-01 2.895728643216e-04 3.178395584285e-01 2.895728643216e-04 2.410921767692e-01 2.895728643216e-04 2.178801831289e-01
2.918894472362e-04 2.226051193162e-01 2.918894472362e-04 3.190347916010e-01 2.918894472362e-04 2.418316148909e-01 2.918894472362e-04 2.168711444977e-01
2.942060301508e-04 2.216748504291e-01 2.942060301508e-04 3.201215295798e-01 2.942060301508e-04 2.426063568313e-01 2.942060301508e-04 2.159011783022e-01
2.965226130653e-04 2.207655242765e-01 2.965226130653e-04 3.210945243306e-01 2.965226130653e-04 2.434170613106e-01 2.965226130653e-04 2.149694038589e-01
2.988391959799e-04 2.198776731786e-01 2.988391959799e-04 3.219509596024e-01 2.988391959799e-04 2.442641323009e-01 2.988391959799e-04 2.140748738628e-01
3.011557788945e-04 2.190117659891e-01 3.011557788945e-04 3.226904638138e-01 3.011557788945e-04 2.451476901951e-01 3.011557788945e-04 2.132165877732e-01
3.034723618090e-04 2.181682057359e-01 3.034723618090e-04 3.233149723734e-01 3.034723618090e-04 2.460675446913e-01 3.034723618090e-04 2.123935040215e-01
3.057889447236e-04 2.173473280578e-01 3.057889447236e-04 3.238284745719e-01 3.057889447236e-04 2.470231704122e-01 3.057889447236e-04 2.116045510377e-01
3.081055276382e-04 2.165494004137e-01 3.081055276382e-04 3.242366834202e-01 3.081055276382e-04 2.480136863383e-01 3.081055276382e-04 2.108486371122e-01
3.104221105528e-04 2.157746220324e-01 3.104221105528e-04 3.245466653105e-01 3.104221105528e-04 2.490378401548e-01 3.104221105528e-04 2.101246591324e-01
3.127386934673e-04 2.150231245552e-01 3.127386934673e-04 3.247664615290e-01 3.127386934673e-04 2.500939985705e-01 3.127386934673e-04 2.094315102480e-01
3.150552763819e-04 2.142949733191e-01 3.150552763819e-04 3.249047269110e-01 3.150552763819e-04 2.511801445791e-01 3.150552763819e-04 2.087680865289e-01
3.173718592965e-04 2.135901692172e-01 3.173718592965e-04 3.249704035908e-01 3.173718592965e-04 2.522938824717e-01 3.173718592965e-04 2.081332926867e-01
3.196884422111e-04 2.129086510720e-01 3.196884422111e-04 3.249724408327e-01 3.196884422111e-04 2.534324511885e-01 3.196884422111e-04 2.075260469365e-01
3.220050251256e-04 2.122502984509e-01 3.220050251256e-04 3.249195659492e-01 3.220050251256e-04 2.545927463225e-01 3.220050251256e-04 2.069452850736e-01
3.243216080402e-04 2.116149348538e-01 3.243216080402e-04 3.248201066260e-01 3.243216080402e-04 2.557713507580e-01 3.243216080402e-04 2.063899638437e-01
3.266381909548e-04 2.110023312027e-01 3.266381909548e-04 3.246818616109e-01 3.266381909548e-04 2.569645735768e-01 3.266381909548e-04 2.058590636787e-01
3.289547738693e-04 2.104122095654e-01 3.289547738693e-04 3.245120145942e-01 3.289547738693e-04 2.581684964942e-01 3.289547738693e-04 2.053515908704e-01
3.312713567839e-04 2.098442470466e-01 3.312713567839e-04 3.243170849804e-01 3.312713567839e-04 2.593790267377e-01 3.312713567839e-04 2.048665792478e-01
3.335879396985e-04 2.092980797867e-01 3.335879396985e-04 3.241029089076e-01 3.335879396985e-04 2.605919549658e-01 3.335879396985e-04 2.044030914209e-01
3.359045226131e-04 2.087733070099e-01 3.359045226131e-04 3.238746440750e-01 3.359045226131e-04 2.618030165669e-01 3.359045226131e-04 2.039602196481e-01
3.382211055276e-04 2.082694950724e-01 3.382211055276e-04 3.236367924884e-01 3.382211055276e-04 2.630079545088e-01 3.382211055276e-04 2.035370863781e-01
3.405376884422e-04 2.077861814617e-01 3.405376884422e-04 3.233932359801e-01 3.405376884422e-04 2.642025818232e-01 3.405376884422e-04 2.031328445159e-01
3.428542713568e-04 2.073228787107e-01 3.428542713568e-04 3.231472801758e-01 3.428542713568e-04 2.653828418295e-01 3.428542713568e-04 2.027466774529e-01
3.451708542714e-04 2.068790781891e-01 3.451708542714e-04 3.229017033933e-01 3.451708542714e-04 2.665448643210e-01 3.451708542714e-04 2.023777989000e-01
3.474874371859e-04 2.064542537454e-01 3.474874371859e-04 3.226588077064e-01 3.474874371859e-04 2.676850161393e-01 3.474874371859e-04 2.020254525571e-01
3.498040201005e-04 2.060478651753e-01 3.498040201005e-04 3.224204700772e-01 3.498040201005e-04 2.687999448448e-01 3.498040201005e-04 2.016889116479e-01
3.521206030151e-04 2.056593614997e-01 3.521206030151e-04 3.221881920234e-01 3.521206030151e-04 2.698866145204e-01 3.521206030151e-04 2.013674783453e-01
3.544371859296e-04 2.052881840370e-01 3.544371859296e-04 3.219631467578e-01 3.544371859296e-04 2.709423331080e-01 3.544371859296e-04 2.010604831111e-01
3.567537688442e-04 2.049337692628e-01 3.567537688442e-04 3.217462231123e-01 3.567537688442e-04 2.719647710404e-01 3.567537688442e-04 2.007672839678e-01
3.590703517588e-04 2.045955514501e-01 3.590703517588e-04 3.215380658545e-01 3.590703517588e-04 2.729519712774e-01 3.590703517588e-04 2.004872657191e-01
3.613869346734e-04 2.042729650901e-01 3.613869346734e-04 3.213391122245e-01 3.613869346734e-04 2.739023511676e-01 3.613869346734e-04 2.002198391344e-01
3.637035175879e-04 2.039654470924e-01 3.637035175879e-04 3.211496246894e-01 3.637035175879e-04 2.748146968108e-01 3.637035175879e-04 1.999644401080e-01
3.660201005025e-04 2.036724387715e-01 3.660201005025e-04 3.209697200246e-01 3.660201005025e-04 2.756881507983e-01 3.660201005025e-04 1.997205288033e-01
3.683366834171e-04 2.033933876226e-01 3.683366834171e-04 3.207993949131e-01 3.683366834171e-04 2.765221943404e-01 3.683366834171e-04 1.994875887913e-01
3.706532663317e-04 2.031277488960e-01 3.706532663317e-04 3.206385483019e-01 3.706532663317e-04 2.773166248636e-01 3.706532663317e-04 1.992651261887e-01
3.729698492462e-04 2.028749869787e-01 3.729698492462e-04 3.204870007828e-01 3.729698492462e-04 2.780715301751e-01 3.729698492462e-04 1.990526688033e-01
3.752864321608e-04 2.026345765929e-01 3.752864321608e-04 3.203445112747e-01 3.752864321608e-04 2.787872602567e-01 3.752864321608e-04 1.988497652898e-01
3.776030150754e-04 2.024060038228e-01 3.776030150754e-04 3.202107912831e-01 3.776030150754e-04 2.794643976804e-01 3.776030150754e-04 1.986559843206e-01
3.799195979899e-04 2.021887669799e-01 3.799195979899e-04 3.200855170046e-01 3.799195979899e-04 2.801037275324e-01 3.799195979899e-04 1.984709137743e-01
3.822361809045e-04 2.019823773189e-01 3.822361809045e-04 3.199683395279e-01 3.822361809045e-04 2.807062076151e-01 3.822361809045e-04 1.982941599443e-01
3.845527638191e-04 2.017863596161e-01 3.845527638191e-04 3.198588933648e-01 3.845527638191e-04 2.812729395656e-01 3.845527638191e-04 1.981253467689e-01
3.868693467337e-04 2.016002526207e-01 3.868693467337e-04 3.197568035278e-01 3.868693467337e-04 2.818051413985e-01 3.868693467337e-04 1.979641150849e-01
3.891859296482e-04 2.014236093912e-01 3.891859296482e-04 3.196616913450e-01 3.891859296482e-04 2.823041218565e-01 3.891859296482e-04 1.978101219045e-01
3.915025125628e-04 2.012559975265e-01 3.915025125628e-04 3.195731791909e-01 3.915025125628e-04 2.827712568344e-01 3.915025125628e-04 1.976630397176e-01
3.938190954774e-04 2.010969993037e-01 3.938190954774e-04 3.194908942840e-01 3.938190954774e-04 2.832079680391e-01 3.938190954774e-04 1.975225558174e-01
3.961356783920e-04 2.009462117312e-01 3.961356783920e-04 3.194144716918e-01 3.961356783920e-04 2.836157039622e-01 3.961356783920e-04 1.973883716524e-01
3.984522613065e-04 2.008032465268e-01 3.984522613065e-04 3.193435566623e-01 3.984522613065e-04 2.839959231633e-01 3.984522613065e-04 1.972602022015e-01
4.007688442211e-04 2.006677300302e-01 4.007688442211e-04 3.192778063868e-01 4.007688442211e-04 2.843500798080e-01 4.007688442211e-04 1.971377753745e-01
4.030854271357e-04 2.005393030576e-01 4.030854271357e-04 3.192168912873e-01 4.030854271357e-04 2.846796113562e-01 4.030854271357e-04 1.970208314358e-01
4.054020100503e-04 2.004176207054e-01 4.054020100503e-04 3.191604959070e-01 4.054020100503e-04 2.849859282663e-01 4.054020100503e-04 1.969091224522e-01
4.077185929648e-04 2.003023521120e-01 4.077185929648e-04 3.191083194719e-01 4.077185929648e-04 2.852704055557e-01 4.077185929648e-04 1.968024117625e-01
4.100351758794e-04 2.001931801819e-01 4.100351758794e-04 3.190600761833e-01 4.100351758794e-04 2.855343760512e-01 4.100351758794e-04 1.967004734706e-01
4.123517587940e-04 2.000898012796e-01 4.123517587940e-04 3.190154952906e-01 4.123517587940e-04 2.857791251507e-01 4.123517587940e-04 1.966030919591e-01
4.146683417085e-04 1.999919248980e-01 4.146683417085e-04 3.189743209876e-01 4.146683417085e-04 2.860058869250e-01 4.146683417085e-04 1.965100614241e-01
4.169849246231e-04 1.998992733065e-01 4.169849246231e-04 3.189363121687e-01 4.169849246231e-04 2.862158413899e-01 4.169849246231e-04 1.964211854303e-01
4.193015075377e-04 1.998115811826e-01 4.193015075377e-04 3.189012420751e-01 4.193015075377e-04 2.864101127885e-01 4.193015075377e-04 1.963362764855e-01
4.216180904523e-04 1.997285952320e-01 4.216180904523e-04 3.188688978572e-01 4.216180904523e-04 2.865897687354e-01 4.216180904523e-04 1.962551556333e-01
4.239346733668e-04 1.996500737993e-01 4.239346733668e-04 3.188390800746e-01 4.239346733668e-04 2.867558200862e-01 4.239346733668e-04 1.961776520647e-01
4.262512562814e-04 1.995757864737e-01 4.262512562814e-04 3.188116021520e-01 4.262512562814e-04 2.869092214070e-01 4.262512562814e-04 1.961036027461e-01
4.285678391960e-04 1.995055136919e-01 4.285678391960e-04 3.187862898050e-01 4.285678391960e-04 2.870508719359e-01 4.285678391960e-04 1.960328520646e-01
4.308844221106e-04 1.994390463400e-01 4.308844221106e-04 3.187629804485e-01 4.308844221106e-04 2.871816169354e-01 4.308844221106e-04 1.959652514890e-01
4.332010050251e-04 1.993761853578e-01 4.332010050251e-04 3.187415225983e-01 4.332010050251e-04 2.873022493523e-01 4.332010050251e-04 1.959006592455e-01
4.355175879397e-04 1.993167413461e-01 4.355175879397e-04 3.187217752721e-01 4.355175879397e-04 2.874135117104e-01 4.355175879397e-04 1.958389400092e-01
4.378341708543e-04 1.992605341793e-01 4.378341708543e-04 3.187036073984e-01 4.378341708543e-04 2.875160981712e-01 4.378341708543e-04 1.957799646086e-01
4.401507537688e-04 1.992073926245e-01 4.401507537688e-04 3.186868972366e-01 4.401507537688e-04 2.876106567096e-01 4.401507537688e-04 1.957236097439e-01
4.424673366834e-04 1.991571539671e-01 4.424673366834e-04 3.186715318134e-01 4.424673366834e-04 2.876977913587e-01 4.424673366834e-04 1.956697577183e-01
4.447839195980e-04 1.991096636462e-01 4.447839195980e-04 3.186574063776e-01 4.447839195980e-04 2.877780644864e-01 4.447839195980e-04 1.956182961809e-01
4.471005025126e-04 1.990647748982e-01 4.471005025126e-04 3.186444238763e-01 4.471005025126e-04 2.878519990713e-01 4.471005025126e-04 1.955691178822e-01
4.494170854271e-04 1.990223484100e-01 4.494170854271e-04 3.186324944525e-01 4.494170854271e-04 2.879200809547e-01 4.494170854271e-04 1.955221204405e-01
4.517336683417e-04 1.989822519831e-01 4.517336683417e-04 3.186215349672e-01 4.517336683417e-04 2.879827610480e-01 4.517336683417e-04 1.954772061183e-01
4.540502512563e-04 1.989443602075e-01 4.540502512563e-04 3.186114685442e-01 4.540502512563e-04 2.880404574788e-01 4.540502512563e-04 1.954342816101e-01
4.563668341709e-04 1.989085541468e-01 4.563668341709e-04 3.186022241395e-01 4.563668341709e-04 2.880935576658e-01 4.563668341709e-04 1.953932578391e-01
4.586834170854e-04 1.988747210340e-01 4.586834170854e-04 3.185937361341e-01 4.586834170854e-04 2.881424203123e-01 4.586834170854e-04 1.953540497636e-01
4.610000000000e-04 1.988427539780e-01 4.610000000000e-04 3.185859439505e-01 4.610000000000e-04 2.881873773127e-01 4.610000000000e-04 1.953165761922e-01
