0.000000000000e+00 2.220503828351e-01 0.000000000000e+00 2.325620347746e-01 0.000000000000e+00 3.767402167319e-01 0.000000000000e+00 1.679999092320e-01
2.366834170854e-06 2.220542301115e-01 2.366834170854e-06 2.325728339106e-01 2.366834170854e-06 3.766991734818e-01 2.366834170854e-06 1.679998953021e-01
4.733668341709e-06 2.220583709403e-01 4.733668341709e-06 2.325843512148e-01 4.733668341709e-06 3.766561902725e-01 4.733668341709e-06 1.679998792344e-01
7.100502512563e-06 2.220628276842e-01 7.100502512563e-06 2.325966342363e-01 7.100502512563e-06 3.766111772055e-01 7.100502512563e-06 1.679998607006e-01
9.467336683417e-06 2.220676244037e-01 9.467336683417e-06 2.326097336439e-01 9.467336683417e-06 3.765640403800e-01 9.467336683417e-06 1.679998393222e-01
1.183417085427e-05 2.220727869855e-01 1.183417085427e-05 2.326237034273e-01 1.183417085427e-05 3.765146817296e-01 1.183417085427e-05 1.679998146627e-01
1.420100502513e-05 2.220783432798e-01 1.420100502513e-05 2.326386011103e-01 1.420100502513e-05 3.764629988531e-01 1.420100502513e-05 1.679997862182e-01
1.656783919598e-05 2.220843232482e-01 1.656783919598e-05 2.326544879772e-01 1.656783919598e-05 3.764088848395e-01 1.656783919598e-05 1.679997534078e-01
1.893467336683e-05 2.220907591224e-01 1.893467336683e-05 2.326714293133e-01 1.893467336683e-05 3.763522280884e-01 1.893467336683e-05 1.679997155614e-01
2.130150753769e-05 2.220976855748e-01 2.130150753769e-05 2.326894946597e-01 2.130150753769e-05 3.762929121237e-01 2.130150753769e-05 1.679996719058e-01
2.366834170854e-05 2.221051399015e-01 2.366834170854e-05 2.327087580841e-01 2.366834170854e-05 3.762308154018e-01 2.366834170854e-05 1.679996215492e-01
2.603517587940e-05 2.221131622185e-01 2.603517587940e-05 2.327292984672e-01 2.603517587940e-05 3.761658111144e-01 2.603517587940e-05 1.679995634628e-01
2.840201005025e-05 2.221217956728e-01 2.840201005025e-05 2.327511998063e-01 2.840201005025e-05 3.760977669851e-01 2.840201005025e-05 1.679994964599e-01
3.076884422111e-05 2.221310866689e-01 3.076884422111e-05 2.327745515377e-01 3.076884422111e-05 3.760265450598e-01 3.076884422111e-05 1.679994191715e-01
3.313567839196e-05 2.221410851111e-01 3.313567839196e-05 2.327994488767e-01 3.313567839196e-05 3.759520014919e-01 3.313567839196e-05 1.679993300184e-01
3.550251256281e-05 2.221518446642e-01 3.550251256281e-05 2.328259931786e-01 3.550251256281e-05 3.758739863208e-01 3.550251256281e-05 1.679992271787e-01
3.786934673367e-05 2.221634230326e-01 3.786934673367e-05 2.328542923200e-01 3.786934673367e-05 3.757923432444e-01 3.786934673367e-05 1.679991085510e-01
4.023618090452e-05 2.221758822596e-01 4.023618090452e-05 2.328844611016e-01 4.023618090452e-05 3.757069093863e-01 4.023618090452e-05 1.679989717108e-01
4.260301507538e-05 2.221892890481e-01 4.260301507538e-05 2.329166216746e-01 4.260301507538e-05 3.756175150555e-01 4.260301507538e-05 1.679988138613e-01
4.496984924623e-05 2.222037151043e-01 4.496984924623e-05 2.329509039897e-01 4.496984924623e-05 3.755239835013e-01 4.496984924623e-05 1.679986317758e-01
4.733668341709e-05 2.222192375057e-01 4.733668341709e-05 2.329874462726e-01 4.733668341709e-05 3.754261306609e-01 4.733668341709e-05 1.679984217323e-01
4.970351758794e-05 2.222359390948e-01 4.970351758794e-05 2.330263955233e-01 4.970351758794e-05 3.753237649011e-01 4.970351758794e-05 1.679981794365e-01
5.207035175879e-05 2.222539089013e-01 5.207035175879e-05 2.330679080440e-01 5.207035175879e-05 3.752166867533e-01 5.207035175879e-05 1.679978999345e-01
5.443718592965e-05 2.222732425923e-01 5.443718592965e-05 2.331121499940e-01 5.443718592965e-05 3.751046886422e-01 5.443718592965e-05 1.679975775109e-01
5.680402010050e-05 2.222940429552e-01 5.680402010050e-05 2.331592979735e-01 5.680402010050e-05 3.749875546074e-01 5.680402010050e-05 1.679972055720e-01
5.917085427136e-05 2.223164204126e-01 5.917085427136e-05 2.332095396374e-01 5.917085427136e-05 3.748650600177e-01 5.917085427136e-05 1.679967765107e-01
6.153768844221e-05 2.223404935732e-01 6.153768844221e-05 2.332630743399e-01 6.153768844221e-05 3.747369712787e-01 6.153768844221e-05 1.679962815503e-01
6.390452261307e-05 2.223663898189e-01 6.390452261307e-05 2.333201138105e-01 6.390452261307e-05 3.746030455317e-01 6.390452261307e-05 1.679957105651e-01
6.627135678392e-05 2.223942459327e-01 6.627135678392e-05 2.333808828627e-01 6.627135678392e-05 3.744630303450e-01 6.627135678392e-05 1.679950518724e-01
6.863819095477e-05 2.224242087668e-01 6.863819095477e-05 2.334456201356e-01 6.863819095477e-05 3.743166633959e-01 6.863819095477e-05 1.679942919931e-01
7.100502512563e-05 2.224564359555e-01 7.100502512563e-05 2.335145788700e-01 7.100502512563e-05 3.741636721426e-01 7.100502512563e-05 1.679934153753e-01
7.337185929648e-05 2.224910966738e-01 7.337185929648e-05 2.335880277181e-01 7.337185929648e-05 3.740037734860e-01 7.337185929648e-05 1.679924040750e-01
7.573869346734e-05 2.225283724457e-01 7.573869346734e-05 2.336662515892e-01 7.573869346734e-05 3.738366734188e-01 7.573869346734e-05 1.679912373884e-01
7.810552763819e-05 2.225684580024e-01 7.810552763819e-05 2.337495525298e-01 7.810552763819e-05 3.736620666617e-01 7.810552763819e-05 1.679898914266e-01
8.047236180905e-05 2.226115621948e-01 8.047236180905e-05 2.338382506399e-01 8.047236180905e-05 3.734796362841e-01 8.047236180905e-05 1.679883386253e-01
8.283919597990e-05 2.226579089627e-01 8.283919597990e-05 2.339326850247e-01 8.283919597990e-05 3.732890533069e-01 8.283919597990e-05 1.679865471790e-01
8.520603015075e-05 2.227077383618e-01 8.520603015075e-05 2.340332147826e-01 8.520603015075e-05 3.730899762867e-01 8.520603015075e-05 1.679844803881e-01
8.757286432161e-05 2.227613076529e-01 8.757286432161e-05 2.341402200278e-01 8.757286432161e-05 3.728820508753e-01 8.757286432161e-05 1.679820959049e-01
8.993969849246e-05 2.228188924544e-01 8.993969849246e-05 2.342541029495e-01 8.993969849246e-05 3.726649093540e-01 8.993969849246e-05 1.679793448642e-01
9.230653266332e-05 2.228807879617e-01 9.230653266332e-05 2.343752889054e-01 9.230653266332e-05 3.724381701366e-01 9.230653266332e-05 1.679761708795e-01
9.467336683417e-05 2.229473102349e-01 9.467336683417e-05 2.345042275505e-01 9.467336683417e-05 3.722014372368e-01 9.467336683417e-05 1.679725088850e-01
9.704020100503e-05 2.230187975590e-01 9.704020100503e-05 2.346413939995e-01 9.704020100503e-05 3.719542996938e-01 9.704020100503e-05 1.679682837999e-01
9.940703517588e-05 2.230956118770e-01 9.940703517588e-05 2.347872900249e-01 9.940703517588e-05 3.716963309505e-01 9.940703517588e-05 1.679634089860e-01
1.017738693467e-04 2.231781403001e-01 1.017738693467e-04 2.349424452876e-01 1.017738693467e-04 3.714270881757e-01 1.017738693467e-04 1.679577844703e-01
1.041407035176e-04 2.232667966960e-01 1.041407035176e-04 2.351074186029e-01 1.041407035176e-04 3.711461115213e-01 1.041407035176e-04 1.679512948932e-01
1.065075376884e-04 2.233620233602e-01 1.065075376884e-04 2.352827992412e-01 1.065075376884e-04 3.708529233052e-01 1.065075376884e-04 1.679438071432e-01
1.088743718593e-04 2.234642927696e-01 1.088743718593e-04 2.354692082653e-01 1.088743718593e-04 3.705470271084e-01 1.088743718593e-04 1.679351676295e-01
1.112412060302e-04 2.235741094248e-01 1.112412060302e-04 2.356672999062e-01 1.112412060302e-04 3.702279067719e-01 1.112412060302e-04 1.679251991378e-01
1.136080402010e-04 2.236920117822e-01 1.136080402010e-04 2.358777629821e-01 1.136080402010e-04 3.698950252808e-01 1.136080402010e-04 1.679136972072e-01
1.159748743719e-04 2.238185742812e-01 1.159748743719e-04 2.361013223648e-01 1.159748743719e-04 3.695478235173e-01 1.159748743719e-04 1.679004259562e-01
1.183417085427e-04 2.239544094702e-01 1.183417085427e-04 2.363387405016e-01 1.183417085427e-04 3.691857188656e-01 1.183417085427e-04 1.678851132767e-01
1.207085427136e-04 2.241001702390e-01 1.207085427136e-04 2.365908190036e-01 1.207085427136e-04 3.688081036468e-01 1.207085427136e-04 1.678674453020e-01
1.230753768844e-04 2.242565521649e-01 1.230753768844e-04 2.368584003137e-01 1.230753768844e-04 3.684143433637e-01 1.230753768844e-04 1.678470600446e-01
1.254422110553e-04 2.244242959819e-01 1.254422110553e-04 2.371423694725e-01 1.254422110553e-04 3.680037747283e-01 1.254422110553e-04 1.678235400825e-01
1.278090452261e-04 2.246041901890e-01 1.278090452261e-04 2.374436560072e-01 1.278090452261e-04 3.675757034479e-01 1.278090452261e-04 1.677964041606e-01
1.301758793970e-04 2.247970738135e-01 1.301758793970e-04 2.377632359727e-01 1.301758793970e-04 3.671294017395e-01 1.301758793970e-04 1.677650975540e-01
1.325427135678e-04 2.250038393531e-01 1.325427135678e-04 2.381021341834e-01 1.325427135678e-04 3.666641055440e-01 1.325427135678e-04 1.677289810255e-01
1.349095477387e-04 2.252254359297e-01 1.349095477387e-04 2.384614266844e-01 1.349095477387e-04 3.661790114073e-01 1.349095477387e-04 1.676873181872e-01
1.372763819095e-04 2.254628726916e-01 1.372763819095e-04 2.388422435199e-01 1.372763819095e-04 3.656732729968e-01 1.372763819095e-04 1.676392610616e-01
1.396432160804e-04 2.257172225205e-01 1.396432160804e-04 2.392457718715e-01 1.396432160804e-04 3.651459972212e-01 1.396432160804e-04 1.675838336151e-01
1.420100502513e-04 2.259896261064e-01 1.420100502513e-04 2.396732596542e-01 1.420100502513e-04 3.645962399205e-01 1.420100502513e-04 1.675199130214e-01
1.443768844221e-04 2.262812964795e-01 1.443768844221e-04 2.401260196727e-01 1.443768844221e-04 3.640230010990e-01 1.443768844221e-04 1.674462083986e-01
1.467437185930e-04 2.265935241064e-01 1.467437185930e-04 2.406054344621e-01 1.467437185930e-04 3.634252196742e-01 1.467437185930e-04 1.673612367539e-01
1.491105527638e-04 2.269276826887e-01 1.491105527638e-04 2.411129619590e-01 1.491105527638e-04 3.628017677221e-01 1.491105527638e-04 1.672632958684e-01
1.514773869347e-04 2.272852358383e-01 1.514773869347e-04 2.416501421674e-01 1.514773869347e-04 3.621514442100e-01 1.514773869347e-04 1.671504338655e-01
1.538442211055e-04 2.276677448408e-01 1.538442211055e-04 2.422186050136e-01 1.538442211055e-04 3.614729682155e-01 1.538442211055e-04 1.670204152324e-01
1.562110552764e-04 2.280768777759e-01 1.562110552764e-04 2.428200796031e-01 1.562110552764e-04 3.607649716519e-01 1.562110552764e-04 1.668706831154e-01
1.585778894472e-04 2.285144203159e-01 1.585778894472e-04 2.434564051186e-01 1.585778894472e-04 3.600259915376e-01 1.585778894472e-04 1.666983177844e-01
1.609447236181e-04 2.289822885971e-01 1.609447236181e-04 2.441295436147e-01 1.609447236181e-04 3.592544618750e-01 1.609447236181e-04 1.664999912862e-01
1.633115577889e-04 2.294825446351e-01 1.633115577889e-04 2.448415949807e-01 1.633115577889e-04 3.584487052420e-01 1.633115577889e-04 1.662719184693e-01
1.656783919598e-04 2.300174148448e-01 1.656783919598e-04 2.455948143424e-01 1.656783919598e-04 3.576069242357e-01 1.656783919598e-04 1.660098047929e-01
1.680452261307e-04 2.305893123190e-01 1.680452261307e-04 2.463916321626e-01 1.680452261307e-04 3.567271929649e-01 1.680452261307e-04 1.657087916356e-01
1.704120603015e-04 2.312008636213e-01 1.704120603015e-04 2.472346772641e-01 1.704120603015e-04 3.558074488486e-01 1.704120603015e-04 1.653634002011e-01
1.727788944724e-04 2.318549409424e-01 1.727788944724e-04 2.481268029282e-01 1.727788944724e-04 3.548454850484e-01 1.727788944724e-04 1.649674755978e-01
1.751457286432e-04 2.325547005551e-01 1.751457286432e-04 2.490711161147e-01 1.751457286432e-04 3.538389439536e-01 1.751457286432e-04 1.645141332301e-01
1.775125628141e-04 2.333036285541e-01 1.775125628141e-04 2.500710096756e-01 1.775125628141e-04 3.527853122305e-01 1.775125628141e-04 1.639957102897e-01
1.798793969849e-04 2.341055948686e-01 1.798793969849e-04 2.511301971921e-01 1.798793969849e-04 3.516819180586e-01 1.798793969849e-04 1.634037258233e-01
1.822462311558e-04 2.349649164460e-01 1.822462311558e-04 2.522527497267e-01 1.822462311558e-04 3.505259312965e-01 1.822462311558e-04 1.627288535430e-01
1.846130653266e-04 2.358864302793e-01 1.846130653266e-04 2.534431333219e-01 1.846130653266e-04 3.493143674418e-01 1.846130653266e-04 1.619609121301e-01
1.869798994975e-04 2.368755765191e-01 1.869798994975e-04 2.547062454835e-01 1.869798994975e-04 3.480440963812e-01 1.869798994975e-04 1.610888781381e-01
1.893467336683e-04 2.379384911871e-01 1.893467336683e-04 2.560474481288e-01 1.893467336683e-04 3.467118570414e-01 1.893467336683e-04 1.601009265552e-01
1.917135678392e-04 2.390821068763e-01 1.917135678392e-04 2.574725935441e-01 1.917135678392e-04 3.453142791591e-01 1.917135678392e-04 1.589845034224e-01
1.940804020101e-04 2.403142581424e-01 1.940804020101e-04 2.589880387882e-01 1.940804020101e-04 3.438479134569e-01 1.940804020101e-04 1.577264334258e-01
1.964472361809e-04 2.416437859089e-01 1.964472361809e-04 2.606006427096e-01 1.964472361809e-04 3.423092715373e-01 1.964472361809e-04 1.563130629197e-01
1.988140703518e-04 2.430806319523e-01 1.988140703518e-04 2.623177383763e-01 1.988140703518e-04 3.406948767557e-01 1.988140703518e-04 1.547304353755e-01
2.011809045226e-04 2.446359102783e-01 2.011809045226e-04 2.641470723594e-01 2.011809045226e-04 3.390013271948e-01 2.011809045226e-04 1.529644920559e-01
2.035477386935e-04 2.463219368917e-01 2.035477386935e-04 2.660967011389e-01 2.035477386935e-04 3.372253715948e-01 2.035477386935e-04 1.510012864435e-01
2.059145728643e-04 2.481521932464e-01 2.059145728643e-04 2.681748341790e-01 2.059145728643e-04 3.353639986868e-01 2.059145728643e-04 1.488271978735e-01
2.082814070352e-04 2.501411919954e-01 2.082814070352e-04 2.703896133174e-01 2.082814070352e-04 3.334145397955e-01 2.082814070352e-04 1.464291297968e-01
2.106482412060e-04 2.523042075260e-01 2.106482412060e-04 2.727488194763e-01 2.106482412060e-04 3.313747838179e-01 2.106482412060e-04 1.437946835406e-01
2.130150753769e-04 2.546568298203e-01 2.130150753769e-04 2.752595008464e-01 2.130150753769e-04 3.292431027414e-01 2.130150753769e-04 1.409123118186e-01
2.153819095477e-04 2.572143009656e-01 2.153819095477e-04 2.779275221054e-01 2.153819095477e-04 3.270185847657e-01 2.153819095477e-04 1.377714792640e-01
2.177487437186e-04 2.599906024602e-01 2.177487437186e-04 2.807570422434e-01 2.177487437186e-04 3.247011708771e-01 2.177487437186e-04 1.343628894368e-01
2.201155778894e-04 2.629972820381e-01 2.201155778894e-04 2.837499391859e-01 2.201155778894e-04 3.222917894761e-01 2.201155778894e-04 1.306788746357e-01
2.224824120603e-04 2.662420441483e-01 2.224824120603e-04 2.869052120703e-01 2.224824120603e-04 3.197924824869e-01 2.224824120603e-04 1.267140762446e-01
2.248492462312e-04 2.697271791859e-01 2.248492462312e-04 2.902184054439e-01 2.248492462312e-04 3.172065154213e-01 2.248492462312e-04 1.224665525307e-01
2.272160804020e-04 2.734479691931e-01 2.272160804020e-04 2.936811116829e-01 2.272160804020e-04 3.145384632825e-01 2.272160804020e-04 1.179394160808e-01
2.295829145729e-04 2.773912714412e-01 2.295829145729e-04 2.972806157360e-01 2.295829145729e-04 3.117942641430e-01 2.295829145729e-04 1.131430037070e-01
2.319497487437e-04 2.815345283793e-01 2.319497487437e-04 3.009997467799e-01 2.319497487437e-04 3.089812328416e-01 2.319497487437e-04 1.080974093603e-01
2.343165829146e-04 2.858454608867e-01 2.343165829146e-04 3.048169919411e-01 2.343165829146e-04 3.061080286159e-01 2.343165829146e-04 1.028349850503e-01
2.366834170854e-04 2.902826522378e-01 2.366834170854e-04 3.087069067348e-01 2.366834170854e-04 3.031845726159e-01 2.366834170854e-04 9.740219638685e-02
2.390502512563e-04 2.947971158905e-01 2.390502512563e-04 3.126408264727e-01 2.390502512563e-04 3.002219140554e-01 2.390502512563e-04 9.186010635343e-02
2.414170854271e-04 2.993347754569e-01 2.414170854271e-04 3.165878464568e-01 2.414170854271e-04 2.972320470455e-01 2.414170854271e-04 8.628285795319e-02
2.437839195980e-04 3.038396069085e-01 2.437839195980e-04 3.205160024444e-01 2.437839195980e-04 2.942276836429e-01 2.437839195980e-04 8.075388546096e-02
2.461507537688e-04 3.082570512157e-01 2.461507537688e-04 3.243935537759e-01 2.461507537688e-04 2.912219919696e-01 2.461507537688e-04 7.536014578685e-02
2.485175879397e-04 3.125372447911e-01 2.485175879397e-04 3.281902559238e-01 2.485175879397e-04 2.882283110615e-01 2.485175879397e-04 7.018524438066e-02
2.508844221106e-04 3.166376554707e-01 2.508844221106e-04 3.318785105701e-01 2.508844221106e-04 2.852598560316e-01 2.508844221106e-04 6.530269960362e-02
2.532512562814e-04 3.205248399195e-01 2.532512562814e-04 3.354342993527e-01 2.532512562814e-04 2.823294279709e-01 2.532512562814e-04 6.077058096176e-02
2.556180904523e-04 3.241752134433e-01 2.556180904523e-04 3.388378381195e-01 2.556180904523e-04 2.794491426273e-01 2.556180904523e-04 5.662837218334e-02
2.579849246231e-04 3.275748946310e-01 2.579849246231e-04 3.420739254104e-01 2.579849246231e-04 2.766301903659e-01 2.579849246231e-04 5.289631697957e-02
2.603517587940e-04 3.307188142356e-01 2.603517587940e-04 3.451319948463e-01 2.603517587940e-04 2.738826374075e-01 2.603517587940e-04 4.957693698842e-02
2.627185929648e-04 3.336093409269e-01 2.627185929648e-04 3.480059102791e-01 2.627185929648e-04 2.712152751654e-01 2.627185929648e-04 4.665804617148e-02
2.650854271357e-04 3.362546789506e-01 2.650854271357e-04 3.506935614744e-01 2.650854271357e-04 2.686355210300e-01 2.650854271357e-04 4.411648097151e-02
2.674522613065e-04 3.386672518797e-01 2.674522613065e-04 3.531963259709e-01 2.674522613065e-04 2.661493705365e-01 2.674522613065e-04 4.192186964400e-02
2.698190954774e-04 3.408622247038e-01 2.698190954774e-04 3.555184610125e-01 2.698190954774e-04 2.637613978250e-01 2.698190954774e-04 4.003997622383e-02
2.721859296482e-04 3.428562524519e-01 2.721859296482e-04 3.576664808124e-01 2.721859296482e-04 2.614747988897e-01 2.721859296482e-04 3.843538040377e-02
2.745527638191e-04 3.446664895118e-01 2.745527638191e-04 3.596485619769e-01 2.745527638191e-04 2.592914704429e-01 2.745527638191e-04 3.707343614265e-02
2.769195979899e-04 3.463098549550e-01 2.769195979899e-04 3.614740064609e-01 2.769195979899e-04 2.572121163212e-01 2.769195979899e-04 3.592156894585e-02
2.792864321608e-04 3.478025255715e-01 2.792864321608e-04 3.631527789432e-01 2.792864321608e-04 2.552363731687e-01 2.792864321608e-04 3.495002976464e-02
2.816532663317e-04 3.491596172101e-01 2.816532663317e-04 3.646951251995e-01 2.816532663317e-04 2.533629475331e-01 2.816532663317e-04 3.413223872630e-02
2.840201005025e-04 3.503950127352e-01 2.840201005025e-04 3.661112703653e-01 2.840201005025e-04 2.515897573435e-01 2.840201005025e-04 3.344484188414e-02
2.863869346734e-04 3.515212979929e-01 2.863869346734e-04 3.674111908602e-01 2.863869346734e-04 2.499140718461e-01 2.863869346734e-04 3.286758258175e-02
2.887537688442e-04 3.525497729331e-01 2.887537688442e-04 3.686044508284e-01 2.887537688442e-04 2.483326453144e-01 2.887537688442e-04 3.238306473574e-02
2.911206030151e-04 3.534905116161e-01 2.911206030151e-04 3.697000927366e-01 2.911206030151e-04 2.468418410887e-01 2.911206030151e-04 3.197646314129e-02
2.934874371859e-04 3.543524511385e-01 2.934874371859e-04 3.707065717565e-01 2.934874371859e-04 2.454377436574e-01 2.934874371859e-04 3.163521776343e-02
2.958542713568e-04 3.551434949956e-01 2.958542713568e-04 3.716317243138e-01 2.958542713568e-04 2.441162575052e-01 2.958542713568e-04 3.134873522144e-02
2.982211055276e-04 3.558706208486e-01 2.982211055276e-04 3.724827623457e-01 2.982211055276e-04 2.428731922878e-01 2.982211055276e-04 3.110811082533e-02
3.005879396985e-04 3.565399861147e-01 3.005879396985e-04 3.732662861416e-01 3.005879396985e-04 2.417043345490e-01 3.005879396985e-04 3.090587781488e-02
3.029547738693e-04 3.571570273522e-01 3.029547738693e-04 3.739883099651e-01 3.029547738693e-04 2.406055066719e-01 3.029547738693e-04 3.073578610200e-02
3.053216080402e-04 3.577265512408e-01 3.053216080402e-04 3.746542958813e-01 3.053216080402e-04 2.395726140811e-01 3.053216080402e-04 3.059261015244e-02
3.076884422111e-04 3.582528162097e-01 3.076884422111e-04 3.752691922792e-01 3.076884422111e-04 2.386016819027e-01 3.076884422111e-04 3.047198413232e-02
3.100552763819e-04 3.587396045930e-01 3.100552763819e-04 3.758374744813e-01 3.100552763819e-04 2.376888823778e-01 3.100552763819e-04 3.037026169445e-02
3.124221105528e-04 3.591902857018e-01 3.124221105528e-04 3.763631855604e-01 3.124221105528e-04 2.368305543288e-01 3.124221105528e-04 3.028439751009e-02
3.147889447236e-04 3.596078704989e-01 3.147889447236e-04 3.768499760644e-01 3.147889447236e-04 2.360232159288e-01 3.147889447236e-04 3.021184767043e-02
3.171557788945e-04 3.599950586992e-01 3.171557788945e-04 3.773011417960e-01 3.171557788945e-04 2.352635719373e-01 3.171557788945e-04 3.015048626207e-02
3.195226130653e-04 3.603542791680e-01 3.195226130653e-04 3.777196591289e-01 3.195226130653e-04 2.345485164506e-01 3.195226130653e-04 3.009853568043e-02
3.218894472362e-04 3.606877244677e-01 3.218894472362e-04 3.781082175924e-01 3.218894472362e-04 2.338751320961e-01 3.218894472362e-04 3.005450853267e-02
3.242562814070e-04 3.609973803495e-01 3.242562814070e-04 3.784692496314e-01 3.242562814070e-04 2.332406864757e-01 3.242562814070e-04 3.001715926802e-02
3.266231155779e-04 3.612850509165e-01 3.266231155779e-04 3.788049575712e-01 3.266231155779e-04 2.326426265410e-01 3.266231155779e-04 2.998544394173e-02
3.289899497487e-04 3.615523800990e-01 3.289899497487e-04 3.791173378989e-01 3.289899497487e-04 2.320785714768e-01 3.289899497487e-04 2.995848676091e-02
3.313567839196e-04 3.618008700073e-01 3.313567839196e-04 3.794082030214e-01 3.313567839196e-04 2.315463045629e-01 3.313567839196e-04 2.993555227361e-02
3.337236180905e-04 3.620318966455e-01 3.337236180905e-04 3.796792006898e-01 3.337236180905e-04 2.310437643992e-01 3.337236180905e-04 2.991602224719e-02
3.360904522613e-04 3.622467234040e-01 3.360904522613e-04 3.799318312925e-01 3.360904522613e-04 2.305690357983e-01 3.360904522613e-04 2.989937643951e-02
3.384572864322e-04 3.624465126824e-01 3.384572864322e-04 3.801674632165e-01 3.384572864322e-04 2.301203405864e-01 3.384572864322e-04 2.988517660006e-02
3.408241206030e-04 3.626323359402e-01 3.408241206030e-04 3.803873464766e-01 3.408241206030e-04 2.296960284948e-01 3.408241206030e-04 2.987305315036e-02
3.431909547739e-04 3.628051824269e-01 3.431909547739e-04 3.805926247946e-01 3.431909547739e-04 2.292945682789e-01 3.431909547739e-04 2.986269408693e-02
3.455577889447e-04 3.629659667981e-01 3.455577889447e-04 3.807843463036e-01 3.455577889447e-04 2.289145391646e-01 3.455577889447e-04 2.985383572843e-02
3.479246231156e-04 3.631155357939e-01 3.479246231156e-04 3.809634730314e-01 3.479246231156e-04 2.285546226896e-01 3.479246231156e-04 2.984625499368e-02
3.502914572864e-04 3.632546741245e-01 3.502914572864e-04 3.811308893089e-01 3.502914572864e-04 2.282135949829e-01 3.502914572864e-04 2.983976295089e-02
3.526582914573e-04 3.633841096823e-01 3.526582914573e-04 3.812874092282e-01 3.526582914573e-04 2.278903195080e-01 3.526582914573e-04 2.983419942371e-02
3.550251256281e-04 3.635045181832e-01 3.550251256281e-04 3.814337832660e-01 3.550251256281e-04 2.275837402781e-01 3.550251256281e-04 2.982942847599e-02
3.573919597990e-04 3.636165273174e-01 3.573919597990e-04 3.815707041731e-01 3.573919597990e-04 2.272928755416e-01 3.573919597990e-04 2.982533462817e-02
3.597587939698e-04 3.637207204813e-01 3.597587939698e-04 3.816988122181e-01 3.597587939698e-04 2.270168119288e-01 3.597587939698e-04 2.982181968323e-02
3.621256281407e-04 3.638176401469e-01 3.621256281407e-04 3.818186998644e-01 3.621256281407e-04 2.267546990411e-01 3.621256281407e-04 2.981880006099e-02
3.644924623116e-04 3.639077909167e-01 3.644924623116e-04 3.819309159497e-01 3.644924623116e-04 2.265057444645e-01 3.644924623116e-04 2.981620455685e-02
3.668592964824e-04 3.639916423045e-01 3.668592964824e-04 3.820359694271e-01 3.668592964824e-04 2.262692091834e-01 3.668592964824e-04 2.981397245529e-02
3.692261306533e-04 3.640696312755e-01 3.692261306533e-04 3.821343327205e-01 3.692261306533e-04 2.260444033695e-01 3.692261306533e-04 2.981205194009e-02
3.715929648241e-04 3.641421645736e-01 3.715929648241e-04 3.822264447416e-01 3.715929648241e-04 2.258306825215e-01 3.715929648241e-04 2.981039875320e-02
3.739597989950e-04 3.642096208603e-01 3.739597989950e-04 3.823127136065e-01 3.739597989950e-04 2.256274439299e-01 3.739597989950e-04 2.980897506202e-02
3.763266331658e-04 3.642723526848e-01 3.763266331658e-04 3.823935190889e-01 3.763266331658e-04 2.254341234422e-01 3.763266331658e-04 2.980774850169e-02
3.786934673367e-04 3.643306883036e-01 3.786934673367e-04 3.824692148382e-01 3.786934673367e-04 2.252501925050e-01 3.786934673367e-04 2.980669136448e-02
3.810603015075e-04 3.643849333624e-01 3.810603015075e-04 3.825401303919e-01 3.810603015075e-04 2.250751554599e-01 3.810603015075e-04 2.980577991290e-02
3.834271356784e-04 3.644353724555e-01 3.834271356784e-04 3.826065730021e-01 3.834271356784e-04 2.249085470727e-01 3.834271356784e-04 2.980499379711e-02
3.857939698492e-04 3.644822705716e-01 3.857939698492e-04 3.826688292996e-01 3.857939698492e-04 2.247499302743e-01 3.857939698492e-04 2.980431556021e-02
3.881608040201e-04 3.645258744376e-01 3.881608040201e-04 3.827271668109e-01 3.881608040201e-04 2.245988940964e-01 3.881608040201e-04 2.980373021780e-02
3.905276381910e-04 3.645664137668e-01 3.905276381910e-04 3.827818353454e-01 3.905276381910e-04 2.244550517836e-01 3.905276381910e-04 2.980322490028e-02
3.928944723618e-04 3.646041024216e-01 3.928944723618e-04 3.828330682652e-01 3.928944723618e-04 2.243180390661e-01 3.928944723618e-04 2.980278854824e-02
3.952613065327e-04 3.646391394946e-01 3.952613065327e-04 3.828810836499e-01 3.952613065327e-04 2.241875125790e-01 3.952613065327e-04 2.980241165285e-02
3.976281407035e-04 3.646717103172e-01 3.976281407035e-04 3.829260853668e-01 3.976281407035e-04 2.240631484139e-01 3.976281407035e-04 2.980208603435e-02
3.999949748744e-04 3.647019873978e-01 3.999949748744e-04 3.829682640561e-01 3.999949748744e-04 2.239446407917e-01 3.999949748744e-04 2.980180465297e-02
4.023618090452e-04 3.647301312979e-01 4.023618090452e-04 3.830077980391e-01 4.023618090452e-04 2.238317008445e-01 4.023618090452e-04 2.980156144735e-02
4.047286432161e-04 3.647562914478e-01 4.047286432161e-04 3.830448541560e-01 4.047286432161e-04 2.237240554968e-01 4.047286432161e-04 2.980135119630e-02
4.070954773869e-04 3.647806069078e-01 4.070954773869e-04 3.830795885406e-01 4.070954773869e-04 2.236214464371e-01 4.070954773869e-04 2.980116940060e-02
4.094623115578e-04 3.648032070781e-01 4.094623115578e-04 3.831121473377e-01 4.094623115578e-04 2.235236291716e-01 4.094623115578e-04 2.980101218166e-02
4.118291457286e-04 3.648242123606e-01 4.118291457286e-04 3.831426673670e-01 4.118291457286e-04 2.234303721518e-01 4.118291457286e-04 2.980087619474e-02
4.141959798995e-04 3.648437347761e-01 4.141959798995e-04 3.831712767393e-01 4.141959798995e-04 2.233414559700e-01 4.141959798995e-04 2.980075855449e-02
4.165628140704e-04 3.648618785402e-01 4.165628140704e-04 3.831980954289e-01 4.165628140704e-04 2.232566726161e-01 4.165628140704e-04 2.980065677108e-02
4.189296482412e-04 3.648787406003e-01 4.189296482412e-04 3.832232358050e-01 4.189296482412e-04 2.231758247907e-01 4.189296482412e-04 2.980056869533e-02
4.212964824121e-04 3.648944111360e-01 4.212964824121e-04 3.832468031267e-01 4.212964824121e-04 2.230987252684e-01 4.212964824121e-04 2.980049247160e-02
4.236633165829e-04 3.649089740257e-01 4.236633165829e-04 3.832688960027e-01 4.236633165829e-04 2.230251963082e-01 4.236633165829e-04 2.980042649726e-02
4.260301507538e-04 3.649225072824e-01 4.260301507538e-04 3.832896068209e-01 4.260301507538e-04 2.229550691054e-01 4.260301507538e-04 2.980036938785e-02
4.283969849246e-04 3.649350834586e-01 4.283969849246e-04 3.833090221476e-01 4.283969849246e-04 2.228881832831e-01 4.283969849246e-04 2.980031994712e-02
4.307638190955e-04 3.649467700250e-01 4.307638190955e-04 3.833272231006e-01 4.307638190955e-04 2.228243864178e-01 4.307638190955e-04 2.980027714121e-02
4.331306532663e-04 3.649576297226e-01 4.331306532663e-04 3.833442856971e-01 4.331306532663e-04 2.227635335986e-01 4.331306532663e-04 2.980024007643e-02
4.354974874372e-04 3.649677208908e-01 4.354974874372e-04 3.833602811786e-01 4.354974874372e-04 2.227054870148e-01 4.354974874372e-04 2.980020798007e-02
4.378643216080e-04 3.649770977739e-01 4.378643216080e-04 3.833752763145e-01 4.378643216080e-04 2.226501155715e-01 4.378643216080e-04 2.980018018396e-02
4.402311557789e-04 3.649858108055e-01 4.402311557789e-04 3.833893336853e-01 4.402311557789e-04 2.225972945295e-01 4.402311557789e-04 2.980015611020e-02
4.425979899497e-04 3.649939068741e-01 4.425979899497e-04 3.834025119480e-01 4.425979899497e-04 2.225469051686e-01 4.425979899497e-04 2.980013525888e-02
4.449648241206e-04 3.650014295706e-01 4.449648241206e-04 3.834148660841e-01 4.449648241206e-04 2.224988344716e-01 4.449648241206e-04 2.980011719749e-02
4.473316582915e-04 3.650084194182e-01 4.473316582915e-04 3.834264476310e-01 4.473316582915e-04 2.224529748282e-01 4.473316582915e-04 2.980010155182e-02
4.496984924623e-04 3.650149140868e-01 4.496984924623e-04 3.834373048995e-01 4.496984924623e-04 2.224092237565e-01 4.496984924623e-04 2.980008799801e-02
4.520653266332e-04 3.650209485926e-01 4.520653266332e-04 3.834474831766e-01 4.520653266332e-04 2.223674836414e-01 4.520653266332e-04 2.980007625575e-02
4.544321608040e-04 3.650265554839e-01 4.544321608040e-04 3.834570249156e-01 4.544321608040e-04 2.223276614880e-01 4.544321608040e-04 2.980006608244e-02
4.567989949749e-04 3.650317650138e-01 4.567989949749e-04 3.834659699139e-01 4.567989949749e-04 2.222896686897e-01 4.567989949749e-04 2.980005726803e-02
4.591658291457e-04 3.650366053015e-01 4.591658291457e-04 3.834743554801e-01 4.591658291457e-04 2.222534208097e-01 4.591658291457e-04 2.980004963070e-02
4.615326633166e-04 3.650411024817e-01 4.615326633166e-04 3.834822165896e-01 4.615326633166e-04 2.222188373739e-01 4.615326633166e-04 2.980004301298e-02
4.638994974874e-04 3.650452808440e-01 4.638994974874e-04 3.834895860311e-01 4.638994974874e-04 2.221858416763e-01 4.638994974874e-04 2.980003727856e-02
4.662663316583e-04 3.650491629627e-01 4.662663316583e-04 3.834964945435e-01 4.662663316583e-04 2.221543605948e-01 4.662663316583e-04 2.980003230936e-02
4.686331658291e-04 3.650527698172e-01 4.686331658291e-04 3.835029709441e-01 4.686331658291e-04 2.221243244166e-01 4.686331658291e-04 2.980002800313e-02
4.710000000000e-04 3.650561209046e-01 4.710000000000e-04 3.835090422489e-01 4.710000000000e-04 2.220956666734e-01 4.710000000000e-04 2.980002427131e-02
