0.000000000000e+00 3.131000000000e-01 0.000000000000e+00 3.118759165590e-01 0.000000000000e+00 1.843000000209e-01 0.000000000000e+00 1.907000004955e-01
2.040201005025e-06 3.131000000000e-01 2.040201005025e-06 3.118739790127e-01 2.040201005025e-06 1.843000000262e-01 2.040201005025e-06 1.907000005942e-01
4.080402010050e-06 3.131000000000e-01 4.080402010050e-06 3.118718856597e-01 4.080402010050e-06 1.843000000329e-01 4.080402010050e-06 1.907000007125e-01
6.120603015075e-06 3.131000000000e-01 6.120603015075e-06 3.118696239827e-01 6.120603015075e-06 1.843000000412e-01 6.120603015075e-06 1.907000008544e-01
8.160804020101e-06 3.131000000000e-01 8.160804020101e-06 3.118671804610e-01 8.160804020101e-06 1.843000000516e-01 8.160804020101e-06 1.907000010245e-01
1.020100502513e-05 3.131000000000e-01 1.020100502513e-05 3.118645404901e-01 1.020100502513e-05 1.843000000646e-01 1.020100502513e-05 1.907000012285e-01
1.224120603015e-05 3.131000000000e-01 1.224120603015e-05 3.118616882954e-01 1.224120603015e-05 1.843000000810e-01 1.224120603015e-05 1.907000014731e-01
1.428140703518e-05 3.131000000000e-01 1.428140703518e-05 3.118586068386e-01 1.428140703518e-05 1.843000001015e-01 1.428140703518e-05 1.907000017664e-01
1.632160804020e-05 3.131000000000e-01 1.632160804020e-05 3.118552777174e-01 1.632160804020e-05 1.843000001271e-01 1.632160804020e-05 1.907000021181e-01
1.836180904523e-05 3.131000000000e-01 1.836180904523e-05 3.118516810566e-01 1.836180904523e-05 1.843000001593e-01 1.836180904523e-05 1.907000025399e-01
2.040201005025e-05 3.131000000000e-01 2.040201005025e-05 3.118477953911e-01 2.040201005025e-05 1.843000001996e-01 2.040201005025e-05 1.907000030456e-01
2.244221105528e-05 3.131000000000e-01 2.244221105528e-05 3.118435975395e-01 2.244221105528e-05 1.843000002500e-01 2.244221105528e-05 1.907000036520e-01
2.448241206030e-05 3.131000000000e-01 2.448241206030e-05 3.118390624680e-01 2.448241206030e-05 1.843000003133e-01 2.448241206030e-05 1.907000043792e-01
2.652261306533e-05 3.131000000000e-01 2.652261306533e-05 3.118341631433e-01 2.652261306533e-05 1.843000003925e-01 2.652261306533e-05 1.907000052512e-01
2.856281407035e-05 3.131000000000e-01 2.856281407035e-05 3.118288703743e-01 2.856281407035e-05 1.843000004917e-01 2.856281407035e-05 1.907000062968e-01
3.060301507538e-05 3.131000000000e-01 3.060301507538e-05 3.118231526417e-01 3.060301507538e-05 1.843000006161e-01 3.060301507538e-05 1.907000075505e-01
3.264321608040e-05 3.131000000000e-01 3.264321608040e-05 3.118169759136e-01 3.264321608040e-05 1.843000007719e-01 3.264321608040e-05 1.907000090539e-01
3.468341708543e-05 3.131000000000e-01 3.468341708543e-05 3.118103034480e-01 3.468341708543e-05 1.843000009672e-01 3.468341708543e-05 1.907000108567e-01
3.672361809045e-05 3.131000000000e-01 3.672361809045e-05 3.118030955788e-01 3.672361809045e-05 1.843000012118e-01 3.672361809045e-05 1.907000130184e-01
3.876381909548e-05 3.131000000000e-01 3.876381909548e-05 3.117953094866e-01 3.876381909548e-05 1.843000015183e-01 3.876381909548e-05 1.907000156105e-01
4.080402010050e-05 3.131000000000e-01 4.080402010050e-05 3.117868989510e-01 4.080402010050e-05 1.843000019023e-01 4.080402010050e-05 1.907000187187e-01
4.284422110553e-05 3.131000000000e-01 4.284422110553e-05 3.117778140844e-01 4.284422110553e-05 1.843000023835e-01 4.284422110553e-05 1.907000224459e-01
4.488442211055e-05 3.131000000000e-01 4.488442211055e-05 3.117680010461e-01 4.488442211055e-05 1.843000029864e-01 4.488442211055e-05 1.907000269152e-01
4.692462311558e-05 3.131000000000e-01 4.692462311558e-05 3.117574017338e-01 4.692462311558e-05 1.843000037418e-01 4.692462311558e-05 1.907000322743e-01
4.896482412060e-05 3.131000000000e-01 4.896482412060e-05 3.117459534530e-01 4.896482412060e-05 1.843000046882e-01 4.896482412060e-05 1.907000387005e-01
5.100502512563e-05 3.131000000000e-01 5.100502512563e-05 3.117335885610e-01 5.100502512563e-05 1.843000058741e-01 5.100502512563e-05 1.907000464063e-01
5.304522613065e-05 3.130999999999e-01 5.304522613065e-05 3.117202340854e-01 5.304522613065e-05 1.843000073599e-01 5.304522613065e-05 1.907000556464e-01
5.508542713568e-05 3.130999999999e-01 5.508542713568e-05 3.117058113133e-01 5.508542713568e-05 1.843000092216e-01 5.508542713568e-05 1.907000667263e-01
5.712562814070e-05 3.130999999999e-01 5.712562814070e-05 3.116902353518e-01 5.712562814070e-05 1.843000115543e-01 5.712562814070e-05 1.907000800123e-01
5.916582914573e-05 3.130999999998e-01 5.916582914573e-05 3.116734146561e-01 5.916582914573e-05 1.843000144771e-01 5.916582914573e-05 1.907000959438e-01
6.120603015075e-05 3.130999999998e-01 6.120603015075e-05 3.116552505237e-01 6.120603015075e-05 1.843000181392e-01 6.120603015075e-05 1.907001150474e-01
6.324623115578e-05 3.130999999997e-01 6.324623115578e-05 3.116356365534e-01 6.324623115578e-05 1.843000227279e-01 6.324623115578e-05 1.907001379547e-01
6.528643216080e-05 3.130999999995e-01 6.528643216080e-05 3.116144580656e-01 6.528643216080e-05 1.843000284773e-01 6.528643216080e-05 1.907001654232e-01
6.732663316583e-05 3.130999999993e-01 6.732663316583e-05 3.115915914831e-01 6.732663316583e-05 1.843000356814e-01 6.732663316583e-05 1.907001983610e-01
6.936683417085e-05 3.130999999990e-01 6.936683417085e-05 3.115669036695e-01 6.936683417085e-05 1.843000447080e-01 6.936683417085e-05 1.907002378570e-01
7.140703517588e-05 3.130999999986e-01 7.140703517588e-05 3.115402512229e-01 7.140703517588e-05 1.843000560183e-01 7.140703517588e-05 1.907002852172e-01
7.344723618090e-05 3.130999999979e-01 7.344723618090e-05 3.115114797237e-01 7.344723618090e-05 1.843000701901e-01 7.344723618090e-05 1.907003420073e-01
7.548743718593e-05 3.130999999970e-01 7.548743718593e-05 3.114804229327e-01 7.548743718593e-05 1.843000879476e-01 7.548743718593e-05 1.907004101049e-01
7.752763819095e-05 3.130999999956e-01 7.752763819095e-05 3.114469019392e-01 7.752763819095e-05 1.843001101978e-01 7.752763819095e-05 1.907004917613e-01
7.956783919598e-05 3.130999999937e-01 7.956783919598e-05 3.114107242557e-01 7.956783919598e-05 1.843001380778e-01 7.956783919598e-05 1.907005896764e-01
8.160804020101e-05 3.130999999908e-01 8.160804020101e-05 3.113716828590e-01 8.160804020101e-05 1.843001730120e-01 8.160804020101e-05 1.907007070871e-01
8.364824120603e-05 3.130999999866e-01 8.364824120603e-05 3.113295551736e-01 8.364824120603e-05 1.843002167854e-01 8.364824120603e-05 1.907008478752e-01
8.568844221106e-05 3.130999999806e-01 8.568844221106e-05 3.112841019993e-01 8.568844221106e-05 1.843002716348e-01 8.568844221106e-05 1.907010166951e-01
8.772864321608e-05 3.130999999718e-01 8.772864321608e-05 3.112350663791e-01 8.772864321608e-05 1.843003403630e-01 8.772864321608e-05 1.907012191280e-01
8.976884422111e-05 3.130999999591e-01 8.976884422111e-05 3.111821724091e-01 8.976884422111e-05 1.843004264823e-01 8.976884422111e-05 1.907014618661e-01
9.180904522613e-05 3.130999999406e-01 9.180904522613e-05 3.111251239887e-01 9.180904522613e-05 1.843005343937e-01 9.180904522613e-05 1.907017529337e-01
9.384924623116e-05 3.130999999138e-01 9.384924623116e-05 3.110636035131e-01 9.384924623116e-05 1.843006696120e-01 9.384924623116e-05 1.907021019529e-01
9.588944723618e-05 3.130999998749e-01 9.588944723618e-05 3.109972705088e-01 9.588944723618e-05 1.843008390479e-01 9.588944723618e-05 1.907025204608e-01
9.792964824121e-05 3.130999998184e-01 9.792964824121e-05 3.109257602141e-01 9.792964824121e-05 1.843010513612e-01 9.792964824121e-05 1.907030222911e-01
9.996984924623e-05 3.130999997363e-01 9.996984924623e-05 3.108486821087e-01 9.996984924623e-05 1.843013174031e-01 9.996984924623e-05 1.907036240310e-01
1.020100502513e-04 3.130999996171e-01 1.020100502513e-04 3.107656183965e-01 1.020100502513e-04 1.843016507716e-01 1.020100502513e-04 1.907043455688e-01
1.040502512563e-04 3.130999994442e-01 1.040502512563e-04 3.106761224466e-01 1.040502512563e-04 1.843020685058e-01 1.040502512563e-04 1.907052107508e-01
1.060904522613e-04 3.130999991930e-01 1.060904522613e-04 3.105797172011e-01 1.060904522613e-04 1.843025919574e-01 1.060904522613e-04 1.907062481679e-01
1.081306532663e-04 3.130999988283e-01 1.081306532663e-04 3.104758935570e-01 1.081306532663e-04 1.843032478818e-01 1.081306532663e-04 1.907074920999e-01
1.101708542714e-04 3.130999982987e-01 1.101708542714e-04 3.103641087337e-01 1.101708542714e-04 1.843040698049e-01 1.101708542714e-04 1.907089836452e-01
1.122110552764e-04 3.130999975297e-01 1.122110552764e-04 3.102437846374e-01 1.122110552764e-04 1.843050997368e-01 1.122110552764e-04 1.907107720766e-01
1.142512562814e-04 3.130999964132e-01 1.142512562814e-04 3.101143062369e-01 1.142512562814e-04 1.843063903170e-01 1.142512562814e-04 1.907129164641e-01
1.162914572864e-04 3.130999947918e-01 1.162914572864e-04 3.099750199650e-01 1.162914572864e-04 1.843080075028e-01 1.162914572864e-04 1.907154876202e-01
1.183316582915e-04 3.130999924374e-01 1.183316582915e-04 3.098252321646e-01 1.183316582915e-04 1.843100339358e-01 1.183316582915e-04 1.907185704299e-01
1.203718592965e-04 3.130999890185e-01 1.203718592965e-04 3.096642075942e-01 1.203718592965e-04 1.843125731583e-01 1.203718592965e-04 1.907222666400e-01
1.224120603015e-04 3.130999840535e-01 1.224120603015e-04 3.094911680134e-01 1.224120603015e-04 1.843157548919e-01 1.224120603015e-04 1.907266981997e-01
1.244522613065e-04 3.130999768434e-01 1.244522613065e-04 3.093052908643e-01 1.244522613065e-04 1.843197416458e-01 1.244522613065e-04 1.907320112582e-01
1.264924623116e-04 3.130999663727e-01 1.264924623116e-04 3.091057080649e-01 1.264924623116e-04 1.843247369859e-01 1.264924623116e-04 1.907383809477e-01
1.285326633166e-04 3.130999511664e-01 1.285326633166e-04 3.088915049240e-01 1.285326633166e-04 1.843309958787e-01 1.285326633166e-04 1.907460171025e-01
1.305728643216e-04 3.130999290826e-01 1.305728643216e-04 3.086617191843e-01 1.305728643216e-04 1.843388376248e-01 1.305728643216e-04 1.907551710955e-01
1.326130653266e-04 3.130998970100e-01 1.326130653266e-04 3.084153401840e-01 1.326130653266e-04 1.843486620196e-01 1.326130653266e-04 1.907661440034e-01
1.346532663317e-04 3.130998504298e-01 1.346532663317e-04 3.081513081177e-01 1.346532663317e-04 1.843609695322e-01 1.346532663317e-04 1.907792963508e-01
1.366934673367e-04 3.130997827783e-01 1.366934673367e-04 3.078685133509e-01 1.366934673367e-04 1.843763864758e-01 1.366934673367e-04 1.907950597302e-01
1.387336683417e-04 3.130996845221e-01 1.387336683417e-04 3.075657957139e-01 1.387336683417e-04 1.843956963681e-01 1.387336683417e-04 1.908139506390e-01
1.407738693467e-04 3.130995418134e-01 1.407738693467e-04 3.072419436587e-01 1.407738693467e-04 1.844198789426e-01 1.407738693467e-04 1.908365869378e-01
1.428140703518e-04 3.130993345381e-01 1.428140703518e-04 3.068956931088e-01 1.428140703518e-04 1.844501585849e-01 1.428140703518e-04 1.908637073904e-01
1.448542713568e-04 3.130990334790e-01 1.448542713568e-04 3.065257257555e-01 1.448542713568e-04 1.844880643228e-01 1.448542713568e-04 1.908961948181e-01
1.468944723618e-04 3.130985961965e-01 1.468944723618e-04 3.061306664611e-01 1.468944723618e-04 1.845355038961e-01 1.468944723618e-04 1.909351034670e-01
1.489346733668e-04 3.130979610438e-01 1.489346733668e-04 3.057090793049e-01 1.489346733668e-04 1.845948548500e-01 1.489346733668e-04 1.909816912610e-01
1.509748743719e-04 3.130970384743e-01 1.509748743719e-04 3.052594616474e-01 1.509748743719e-04 1.846690759980e-01 1.509748743719e-04 1.910374576720e-01
1.530150753769e-04 3.130956984166e-01 1.530150753769e-04 3.047802353870e-01 1.530150753769e-04 1.847618429255e-01 1.530150753769e-04 1.911041879894e-01
1.550552763819e-04 3.130937519382e-01 1.550552763819e-04 3.042697343269e-01 1.550552763819e-04 1.848777113339e-01 1.550552763819e-04 1.911840047877e-01
1.570954773869e-04 3.130909246196e-01 1.570954773869e-04 3.037261862499e-01 1.570954773869e-04 1.850223117874e-01 1.570954773869e-04 1.912794273603e-01
1.591356783920e-04 3.130868178993e-01 1.591356783920e-04 3.031476879043e-01 1.591356783920e-04 1.852025785174e-01 1.591356783920e-04 1.913934397809e-01
1.611758793970e-04 3.130808529716e-01 1.611758793970e-04 3.025321706183e-01 1.611758793970e-04 1.854270129657e-01 1.611758793970e-04 1.915295680331e-01
1.632160804020e-04 3.130721894024e-01 1.632160804020e-04 3.018773536827e-01 1.632160804020e-04 1.857059790739e-01 1.632160804020e-04 1.916919662704e-01
1.652562814070e-04 3.130596071486e-01 1.652562814070e-04 3.011806819542e-01 1.652562814070e-04 1.860520211463e-01 1.652562814070e-04 1.918855116765e-01
1.672964824121e-04 3.130413357021e-01 1.672964824121e-04 3.004392433534e-01 1.672964824121e-04 1.864801853883e-01 1.672964824121e-04 1.921159065294e-01
1.693366834171e-04 3.130148070256e-01 1.693366834171e-04 2.996496610799e-01 1.693366834171e-04 1.870083117969e-01 1.693366834171e-04 1.923897849006e-01
1.713768844221e-04 3.129762990723e-01 1.713768844221e-04 2.988079545140e-01 1.713768844221e-04 1.876572430040e-01 1.713768844221e-04 1.927148199360e-01
1.734170854271e-04 3.129204230819e-01 1.734170854271e-04 2.979093620338e-01 1.734170854271e-04 1.884508707560e-01 1.734170854271e-04 1.930998260203e-01
1.754572864322e-04 3.128393896751e-01 1.754572864322e-04 2.969481186016e-01 1.754572864322e-04 1.894159107245e-01 1.754572864322e-04 1.935548486915e-01
1.774974874372e-04 3.127219656408e-01 1.774974874372e-04 2.959171813230e-01 1.774974874372e-04 1.905812676158e-01 1.774974874372e-04 1.940912348751e-01
1.795376884422e-04 3.125520064466e-01 1.795376884422e-04 2.948078979245e-01 1.795376884422e-04 1.919768361556e-01 1.795376884422e-04 1.947216786983e-01
1.815778894472e-04 3.123064240645e-01 1.815778894472e-04 2.936096171920e-01 1.815778894472e-04 1.936315977702e-01 1.815778894472e-04 1.954602474674e-01
1.836180904523e-04 3.119524396398e-01 1.836180904523e-04 2.923092483356e-01 1.836180904523e-04 1.955709423254e-01 1.836180904523e-04 1.963224151241e-01
1.856582914573e-04 3.114440072057e-01 1.856582914573e-04 2.908907900111e-01 1.856582914573e-04 1.978132934174e-01 1.856582914573e-04 1.973251789433e-01
1.876984924623e-04 3.107174405603e-01 1.876984924623e-04 2.893348718918e-01 1.876984924623e-04 2.003663531003e-01 1.876984924623e-04 1.984874311564e-01
1.897386934673e-04 3.096866395620e-01 1.897386934673e-04 2.876183849623e-01 1.897386934673e-04 2.032235776027e-01 1.897386934673e-04 1.998309379234e-01
1.917788944724e-04 3.082390490459e-01 1.917788944724e-04 2.857143229935e-01 1.917788944724e-04 2.063617609698e-01 1.917788944724e-04 2.013826043932e-01
1.938190954774e-04 3.062347225428e-01 1.938190954774e-04 2.835920157971e-01 1.938190954774e-04 2.097406965277e-01 1.938190954774e-04 2.031792642676e-01
1.958592964824e-04 3.035124591189e-01 1.958592964824e-04 2.812179968541e-01 1.958592964824e-04 2.133056634834e-01 1.958592964824e-04 2.052771112542e-01
1.978994974874e-04 2.999079944994e-01 1.978994974874e-04 2.785577935083e-01 1.978994974874e-04 2.169928995338e-01 1.978994974874e-04 2.077690079876e-01
1.999396984925e-04 2.952873930450e-01 1.999396984925e-04 2.755789192541e-01 1.999396984925e-04 2.207374010276e-01 1.999396984925e-04 2.108134045237e-01
2.019798994975e-04 2.895912797774e-01 2.019798994975e-04 2.722552292783e-01 2.019798994975e-04 2.244816394334e-01 2.019798994975e-04 2.146750309553e-01
2.040201005025e-04 2.828730439772e-01 2.040201005025e-04 2.685725136686e-01 2.040201005025e-04 2.281834219370e-01 2.040201005025e-04 2.197603063289e-01
2.060603015075e-04 2.753064725741e-01 2.060603015075e-04 2.645347248172e-01 2.060603015075e-04 2.318213095667e-01 2.060603015075e-04 2.265840420891e-01
2.081005025126e-04 2.671506474024e-01 2.081005025126e-04 2.601696414587e-01 2.081005025126e-04 2.353966228484e-01 2.081005025126e-04 2.355422477593e-01
2.101407035176e-04 2.586915978552e-01 2.101407035176e-04 2.555322854085e-01 2.101407035176e-04 2.389318107766e-01 2.101407035176e-04 2.464382248287e-01
2.121809045226e-04 2.502007847837e-01 2.121809045226e-04 2.507043712136e-01 2.121809045226e-04 2.424655463141e-01 2.121809045226e-04 2.581324103466e-01
2.142211055276e-04 2.419314381123e-01 2.142211055276e-04 2.457887715922e-01 2.142211055276e-04 2.460452311407e-01 2.142211055276e-04 2.689760072748e-01
2.162613065327e-04 2.341324334140e-01 2.162613065327e-04 2.408993868910e-01 2.162613065327e-04 2.497177374644e-01 2.162613065327e-04 2.778102682081e-01
2.183015075377e-04 2.270429934488e-01 2.183015075377e-04 2.361484042449e-01 2.183015075377e-04 2.535193779973e-01 2.183015075377e-04 2.844254301454e-01
2.203417085427e-04 2.208571319399e-01 2.203417085427e-04 2.316339353834e-01 2.203417085427e-04 2.574664095159e-01 2.203417085427e-04 2.892232780710e-01
2.223819095477e-04 2.156820136809e-01 2.223819095477e-04 2.274308741360e-01 2.223819095477e-04 2.615477773139e-01 2.223819095477e-04 2.927370850986e-01
2.244221105528e-04 2.115209364517e-01 2.244221105528e-04 2.235866000789e-01 2.244221105528e-04 2.657219975599e-01 2.244221105528e-04 2.953952368278e-01
2.264623115578e-04 2.082894803272e-01 2.264623115578e-04 2.201215348196e-01 2.264623115578e-04 2.699196465061e-01 2.264623115578e-04 2.974828272240e-01
2.285025125628e-04 2.058508633429e-01 2.285025125628e-04 2.170332914172e-01 2.285025125628e-04 2.740516743663e-01 2.285025125628e-04 2.991752013372e-01
2.305427135678e-04 2.040516214569e-01 2.305427135678e-04 2.143026449102e-01 2.305427135678e-04 2.780219891768e-01 2.305427135678e-04 3.005782575153e-01
2.325829145729e-04 2.027466964394e-01 2.325829145729e-04 2.118997281963e-01 2.325829145729e-04 2.817412613447e-01 2.325829145729e-04 3.017575561261e-01
2.346231155779e-04 2.018122339666e-01 2.346231155779e-04 2.097893981490e-01 2.346231155779e-04 2.851385098489e-01 2.346231155779e-04 3.027560625393e-01
2.366633165829e-04 2.011492171069e-01 2.366633165829e-04 2.079352975172e-01 2.366633165829e-04 2.881679875275e-01 2.366633165829e-04 3.036041190918e-01
2.387035175879e-04 2.006819039486e-01 2.387035175879e-04 2.063025723383e-01 2.387035175879e-04 2.908106450872e-01 2.387035175879e-04 3.043248027760e-01
2.407437185930e-04 2.003540760570e-01 2.407437185930e-04 2.048594467794e-01 2.407437185930e-04 2.930711126862e-01 2.407437185930e-04 3.049367312430e-01
2.427839195980e-04 2.001248622744e-01 2.427839195980e-04 2.035779438924e-01 2.427839195980e-04 2.949720379436e-01 2.427839195980e-04 3.054555199166e-01
2.448241206030e-04 1.999649717305e-01 2.448241206030e-04 2.024340321180e-01 2.448241206030e-04 2.965476572639e-01 2.448241206030e-04 3.058945509137e-01
2.468643216080e-04 1.998536200298e-01 2.468643216080e-04 2.014074253117e-01 2.468643216080e-04 2.978379634358e-01 2.468643216080e-04 3.062654022710e-01
2.489045226131e-04 1.997761600042e-01 2.489045226131e-04 2.004812018894e-01 2.489045226131e-04 2.988841685084e-01 2.489045226131e-04 3.065781148097e-01
2.509447236181e-04 1.997223186798e-01 2.509447236181e-04 1.996413531708e-01 2.509447236181e-04 2.997256184555e-01 2.509447236181e-04 3.068413833143e-01
2.529849246231e-04 1.996849148119e-01 2.529849246231e-04 1.988763280397e-01 2.529849246231e-04 3.003979897295e-01 2.529849246231e-04 3.070627122030e-01
2.550251256281e-04 1.996589399320e-01 2.550251256281e-04 1.981766107818e-01 2.550251256281e-04 3.009324637694e-01 2.550251256281e-04 3.072485529057e-01
2.570653266332e-04 1.996409065106e-01 2.570653266332e-04 1.975343491591e-01 2.570653266332e-04 3.013555663109e-01 2.570653266332e-04 3.074044294130e-01
2.591055276382e-04 1.996283887687e-01 2.591055276382e-04 1.969430377053e-01 2.591055276382e-04 3.016894099028e-01 2.591055276382e-04 3.075350538383e-01
2.611457286432e-04 1.996197007250e-01 2.611457286432e-04 1.963972544293e-01 2.611457286432e-04 3.019521471122e-01 2.611457286432e-04 3.076444321591e-01
2.631859296482e-04 1.996136711952e-01 2.631859296482e-04 1.958924457117e-01 2.631859296482e-04 3.021585058128e-01 2.631859296482e-04 3.077359599361e-01
2.652261306533e-04 1.996094868996e-01 2.652261306533e-04 1.954247528561e-01 2.652261306533e-04 3.023203280958e-01 2.652261306533e-04 3.078125079531e-01
2.672663316583e-04 1.996065832308e-01 2.672663316583e-04 1.949908736044e-01 2.672663316583e-04 3.024470698397e-01 2.672663316583e-04 3.078764980055e-01
2.693065326633e-04 1.996045682848e-01 2.693065326633e-04 1.945879523953e-01 2.693065326633e-04 3.025462411783e-01 2.693065326633e-04 3.079299693247e-01
2.713467336683e-04 1.996031700653e-01 2.713467336683e-04 1.942134938893e-01 2.713467336683e-04 3.026237822117e-01 2.713467336683e-04 3.079746363151e-01
2.733869346734e-04 1.996021998107e-01 2.733869346734e-04 1.938652951050e-01 2.733869346734e-04 3.026843761894e-01 2.733869346734e-04 3.080119383909e-01
2.754271356784e-04 1.996015265297e-01 2.754271356784e-04 1.935413923003e-01 2.754271356784e-04 3.027317062903e-01 2.754271356784e-04 3.080430827444e-01
2.774673366834e-04 1.996010593233e-01 2.774673366834e-04 1.932400194527e-01 2.774673366834e-04 3.027686636200e-01 2.774673366834e-04 3.080690808689e-01
2.795075376884e-04 1.996007351154e-01 2.795075376884e-04 1.929595758017e-01 2.795075376884e-04 3.027975141774e-01 2.795075376884e-04 3.080907796246e-01
2.815477386935e-04 1.996005101366e-01 2.815477386935e-04 1.926986004374e-01 2.815477386935e-04 3.028200319740e-01 2.815477386935e-04 3.081088875733e-01
2.835879396985e-04 1.996003540148e-01 2.835879396985e-04 1.924557523420e-01 2.835879396985e-04 3.028376046228e-01 2.835879396985e-04 3.081239972413e-01
2.856281407035e-04 1.996002456748e-01 2.856281407035e-04 1.922297946357e-01 2.856281407035e-04 3.028513167589e-01 2.856281407035e-04 3.081366038966e-01
2.876683417085e-04 1.996001704920e-01 2.876683417085e-04 1.920195820538e-01 2.876683417085e-04 3.028620157491e-01 2.876683417085e-04 3.081471213563e-01
2.897085427136e-04 1.996001183182e-01 2.897085427136e-04 1.918240509003e-01 2.897085427136e-04 3.028703633300e-01 2.897085427136e-04 3.081558952724e-01
2.917487437186e-04 1.996000821114e-01 2.917487437186e-04 1.916422108974e-01 2.917487437186e-04 3.028768761163e-01 2.917487437186e-04 3.081632142839e-01
2.937889447236e-04 1.996000569849e-01 2.937889447236e-04 1.914731384839e-01 2.937889447236e-04 3.028819573341e-01 2.937889447236e-04 3.081693193678e-01
2.958291457286e-04 1.996000395476e-01 2.958291457286e-04 1.913159712212e-01 2.958291457286e-04 3.028859216536e-01 2.958291457286e-04 3.081744116725e-01
2.978693467337e-04 1.996000274464e-01 2.978693467337e-04 1.911699030484e-01 2.978693467337e-04 3.028890146075e-01 2.978693467337e-04 3.081786590747e-01
2.999095477387e-04 1.996000190482e-01 2.999095477387e-04 1.910341801893e-01 2.999095477387e-04 3.028914277633e-01 2.999095477387e-04 3.081822016649e-01
3.019497487437e-04 1.996000132198e-01 3.019497487437e-04 1.909080975636e-01 3.019497487437e-04 3.028933105757e-01 3.019497487437e-04 3.081851563343e-01
3.039899497487e-04 1.996000091749e-01 3.039899497487e-04 1.907909955912e-01 3.039899497487e-04 3.028947796394e-01 3.039899497487e-04 3.081876206078e-01
3.060301507538e-04 1.996000063677e-01 3.060301507538e-04 1.906822573072e-01 3.060301507538e-04 3.028959259117e-01 3.060301507538e-04 3.081896758464e-01
3.080703517588e-04 1.996000044195e-01 3.080703517588e-04 1.905813057253e-01 3.080703517588e-04 3.028968203492e-01 3.080703517588e-04 3.081913899224e-01
3.101105527638e-04 1.996000030673e-01 3.101105527638e-04 1.904876014040e-01 3.101105527638e-04 3.028975183060e-01 3.101105527638e-04 3.081928194523e-01
3.121507537688e-04 1.996000021289e-01 3.121507537688e-04 1.904006401826e-01 3.121507537688e-04 3.028980629645e-01 3.121507537688e-04 3.081940116617e-01
3.141909547739e-04 1.996000014776e-01 3.141909547739e-04 1.903199510611e-01 3.141909547739e-04 3.028984880127e-01 3.141909547739e-04 3.081950059416e-01
3.162311557789e-04 1.996000010255e-01 3.162311557789e-04 1.902450942073e-01 3.162311557789e-04 3.028988197324e-01 3.162311557789e-04 3.081958351470e-01
3.182713567839e-04 1.996000007118e-01 3.182713567839e-04 1.901756590753e-01 3.182713567839e-04 3.028990786276e-01 3.182713567839e-04 3.081965266805e-01
3.203115577889e-04 1.996000004940e-01 3.203115577889e-04 1.901112626274e-01 3.203115577889e-04 3.028992806953e-01 3.203115577889e-04 3.081971033973e-01
3.223517587940e-04 1.996000003429e-01 3.223517587940e-04 1.900515476505e-01 3.223517587940e-04 3.028994384169e-01 3.223517587940e-04 3.081975843588e-01
3.243919597990e-04 1.996000002380e-01 3.243919597990e-04 1.899961811617e-01 3.243919597990e-04 3.028995615306e-01 3.243919597990e-04 3.081979854626e-01
3.264321608040e-04 1.996000001652e-01 3.264321608040e-04 1.899448528975e-01 3.264321608040e-04 3.028996576353e-01 3.264321608040e-04 3.081983199673e-01
3.284723618090e-04 1.996000001147e-01 3.284723618090e-04 1.898972738841e-01 3.284723618090e-04 3.028997326601e-01 3.284723618090e-04 3.081985989303e-01
3.305125628141e-04 1.996000000796e-01 3.305125628141e-04 1.898531750833e-01 3.305125628141e-04 3.028997912319e-01 3.305125628141e-04 3.081988315735e-01
3.325527638191e-04 1.996000000552e-01 3.325527638191e-04 1.898123061130e-01 3.325527638191e-04 3.028998369613e-01 3.325527638191e-04 3.081990255877e-01
3.345929648241e-04 1.996000000383e-01 3.345929648241e-04 1.897744340383e-01 3.345929648241e-04 3.028998726662e-01 3.345929648241e-04 3.081991873867e-01
3.366331658291e-04 1.996000000266e-01 3.366331658291e-04 1.897393422298e-01 3.366331658291e-04 3.028999005456e-01 3.366331658291e-04 3.081993223197e-01
3.386733668342e-04 1.996000000185e-01 3.386733668342e-04 1.897068292884e-01 3.386733668342e-04 3.028999223159e-01 3.386733668342e-04 3.081994348476e-01
3.407135678392e-04 1.996000000128e-01 3.407135678392e-04 1.896767080315e-01 3.407135678392e-04 3.028999393168e-01 3.407135678392e-04 3.081995286904e-01
3.427537688442e-04 1.996000000089e-01 3.427537688442e-04 1.896488045405e-01 3.427537688442e-04 3.028999525940e-01 3.427537688442e-04 3.081996069509e-01
3.447939698492e-04 1.996000000062e-01 3.447939698492e-04 1.896229572638e-01 3.447939698492e-04 3.028999629637e-01 3.447939698492e-04 3.081996722164e-01
3.468341708543e-04 1.996000000043e-01 3.468341708543e-04 1.895990161765e-01 3.468341708543e-04 3.028999710631e-01 3.468341708543e-04 3.081997266447e-01
3.488743718593e-04 1.996000000030e-01 3.488743718593e-04 1.895768419907e-01 3.488743718593e-04 3.028999773897e-01 3.488743718593e-04 3.081997720352e-01
3.509145728643e-04 1.996000000021e-01 3.509145728643e-04 1.895563054160e-01 3.509145728643e-04 3.028999823318e-01 3.509145728643e-04 3.081998098887e-01
3.529547738693e-04 1.996000000014e-01 3.529547738693e-04 1.895372864670e-01 3.529547738693e-04 3.028999861927e-01 3.529547738693e-04 3.081998414566e-01
3.549949748744e-04 1.996000000010e-01 3.549949748744e-04 1.895196738152e-01 3.549949748744e-04 3.028999892091e-01 3.549949748744e-04 3.081998677827e-01
3.570351758794e-04 1.996000000007e-01 3.570351758794e-04 1.895033641831e-01 3.570351758794e-04 3.028999915659e-01 3.570351758794e-04 3.081998897374e-01
3.590753768844e-04 1.996000000005e-01 3.590753768844e-04 1.894882617781e-01 3.590753768844e-04 3.028999934075e-01 3.590753768844e-04 3.081999080465e-01
3.611155778894e-04 1.996000000003e-01 3.611155778894e-04 1.894742777643e-01 3.611155778894e-04 3.028999948465e-01 3.611155778894e-04 3.081999233153e-01
3.631557788945e-04 1.996000000002e-01 3.631557788945e-04 1.894613297690e-01 3.631557788945e-04 3.028999959711e-01 3.631557788945e-04 3.081999360488e-01
3.651959798995e-04 1.996000000002e-01 3.651959798995e-04 1.894493414229e-01 3.651959798995e-04 3.028999968501e-01 3.651959798995e-04 3.081999466679e-01
3.672361809045e-04 1.996000000001e-01 3.672361809045e-04 1.894382419317e-01 3.672361809045e-04 3.028999975370e-01 3.672361809045e-04 3.081999555237e-01
3.692763819095e-04 1.996000000001e-01 3.692763819095e-04 1.894279656769e-01 3.692763819095e-04 3.028999980740e-01 3.692763819095e-04 3.081999629090e-01
3.713165829146e-04 1.996000000001e-01 3.713165829146e-04 1.894184518435e-01 3.713165829146e-04 3.028999984938e-01 3.713165829146e-04 3.081999690680e-01
3.733567839196e-04 1.996000000000e-01 3.733567839196e-04 1.894096440747e-01 3.733567839196e-04 3.028999988220e-01 3.733567839196e-04 3.081999742042e-01
3.753969849246e-04 1.996000000000e-01 3.753969849246e-04 1.894014901498e-01 3.753969849246e-04 3.028999990786e-01 3.753969849246e-04 3.081999784876e-01
3.774371859296e-04 1.996000000000e-01 3.774371859296e-04 1.893939416846e-01 3.774371859296e-04 3.028999992793e-01 3.774371859296e-04 3.081999820598e-01
3.794773869347e-04 1.996000000000e-01 3.794773869347e-04 1.893869538536e-01 3.794773869347e-04 3.028999994362e-01 3.794773869347e-04 3.081999850387e-01
3.815175879397e-04 1.996000000000e-01 3.815175879397e-04 1.893804851309e-01 3.815175879397e-04 3.028999995589e-01 3.815175879397e-04 3.081999875231e-01
3.835577889447e-04 1.996000000000e-01 3.835577889447e-04 1.893744970505e-01 3.835577889447e-04 3.028999996548e-01 3.835577889447e-04 3.081999895948e-01
3.855979899497e-04 1.996000000000e-01 3.855979899497e-04 1.893689539827e-01 3.855979899497e-04 3.028999997299e-01 3.855979899497e-04 3.081999913226e-01
3.876381909548e-04 1.996000000000e-01 3.876381909548e-04 1.893638229272e-01 3.876381909548e-04 3.028999997886e-01 3.876381909548e-04 3.081999927635e-01
3.896783919598e-04 1.996000000000e-01 3.896783919598e-04 1.893590733207e-01 3.896783919598e-04 3.028999998346e-01 3.896783919598e-04 3.081999939651e-01
3.917185929648e-04 1.996000000000e-01 3.917185929648e-04 1.893546768582e-01 3.917185929648e-04 3.028999998705e-01 3.917185929648e-04 3.081999949672e-01
3.937587939698e-04 1.996000000000e-01 3.937587939698e-04 1.893506073278e-01 3.937587939698e-04 3.028999998986e-01 3.937587939698e-04 3.081999958029e-01
3.957989949749e-04 1.996000000000e-01 3.957989949749e-04 1.893468404564e-01 3.957989949749e-04 3.028999999206e-01 3.957989949749e-04 3.081999964998e-01
3.978391959799e-04 1.996000000000e-01 3.978391959799e-04 1.893433537678e-01 3.978391959799e-04 3.028999999379e-01 3.978391959799e-04 3.081999970810e-01
3.998793969849e-04 1.996000000000e-01 3.998793969849e-04 1.893401264501e-01 3.998793969849e-04 3.028999999513e-01 3.998793969849e-04 3.081999975657e-01
4.019195979899e-04 1.996000000000e-01 4.019195979899e-04 1.893371392334e-01 4.019195979899e-04 3.028999999619e-01 4.019195979899e-04 3.081999979699e-01
4.039597989950e-04 1.996000000000e-01 4.039597989950e-04 1.893343742756e-01 4.039597989950e-04 3.028999999701e-01 4.039597989950e-04 3.081999983070e-01
4.060000000000e-04 1.996000000000e-01 4.060000000000e-04 1.893318150580e-01 4.060000000000e-04 3.028999999766e-01 4.060000000000e-04 3.081999985882e-01
