0.000000000000e+00 2.288500000000e-01 0.000000000000e+00 3.643989454168e-01 0.000000000000e+00 2.161000069952e-01 0.000000000000e+00 1.924000000000e-01
2.020100502513e-06 2.288500000000e-01 2.020100502513e-06 3.643988118371e-01 2.020100502513e-06 2.161000083005e-01 2.020100502513e-06 1.924000000000e-01
4.040201005025e-06 2.288500000000e-01 4.040201005025e-06 3.643986613359e-01 4.040201005025e-06 2.161000098506e-01 4.040201005025e-06 1.924000000000e-01
6.060301507538e-06 2.288500000000e-01 6.060301507538e-06 3.643984917694e-01 6.060301507538e-06 2.161000116915e-01 6.060301507538e-06 1.924000000000e-01
8.080402010050e-06 2.288500000000e-01 8.080402010050e-06 3.643983007221e-01 8.080402010050e-06 2.161000138781e-01 8.080402010050e-06 1.924000000000e-01
1.010050251256e-05 2.288500000000e-01 1.010050251256e-05 3.643980854724e-01 1.010050251256e-05 2.161000164757e-01 1.010050251256e-05 1.924000000000e-01
1.212060301508e-05 2.288500000000e-01 1.212060301508e-05 3.643978429537e-01 1.212060301508e-05 2.161000195616e-01 1.212060301508e-05 1.924000000000e-01
1.414070351759e-05 2.288500000000e-01 1.414070351759e-05 3.643975697108e-01 1.414070351759e-05 2.161000232284e-01 1.414070351759e-05 1.924000000000e-01
1.616080402010e-05 2.288500000000e-01 1.616080402010e-05 3.643972618508e-01 1.616080402010e-05 2.161000275858e-01 1.616080402010e-05 1.924000000000e-01
1.818090452261e-05 2.288500000000e-01 1.818090452261e-05 3.643969149870e-01 1.818090452261e-05 2.161000327644e-01 1.818090452261e-05 1.924000000000e-01
2.020100502513e-05 2.288500000000e-01 2.020100502513e-05 3.643965241770e-01 2.020100502513e-05 2.161000389198e-01 2.020100502513e-05 1.924000000000e-01
2.222110552764e-05 2.288500000000e-01 2.222110552764e-05 3.643960838519e-01 2.222110552764e-05 2.161000462371e-01 2.222110552764e-05 1.924000000000e-01
2.424120603015e-05 2.288500000000e-01 2.424120603015e-05 3.643955877366e-01 2.424120603015e-05 2.161000549367e-01 2.424120603015e-05 1.924000000000e-01
2.626130653266e-05 2.288500000000e-01 2.626130653266e-05 3.643950287609e-01 2.626130653266e-05 2.161000652808e-01 2.626130653266e-05 1.924000000000e-01
2.828140703518e-05 2.288500000000e-01 2.828140703518e-05 3.643943989580e-01 2.828140703518e-05 2.161000775820e-01 2.828140703518e-05 1.924000000000e-01
3.030150753769e-05 2.288500000000e-01 3.030150753769e-05 3.643936893512e-01 3.030150753769e-05 2.161000922120e-01 3.030150753769e-05 1.924000000000e-01
3.232160804020e-05 2.288500000000e-01 3.232160804020e-05 3.643928898257e-01 3.232160804020e-05 2.161001096139e-01 3.232160804020e-05 1.924000000000e-01
3.434170854271e-05 2.288500000000e-01 3.434170854271e-05 3.643919889840e-01 3.434170854271e-05 2.161001303153e-01 3.434170854271e-05 1.924000000000e-01
3.636180904523e-05 2.288500000000e-01 3.636180904523e-05 3.643909739838e-01 3.636180904523e-05 2.161001549446e-01 3.636180904523e-05 1.924000000000e-01
3.838190954774e-05 2.288500000000e-01 3.838190954774e-05 3.643898303540e-01 3.838190954774e-05 2.161001842507e-01 3.838190954774e-05 1.924000000000e-01
4.040201005025e-05 2.288500000000e-01 4.040201005025e-05 3.643885417886e-01 4.040201005025e-05 2.161002191256e-01 4.040201005025e-05 1.924000000000e-01
4.242211055276e-05 2.288500000000e-01 4.242211055276e-05 3.643870899137e-01 4.242211055276e-05 2.161002606324e-01 4.242211055276e-05 1.924000000000e-01
4.444221105528e-05 2.288500000000e-01 4.444221105528e-05 3.643854540252e-01 4.444221105528e-05 2.161003100379e-01 4.444221105528e-05 1.924000000000e-01
4.646231155779e-05 2.288500000000e-01 4.646231155779e-05 3.643836107934e-01 4.646231155779e-05 2.161003688521e-01 4.646231155779e-05 1.924000000000e-01
4.848241206030e-05 2.288500000000e-01 4.848241206030e-05 3.643815339294e-01 4.848241206030e-05 2.161004388747e-01 4.848241206030e-05 1.924000000000e-01
5.050251256281e-05 2.288500000000e-01 5.050251256281e-05 3.643791938103e-01 5.050251256281e-05 2.161005222515e-01 5.050251256281e-05 1.924000000000e-01
5.252261306533e-05 2.288500000000e-01 5.252261306533e-05 3.643765570562e-01 5.252261306533e-05 2.161006215404e-01 5.252261306533e-05 1.924000000000e-01
5.454271356784e-05 2.288500000000e-01 5.454271356784e-05 3.643735860533e-01 5.454271356784e-05 2.161007397918e-01 5.454271356784e-05 1.924000000000e-01
5.656281407035e-05 2.288500000000e-01 5.656281407035e-05 3.643702384175e-01 5.656281407035e-05 2.161008806430e-01 5.656281407035e-05 1.924000000000e-01
5.858291457286e-05 2.288500000000e-01 5.858291457286e-05 3.643664663893e-01 5.858291457286e-05 2.161010484323e-01 5.858291457286e-05 1.924000000000e-01
6.060301507538e-05 2.288500000000e-01 6.060301507538e-05 3.643622161522e-01 6.060301507538e-05 2.161012483337e-01 6.060301507538e-05 1.924000000000e-01
6.262311557789e-05 2.288500000000e-01 6.262311557789e-05 3.643574270656e-01 6.262311557789e-05 2.161014865197e-01 6.262311557789e-05 1.924000000000e-01
6.464321608040e-05 2.288500000000e-01 6.464321608040e-05 3.643520307999e-01 6.464321608040e-05 2.161017703536e-01 6.464321608040e-05 1.924000000000e-01
6.666331658291e-05 2.288500000000e-01 6.666331658291e-05 3.643459503627e-01 6.666331658291e-05 2.161021086209e-01 6.666331658291e-05 1.924000000000e-01
6.868341708543e-05 2.288500000000e-01 6.868341708543e-05 3.643390990026e-01 6.868341708543e-05 2.161025118047e-01 6.868341708543e-05 1.924000000000e-01
7.070351758794e-05 2.288500000000e-01 7.070351758794e-05 3.643313789743e-01 7.070351758794e-05 2.161029924150e-01 7.070351758794e-05 1.924000000000e-01
7.272361809045e-05 2.288500000000e-01 7.272361809045e-05 3.643226801490e-01 7.272361809045e-05 2.161035653819e-01 7.272361809045e-05 1.924000000000e-01
7.474371859296e-05 2.288500000000e-01 7.474371859296e-05 3.643128784500e-01 7.474371859296e-05 2.161042485255e-01 7.474371859296e-05 1.924000000000e-01
7.676381909548e-05 2.288500000000e-01 7.676381909548e-05 3.643018340930e-01 7.676381909548e-05 2.161050631176e-01 7.676381909548e-05 1.924000000000e-01
7.878391959799e-05 2.288500000000e-01 7.878391959799e-05 3.642893896055e-01 7.878391959799e-05 2.161060345518e-01 7.878391959799e-05 1.924000000000e-01
8.080402010050e-05 2.288500000000e-01 8.080402010050e-05 3.642753676007e-01 8.080402010050e-05 2.161071931455e-01 8.080402010050e-05 1.924000000000e-01
8.282412060302e-05 2.288500000000e-01 8.282412060302e-05 3.642595682742e-01 8.282412060302e-05 2.161085750975e-01 8.282412060302e-05 1.924000000000e-01
8.484422110553e-05 2.288500000000e-01 8.484422110553e-05 3.642417665916e-01 8.484422110553e-05 2.161102236319e-01 8.484422110553e-05 1.924000000000e-01
8.686432160804e-05 2.288500000000e-01 8.686432160804e-05 3.642217091295e-01 8.686432160804e-05 2.161121903662e-01 8.686432160804e-05 1.924000000000e-01
8.888442211055e-05 2.288500000000e-01 8.888442211055e-05 3.641991105301e-01 8.888442211055e-05 2.161145369451e-01 8.888442211055e-05 1.924000000000e-01
9.090452261307e-05 2.288500000000e-01 9.090452261307e-05 3.641736495232e-01 9.090452261307e-05 2.161173369934e-01 9.090452261307e-05 1.924000000000e-01
9.292462311558e-05 2.288500000000e-01 9.292462311558e-05 3.641449644685e-01 9.292462311558e-05 2.161206784493e-01 9.292462311558e-05 1.924000000000e-01
9.494472361809e-05 2.288500000000e-01 9.494472361809e-05 3.641126483617e-01 9.494472361809e-05 2.161246663535e-01 9.494472361809e-05 1.924000000000e-01
9.696482412060e-05 2.288500000000e-01 9.696482412060e-05 3.640762432477e-01 9.696482412060e-05 2.161294261798e-01 9.696482412060e-05 1.924000000000e-01
9.898492462312e-05 2.288500000000e-01 9.898492462312e-05 3.640352339769e-01 9.898492462312e-05 2.161351078159e-01 9.898492462312e-05 1.924000000000e-01
1.010050251256e-04 2.288500000000e-01 1.010050251256e-04 3.639890412352e-01 1.010050251256e-04 2.161418903175e-01 1.010050251256e-04 1.924000000000e-01
1.030251256281e-04 2.288500000000e-01 1.030251256281e-04 3.639370137758e-01 1.030251256281e-04 2.161499875867e-01 1.030251256281e-04 1.924000000000e-01
1.050452261307e-04 2.288500000000e-01 1.050452261307e-04 3.638784197752e-01 1.050452261307e-04 2.161596551514e-01 1.050452261307e-04 1.924000000000e-01
1.070653266332e-04 2.288500000000e-01 1.070653266332e-04 3.638124372342e-01 1.070653266332e-04 2.161711982576e-01 1.070653266332e-04 1.924000000000e-01
1.090854271357e-04 2.288500000000e-01 1.090854271357e-04 3.637381433395e-01 1.090854271357e-04 2.161849815246e-01 1.090854271357e-04 1.924000000000e-01
1.111055276382e-04 2.288500000000e-01 1.111055276382e-04 3.636545027052e-01 1.111055276382e-04 2.162014404602e-01 1.111055276382e-04 1.924000000000e-01
1.131256281407e-04 2.288500000000e-01 1.131256281407e-04 3.635603544131e-01 1.131256281407e-04 2.162210951837e-01 1.131256281407e-04 1.924000000000e-01
1.151457286432e-04 2.288500000000e-01 1.151457286432e-04 3.634543977752e-01 1.151457286432e-04 2.162445667704e-01 1.151457286432e-04 1.924000000000e-01
1.171658291457e-04 2.288500000000e-01 1.171658291457e-04 3.633351767544e-01 1.171658291457e-04 2.162725966989e-01 1.171658291457e-04 1.924000000000e-01
1.191859296482e-04 2.288500000000e-01 1.191859296482e-04 3.632010629893e-01 1.191859296482e-04 2.163060699648e-01 1.191859296482e-04 1.924000000000e-01
1.212060301508e-04 2.288500000000e-01 1.212060301508e-04 3.630502373945e-01 1.212060301508e-04 2.163460425132e-01 1.212060301508e-04 1.924000000000e-01
1.232261306533e-04 2.288500000000e-01 1.232261306533e-04 3.628806703333e-01 1.232261306533e-04 2.163937737441e-01 1.232261306533e-04 1.924000000000e-01
1.252462311558e-04 2.288500000000e-01 1.252462311558e-04 3.626901004000e-01 1.252462311558e-04 2.164507649462e-01 1.252462311558e-04 1.924000000000e-01
1.272663316583e-04 2.288500000000e-01 1.272663316583e-04 3.624760118984e-01 1.272663316583e-04 2.165188046289e-01 1.272663316583e-04 1.924000000000e-01
1.292864321608e-04 2.288500000000e-01 1.292864321608e-04 3.622356111638e-01 1.292864321608e-04 2.166000218218e-01 1.292864321608e-04 1.924000000000e-01
1.313065326633e-04 2.288500000000e-01 1.313065326633e-04 3.619658019542e-01 1.313065326633e-04 2.166969485036e-01 1.313065326633e-04 1.924000000000e-01
1.333266331658e-04 2.288500000000e-01 1.333266331658e-04 3.616631602242e-01 1.333266331658e-04 2.168125923817e-01 1.333266331658e-04 1.924000000000e-01
1.353467336683e-04 2.288500000000e-01 1.353467336683e-04 3.613239087026e-01 1.353467336683e-04 2.169505212393e-01 1.353467336683e-04 1.924000000000e-01
1.373668341709e-04 2.288500000000e-01 1.373668341709e-04 3.609438918073e-01 1.373668341709e-04 2.171149599788e-01 1.373668341709e-04 1.924000000000e-01
1.393869346734e-04 2.288500000000e-01 1.393869346734e-04 3.605185515606e-01 1.393869346734e-04 2.173109012459e-01 1.393869346734e-04 1.924000000000e-01
1.414070351759e-04 2.288500000000e-01 1.414070351759e-04 3.600429052911e-01 1.414070351759e-04 2.175442300617e-01 1.414070351759e-04 1.924000000000e-01
1.434271356784e-04 2.288500000000e-01 1.434271356784e-04 3.595115260245e-01 1.434271356784e-04 2.178218621181e-01 1.434271356784e-04 1.924000000000e-01
1.454472361809e-04 2.288500000000e-01 1.454472361809e-04 3.589185265610e-01 1.454472361809e-04 2.181518941750e-01 1.454472361809e-04 1.924000000000e-01
1.474673366834e-04 2.288500000000e-01 1.474673366834e-04 3.582575482807e-01 1.474673366834e-04 2.185437631981e-01 1.474673366834e-04 1.924000000000e-01
1.494874371859e-04 2.288500000000e-01 1.494874371859e-04 3.575217556990e-01 1.494874371859e-04 2.190084082963e-01 1.494874371859e-04 1.924000000000e-01
1.515075376884e-04 2.288500000000e-01 1.515075376884e-04 3.567038376761e-01 1.515075376884e-04 2.195584259862e-01 1.515075376884e-04 1.924000000000e-01
1.535276381910e-04 2.288500000000e-01 1.535276381910e-04 3.557960159439e-01 1.535276381910e-04 2.202082046639e-01 1.535276381910e-04 1.924000000000e-01
1.555477386935e-04 2.288500000000e-01 1.555477386935e-04 3.547900612279e-01 1.555477386935e-04 2.209740183345e-01 1.555477386935e-04 1.924000000000e-01
1.575678391960e-04 2.288500000000e-01 1.575678391960e-04 3.536773167126e-01 1.575678391960e-04 2.218740527730e-01 1.575678391960e-04 1.924000000000e-01
1.595879396985e-04 2.288500000000e-01 1.595879396985e-04 3.524487279450e-01 1.595879396985e-04 2.229283298551e-01 1.595879396985e-04 1.924000000000e-01
1.616080402010e-04 2.288500000000e-01 1.616080402010e-04 3.510948775808e-01 1.616080402010e-04 2.241584888502e-01 1.616080402010e-04 1.924000000000e-01
1.636281407035e-04 2.288500000000e-01 1.636281407035e-04 3.496060227927e-01 1.636281407035e-04 2.255873788410e-01 1.636281407035e-04 1.924000000000e-01
1.656482412060e-04 2.288500000000e-01 1.656482412060e-04 3.479721329325e-01 1.656482412060e-04 2.272384168779e-01 1.656482412060e-04 1.924000000000e-01
1.676683417085e-04 2.288500000000e-01 1.676683417085e-04 3.461829255283e-01 1.676683417085e-04 2.291346756289e-01 1.676683417085e-04 1.924000000000e-01
1.696884422111e-04 2.288500000000e-01 1.696884422111e-04 3.442279003826e-01 1.696884422111e-04 2.312976861232e-01 1.696884422111e-04 1.924000000000e-01
1.717085427136e-04 2.288500000000e-01 1.717085427136e-04 3.420963749703e-01 1.717085427136e-04 2.337459788984e-01 1.717085427136e-04 1.924000000000e-01
1.737286432161e-04 2.288500000000e-01 1.737286432161e-04 3.397775300811e-01 1.737286432161e-04 2.364934407819e-01 1.737286432161e-04 1.924000000000e-01
1.757487437186e-04 2.288500000000e-01 1.757487437186e-04 3.372604830811e-01 1.757487437186e-04 2.395476297000e-01 1.757487437186e-04 1.924000000000e-01
1.777688442211e-04 2.288500000000e-01 1.777688442211e-04 3.345344172262e-01 1.777688442211e-04 2.429082538800e-01 1.777688442211e-04 1.924000000000e-01
1.797889447236e-04 2.288500000000e-01 1.797889447236e-04 3.315888082424e-01 1.797889447236e-04 2.465660646850e-01 1.797889447236e-04 1.924000000000e-01
1.818090452261e-04 2.288500000000e-01 1.818090452261e-04 3.284138017002e-01 1.818090452261e-04 2.505024105804e-01 1.818090452261e-04 1.924000000000e-01
1.838291457286e-04 2.288500000000e-01 1.838291457286e-04 3.250008026140e-01 1.838291457286e-04 2.546896347990e-01 1.838291457286e-04 1.924000000000e-01
1.858492462312e-04 2.288500000000e-01 1.858492462312e-04 3.213433363609e-01 1.858492462312e-04 2.590923686412e-01 1.858492462312e-04 1.924000000000e-01
1.878693467337e-04 2.288500000000e-01 1.878693467337e-04 3.174382201780e-01 1.878693467337e-04 2.636695980146e-01 1.878693467337e-04 1.924000000000e-01
1.898894472362e-04 2.288500000000e-01 1.898894472362e-04 3.132870401688e-01 1.898894472362e-04 2.683772083227e-01 1.898894472362e-04 1.924000000000e-01
1.919095477387e-04 2.288500000000e-01 1.919095477387e-04 3.088978563662e-01 1.919095477387e-04 2.731705975952e-01 1.919095477387e-04 1.924000000000e-01
1.939296482412e-04 2.288500000000e-01 1.939296482412e-04 3.042869623996e-01 1.939296482412e-04 2.780069328391e-01 1.939296482412e-04 1.924000000000e-01
1.959497487437e-04 2.288500000000e-01 1.959497487437e-04 2.994804236972e-01 1.959497487437e-04 2.828467205239e-01 1.959497487437e-04 1.924000000000e-01
1.979698492462e-04 2.288500000000e-01 1.979698492462e-04 2.945150399509e-01 1.979698492462e-04 2.876545405553e-01 1.979698492462e-04 1.924000000000e-01
1.999899497487e-04 2.288500000000e-01 1.999899497487e-04 2.894383637058e-01 1.999899497487e-04 2.923989980802e-01 1.999899497487e-04 1.924000000000e-01
2.020100502513e-04 2.288500000000e-01 2.020100502513e-04 2.843074919984e-01 2.020100502513e-04 2.970521180508e-01 2.020100502513e-04 1.924000000000e-01
2.040301507538e-04 2.288500000000e-01 2.040301507538e-04 2.791865411070e-01 2.040301507538e-04 3.015884998870e-01 2.040301507538e-04 1.924000000000e-01
2.060502512563e-04 2.288500000000e-01 2.060502512563e-04 2.741429832174e-01 2.060502512563e-04 3.059845492187e-01 2.060502512563e-04 1.924000000000e-01
2.080703517588e-04 2.288500000000e-01 2.080703517588e-04 2.692432946631e-01 2.080703517588e-04 3.102180245929e-01 2.080703517588e-04 1.924000000000e-01
2.100904522613e-04 2.288500000000e-01 2.100904522613e-04 2.645485482400e-01 2.100904522613e-04 3.142680122030e-01 2.100904522613e-04 1.924000000000e-01
2.121105527638e-04 2.288500000000e-01 2.121105527638e-04 2.601106096457e-01 2.121105527638e-04 3.181153102751e-01 2.121105527638e-04 1.924000000000e-01
2.141306532663e-04 2.288500000000e-01 2.141306532663e-04 2.559694590448e-01 2.141306532663e-04 3.217431003930e-01 2.141306532663e-04 1.924000000000e-01
2.161507537688e-04 2.288500000000e-01 2.161507537688e-04 2.521519035615e-01 2.161507537688e-04 3.251377263299e-01 2.161507537688e-04 1.924000000000e-01
2.181708542714e-04 2.288500000000e-01 2.181708542714e-04 2.486716621439e-01 2.181708542714e-04 3.282893964471e-01 2.181708542714e-04 1.924000000000e-01
2.201909547739e-04 2.288500000000e-01 2.201909547739e-04 2.455305741460e-01 2.201909547739e-04 3.311926639610e-01 2.201909547739e-04 1.924000000000e-01
2.222110552764e-04 2.288500000000e-01 2.222110552764e-04 2.427205556267e-01 2.222110552764e-04 3.338466022132e-01 2.222110552764e-04 1.924000000000e-01
2.242311557789e-04 2.288500000000e-01 2.242311557789e-04 2.402259073867e-01 2.242311557789e-04 3.362546594804e-01 2.242311557789e-04 1.924000000000e-01
2.262512562814e-04 2.288500000000e-01 2.262512562814e-04 2.380256385454e-01 2.262512562814e-04 3.384242337588e-01 2.262512562814e-04 1.924000000000e-01
2.282713567839e-04 2.288500000000e-01 2.282713567839e-04 2.360955692001e-01 2.282713567839e-04 3.403660434237e-01 2.282713567839e-04 1.924000000000e-01
2.302914572864e-04 2.288500000000e-01 2.302914572864e-04 2.344100802278e-01 2.302914572864e-04 3.420933831361e-01 2.302914572864e-04 1.924000000000e-01
2.323115577889e-04 2.288500000000e-01 2.323115577889e-04 2.329434653194e-01 2.323115577889e-04 3.436213497295e-01 2.323115577889e-04 1.924000000000e-01
2.343316582915e-04 2.288500000000e-01 2.343316582915e-04 2.316709008922e-01 2.343316582915e-04 3.449661065301e-01 2.343316582915e-04 1.924000000000e-01
2.363517587940e-04 2.288500000000e-01 2.363517587940e-04 2.305690842134e-01 2.363517587940e-04 3.461442332851e-01 2.363517587940e-04 1.924000000000e-01
2.383718592965e-04 2.288500000000e-01 2.383718592965e-04 2.296166043311e-01 2.383718592965e-04 3.471721877868e-01 2.383718592965e-04 1.924000000000e-01
2.403919597990e-04 2.288500000000e-01 2.403919597990e-04 2.287941110311e-01 2.403919597990e-04 3.480658875909e-01 2.403919597990e-04 1.924000000000e-01
2.424120603015e-04 2.288500000000e-01 2.424120603015e-04 2.280843399739e-01 2.424120603015e-04 3.488404073150e-01 2.424120603015e-04 1.924000000000e-01
2.444321608040e-04 2.288500000000e-01 2.444321608040e-04 2.274720418293e-01 2.444321608040e-04 3.495097788707e-01 2.444321608040e-04 1.924000000000e-01
2.464522613065e-04 2.288500000000e-01 2.464522613065e-04 2.269438523891e-01 2.464522613065e-04 3.500868779176e-01 2.464522613065e-04 1.924000000000e-01
2.484723618090e-04 2.288500000000e-01 2.484723618090e-04 2.264881308344e-01 2.484723618090e-04 3.505833787574e-01 2.484723618090e-04 1.924000000000e-01
2.504924623116e-04 2.288500000000e-01 2.504924623116e-04 2.260947851931e-01 2.504924623116e-04 3.510097608058e-01 2.504924623116e-04 1.924000000000e-01
2.525125628141e-04 2.288500000000e-01 2.525125628141e-04 2.257550976606e-01 2.525125628141e-04 3.513753518032e-01 2.525125628141e-04 1.924000000000e-01
2.545326633166e-04 2.288500000000e-01 2.545326633166e-04 2.254615577136e-01 2.545326633166e-04 3.516883954267e-01 2.545326633166e-04 1.924000000000e-01
2.565527638191e-04 2.288500000000e-01 2.565527638191e-04 2.252077075546e-01 2.565527638191e-04 3.519561335096e-01 2.565527638191e-04 1.924000000000e-01
2.585728643216e-04 2.288500000000e-01 2.585728643216e-04 2.249880020814e-01 2.585728643216e-04 3.521848954202e-01 2.585728643216e-04 1.924000000000e-01
2.605929648241e-04 2.288500000000e-01 2.605929648241e-04 2.247976840293e-01 2.605929648241e-04 3.523801891653e-01 2.605929648241e-04 1.924000000000e-01
2.626130653266e-04 2.288500000000e-01 2.626130653266e-04 2.246326739618e-01 2.626130653266e-04 3.525467904362e-01 2.626130653266e-04 1.924000000000e-01
2.646331658291e-04 2.288500000000e-01 2.646331658291e-04 2.244894742072e-01 2.646331658291e-04 3.526888271138e-01 2.646331658291e-04 1.924000000000e-01
2.666532663317e-04 2.288500000000e-01 2.666532663317e-04 2.243650855443e-01 2.666532663317e-04 3.528098577380e-01 2.666532663317e-04 1.924000000000e-01
2.686733668342e-04 2.288500000000e-01 2.686733668342e-04 2.242569353165e-01 2.686733668342e-04 3.529129431710e-01 2.686733668342e-04 1.924000000000e-01
2.706934673367e-04 2.288500000000e-01 2.706934673367e-04 2.241628156482e-01 2.706934673367e-04 3.530007112012e-01 2.706934673367e-04 1.924000000000e-01
2.727135678392e-04 2.288500000000e-01 2.727135678392e-04 2.240808304988e-01 2.727135678392e-04 3.530754141830e-01 2.727135678392e-04 1.924000000000e-01
2.747336683417e-04 2.288500000000e-01 2.747336683417e-04 2.240093503857e-01 2.747336683417e-04 3.531389800376e-01 2.747336683417e-04 1.924000000000e-01
2.767537688442e-04 2.288500000000e-01 2.767537688442e-04 2.239469737236e-01 2.767537688442e-04 3.531930570732e-01 2.767537688442e-04 1.924000000000e-01
2.787738693467e-04 2.288500000000e-01 2.787738693467e-04 2.238924938473e-01 2.787738693467e-04 3.532390531547e-01 2.787738693467e-04 1.924000000000e-01
2.807939698492e-04 2.288500000000e-01 2.807939698492e-04 2.238448708975e-01 2.807939698492e-04 3.532781697789e-01 2.807939698492e-04 1.924000000000e-01
2.828140703518e-04 2.288500000000e-01 2.828140703518e-04 2.238032078594e-01 2.828140703518e-04 3.533114316033e-01 2.828140703518e-04 1.924000000000e-01
2.848341708543e-04 2.288500000000e-01 2.848341708543e-04 2.237667301401e-01 2.848341708543e-04 3.533397119548e-01 2.848341708543e-04 1.924000000000e-01
2.868542713568e-04 2.288500000000e-01 2.868542713568e-04 2.237347681580e-01 2.868542713568e-04 3.533637548067e-01 2.868542713568e-04 1.924000000000e-01
2.888743718593e-04 2.288500000000e-01 2.888743718593e-04 2.237067424936e-01 2.888743718593e-04 3.533841936698e-01 2.888743718593e-04 1.924000000000e-01
2.908944723618e-04 2.288500000000e-01 2.908944723618e-04 2.236821512174e-01 2.908944723618e-04 3.534015678025e-01 2.908944723618e-04 1.924000000000e-01
2.929145728643e-04 2.288500000000e-01 2.929145728643e-04 2.236605590682e-01 2.929145728643e-04 3.534163360960e-01 2.929145728643e-04 1.924000000000e-01
2.949346733668e-04 2.288500000000e-01 2.949346733668e-04 2.236415882043e-01 2.949346733668e-04 3.534288889546e-01 2.949346733668e-04 1.924000000000e-01
2.969547738693e-04 2.288500000000e-01 2.969547738693e-04 2.236249102915e-01 2.969547738693e-04 3.534395584479e-01 2.969547738693e-04 1.924000000000e-01
2.989748743719e-04 2.288500000000e-01 2.989748743719e-04 2.236102397285e-01 2.989748743719e-04 3.534486269779e-01 2.989748743719e-04 1.924000000000e-01
3.009949748744e-04 2.288500000000e-01 3.009949748744e-04 2.235973278400e-01 3.009949748744e-04 3.534563346737e-01 3.009949748744e-04 1.924000000000e-01
3.030150753769e-04 2.288500000000e-01 3.030150753769e-04 2.235859578947e-01 3.030150753769e-04 3.534628856952e-01 3.030150753769e-04 1.924000000000e-01
3.050351758794e-04 2.288500000000e-01 3.050351758794e-04 2.235759408250e-01 3.050351758794e-04 3.534684536041e-01 3.050351758794e-04 1.924000000000e-01
3.070552763819e-04 2.288500000000e-01 3.070552763819e-04 2.235671115472e-01 3.070552763819e-04 3.534731859386e-01 3.070552763819e-04 1.924000000000e-01
3.090753768844e-04 2.288500000000e-01 3.090753768844e-04 2.235593257928e-01 3.090753768844e-04 3.534772081068e-01 3.090753768844e-04 1.924000000000e-01
3.110954773869e-04 2.288500000000e-01 3.110954773869e-04 2.235524573774e-01 3.110954773869e-04 3.534806267016e-01 3.110954773869e-04 1.924000000000e-01
3.131155778894e-04 2.288500000000e-01 3.131155778894e-04 2.235463958449e-01 3.131155778894e-04 3.534835323194e-01 3.131155778894e-04 1.924000000000e-01
3.151356783920e-04 2.288500000000e-01 3.151356783920e-04 2.235410444312e-01 3.151356783920e-04 3.534860019590e-01 3.151356783920e-04 1.924000000000e-01
3.171557788945e-04 2.288500000000e-01 3.171557788945e-04 2.235363183041e-01 3.171557788945e-04 3.534881010607e-01 3.171557788945e-04 1.924000000000e-01
3.191758793970e-04 2.288500000000e-01 3.191758793970e-04 2.235321430386e-01 3.191758793970e-04 3.534898852409e-01 3.191758793970e-04 1.924000000000e-01
3.211959798995e-04 2.288500000000e-01 3.211959798995e-04 2.235284532960e-01 3.211959798995e-04 3.534914017661e-01 3.211959798995e-04 1.924000000000e-01
3.232160804020e-04 2.288500000000e-01 3.232160804020e-04 2.235251916772e-01 3.232160804020e-04 3.534926908067e-01 3.232160804020e-04 1.924000000000e-01
3.252361809045e-04 2.288500000000e-01 3.252361809045e-04 2.235223077267e-01 3.252361809045e-04 3.534937865020e-01 3.252361809045e-04 1.924000000000e-01
3.272562814070e-04 2.288500000000e-01 3.272562814070e-04 2.235197570668e-01 3.272562814070e-04 3.534947178661e-01 3.272562814070e-04 1.924000000000e-01
3.292763819095e-04 2.288500000000e-01 3.292763819095e-04 2.235175006435e-01 3.292763819095e-04 3.534955095571e-01 3.292763819095e-04 1.924000000000e-01
3.312964824121e-04 2.288500000000e-01 3.312964824121e-04 2.235155040700e-01 3.312964824121e-04 3.534961825316e-01 3.312964824121e-04 1.924000000000e-01
3.333165829146e-04 2.288500000000e-01 3.333165829146e-04 2.235137370534e-01 3.333165829146e-04 3.534967546005e-01 3.333165829146e-04 1.924000000000e-01
3.353366834171e-04 2.288500000000e-01 3.353366834171e-04 2.235121728951e-01 3.353366834171e-04 3.534972409009e-01 3.353366834171e-04 1.924000000000e-01
3.373567839196e-04 2.288500000000e-01 3.373567839196e-04 2.235107880536e-01 3.373567839196e-04 3.534976542985e-01 3.373567839196e-04 1.924000000000e-01
3.393768844221e-04 2.288500000000e-01 3.393768844221e-04 2.235095617626e-01 3.393768844221e-04 3.534980057277e-01 3.393768844221e-04 1.924000000000e-01
3.413969849246e-04 2.288500000000e-01 3.413969849246e-04 2.235084756963e-01 3.413969849246e-04 3.534983044821e-01 3.413969849246e-04 1.924000000000e-01
3.434170854271e-04 2.288500000000e-01 3.434170854271e-04 2.235075136768e-01 3.434170854271e-04 3.534985584611e-01 3.434170854271e-04 1.924000000000e-01
3.454371859296e-04 2.288500000000e-01 3.454371859296e-04 2.235066614173e-01 3.454371859296e-04 3.534987743785e-01 3.454371859296e-04 1.924000000000e-01
3.474572864322e-04 2.288500000000e-01 3.474572864322e-04 2.235059062967e-01 3.474572864322e-04 3.534989579411e-01 3.474572864322e-04 1.924000000000e-01
3.494773869347e-04 2.288500000000e-01 3.494773869347e-04 2.235052371622e-01 3.494773869347e-04 3.534991139994e-01 3.494773869347e-04 1.924000000000e-01
3.514974874372e-04 2.288500000000e-01 3.514974874372e-04 2.235046441553e-01 3.514974874372e-04 3.534992466766e-01 3.514974874372e-04 1.924000000000e-01
3.535175879397e-04 2.288500000000e-01 3.535175879397e-04 2.235041185595e-01 3.535175879397e-04 3.534993594773e-01 3.535175879397e-04 1.924000000000e-01
3.555376884422e-04 2.288500000000e-01 3.555376884422e-04 2.235036526657e-01 3.555376884422e-04 3.534994553806e-01 3.555376884422e-04 1.924000000000e-01
3.575577889447e-04 2.288500000000e-01 3.575577889447e-04 2.235032396547e-01 3.575577889447e-04 3.534995369188e-01 3.575577889447e-04 1.924000000000e-01
3.595778894472e-04 2.288500000000e-01 3.595778894472e-04 2.235028734923e-01 3.595778894472e-04 3.534996062447e-01 3.595778894472e-04 1.924000000000e-01
3.615979899497e-04 2.288500000000e-01 3.615979899497e-04 2.235025488386e-01 3.615979899497e-04 3.534996651880e-01 3.615979899497e-04 1.924000000000e-01
3.636180904523e-04 2.288500000000e-01 3.636180904523e-04 2.235022609667e-01 3.636180904523e-04 3.534997153044e-01 3.636180904523e-04 1.924000000000e-01
3.656381909548e-04 2.288500000000e-01 3.656381909548e-04 2.235020056916e-01 3.656381909548e-04 3.534997579164e-01 3.656381909548e-04 1.924000000000e-01
3.676582914573e-04 2.288500000000e-01 3.676582914573e-04 2.235017793078e-01 3.676582914573e-04 3.534997941480e-01 3.676582914573e-04 1.924000000000e-01
3.696783919598e-04 2.288500000000e-01 3.696783919598e-04 2.235015785333e-01 3.696783919598e-04 3.534998249551e-01 3.696783919598e-04 1.924000000000e-01
3.716984924623e-04 2.288500000000e-01 3.716984924623e-04 2.235014004611e-01 3.716984924623e-04 3.534998511500e-01 3.716984924623e-04 1.924000000000e-01
3.737185929648e-04 2.288500000000e-01 3.737185929648e-04 2.235012425160e-01 3.737185929648e-04 3.534998734237e-01 3.737185929648e-04 1.924000000000e-01
3.757386934673e-04 2.288500000000e-01 3.757386934673e-04 2.235011024163e-01 3.757386934673e-04 3.534998923632e-01 3.757386934673e-04 1.924000000000e-01
3.777587939698e-04 2.288500000000e-01 3.777587939698e-04 2.235009781400e-01 3.777587939698e-04 3.534999084678e-01 3.777587939698e-04 1.924000000000e-01
3.797788944724e-04 2.288500000000e-01 3.797788944724e-04 2.235008678955e-01 3.797788944724e-04 3.534999221621e-01 3.797788944724e-04 1.924000000000e-01
3.817989949749e-04 2.288500000000e-01 3.817989949749e-04 2.235007700945e-01 3.817989949749e-04 3.534999338069e-01 3.817989949749e-04 1.924000000000e-01
3.838190954774e-04 2.288500000000e-01 3.838190954774e-04 2.235006833294e-01 3.838190954774e-04 3.534999437091e-01 3.838190954774e-04 1.924000000000e-01
3.858391959799e-04 2.288500000000e-01 3.858391959799e-04 2.235006063523e-01 3.858391959799e-04 3.534999521295e-01 3.858391959799e-04 1.924000000000e-01
3.878592964824e-04 2.288500000000e-01 3.878592964824e-04 2.235005380568e-01 3.878592964824e-04 3.534999592899e-01 3.878592964824e-04 1.924000000000e-01
3.898793969849e-04 2.288500000000e-01 3.898793969849e-04 2.235004774621e-01 3.898793969849e-04 3.534999653790e-01 3.898793969849e-04 1.924000000000e-01
3.918994974874e-04 2.288500000000e-01 3.918994974874e-04 2.235004236984e-01 3.918994974874e-04 3.534999705571e-01 3.918994974874e-04 1.924000000000e-01
3.939195979899e-04 2.288500000000e-01 3.939195979899e-04 2.235003759943e-01 3.939195979899e-04 3.534999749604e-01 3.939195979899e-04 1.924000000000e-01
3.959396984925e-04 2.288500000000e-01 3.959396984925e-04 2.235003336659e-01 3.959396984925e-04 3.534999787051e-01 3.959396984925e-04 1.924000000000e-01
3.979597989950e-04 2.288500000000e-01 3.979597989950e-04 2.235002961067e-01 3.979597989950e-04 3.534999818896e-01 3.979597989950e-04 1.924000000000e-01
3.999798994975e-04 2.288500000000e-01 3.999798994975e-04 2.235002627785e-01 3.999798994975e-04 3.534999845977e-01 3.999798994975e-04 1.924000000000e-01
4.020000000000e-04 2.288500000000e-01 4.020000000000e-04 2.235002332042e-01 4.020000000000e-04 3.534999869008e-01 4.020000000000e-04 1.924000000000e-01
