0.000000000000e+00 3.172500000000e-01 0.000000000000e+00 1.813009330010e-01 0.000000000000e+00 3.035999983585e-01 0.000000000000e+00 1.926500000000e-01
2.015075376884e-06 3.172500000000e-01 2.015075376884e-06 1.813010371317e-01 2.015075376884e-06 3.035999980674e-01 2.015075376884e-06 1.926500000000e-01
4.030150753769e-06 3.172500000000e-01 4.030150753769e-06 1.813011528860e-01 4.030150753769e-06 3.035999977247e-01 4.030150753769e-06 1.926500000000e-01
6.045226130653e-06 3.172500000000e-01 6.045226130653e-06 1.813012815618e-01 6.045226130653e-06 3.035999973212e-01 6.045226130653e-06 1.926500000000e-01
8.060301507538e-06 3.172500000000e-01 8.060301507538e-06 1.813014246020e-01 8.060301507538e-06 3.035999968461e-01 8.060301507538e-06 1.926500000000e-01
1.007537688442e-05 3.172500000000e-01 1.007537688442e-05 1.813015836107e-01 1.007537688442e-05 3.035999962868e-01 1.007537688442e-05 1.926500000000e-01
1.209045226131e-05 3.172500000000e-01 1.209045226131e-05 1.813017603716e-01 1.209045226131e-05 3.035999956284e-01 1.209045226131e-05 1.926500000000e-01
1.410552763819e-05 3.172500000000e-01 1.410552763819e-05 1.813019568674e-01 1.410552763819e-05 3.035999948531e-01 1.410552763819e-05 1.926500000000e-01
1.612060301508e-05 3.172500000000e-01 1.612060301508e-05 1.813021753027e-01 1.612060301508e-05 3.035999939404e-01 1.612060301508e-05 1.926500000000e-01
1.813567839196e-05 3.172500000000e-01 1.813567839196e-05 1.813024181289e-01 1.813567839196e-05 3.035999928659e-01 1.813567839196e-05 1.926500000000e-01
2.015075376884e-05 3.172500000000e-01 2.015075376884e-05 1.813026880713e-01 2.015075376884e-05 3.035999916007e-01 2.015075376884e-05 1.926500000000e-01
2.216582914573e-05 3.172500000000e-01 2.216582914573e-05 1.813029881603e-01 2.216582914573e-05 3.035999901113e-01 2.216582914573e-05 1.926500000000e-01
2.418090452261e-05 3.172500000000e-01 2.418090452261e-05 1.813033217657e-01 2.418090452261e-05 3.035999883577e-01 2.418090452261e-05 1.926500000000e-01
2.619597989950e-05 3.172500000000e-01 2.619597989950e-05 1.813036926346e-01 2.619597989950e-05 3.035999862931e-01 2.619597989950e-05 1.926500000000e-01
2.821105527638e-05 3.172500000000e-01 2.821105527638e-05 1.813041049340e-01 2.821105527638e-05 3.035999838624e-01 2.821105527638e-05 1.926500000000e-01
3.022613065327e-05 3.172500000000e-01 3.022613065327e-05 1.813045632977e-01 3.022613065327e-05 3.035999810006e-01 3.022613065327e-05 1.926500000000e-01
3.224120603015e-05 3.172500000000e-01 3.224120603015e-05 1.813050728796e-01 3.224120603015e-05 3.035999776314e-01 3.224120603015e-05 1.926500000000e-01
3.425628140704e-05 3.172500000000e-01 3.425628140704e-05 1.813056394118e-01 3.425628140704e-05 3.035999736647e-01 3.425628140704e-05 1.926500000000e-01
3.627135678392e-05 3.172500000000e-01 3.627135678392e-05 1.813062692700e-01 3.627135678392e-05 3.035999689946e-01 3.627135678392e-05 1.926500000000e-01
3.828643216080e-05 3.172500000000e-01 3.828643216080e-05 1.813069695464e-01 3.828643216080e-05 3.035999634963e-01 3.828643216080e-05 1.926500000000e-01
4.030150753769e-05 3.172500000000e-01 4.030150753769e-05 1.813077481310e-01 4.030150753769e-05 3.035999570230e-01 4.030150753769e-05 1.926500000000e-01
4.231658291457e-05 3.172500000000e-01 4.231658291457e-05 1.813086138018e-01 4.231658291457e-05 3.035999494017e-01 4.231658291457e-05 1.926500000000e-01
4.433165829146e-05 3.172500000000e-01 4.433165829146e-05 1.813095763261e-01 4.433165829146e-05 3.035999404289e-01 4.433165829146e-05 1.926500000000e-01
4.634673366834e-05 3.172500000000e-01 4.634673366834e-05 1.813106465730e-01 4.634673366834e-05 3.035999298650e-01 4.634673366834e-05 1.926500000000e-01
4.836180904523e-05 3.172500000000e-01 4.836180904523e-05 1.813118366396e-01 4.836180904523e-05 3.035999174277e-01 4.836180904523e-05 1.926500000000e-01
5.037688442211e-05 3.172500000000e-01 5.037688442211e-05 1.813131599910e-01 5.037688442211e-05 3.035999027848e-01 5.037688442211e-05 1.926500000000e-01
5.239195979899e-05 3.172500000000e-01 5.239195979899e-05 1.813146316184e-01 5.239195979899e-05 3.035998855453e-01 5.239195979899e-05 1.926500000000e-01
5.440703517588e-05 3.172500000000e-01 5.440703517588e-05 1.813162682142e-01 5.440703517588e-05 3.035998652486e-01 5.440703517588e-05 1.926500000000e-01
5.642211055276e-05 3.172500000000e-01 5.642211055276e-05 1.813180883690e-01 5.642211055276e-05 3.035998413526e-01 5.642211055276e-05 1.926500000000e-01
5.843718592965e-05 3.172500000000e-01 5.843718592965e-05 1.813201127926e-01 5.843718592965e-05 3.035998132190e-01 5.843718592965e-05 1.926500000000e-01
6.045226130653e-05 3.172500000000e-01 6.045226130653e-05 1.813223645605e-01 6.045226130653e-05 3.035997800963e-01 6.045226130653e-05 1.926500000000e-01
6.246733668342e-05 3.172500000000e-01 6.246733668342e-05 1.813248693919e-01 6.246733668342e-05 3.035997410997e-01 6.246733668342e-05 1.926500000000e-01
6.448241206030e-05 3.172500000000e-01 6.448241206030e-05 1.813276559612e-01 6.448241206030e-05 3.035996951876e-01 6.448241206030e-05 1.926500000000e-01
6.649748743719e-05 3.172500000000e-01 6.649748743719e-05 1.813307562482e-01 6.649748743719e-05 3.035996411335e-01 6.649748743719e-05 1.926500000000e-01
6.851256281407e-05 3.172500000000e-01 6.851256281407e-05 1.813342059335e-01 6.851256281407e-05 3.035995774934e-01 6.851256281407e-05 1.926500000000e-01
7.052763819095e-05 3.172500000000e-01 7.052763819095e-05 1.813380448428e-01 7.052763819095e-05 3.035995025674e-01 7.052763819095e-05 1.926500000000e-01
7.254271356784e-05 3.172500000000e-01 7.254271356784e-05 1.813423174501e-01 7.254271356784e-05 3.035994143536e-01 7.254271356784e-05 1.926500000000e-01
7.455778894472e-05 3.172500000000e-01 7.455778894472e-05 1.813470734454e-01 7.455778894472e-05 3.035993104955e-01 7.455778894472e-05 1.926500000000e-01
7.657286432161e-05 3.172500000000e-01 7.657286432161e-05 1.813523683790e-01 7.657286432161e-05 3.035991882181e-01 7.657286432161e-05 1.926500000000e-01
7.858793969849e-05 3.172500000000e-01 7.858793969849e-05 1.813582643922e-01 7.858793969849e-05 3.035990442543e-01 7.858793969849e-05 1.926500000000e-01
8.060301507538e-05 3.172500000000e-01 8.060301507538e-05 1.813648310483e-01 8.060301507538e-05 3.035988747570e-01 8.060301507538e-05 1.926500000000e-01
8.261809045226e-05 3.172500000000e-01 8.261809045226e-05 1.813721462796e-01 8.261809045226e-05 3.035986751964e-01 8.261809045226e-05 1.926500000000e-01
8.463316582915e-05 3.172500000000e-01 8.463316582915e-05 1.813802974695e-01 8.463316582915e-05 3.035984402384e-01 8.463316582915e-05 1.926500000000e-01
8.664824120603e-05 3.172500000000e-01 8.664824120603e-05 1.813893826906e-01 8.664824120603e-05 3.035981636017e-01 8.664824120603e-05 1.926500000000e-01
8.866331658291e-05 3.172500000000e-01 8.866331658291e-05 1.813995121264e-01 8.866331658291e-05 3.035978378889e-01 8.866331658291e-05 1.926500000000e-01
9.067839195980e-05 3.172500000000e-01 9.067839195980e-05 1.814108097074e-01 9.067839195980e-05 3.035974543881e-01 9.067839195980e-05 1.926500000000e-01
9.269346733668e-05 3.172500000000e-01 9.269346733668e-05 1.814234149981e-01 9.269346733668e-05 3.035970028377e-01 9.269346733668e-05 1.926500000000e-01
9.470854271357e-05 3.172500000000e-01 9.470854271357e-05 1.814374853824e-01 9.470854271357e-05 3.035964711497e-01 9.470854271357e-05 1.926500000000e-01
9.672361809045e-05 3.172500000000e-01 9.672361809045e-05 1.814531985983e-01 9.672361809045e-05 3.035958450827e-01 9.672361809045e-05 1.926500000000e-01
9.873869346734e-05 3.172500000000e-01 9.873869346734e-05 1.814707556896e-01 9.873869346734e-05 3.035951078554e-01 9.873869346734e-05 1.926500000000e-01
1.007537688442e-04 3.172500000000e-01 1.007537688442e-04 1.814903844520e-01 1.007537688442e-04 3.035942396889e-01 1.007537688442e-04 1.926500000000e-01
1.027688442211e-04 3.172500000000e-01 1.027688442211e-04 1.815123434693e-01 1.027688442211e-04 3.035932172646e-01 1.027688442211e-04 1.926500000000e-01
1.047839195980e-04 3.172500000000e-01 1.047839195980e-04 1.815369268559e-01 1.047839195980e-04 3.035920130820e-01 1.047839195980e-04 1.926500000000e-01
1.067989949749e-04 3.172500000000e-01 1.067989949749e-04 1.815644698449e-01 1.067989949749e-04 3.035905946935e-01 1.067989949749e-04 1.926500000000e-01
1.088140703518e-04 3.172500000000e-01 1.088140703518e-04 1.815953553934e-01 1.088140703518e-04 3.035889237945e-01 1.088140703518e-04 1.926500000000e-01
1.108291457286e-04 3.172500000000e-01 1.108291457286e-04 1.816300220144e-01 1.108291457286e-04 3.035869551348e-01 1.108291457286e-04 1.926500000000e-01
1.128442211055e-04 3.172500000000e-01 1.128442211055e-04 1.816689730860e-01 1.128442211055e-04 3.035846352147e-01 1.128442211055e-04 1.926500000000e-01
1.148592964824e-04 3.172500000000e-01 1.148592964824e-04 1.817127879511e-01 1.148592964824e-04 3.035819007137e-01 1.148592964824e-04 1.926500000000e-01
1.168743718593e-04 3.172500000000e-01 1.168743718593e-04 1.817621351820e-01 1.168743718593e-04 3.035786765909e-01 1.168743718593e-04 1.926500000000e-01
1.188894472362e-04 3.172500000000e-01 1.188894472362e-04 1.818177884731e-01 1.188894472362e-04 3.035748737719e-01 1.188894472362e-04 1.926500000000e-01
1.209045226131e-04 3.172500000000e-01 1.209045226131e-04 1.818806457195e-01 1.209045226131e-04 3.035703863143e-01 1.209045226131e-04 1.926500000000e-01
1.229195979899e-04 3.172500000000e-01 1.229195979899e-04 1.819517519671e-01 1.229195979899e-04 3.035650879062e-01 1.229195979899e-04 1.926500000000e-01
1.249346733668e-04 3.172500000000e-01 1.249346733668e-04 1.820323270591e-01 1.249346733668e-04 3.035588275015e-01 1.249346733668e-04 1.926500000000e-01
1.269497487437e-04 3.172500000000e-01 1.269497487437e-04 1.821237989821e-01 1.269497487437e-04 3.035514238230e-01 1.269497487437e-04 1.926500000000e-01
1.289648241206e-04 3.172500000000e-01 1.289648241206e-04 1.822278441176e-01 1.289648241206e-04 3.035426583646e-01 1.289648241206e-04 1.926500000000e-01
1.309798994975e-04 3.172500000000e-01 1.309798994975e-04 1.823464358394e-01 1.309798994975e-04 3.035322663741e-01 1.309798994975e-04 1.926500000000e-01
1.329949748744e-04 3.172500000000e-01 1.329949748744e-04 1.824819031699e-01 1.329949748744e-04 3.035199250931e-01 1.329949748744e-04 1.926500000000e-01
1.350100502513e-04 3.172500000000e-01 1.350100502513e-04 1.826370014980e-01 1.350100502513e-04 3.035052382229e-01 1.350100502513e-04 1.926500000000e-01
1.370251256281e-04 3.172500000000e-01 1.370251256281e-04 1.828149976738e-01 1.370251256281e-04 3.034877151497e-01 1.370251256281e-04 1.926500000000e-01
1.390402010050e-04 3.172500000000e-01 1.390402010050e-04 1.830197720840e-01 1.390402010050e-04 3.034667428255e-01 1.390402010050e-04 1.926500000000e-01
1.410552763819e-04 3.172500000000e-01 1.410552763819e-04 1.832559405498e-01 1.410552763819e-04 3.034415472734e-01 1.410552763819e-04 1.926500000000e-01
1.430703517588e-04 3.172500000000e-01 1.430703517588e-04 1.835289989804e-01 1.430703517588e-04 3.034111403424e-01 1.430703517588e-04 1.926500000000e-01
1.450854271357e-04 3.172500000000e-01 1.450854271357e-04 1.838454935474e-01 1.450854271357e-04 3.033742453747e-01 1.450854271357e-04 1.926500000000e-01
1.471005025126e-04 3.172500000000e-01 1.471005025126e-04 1.842132185145e-01 1.471005025126e-04 3.033291926072e-01 1.471005025126e-04 1.926500000000e-01
1.491155778894e-04 3.172500000000e-01 1.491155778894e-04 1.846414424825e-01 1.491155778894e-04 3.032737710112e-01 1.491155778894e-04 1.926500000000e-01
1.511306532663e-04 3.172500000000e-01 1.511306532663e-04 1.851411612705e-01 1.511306532663e-04 3.032050173492e-01 1.511306532663e-04 1.926500000000e-01
1.531457286432e-04 3.172500000000e-01 1.531457286432e-04 1.857253713882e-01 1.531457286432e-04 3.031189147872e-01 1.531457286432e-04 1.926500000000e-01
1.551608040201e-04 3.172500000000e-01 1.551608040201e-04 1.864093513204e-01 1.551608040201e-04 3.030099615392e-01 1.551608040201e-04 1.926500000000e-01
1.571758793970e-04 3.172500000000e-01 1.571758793970e-04 1.872109277854e-01 1.571758793970e-04 3.028705537674e-01 1.571758793970e-04 1.926500000000e-01
1.591909547739e-04 3.172500000000e-01 1.591909547739e-04 1.881506898724e-01 1.591909547739e-04 3.026901055712e-01 1.591909547739e-04 1.926500000000e-01
1.612060301508e-04 3.172500000000e-01 1.612060301508e-04 1.892520949475e-01 1.612060301508e-04 3.024538027508e-01 1.612060301508e-04 1.926500000000e-01
1.632211055276e-04 3.172500000000e-01 1.632211055276e-04 1.905413867869e-01 1.632211055276e-04 3.021408596482e-01 1.632211055276e-04 1.926500000000e-01
1.652361809045e-04 3.172500000000e-01 1.652361809045e-04 1.920472207501e-01 1.652361809045e-04 3.017221308211e-01 1.652361809045e-04 1.926500000000e-01
1.672512562814e-04 3.172500000000e-01 1.672512562814e-04 1.937998684062e-01 1.672512562814e-04 3.011569487444e-01 1.672512562814e-04 1.926500000000e-01
1.692663316583e-04 3.172500000000e-01 1.692663316583e-04 1.958298650656e-01 1.692663316583e-04 3.003891734960e-01 1.692663316583e-04 1.926500000000e-01
1.712814070352e-04 3.172500000000e-01 1.712814070352e-04 1.981659838901e-01 1.712814070352e-04 2.993427612519e-01 1.712814070352e-04 1.926500000000e-01
1.732964824121e-04 3.172500000000e-01 1.732964824121e-04 2.008324894495e-01 1.732964824121e-04 2.979178639848e-01 1.732964824121e-04 1.926500000000e-01
1.753115577889e-04 3.172500000000e-01 1.753115577889e-04 2.038457594493e-01 1.753115577889e-04 2.959897700113e-01 1.753115577889e-04 1.926500000000e-01
1.773266331658e-04 3.172500000000e-01 1.773266331658e-04 2.072105690641e-01 1.773266331658e-04 2.934149019970e-01 1.773266331658e-04 1.926500000000e-01
1.793417085427e-04 3.172500000000e-01 1.793417085427e-04 2.109165793819e-01 1.793417085427e-04 2.900498531147e-01 1.793417085427e-04 1.926500000000e-01
1.813567839196e-04 3.172500000000e-01 1.813567839196e-04 2.149357865240e-01 1.813567839196e-04 2.857886438218e-01 1.813567839196e-04 1.926500000000e-01
1.833718592965e-04 3.172500000000e-01 1.833718592965e-04 2.192217592177e-01 1.833718592965e-04 2.806159203290e-01 1.833718592965e-04 1.926500000000e-01
1.853869346734e-04 3.172500000000e-01 1.853869346734e-04 2.237113107205e-01 1.853869346734e-04 2.746577656361e-01 1.853869346734e-04 1.926500000000e-01
1.874020100503e-04 3.172500000000e-01 1.874020100503e-04 2.283287802133e-01 1.874020100503e-04 2.681960096794e-01 1.874020100503e-04 1.926500000000e-01
1.894170854271e-04 3.172500000000e-01 1.894170854271e-04 2.329924388073e-01 1.894170854271e-04 2.616179415384e-01 1.894170854271e-04 1.926500000000e-01
1.914321608040e-04 3.172500000000e-01 1.914321608040e-04 2.376219163734e-01 1.914321608040e-04 2.553121662650e-01 1.914321608040e-04 1.926500000000e-01
1.934472361809e-04 3.172500000000e-01 1.934472361809e-04 2.421452283521e-01 1.934472361809e-04 2.495639712782e-01 1.934472361809e-04 1.926500000000e-01
1.954623115578e-04 3.172500000000e-01 1.954623115578e-04 2.465041117078e-01 1.954623115578e-04 2.445040735108e-01 1.954623115578e-04 1.926500000000e-01
1.974773869347e-04 3.172500000000e-01 1.974773869347e-04 2.506568961227e-01 1.974773869347e-04 2.401224081563e-01 1.974773869347e-04 1.926500000000e-01
1.994924623116e-04 3.172500000000e-01 1.994924623116e-04 2.545788125840e-01 1.994924623116e-04 2.363192712814e-01 1.994924623116e-04 1.926500000000e-01
2.015075376884e-04 3.172500000000e-01 2.015075376884e-04 2.582602159449e-01 2.015075376884e-04 2.329594643392e-01 2.015075376884e-04 1.926500000000e-01
2.035226130653e-04 3.172500000000e-01 2.035226130653e-04 2.617035079030e-01 2.035226130653e-04 2.299106565081e-01 2.035226130653e-04 1.926500000000e-01
2.055376884422e-04 3.172500000000e-01 2.055376884422e-04 2.649195739154e-01 2.055376884422e-04 2.270633419094e-01 2.055376884422e-04 1.926500000000e-01
2.075527638191e-04 3.172500000000e-01 2.075527638191e-04 2.679243786601e-01 2.075527638191e-04 2.243373913757e-01 2.075527638191e-04 1.926500000000e-01
2.095678391960e-04 3.172500000000e-01 2.095678391960e-04 2.707361178801e-01 2.095678391960e-04 2.216810956186e-01 2.095678391960e-04 1.926500000000e-01
2.115829145729e-04 3.172500000000e-01 2.115829145729e-04 2.733730927409e-01 2.115829145729e-04 2.190668855730e-01 2.115829145729e-04 1.926500000000e-01
2.135979899497e-04 3.172500000000e-01 2.135979899497e-04 2.758523036004e-01 2.135979899497e-04 2.164860536511e-01 2.135979899497e-04 1.926500000000e-01
2.156130653266e-04 3.172500000000e-01 2.156130653266e-04 2.781886620019e-01 2.156130653266e-04 2.139435552252e-01 2.156130653266e-04 1.926500000000e-01
2.176281407035e-04 3.172500000000e-01 2.176281407035e-04 2.803946796984e-01 2.176281407035e-04 2.114533197149e-01 2.176281407035e-04 1.926500000000e-01
2.196432160804e-04 3.172500000000e-01 2.196432160804e-04 2.824804917479e-01 2.196432160804e-04 2.090342235863e-01 2.196432160804e-04 1.926500000000e-01
2.216582914573e-04 3.172500000000e-01 2.216582914573e-04 2.844540893340e-01 2.216582914573e-04 2.067067808540e-01 2.216582914573e-04 1.926500000000e-01
2.236733668342e-04 3.172500000000e-01 2.236733668342e-04 2.863216643024e-01 2.236733668342e-04 2.044905727938e-01 2.236733668342e-04 1.926500000000e-01
2.256884422111e-04 3.172500000000e-01 2.256884422111e-04 2.880879939873e-01 2.256884422111e-04 2.024024122023e-01 2.256884422111e-04 1.926500000000e-01
2.277035175879e-04 3.172500000000e-01 2.277035175879e-04 2.897568180813e-01 2.277035175879e-04 2.004552027463e-01 2.277035175879e-04 1.926500000000e-01
2.297185929648e-04 3.172500000000e-01 2.297185929648e-04 2.913311778606e-01 2.297185929648e-04 1.986574147646e-01 2.297185929648e-04 1.926500000000e-01
2.317336683417e-04 3.172500000000e-01 2.317336683417e-04 2.928137020320e-01 2.317336683417e-04 1.970130655707e-01 2.317336683417e-04 1.926500000000e-01
2.337487437186e-04 3.172500000000e-01 2.337487437186e-04 2.942068334272e-01 2.337487437186e-04 1.955220731915e-01 2.337487437186e-04 1.926500000000e-01
2.357638190955e-04 3.172500000000e-01 2.357638190955e-04 2.955129974874e-01 2.357638190955e-04 1.941808505913e-01 2.357638190955e-04 1.926500000000e-01
2.377788944724e-04 3.172500000000e-01 2.377788944724e-04 2.967347176785e-01 2.377788944724e-04 1.929830207119e-01 2.377788944724e-04 1.926500000000e-01
2.397939698492e-04 3.172500000000e-01 2.397939698492e-04 2.978746852957e-01 2.397939698492e-04 1.919201559241e-01 2.397939698492e-04 1.926500000000e-01
2.418090452261e-04 3.172500000000e-01 2.418090452261e-04 2.989357920742e-01 2.418090452261e-04 1.909824727911e-01 2.418090452261e-04 1.926500000000e-01
2.438241206030e-04 3.172500000000e-01 2.438241206030e-04 2.999211340326e-01 2.438241206030e-04 1.901594394150e-01 2.438241206030e-04 1.926500000000e-01
2.458391959799e-04 3.172500000000e-01 2.458391959799e-04 3.008339943798e-01 2.458391959799e-04 1.894402748509e-01 2.458391959799e-04 1.926500000000e-01
2.478542713568e-04 3.172500000000e-01 2.478542713568e-04 3.016778123555e-01 2.478542713568e-04 1.888143367210e-01 2.478542713568e-04 1.926500000000e-01
2.498693467337e-04 3.172500000000e-01 2.498693467337e-04 3.024561437472e-01 2.498693467337e-04 1.882714042127e-01 2.498693467337e-04 1.926500000000e-01
2.518844221106e-04 3.172500000000e-01 2.518844221106e-04 3.031726176668e-01 2.518844221106e-04 1.878018698967e-01 2.518844221106e-04 1.926500000000e-01
2.538994974874e-04 3.172500000000e-01 2.538994974874e-04 3.038308930723e-01 2.538994974874e-04 1.873968564119e-01 2.538994974874e-04 1.926500000000e-01
2.559145728643e-04 3.172500000000e-01 2.559145728643e-04 3.044346175337e-01 2.559145728643e-04 1.870482741864e-01 2.559145728643e-04 1.926500000000e-01
2.579296482412e-04 3.172500000000e-01 2.579296482412e-04 3.049873899106e-01 2.579296482412e-04 1.867488350008e-01 2.579296482412e-04 1.926500000000e-01
2.599447236181e-04 3.172500000000e-01 2.599447236181e-04 3.054927279237e-01 2.599447236181e-04 1.864920340889e-01 2.599447236181e-04 1.926500000000e-01
2.619597989950e-04 3.172500000000e-01 2.619597989950e-04 3.059540410712e-01 2.619597989950e-04 1.862721111287e-01 2.619597989950e-04 1.926500000000e-01
2.639748743719e-04 3.172500000000e-01 2.639748743719e-04 3.063746089443e-01 2.639748743719e-04 1.860839982263e-01 2.639748743719e-04 1.926500000000e-01
2.659899497487e-04 3.172500000000e-01 2.659899497487e-04 3.067575647164e-01 2.659899497487e-04 1.859232609893e-01 2.659899497487e-04 1.926500000000e-01
2.680050251256e-04 3.172500000000e-01 2.680050251256e-04 3.071058833936e-01 2.680050251256e-04 1.857860371127e-01 2.680050251256e-04 1.926500000000e-01
2.700201005025e-04 3.172500000000e-01 2.700201005025e-04 3.074223743106e-01 2.700201005025e-04 1.856689755494e-01 2.700201005025e-04 1.926500000000e-01
2.720351758794e-04 3.172500000000e-01 2.720351758794e-04 3.077096773017e-01 2.720351758794e-04 1.855691782924e-01 2.720351758794e-04 1.926500000000e-01
2.740502512563e-04 3.172500000000e-01 2.740502512563e-04 3.079702619733e-01 2.740502512563e-04 1.854841460116e-01 2.740502512563e-04 1.926500000000e-01
2.760653266332e-04 3.172500000000e-01 2.760653266332e-04 3.082064295238e-01 2.760653266332e-04 1.854117282134e-01 2.760653266332e-04 1.926500000000e-01
2.780804020101e-04 3.172500000000e-01 2.780804020101e-04 3.084203165987e-01 2.780804020101e-04 1.853500781878e-01 2.780804020101e-04 1.926500000000e-01
2.800954773869e-04 3.172500000000e-01 2.800954773869e-04 3.086139007203e-01 2.800954773869e-04 1.852976127332e-01 2.800954773869e-04 1.926500000000e-01
2.821105527638e-04 3.172500000000e-01 2.821105527638e-04 3.087890068887e-01 2.821105527638e-04 1.852529764680e-01 2.821105527638e-04 1.926500000000e-01
2.841256281407e-04 3.172500000000e-01 2.841256281407e-04 3.089473150068e-01 2.841256281407e-04 1.852150104332e-01 2.841256281407e-04 1.926500000000e-01
2.861407035176e-04 3.172500000000e-01 2.861407035176e-04 3.090903678373e-01 2.861407035176e-04 1.851827246299e-01 2.861407035176e-04 1.926500000000e-01
2.881557788945e-04 3.172500000000e-01 2.881557788945e-04 3.092195792534e-01 2.881557788945e-04 1.851552741129e-01 2.881557788945e-04 1.926500000000e-01
2.901708542714e-04 3.172500000000e-01 2.901708542714e-04 3.093362425857e-01 2.901708542714e-04 1.851319382630e-01 2.901708542714e-04 1.926500000000e-01
2.921859296482e-04 3.172500000000e-01 2.921859296482e-04 3.094415389131e-01 2.921859296482e-04 1.851121028731e-01 2.921859296482e-04 1.926500000000e-01
2.942010050251e-04 3.172500000000e-01 2.942010050251e-04 3.095365451778e-01 2.942010050251e-04 1.850952447088e-01 2.942010050251e-04 1.926500000000e-01
2.962160804020e-04 3.172500000000e-01 2.962160804020e-04 3.096222420349e-01 2.962160804020e-04 1.850809182327e-01 2.962160804020e-04 1.926500000000e-01
2.982311557789e-04 3.172500000000e-01 2.982311557789e-04 3.096995213726e-01 2.982311557789e-04 1.850687442101e-01 2.982311557789e-04 1.926500000000e-01
3.002462311558e-04 3.172500000000e-01 3.002462311558e-04 3.097691934574e-01 3.002462311558e-04 1.850583999456e-01 3.002462311558e-04 1.926500000000e-01
3.022613065327e-04 3.172500000000e-01 3.022613065327e-04 3.098319936781e-01 3.022613065327e-04 1.850496109285e-01 3.022613065327e-04 1.926500000000e-01
3.042763819095e-04 3.172500000000e-01 3.042763819095e-04 3.098885888735e-01 3.042763819095e-04 1.850421436918e-01 3.042763819095e-04 1.926500000000e-01
3.062914572864e-04 3.172500000000e-01 3.062914572864e-04 3.099395832406e-01 3.062914572864e-04 1.850357997149e-01 3.062914572864e-04 1.926500000000e-01
3.083065326633e-04 3.172500000000e-01 3.083065326633e-04 3.099855238260e-01 3.083065326633e-04 1.850304102201e-01 3.083065326633e-04 1.926500000000e-01
3.103216080402e-04 3.172500000000e-01 3.103216080402e-04 3.100269056126e-01 3.103216080402e-04 1.850258317374e-01 3.103216080402e-04 1.926500000000e-01
3.123366834171e-04 3.172500000000e-01 3.123366834171e-04 3.100641762145e-01 3.123366834171e-04 1.850219423239e-01 3.123366834171e-04 1.926500000000e-01
3.143517587940e-04 3.172500000000e-01 3.143517587940e-04 3.100977401992e-01 3.143517587940e-04 1.850186383447e-01 3.143517587940e-04 1.926500000000e-01
3.163668341709e-04 3.172500000000e-01 3.163668341709e-04 3.101279630553e-01 3.163668341709e-04 1.850158317314e-01 3.163668341709e-04 1.926500000000e-01
3.183819095477e-04 3.172500000000e-01 3.183819095477e-04 3.101551748283e-01 3.183819095477e-04 1.850134476499e-01 3.183819095477e-04 1.926500000000e-01
3.203969849246e-04 3.172500000000e-01 3.203969849246e-04 3.101796734440e-01 3.203969849246e-04 1.850114225152e-01 3.203969849246e-04 1.926500000000e-01
3.224120603015e-04 3.172500000000e-01 3.224120603015e-04 3.102017277430e-01 3.224120603015e-04 1.850097023036e-01 3.224120603015e-04 1.926500000000e-01
3.244271356784e-04 3.172500000000e-01 3.244271356784e-04 3.102215802448e-01 3.244271356784e-04 1.850082411170e-01 3.244271356784e-04 1.926500000000e-01
3.264422110553e-04 3.172500000000e-01 3.264422110553e-04 3.102394496651e-01 3.264422110553e-04 1.850069999621e-01 3.264422110553e-04 1.926500000000e-01
3.284572864322e-04 3.172500000000e-01 3.284572864322e-04 3.102555332026e-01 3.284572864322e-04 1.850059457128e-01 3.284572864322e-04 1.926500000000e-01
3.304723618090e-04 3.172500000000e-01 3.304723618090e-04 3.102700086160e-01 3.304723618090e-04 1.850050502283e-01 3.304723618090e-04 1.926500000000e-01
3.324874371859e-04 3.172500000000e-01 3.324874371859e-04 3.102830361084e-01 3.324874371859e-04 1.850042896030e-01 3.324874371859e-04 1.926500000000e-01
3.345025125628e-04 3.172500000000e-01 3.345025125628e-04 3.102947600346e-01 3.345025125628e-04 1.850036435300e-01 3.345025125628e-04 1.926500000000e-01
3.365175879397e-04 3.172500000000e-01 3.365175879397e-04 3.103053104481e-01 3.365175879397e-04 1.850030947594e-01 3.365175879397e-04 1.926500000000e-01
3.385326633166e-04 3.172500000000e-01 3.385326633166e-04 3.103148045002e-01 3.385326633166e-04 1.850026286383e-01 3.385326633166e-04 1.926500000000e-01
3.405477386935e-04 3.172500000000e-01 3.405477386935e-04 3.103233477067e-01 3.405477386935e-04 1.850022327199e-01 3.405477386935e-04 1.926500000000e-01
3.425628140704e-04 3.172500000000e-01 3.425628140704e-04 3.103310350917e-01 3.425628140704e-04 1.850018964318e-01 3.425628140704e-04 1.926500000000e-01
3.445778894472e-04 3.172500000000e-01 3.445778894472e-04 3.103379522219e-01 3.445778894472e-04 1.850016107934e-01 3.445778894472e-04 1.926500000000e-01
3.465929648241e-04 3.172500000000e-01 3.465929648241e-04 3.103441761404e-01 3.465929648241e-04 1.850013681765e-01 3.465929648241e-04 1.926500000000e-01
3.486080402010e-04 3.172500000000e-01 3.486080402010e-04 3.103497762098e-01 3.486080402010e-04 1.850011621018e-01 3.486080402010e-04 1.926500000000e-01
3.506231155779e-04 3.172500000000e-01 3.506231155779e-04 3.103548148731e-01 3.506231155779e-04 1.850009870655e-01 3.506231155779e-04 1.926500000000e-01
3.526381909548e-04 3.172500000000e-01 3.526381909548e-04 3.103593483398e-01 3.526381909548e-04 1.850008383929e-01 3.526381909548e-04 1.926500000000e-01
3.546532663317e-04 3.172500000000e-01 3.546532663317e-04 3.103634272051e-01 3.546532663317e-04 1.850007121132e-01 3.546532663317e-04 1.926500000000e-01
3.566683417085e-04 3.172500000000e-01 3.566683417085e-04 3.103670970083e-01 3.566683417085e-04 1.850006048537e-01 3.566683417085e-04 1.926500000000e-01
3.586834170854e-04 3.172500000000e-01 3.586834170854e-04 3.103703987356e-01 3.586834170854e-04 1.850005137496e-01 3.586834170854e-04 1.926500000000e-01
3.606984924623e-04 3.172500000000e-01 3.606984924623e-04 3.103733692738e-01 3.606984924623e-04 1.850004363677e-01 3.606984924623e-04 1.926500000000e-01
3.627135678392e-04 3.172500000000e-01 3.627135678392e-04 3.103760418190e-01 3.627135678392e-04 1.850003706411e-01 3.627135678392e-04 1.926500000000e-01
3.647286432161e-04 3.172500000000e-01 3.647286432161e-04 3.103784462445e-01 3.647286432161e-04 1.850003148144e-01 3.647286432161e-04 1.926500000000e-01
3.667437185930e-04 3.172500000000e-01 3.667437185930e-04 3.103806094328e-01 3.667437185930e-04 1.850002673963e-01 3.667437185930e-04 1.926500000000e-01
3.687587939698e-04 3.172500000000e-01 3.687587939698e-04 3.103825555742e-01 3.687587939698e-04 1.850002271204e-01 3.687587939698e-04 1.926500000000e-01
3.707738693467e-04 3.172500000000e-01 3.707738693467e-04 3.103843064358e-01 3.707738693467e-04 1.850001929110e-01 3.707738693467e-04 1.926500000000e-01
3.727889447236e-04 3.172500000000e-01 3.727889447236e-04 3.103858816037e-01 3.727889447236e-04 1.850001638543e-01 3.727889447236e-04 1.926500000000e-01
3.748040201005e-04 3.172500000000e-01 3.748040201005e-04 3.103872987013e-01 3.748040201005e-04 1.850001391741e-01 3.748040201005e-04 1.926500000000e-01
3.768190954774e-04 3.172500000000e-01 3.768190954774e-04 3.103885735854e-01 3.768190954774e-04 1.850001182113e-01 3.768190954774e-04 1.926500000000e-01
3.788341708543e-04 3.172500000000e-01 3.788341708543e-04 3.103897205234e-01 3.788341708543e-04 1.850001004060e-01 3.788341708543e-04 1.926500000000e-01
3.808492462312e-04 3.172500000000e-01 3.808492462312e-04 3.103907523521e-01 3.808492462312e-04 1.850000852826e-01 3.808492462312e-04 1.926500000000e-01
3.828643216080e-04 3.172500000000e-01 3.828643216080e-04 3.103916806211e-01 3.828643216080e-04 1.850000724371e-01 3.828643216080e-04 1.926500000000e-01
3.848793969849e-04 3.172500000000e-01 3.848793969849e-04 3.103925157218e-01 3.848793969849e-04 1.850000615264e-01 3.848793969849e-04 1.926500000000e-01
3.868944723618e-04 3.172500000000e-01 3.868944723618e-04 3.103932670034e-01 3.868944723618e-04 1.850000522591e-01 3.868944723618e-04 1.926500000000e-01
3.889095477387e-04 3.172500000000e-01 3.889095477387e-04 3.103939428771e-01 3.889095477387e-04 1.850000443877e-01 3.889095477387e-04 1.926500000000e-01
3.909246231156e-04 3.172500000000e-01 3.909246231156e-04 3.103945509105e-01 3.909246231156e-04 1.850000377019e-01 3.909246231156e-04 1.926500000000e-01
3.929396984925e-04 3.172500000000e-01 3.929396984925e-04 3.103950979120e-01 3.929396984925e-04 1.850000320231e-01 3.929396984925e-04 1.926500000000e-01
3.949547738693e-04 3.172500000000e-01 3.949547738693e-04 3.103955900069e-01 3.949547738693e-04 1.850000271997e-01 3.949547738693e-04 1.926500000000e-01
3.969698492462e-04 3.172500000000e-01 3.969698492462e-04 3.103960327059e-01 3.969698492462e-04 1.850000231028e-01 3.969698492462e-04 1.926500000000e-01
3.989849246231e-04 3.172500000000e-01 3.989849246231e-04 3.103964309667e-01 3.989849246231e-04 1.850000196230e-01 3.989849246231e-04 1.926500000000e-01
4.010000000000e-04 3.172500000000e-01 4.010000000000e-04 3.103967892496e-01 4.010000000000e-04 1.850000166673e-01 4.010000000000e-04 1.926500000000e-01
