0.000000000000e+00 1.970500000000e-01 0.000000000000e+00 3.110999773680e-01 0.000000000000e+00 1.859000418566e-01 0.000000000000e+00 3.047500000000e-01
2.035175879397e-06 1.970500000000e-01 2.035175879397e-06 3.110999733439e-01 2.035175879397e-06 1.859000481153e-01 2.035175879397e-06 3.047500000000e-01
4.070351758794e-06 1.970500000000e-01 4.070351758794e-06 3.110999686043e-01 4.070351758794e-06 1.859000553132e-01 4.070351758794e-06 3.047500000000e-01
6.105527638191e-06 1.970500000000e-01 6.105527638191e-06 3.110999630218e-01 6.105527638191e-06 1.859000635919e-01 6.105527638191e-06 3.047500000000e-01
8.140703517588e-06 1.970500000000e-01 8.140703517588e-06 3.110999564467e-01 8.140703517588e-06 1.859000731145e-01 8.140703517588e-06 3.047500000000e-01
1.017587939698e-05 1.970500000000e-01 1.017587939698e-05 3.110999487023e-01 1.017587939698e-05 1.859000840690e-01 1.017587939698e-05 3.047500000000e-01
1.221105527638e-05 1.970500000000e-01 1.221105527638e-05 3.110999395808e-01 1.221105527638e-05 1.859000966719e-01 1.221105527638e-05 3.047500000000e-01
1.424623115578e-05 1.970500000000e-01 1.424623115578e-05 3.110999288371e-01 1.424623115578e-05 1.859001111727e-01 1.424623115578e-05 3.047500000000e-01
1.628140703518e-05 1.970500000000e-01 1.628140703518e-05 3.110999161828e-01 1.628140703518e-05 1.859001278590e-01 1.628140703518e-05 3.047500000000e-01
1.831658291457e-05 1.970500000000e-01 1.831658291457e-05 3.110999012781e-01 1.831658291457e-05 1.859001470624e-01 1.831658291457e-05 3.047500000000e-01
2.035175879397e-05 1.970500000000e-01 2.035175879397e-05 3.110998837227e-01 2.035175879397e-05 1.859001691651e-01 2.035175879397e-05 3.047500000000e-01
2.238693467337e-05 1.970500000000e-01 2.238693467337e-05 3.110998630451e-01 2.238693467337e-05 1.859001946080e-01 2.238693467337e-05 3.047500000000e-01
2.442211055276e-05 1.970500000000e-01 2.442211055276e-05 3.110998386900e-01 2.442211055276e-05 1.859002238997e-01 2.442211055276e-05 3.047500000000e-01
2.645728643216e-05 1.970500000000e-01 2.645728643216e-05 3.110998100032e-01 2.645728643216e-05 1.859002576270e-01 2.645728643216e-05 3.047500000000e-01
2.849246231156e-05 1.970500000000e-01 2.849246231156e-05 3.110997762142e-01 2.849246231156e-05 1.859002964671e-01 2.849246231156e-05 3.047500000000e-01
3.052763819095e-05 1.970500000000e-01 3.052763819095e-05 3.110997364153e-01 3.052763819095e-05 1.859003412016e-01 3.052763819095e-05 3.047500000000e-01
3.256281407035e-05 1.970500000000e-01 3.256281407035e-05 3.110996895376e-01 3.256281407035e-05 1.859003927331e-01 3.256281407035e-05 3.047500000000e-01
3.459798994975e-05 1.970500000000e-01 3.459798994975e-05 3.110996343215e-01 3.459798994975e-05 1.859004521041e-01 3.459798994975e-05 3.047500000000e-01
3.663316582915e-05 1.970500000000e-01 3.663316582915e-05 3.110995692838e-01 3.663316582915e-05 1.859005205188e-01 3.663316582915e-05 3.047500000000e-01
3.866834170854e-05 1.970500000000e-01 3.866834170854e-05 3.110994926770e-01 3.866834170854e-05 1.859005993689e-01 3.866834170854e-05 3.047500000000e-01
4.070351758794e-05 1.970500000000e-01 4.070351758794e-05 3.110994024428e-01 4.070351758794e-05 1.859006902630e-01 4.070351758794e-05 3.047500000000e-01
4.273869346734e-05 1.970500000000e-01 4.273869346734e-05 3.110992961566e-01 4.273869346734e-05 1.859007950614e-01 4.273869346734e-05 3.047500000000e-01
4.477386934673e-05 1.970500000000e-01 4.477386934673e-05 3.110991709622e-01 4.477386934673e-05 1.859009159154e-01 4.477386934673e-05 3.047500000000e-01
4.680904522613e-05 1.970500000000e-01 4.680904522613e-05 3.110990234952e-01 4.680904522613e-05 1.859010553147e-01 4.680904522613e-05 3.047500000000e-01
4.884422110553e-05 1.970500000000e-01 4.884422110553e-05 3.110988497923e-01 4.884422110553e-05 1.859012161406e-01 4.884422110553e-05 3.047500000000e-01
5.087939698492e-05 1.970500000000e-01 5.087939698492e-05 3.110986451850e-01 5.087939698492e-05 1.859014017296e-01 5.087939698492e-05 3.047500000000e-01
5.291457286432e-05 1.970500000000e-01 5.291457286432e-05 3.110984041735e-01 5.291457286432e-05 1.859016159465e-01 5.291457286432e-05 3.047500000000e-01
5.494974874372e-05 1.970500000000e-01 5.494974874372e-05 3.110981202794e-01 5.494974874372e-05 1.859018632693e-01 5.494974874372e-05 3.047500000000e-01
5.698492462312e-05 1.970500000000e-01 5.698492462312e-05 3.110977858707e-01 5.698492462312e-05 1.859021488895e-01 5.698492462312e-05 3.047500000000e-01
5.902010050251e-05 1.970500000000e-01 5.902010050251e-05 3.110973919573e-01 5.902010050251e-05 1.859024788274e-01 5.902010050251e-05 3.047500000000e-01
6.105527638191e-05 1.970500000000e-01 6.105527638191e-05 3.110969279483e-01 6.105527638191e-05 1.859028600678e-01 6.105527638191e-05 3.047500000000e-01
6.309045226131e-05 1.970500000000e-01 6.309045226131e-05 3.110963813675e-01 6.309045226131e-05 1.859033007182e-01 6.309045226131e-05 3.047500000000e-01
6.512562814070e-05 1.970500000000e-01 6.512562814070e-05 3.110957375179e-01 6.512562814070e-05 1.859038101933e-01 6.512562814070e-05 3.047500000000e-01
6.716080402010e-05 1.970500000000e-01 6.716080402010e-05 3.110949790858e-01 6.716080402010e-05 1.859043994308e-01 6.716080402010e-05 3.047500000000e-01
6.919597989950e-05 1.970500000000e-01 6.919597989950e-05 3.110940856755e-01 6.919597989950e-05 1.859050811441e-01 6.919597989950e-05 3.047500000000e-01
7.123115577889e-05 1.970500000000e-01 7.123115577889e-05 3.110930332602e-01 7.123115577889e-05 1.859058701176e-01 7.123115577889e-05 3.047500000000e-01
7.326633165829e-05 1.970500000000e-01 7.326633165829e-05 3.110917935362e-01 7.326633165829e-05 1.859067835529e-01 7.326633165829e-05 3.047500000000e-01
7.530150753769e-05 1.970500000000e-01 7.530150753769e-05 3.110903331616e-01 7.530150753769e-05 1.859078414745e-01 7.530150753769e-05 3.047500000000e-01
7.733668341709e-05 1.970500000000e-01 7.733668341709e-05 3.110886128597e-01 7.733668341709e-05 1.859090672048e-01 7.733668341709e-05 3.047500000000e-01
7.937185929648e-05 1.970500000000e-01 7.937185929648e-05 3.110865863639e-01 7.937185929648e-05 1.859104879227e-01 7.937185929648e-05 3.047500000000e-01
8.140703517588e-05 1.970500000000e-01 8.140703517588e-05 3.110841991742e-01 8.140703517588e-05 1.859121353181e-01 8.140703517588e-05 3.047500000000e-01
8.344221105528e-05 1.970500000000e-01 8.344221105528e-05 3.110813870940e-01 8.344221105528e-05 1.859140463618e-01 8.344221105528e-05 3.047500000000e-01
8.547738693467e-05 1.970500000000e-01 8.547738693467e-05 3.110780745078e-01 8.547738693467e-05 1.859162642099e-01 8.547738693467e-05 3.047500000000e-01
8.751256281407e-05 1.970500000000e-01 8.751256281407e-05 3.110741723528e-01 8.751256281407e-05 1.859188392680e-01 8.751256281407e-05 3.047500000000e-01
8.954773869347e-05 1.970500000000e-01 8.954773869347e-05 3.110695757338e-01 8.954773869347e-05 1.859218304437e-01 8.954773869347e-05 3.047500000000e-01
9.158291457286e-05 1.970500000000e-01 9.158291457286e-05 3.110641611163e-01 9.158291457286e-05 1.859253066214e-01 9.158291457286e-05 3.047500000000e-01
9.361809045226e-05 1.970500000000e-01 9.361809045226e-05 3.110577830253e-01 9.361809045226e-05 1.859293484005e-01 9.361809045226e-05 3.047500000000e-01
9.565326633166e-05 1.970500000000e-01 9.565326633166e-05 3.110502701654e-01 9.565326633166e-05 1.859340501454e-01 9.565326633166e-05 3.047500000000e-01
9.768844221106e-05 1.970500000000e-01 9.768844221106e-05 3.110414208608e-01 9.768844221106e-05 1.859395224026e-01 9.768844221106e-05 3.047500000000e-01
9.972361809045e-05 1.970500000000e-01 9.972361809045e-05 3.110309976995e-01 9.972361809045e-05 1.859458947562e-01 9.972361809045e-05 3.047500000000e-01
1.017587939698e-04 1.970500000000e-01 1.017587939698e-04 3.110187212479e-01 1.017587939698e-04 1.859533191977e-01 1.017587939698e-04 3.047500000000e-01
1.037939698492e-04 1.970500000000e-01 1.037939698492e-04 3.110042626781e-01 1.037939698492e-04 1.859619741105e-01 1.037939698492e-04 3.047500000000e-01
1.058291457286e-04 1.970500000000e-01 1.058291457286e-04 3.109872351289e-01 1.058291457286e-04 1.859720689779e-01 1.058291457286e-04 3.047500000000e-01
1.078643216080e-04 1.970500000000e-01 1.078643216080e-04 3.109671835929e-01 1.078643216080e-04 1.859838499528e-01 1.078643216080e-04 3.047500000000e-01
1.098994974874e-04 1.970500000000e-01 1.098994974874e-04 3.109435730933e-01 1.098994974874e-04 1.859976064457e-01 1.098994974874e-04 3.047500000000e-01
1.119346733668e-04 1.970500000000e-01 1.119346733668e-04 3.109157748822e-01 1.119346733668e-04 1.860136789217e-01 1.119346733668e-04 3.047500000000e-01
1.139698492462e-04 1.970500000000e-01 1.139698492462e-04 3.108830503576e-01 1.139698492462e-04 1.860324681291e-01 1.139698492462e-04 3.047500000000e-01
1.160050251256e-04 1.970500000000e-01 1.160050251256e-04 3.108445323623e-01 1.160050251256e-04 1.860544460245e-01 1.160050251256e-04 3.047500000000e-01
1.180402010050e-04 1.970500000000e-01 1.180402010050e-04 3.107992034937e-01 1.180402010050e-04 1.860801687061e-01 1.180402010050e-04 3.047500000000e-01
1.200753768844e-04 1.970500000000e-01 1.200753768844e-04 3.107458710241e-01 1.200753768844e-04 1.861102917225e-01 1.200753768844e-04 3.047500000000e-01
1.221105527638e-04 1.970500000000e-01 1.221105527638e-04 3.106831380085e-01 1.221105527638e-04 1.861455881892e-01 1.221105527638e-04 3.047500000000e-01
1.241457286432e-04 1.970500000000e-01 1.241457286432e-04 3.106093701484e-01 1.241457286432e-04 1.861869702170e-01 1.241457286432e-04 3.047500000000e-01
1.261809045226e-04 1.970500000000e-01 1.261809045226e-04 3.105226579932e-01 1.261809045226e-04 1.862355142410e-01 1.261809045226e-04 3.047500000000e-01
1.282160804020e-04 1.970500000000e-01 1.282160804020e-04 3.104207741079e-01 1.282160804020e-04 1.862924909310e-01 1.282160804020e-04 3.047500000000e-01
1.302512562814e-04 1.970500000000e-01 1.302512562814e-04 3.103011249309e-01 1.302512562814e-04 1.863594004671e-01 1.302512562814e-04 3.047500000000e-01
1.322864321608e-04 1.970500000000e-01 1.322864321608e-04 3.101606972097e-01 1.322864321608e-04 1.864380140702e-01 1.322864321608e-04 3.047500000000e-01
1.343216080402e-04 1.970500000000e-01 1.343216080402e-04 3.099959991621e-01 1.343216080402e-04 1.865304227885e-01 1.343216080402e-04 3.047500000000e-01
1.363567839196e-04 1.970500000000e-01 1.363567839196e-04 3.098029968988e-01 1.363567839196e-04 1.866390946440e-01 1.363567839196e-04 3.047500000000e-01
1.383919597990e-04 1.970500000000e-01 1.383919597990e-04 3.095770471980e-01 1.383919597990e-04 1.867669413262e-01 1.383919597990e-04 3.047500000000e-01
1.404271356784e-04 1.970500000000e-01 1.404271356784e-04 3.093128284901e-01 1.404271356784e-04 1.869173956649e-01 1.404271356784e-04 3.047500000000e-01
1.424623115578e-04 1.970500000000e-01 1.424623115578e-04 3.090042729411e-01 1.424623115578e-04 1.870945010906e-01 1.424623115578e-04 3.047500000000e-01
1.444974874372e-04 1.970500000000e-01 1.444974874372e-04 3.086445038516e-01 1.444974874372e-04 1.873030141477e-01 1.444974874372e-04 3.047500000000e-01
1.465326633166e-04 1.970500000000e-01 1.465326633166e-04 3.082257842547e-01 1.465326633166e-04 1.875485208152e-01 1.465326633166e-04 3.047500000000e-01
1.485678391960e-04 1.970500000000e-01 1.485678391960e-04 3.077394845810e-01 1.485678391960e-04 1.878375668030e-01 1.485678391960e-04 3.047500000000e-01
1.506030150754e-04 1.970500000000e-01 1.506030150754e-04 3.071760795034e-01 1.506030150754e-04 1.881778010318e-01 1.506030150754e-04 3.047500000000e-01
1.526381909548e-04 1.970500000000e-01 1.526381909548e-04 3.065251863992e-01 1.526381909548e-04 1.885781300000e-01 1.526381909548e-04 3.047500000000e-01
1.546733668342e-04 1.970500000000e-01 1.546733668342e-04 3.057756599599e-01 1.546733668342e-04 1.890488785095e-01 1.546733668342e-04 3.047500000000e-01
1.567085427136e-04 1.970500000000e-01 1.567085427136e-04 3.049157588304e-01 1.567085427136e-04 1.896019490357e-01 1.567085427136e-04 3.047500000000e-01
1.587437185930e-04 1.970500000000e-01 1.587437185930e-04 3.039334000142e-01 1.587437185930e-04 1.902509676523e-01 1.587437185930e-04 3.047500000000e-01
1.607788944724e-04 1.970500000000e-01 1.607788944724e-04 3.028165141816e-01 1.607788944724e-04 1.910113986649e-01 1.607788944724e-04 3.047500000000e-01
1.628140703518e-04 1.970500000000e-01 1.628140703518e-04 3.015535088550e-01 1.628140703518e-04 1.919006029035e-01 1.628140703518e-04 3.047500000000e-01
1.648492462312e-04 1.970500000000e-01 1.648492462312e-04 3.001338356636e-01 1.648492462312e-04 1.929378061898e-01 1.648492462312e-04 3.047500000000e-01
1.668844221106e-04 1.970500000000e-01 1.668844221106e-04 2.985486418898e-01 1.668844221106e-04 1.941439355522e-01 1.668844221106e-04 3.047500000000e-01
1.689195979899e-04 1.970500000000e-01 1.689195979899e-04 2.967914657172e-01 1.689195979899e-04 1.955412728206e-01 1.689195979899e-04 3.047500000000e-01
1.709547738693e-04 1.970500000000e-01 1.709547738693e-04 2.948589109084e-01 1.709547738693e-04 1.971528709012e-01 1.709547738693e-04 3.047500000000e-01
1.729899497487e-04 1.970500000000e-01 1.729899497487e-04 2.927512140326e-01 1.729899497487e-04 1.990016811860e-01 1.729899497487e-04 3.047500000000e-01
1.750251256281e-04 1.970500000000e-01 1.750251256281e-04 2.904726017944e-01 1.750251256281e-04 2.011093561537e-01 1.750251256281e-04 3.047500000000e-01
1.770603015075e-04 1.970500000000e-01 1.770603015075e-04 2.880313345862e-01 1.770603015075e-04 2.034947244260e-01 1.770603015075e-04 3.047500000000e-01
1.790954773869e-04 1.970500000000e-01 1.790954773869e-04 2.854393515051e-01 1.790954773869e-04 2.061719897340e-01 1.790954773869e-04 3.047500000000e-01
1.811306532663e-04 1.970500000000e-01 1.811306532663e-04 2.827114749808e-01 1.811306532663e-04 2.091487789754e-01 1.811306532663e-04 3.047500000000e-01
1.831658291457e-04 1.970500000000e-01 1.831658291457e-04 2.798641974712e-01 1.831658291457e-04 2.124242480394e-01 1.831658291457e-04 3.047500000000e-01
1.852010050251e-04 1.970500000000e-01 1.852010050251e-04 2.769141494626e-01 1.852010050251e-04 2.159875270746e-01 1.852010050251e-04 3.047500000000e-01
1.872361809045e-04 1.970500000000e-01 1.872361809045e-04 2.738764230008e-01 1.872361809045e-04 2.198168205423e-01 1.872361809045e-04 3.047500000000e-01
1.892713567839e-04 1.970500000000e-01 1.892713567839e-04 2.707629822641e-01 1.892713567839e-04 2.238794424895e-01 1.892713567839e-04 3.047500000000e-01
1.913065326633e-04 1.970500000000e-01 1.913065326633e-04 2.675814192699e-01 1.913065326633e-04 2.281329482981e-01 1.913065326633e-04 3.047500000000e-01
1.933417085427e-04 1.970500000000e-01 1.933417085427e-04 2.643343019789e-01 1.933417085427e-04 2.325273328013e-01 1.933417085427e-04 3.047500000000e-01
1.953768844221e-04 1.970500000000e-01 1.953768844221e-04 2.610193138054e-01 1.953768844221e-04 2.370080461610e-01 1.953768844221e-04 3.047500000000e-01
1.974120603015e-04 1.970500000000e-01 1.974120603015e-04 2.576303017825e-01 1.974120603015e-04 2.415193998863e-01 1.974120603015e-04 3.047500000000e-01
1.994472361809e-04 1.970500000000e-01 1.994472361809e-04 2.541592395647e-01 1.994472361809e-04 2.460078573845e-01 1.994472361809e-04 3.047500000000e-01
2.014824120603e-04 1.970500000000e-01 2.014824120603e-04 2.505989740999e-01 2.014824120603e-04 2.504247541207e-01 2.014824120603e-04 3.047500000000e-01
2.035175879397e-04 1.970500000000e-01 2.035175879397e-04 2.469464666917e-01 2.035175879397e-04 2.547281515511e-01 2.035175879397e-04 3.047500000000e-01
2.055527638191e-04 1.970500000000e-01 2.055527638191e-04 2.432060768741e-01 2.055527638191e-04 2.588837384587e-01 2.055527638191e-04 3.047500000000e-01
2.075879396985e-04 1.970500000000e-01 2.075879396985e-04 2.393923073442e-01 2.075879396985e-04 2.628648849363e-01 2.075879396985e-04 3.047500000000e-01
2.096231155779e-04 1.970500000000e-01 2.096231155779e-04 2.355313863855e-01 2.096231155779e-04 2.666520783197e-01 2.096231155779e-04 3.047500000000e-01
2.116582914573e-04 1.970500000000e-01 2.116582914573e-04 2.316611696815e-01 2.116582914573e-04 2.702320103263e-01 2.116582914573e-04 3.047500000000e-01
2.136934673367e-04 1.970500000000e-01 2.136934673367e-04 2.278291233435e-01 2.136934673367e-04 2.735965543275e-01 2.136934673367e-04 3.047500000000e-01
2.157286432161e-04 1.970500000000e-01 2.157286432161e-04 2.240885639386e-01 2.157286432161e-04 2.767418012029e-01 2.157286432161e-04 3.047500000000e-01
2.177638190955e-04 1.970500000000e-01 2.177638190955e-04 2.204937627122e-01 2.177638190955e-04 2.796672427191e-01 2.177638190955e-04 3.047500000000e-01
2.197989949749e-04 1.970500000000e-01 2.197989949749e-04 2.170948161083e-01 2.197989949749e-04 2.823751249686e-01 2.197989949749e-04 3.047500000000e-01
2.218341708543e-04 1.970500000000e-01 2.218341708543e-04 2.139332263809e-01 2.218341708543e-04 2.848699512928e-01 2.218341708543e-04 3.047500000000e-01
2.238693467337e-04 1.970500000000e-01 2.238693467337e-04 2.110389098071e-01 2.238693467337e-04 2.871580945327e-01 2.238693467337e-04 3.047500000000e-01
2.259045226131e-04 1.970500000000e-01 2.259045226131e-04 2.084289518489e-01 2.259045226131e-04 2.892474768448e-01 2.259045226131e-04 3.047500000000e-01
2.279396984925e-04 1.970500000000e-01 2.279396984925e-04 2.061080117056e-01 2.279396984925e-04 2.911472842383e-01 2.279396984925e-04 3.047500000000e-01
2.299748743719e-04 1.970500000000e-01 2.299748743719e-04 2.040699753623e-01 2.299748743719e-04 2.928676957651e-01 2.299748743719e-04 3.047500000000e-01
2.320100502513e-04 1.970500000000e-01 2.320100502513e-04 2.023003262112e-01 2.320100502513e-04 2.944196193067e-01 2.320100502513e-04 3.047500000000e-01
2.340452261307e-04 1.970500000000e-01 2.340452261307e-04 2.007787293357e-01 2.340452261307e-04 2.958144347263e-01 2.340452261307e-04 3.047500000000e-01
2.360804020101e-04 1.970500000000e-01 2.360804020101e-04 1.994814492019e-01 2.360804020101e-04 2.970637501531e-01 2.360804020101e-04 3.047500000000e-01
2.381155778894e-04 1.970500000000e-01 2.381155778894e-04 1.983833745529e-01 2.381155778894e-04 2.981791787966e-01 2.381155778894e-04 3.047500000000e-01
2.401507537688e-04 1.970500000000e-01 2.401507537688e-04 1.974595613150e-01 2.401507537688e-04 2.991721429433e-01 2.401507537688e-04 3.047500000000e-01
2.421859296482e-04 1.970500000000e-01 2.421859296482e-04 1.966863020339e-01 2.421859296482e-04 3.000537097113e-01 2.421859296482e-04 3.047500000000e-01
2.442211055276e-04 1.970500000000e-01 2.442211055276e-04 1.960417863605e-01 2.442211055276e-04 3.008344606087e-01 2.442211055276e-04 3.047500000000e-01
2.462562814070e-04 1.970500000000e-01 2.462562814070e-04 1.955064396770e-01 2.462562814070e-04 3.015243945641e-01 2.462562814070e-04 3.047500000000e-01
2.482914572864e-04 1.970500000000e-01 2.482914572864e-04 1.950630275454e-01 2.482914572864e-04 3.021328621991e-01 2.482914572864e-04 3.047500000000e-01
2.503266331658e-04 1.970500000000e-01 2.503266331658e-04 1.946966024547e-01 2.503266331658e-04 3.026685278230e-01 2.503266331658e-04 3.047500000000e-01
2.523618090452e-04 1.970500000000e-01 2.523618090452e-04 1.943943536406e-01 2.523618090452e-04 3.031393549249e-01 2.523618090452e-04 3.047500000000e-01
2.543969849246e-04 1.970500000000e-01 2.543969849246e-04 1.941454049600e-01 2.543969849246e-04 3.035526107189e-01 2.543969849246e-04 3.047500000000e-01
2.564321608040e-04 1.970500000000e-01 2.564321608040e-04 1.939405920945e-01 2.564321608040e-04 3.039148854473e-01 2.564321608040e-04 3.047500000000e-01
2.584673366834e-04 1.970500000000e-01 2.584673366834e-04 1.937722394924e-01 2.584673366834e-04 3.042321225258e-01 2.584673366834e-04 3.047500000000e-01
2.605025125628e-04 1.970500000000e-01 2.605025125628e-04 1.936339493864e-01 2.605025125628e-04 3.045096561302e-01 2.605025125628e-04 3.047500000000e-01
2.625376884422e-04 1.970500000000e-01 2.625376884422e-04 1.935204095394e-01 2.625376884422e-04 3.047522533858e-01 2.625376884422e-04 3.047500000000e-01
2.645728643216e-04 1.970500000000e-01 2.645728643216e-04 1.934272225621e-01 2.645728643216e-04 3.049641588785e-01 2.645728643216e-04 3.047500000000e-01
2.666080402010e-04 1.970500000000e-01 2.666080402010e-04 1.933507572253e-01 2.666080402010e-04 3.051491397136e-01 2.666080402010e-04 3.047500000000e-01
2.686432160804e-04 1.970500000000e-01 2.686432160804e-04 1.932880207535e-01 2.686432160804e-04 3.053105298039e-01 2.686432160804e-04 3.047500000000e-01
2.706783919598e-04 1.970500000000e-01 2.706783919598e-04 1.932365503148e-01 2.706783919598e-04 3.054512724404e-01 2.706783919598e-04 3.047500000000e-01
2.727135678392e-04 1.970500000000e-01 2.727135678392e-04 1.931943215822e-01 2.727135678392e-04 3.055739605142e-01 2.727135678392e-04 3.047500000000e-01
2.747487437186e-04 1.970500000000e-01 2.747487437186e-04 1.931596721796e-01 2.747487437186e-04 3.056808739994e-01 2.747487437186e-04 3.047500000000e-01
2.767839195980e-04 1.970500000000e-01 2.767839195980e-04 1.931312379113e-01 2.767839195980e-04 3.057740144974e-01 2.767839195980e-04 3.047500000000e-01
2.788190954774e-04 1.970500000000e-01 2.788190954774e-04 1.931078998521e-01 2.788190954774e-04 3.058551367837e-01 2.788190954774e-04 3.047500000000e-01
2.808542713568e-04 1.970500000000e-01 2.808542713568e-04 1.930887405859e-01 2.808542713568e-04 3.059257773995e-01 2.808542713568e-04 3.047500000000e-01
2.828894472362e-04 1.970500000000e-01 2.828894472362e-04 1.930730081001e-01 2.828894472362e-04 3.059872804020e-01 2.828894472362e-04 3.047500000000e-01
2.849246231156e-04 1.970500000000e-01 2.849246231156e-04 1.930600860546e-01 2.849246231156e-04 3.060408204318e-01 2.849246231156e-04 3.047500000000e-01
2.869597989950e-04 1.970500000000e-01 2.869597989950e-04 1.930494693372e-01 2.869597989950e-04 3.060874232855e-01 2.869597989950e-04 3.047500000000e-01
2.889949748744e-04 1.970500000000e-01 2.889949748744e-04 1.930407439888e-01 2.889949748744e-04 3.061279841920e-01 2.889949748744e-04 3.047500000000e-01
2.910301507538e-04 1.970500000000e-01 2.910301507538e-04 1.930335707338e-01 2.910301507538e-04 3.061632839977e-01 2.910301507538e-04 3.047500000000e-01
2.930653266332e-04 1.970500000000e-01 2.930653266332e-04 1.930276714759e-01 2.930653266332e-04 3.061940034591e-01 2.930653266332e-04 3.047500000000e-01
2.951005025126e-04 1.970500000000e-01 2.951005025126e-04 1.930228182323e-01 2.951005025126e-04 3.062207358357e-01 2.951005025126e-04 3.047500000000e-01
2.971356783920e-04 1.970500000000e-01 2.971356783920e-04 1.930188240690e-01 2.971356783920e-04 3.062439979616e-01 2.971356783920e-04 3.047500000000e-01
2.991708542714e-04 1.970500000000e-01 2.991708542714e-04 1.930155356780e-01 2.991708542714e-04 3.062642399637e-01 2.991708542714e-04 3.047500000000e-01
3.012060301508e-04 1.970500000000e-01 3.012060301508e-04 1.930128272981e-01 3.012060301508e-04 3.062818537802e-01 3.012060301508e-04 3.047500000000e-01
3.032412060302e-04 1.970500000000e-01 3.032412060302e-04 1.930105957395e-01 3.032412060302e-04 3.062971806160e-01 3.032412060302e-04 3.047500000000e-01
3.052763819095e-04 1.970500000000e-01 3.052763819095e-04 1.930087563085e-01 3.052763819095e-04 3.063105174628e-01 3.052763819095e-04 3.047500000000e-01
3.073115577889e-04 1.970500000000e-01 3.073115577889e-04 1.930072394720e-01 3.073115577889e-04 3.063221227954e-01 3.073115577889e-04 3.047500000000e-01
3.093467336683e-04 1.970500000000e-01 3.093467336683e-04 1.930059881259e-01 3.093467336683e-04 3.063322215436e-01 3.093467336683e-04 3.047500000000e-01
3.113819095477e-04 1.970500000000e-01 3.113819095477e-04 1.930049553584e-01 3.113819095477e-04 3.063410094302e-01 3.113819095477e-04 3.047500000000e-01
3.134170854271e-04 1.970500000000e-01 3.134170854271e-04 1.930041026178e-01 3.134170854271e-04 3.063486567533e-01 3.134170854271e-04 3.047500000000e-01
3.154522613065e-04 1.970500000000e-01 3.154522613065e-04 1.930033982112e-01 3.154522613065e-04 3.063553116822e-01 3.154522613065e-04 3.047500000000e-01
3.174874371859e-04 1.970500000000e-01 3.174874371859e-04 1.930028160755e-01 3.174874371859e-04 3.063611031292e-01 3.174874371859e-04 3.047500000000e-01
3.195226130653e-04 1.970500000000e-01 3.195226130653e-04 1.930023347690e-01 3.195226130653e-04 3.063661432497e-01 3.195226130653e-04 3.047500000000e-01
3.215577889447e-04 1.970500000000e-01 3.215577889447e-04 1.930019366454e-01 3.215577889447e-04 3.063705296203e-01 3.215577889447e-04 3.047500000000e-01
3.235929648241e-04 1.970500000000e-01 3.235929648241e-04 1.930016071763e-01 3.235929648241e-04 3.063743471329e-01 3.235929648241e-04 3.047500000000e-01
3.256281407035e-04 1.970500000000e-01 3.256281407035e-04 1.930013343957e-01 3.256281407035e-04 3.063776696448e-01 3.256281407035e-04 3.047500000000e-01
3.276633165829e-04 1.970500000000e-01 3.276633165829e-04 1.930011084438e-01 3.276633165829e-04 3.063805614133e-01 3.276633165829e-04 3.047500000000e-01
3.296984924623e-04 1.970500000000e-01 3.296984924623e-04 1.930009211931e-01 3.296984924623e-04 3.063830783449e-01 3.296984924623e-04 3.047500000000e-01
3.317336683417e-04 1.970500000000e-01 3.317336683417e-04 1.930007659413e-01 3.317336683417e-04 3.063852690810e-01 3.317336683417e-04 3.047500000000e-01
3.337688442211e-04 1.970500000000e-01 3.337688442211e-04 1.930006371589e-01 3.337688442211e-04 3.063871759434e-01 3.337688442211e-04 3.047500000000e-01
3.358040201005e-04 1.970500000000e-01 3.358040201005e-04 1.930005302820e-01 3.358040201005e-04 3.063888357560e-01 3.358040201005e-04 3.047500000000e-01
3.378391959799e-04 1.970500000000e-01 3.378391959799e-04 1.930004415421e-01 3.378391959799e-04 3.063902805601e-01 3.378391959799e-04 3.047500000000e-01
3.398743718593e-04 1.970500000000e-01 3.398743718593e-04 1.930003678260e-01 3.398743718593e-04 3.063915382361e-01 3.398743718593e-04 3.047500000000e-01
3.419095477387e-04 1.970500000000e-01 3.419095477387e-04 1.930003065609e-01 3.419095477387e-04 3.063926330450e-01 3.419095477387e-04 3.047500000000e-01
3.439447236181e-04 1.970500000000e-01 3.439447236181e-04 1.930002556194e-01 3.439447236181e-04 3.063935860982e-01 3.439447236181e-04 3.047500000000e-01
3.459798994975e-04 1.970500000000e-01 3.459798994975e-04 1.930002132416e-01 3.459798994975e-04 3.063944157677e-01 3.459798994975e-04 3.047500000000e-01
3.480150753769e-04 1.970500000000e-01 3.480150753769e-04 1.930001779711e-01 3.480150753769e-04 3.063951380413e-01 3.480150753769e-04 3.047500000000e-01
3.500502512563e-04 1.970500000000e-01 3.500502512563e-04 1.930001486019e-01 3.500502512563e-04 3.063957668332e-01 3.500502512563e-04 3.047500000000e-01
3.520854271357e-04 1.970500000000e-01 3.520854271357e-04 1.930001241353e-01 3.520854271357e-04 3.063963142526e-01 3.520854271357e-04 3.047500000000e-01
3.541206030151e-04 1.970500000000e-01 3.541206030151e-04 1.930001037431e-01 3.541206030151e-04 3.063967908387e-01 3.541206030151e-04 3.047500000000e-01
3.561557788945e-04 1.970500000000e-01 3.561557788945e-04 1.930000867390e-01 3.561557788945e-04 3.063972057639e-01 3.561557788945e-04 3.047500000000e-01
3.581909547739e-04 1.970500000000e-01 3.581909547739e-04 1.930000725534e-01 3.581909547739e-04 3.063975670121e-01 3.581909547739e-04 3.047500000000e-01
3.602261306533e-04 1.970500000000e-01 3.602261306533e-04 1.930000607138e-01 3.602261306533e-04 3.063978815322e-01 3.602261306533e-04 3.047500000000e-01
3.622613065327e-04 1.970500000000e-01 3.622613065327e-04 1.930000508277e-01 3.622613065327e-04 3.063981553728e-01 3.622613065327e-04 3.047500000000e-01
3.642964824121e-04 1.970500000000e-01 3.642964824121e-04 1.930000425690e-01 3.642964824121e-04 3.063983937986e-01 3.642964824121e-04 3.047500000000e-01
3.663316582915e-04 1.970500000000e-01 3.663316582915e-04 1.930000356668e-01 3.663316582915e-04 3.063986013928e-01 3.663316582915e-04 3.047500000000e-01
3.683668341709e-04 1.970500000000e-01 3.683668341709e-04 1.930000298958e-01 3.683668341709e-04 3.063987821446e-01 3.683668341709e-04 3.047500000000e-01
3.704020100503e-04 1.970500000000e-01 3.704020100503e-04 1.930000250684e-01 3.704020100503e-04 3.063989395268e-01 3.704020100503e-04 3.047500000000e-01
3.724371859296e-04 1.970500000000e-01 3.724371859296e-04 1.930000210287e-01 3.724371859296e-04 3.063990765626e-01 3.724371859296e-04 3.047500000000e-01
3.744723618090e-04 1.970500000000e-01 3.744723618090e-04 1.930000176466e-01 3.744723618090e-04 3.063991958837e-01 3.744723618090e-04 3.047500000000e-01
3.765075376884e-04 1.970500000000e-01 3.765075376884e-04 1.930000148140e-01 3.765075376884e-04 3.063992997812e-01 3.765075376884e-04 3.047500000000e-01
3.785427135678e-04 1.970500000000e-01 3.785427135678e-04 1.930000124407e-01 3.785427135678e-04 3.063993902499e-01 3.785427135678e-04 3.047500000000e-01
3.805778894472e-04 1.970500000000e-01 3.805778894472e-04 1.930000104512e-01 3.805778894472e-04 3.063994690261e-01 3.805778894472e-04 3.047500000000e-01
3.826130653266e-04 1.970500000000e-01 3.826130653266e-04 1.930000087830e-01 3.826130653266e-04 3.063995376217e-01 3.826130653266e-04 3.047500000000e-01
3.846482412060e-04 1.970500000000e-01 3.846482412060e-04 1.930000073836e-01 3.846482412060e-04 3.063995973530e-01 3.846482412060e-04 3.047500000000e-01
3.866834170854e-04 1.970500000000e-01 3.866834170854e-04 1.930000062092e-01 3.866834170854e-04 3.063996493658e-01 3.866834170854e-04 3.047500000000e-01
3.887185929648e-04 1.970500000000e-01 3.887185929648e-04 1.930000052233e-01 3.887185929648e-04 3.063996946579e-01 3.887185929648e-04 3.047500000000e-01
3.907537688442e-04 1.970500000000e-01 3.907537688442e-04 1.930000043953e-01 3.907537688442e-04 3.063997340981e-01 3.907537688442e-04 3.047500000000e-01
3.927889447236e-04 1.970500000000e-01 3.927889447236e-04 1.930000036998e-01 3.927889447236e-04 3.063997684427e-01 3.927889447236e-04 3.047500000000e-01
3.948241206030e-04 1.970500000000e-01 3.948241206030e-04 1.930000031152e-01 3.948241206030e-04 3.063997983502e-01 3.948241206030e-04 3.047500000000e-01
3.968592964824e-04 1.970500000000e-01 3.968592964824e-04 1.930000026237e-01 3.968592964824e-04 3.063998243941e-01 3.968592964824e-04 3.047500000000e-01
3.988944723618e-04 1.970500000000e-01 3.988944723618e-04 1.930000022105e-01 3.988944723618e-04 3.063998470736e-01 3.988944723618e-04 3.047500000000e-01
4.009296482412e-04 1.970500000000e-01 4.009296482412e-04 1.930000018628e-01 4.009296482412e-04 3.063998668234e-01 4.009296482412e-04 3.047500000000e-01
4.029648241206e-04 1.970500000000e-01 4.029648241206e-04 1.930000015702e-01 4.029648241206e-04 3.063998840222e-01 4.029648241206e-04 3.047500000000e-01
4.050000000000e-04 1.970500000000e-01 4.050000000000e-04 1.930000013240e-01 4.050000000000e-04 3.063998989995e-01 4.050000000000e-04 3.047500000000e-01
