0.000000000000e+00 1.301165252436e-01 0.000000000000e+00 1.074011245284e-01 0.000000000000e+00 2.906999997244e-01 0.000000000000e+00 2.685419962577e-01 0.000000000000e+00 2.033069006262e-01
2.422110552764e-06 1.301181096630e-01 2.422110552764e-06 1.074012755456e-01 2.422110552764e-06 2.906999996550e-01 2.422110552764e-06 2.685148359062e-01 2.422110552764e-06 2.033335638775e-01
4.844221105528e-06 1.301198464271e-01 4.844221105528e-06 1.074014468436e-01 4.844221105528e-06 2.906999995681e-01 4.844221105528e-06 2.684856239586e-01 4.844221105528e-06 2.033619601845e-01
7.266331658291e-06 1.301217502503e-01 7.266331658291e-06 1.074016411461e-01 7.266331658291e-06 2.906999994591e-01 7.266331658291e-06 2.684542068575e-01 7.266331658291e-06 2.033922002336e-01
9.688442211055e-06 1.301238372776e-01 9.688442211055e-06 1.074018615424e-01 9.688442211055e-06 2.906999993225e-01 9.688442211055e-06 2.684204197742e-01 9.688442211055e-06 2.034244015119e-01
1.211055276382e-05 1.301261252263e-01 1.211055276382e-05 1.074021115367e-01 1.211055276382e-05 2.906999991511e-01 1.211055276382e-05 2.683840858173e-01 1.211055276382e-05 2.034586886880e-01
1.453266331658e-05 1.301286335397e-01 1.453266331658e-05 1.074023951037e-01 1.453266331658e-05 2.906999989362e-01 1.453266331658e-05 2.683450151898e-01 1.453266331658e-05 2.034951940090e-01
1.695477386935e-05 1.301313835581e-01 1.695477386935e-05 1.074027167521e-01 1.695477386935e-05 2.906999986665e-01 1.695477386935e-05 2.683030042949e-01 1.695477386935e-05 2.035340577146e-01
1.937688442211e-05 1.301343987057e-01 1.937688442211e-05 1.074030815957e-01 1.937688442211e-05 2.906999983281e-01 1.937688442211e-05 2.682578347866e-01 1.937688442211e-05 2.035754284666e-01
2.179899497487e-05 1.301377046963e-01 2.179899497487e-05 1.074034954351e-01 2.179899497487e-05 2.906999979034e-01 2.179899497487e-05 2.682092725638e-01 2.179899497487e-05 2.036194637938e-01
2.422110552764e-05 1.301413297610e-01 2.422110552764e-05 1.074039648496e-01 2.422110552764e-05 2.906999973701e-01 2.422110552764e-05 2.681570667058e-01 2.422110552764e-05 2.036663305530e-01
2.664321608040e-05 1.301453048967e-01 2.664321608040e-05 1.074044973022e-01 2.664321608040e-05 2.906999967006e-01 2.664321608040e-05 2.681009483470e-01 2.664321608040e-05 2.037162054040e-01
2.906532663317e-05 1.301496641419e-01 2.906532663317e-05 1.074051012575e-01 2.906532663317e-05 2.906999958597e-01 2.906532663317e-05 2.680406294906e-01 2.906532663317e-05 2.037692752976e-01
3.148743718593e-05 1.301544448790e-01 3.148743718593e-05 1.074057863165e-01 3.148743718593e-05 2.906999948033e-01 3.148743718593e-05 2.679758017577e-01 3.148743718593e-05 2.038257379768e-01
3.390954773869e-05 1.301596881681e-01 3.390954773869e-05 1.074065633692e-01 3.390954773869e-05 2.906999934761e-01 3.390954773869e-05 2.679061350736e-01 3.390954773869e-05 2.038858024881e-01
3.633165829146e-05 1.301654391139e-01 3.633165829146e-05 1.074074447670e-01 3.633165829146e-05 2.906999918082e-01 3.633165829146e-05 2.678312762892e-01 3.633165829146e-05 2.039496897014e-01
3.875376884422e-05 1.301717472713e-01 3.875376884422e-05 1.074084445195e-01 3.875376884422e-05 2.906999897117e-01 3.875376884422e-05 2.677508477386e-01 3.875376884422e-05 2.040176328371e-01
4.117587939698e-05 1.301786670913e-01 4.117587939698e-05 1.074095785159e-01 4.117587939698e-05 2.906999870761e-01 4.117587939698e-05 2.676644457338e-01 4.117587939698e-05 2.040898779959e-01
4.359798994975e-05 1.301862584134e-01 4.359798994975e-05 1.074108647777e-01 4.359798994975e-05 2.906999837619e-01 4.359798994975e-05 2.675716389984e-01 4.359798994975e-05 2.041666846896e-01
4.602010050251e-05 1.301945870082e-01 4.602010050251e-05 1.074123237441e-01 4.602010050251e-05 2.906999795938e-01 4.602010050251e-05 2.674719670429e-01 4.602010050251e-05 2.042483263688e-01
4.844221105528e-05 1.302037251764e-01 4.844221105528e-05 1.074139785959e-01 4.844221105528e-05 2.906999743508e-01 4.844221105528e-05 2.673649384868e-01 4.844221105528e-05 2.043350909422e-01
5.086432160804e-05 1.302137524090e-01 5.086432160804e-05 1.074158556227e-01 5.086432160804e-05 2.906999677544e-01 5.086432160804e-05 2.672500293321e-01 5.086432160804e-05 2.044272812831e-01
5.328643216080e-05 1.302247561168e-01 5.328643216080e-05 1.074179846392e-01 5.328643216080e-05 2.906999594538e-01 5.328643216080e-05 2.671266811961e-01 5.328643216080e-05 2.045252157179e-01
5.570854271357e-05 1.302368324351e-01 5.570854271357e-05 1.074203994564e-01 5.570854271357e-05 2.906999490069e-01 5.570854271357e-05 2.669942995125e-01 5.570854271357e-05 2.046292284890e-01
5.813065326633e-05 1.302500871123e-01 5.813065326633e-05 1.074231384160e-01 5.813065326633e-05 2.906999358562e-01 5.813065326633e-05 2.668522517124e-01 5.813065326633e-05 2.047396701851e-01
6.055276381910e-05 1.302646364916e-01 6.055276381910e-05 1.074262449960e-01 6.055276381910e-05 2.906999192994e-01 6.055276381910e-05 2.666998653988e-01 6.055276381910e-05 2.048569081309e-01
6.297487437186e-05 1.302806085955e-01 6.297487437186e-05 1.074297684962e-01 6.297487437186e-05 2.906998984507e-01 6.297487437186e-05 2.665364265322e-01 6.297487437186e-05 2.049813267270e-01
6.539698492462e-05 1.302981443233e-01 6.539698492462e-05 1.074337648145e-01 6.539698492462e-05 2.906998721930e-01 6.539698492462e-05 2.663611776459e-01 6.539698492462e-05 2.051133277295e-01
6.781909547739e-05 1.303173987765e-01 6.781909547739e-05 1.074382973265e-01 6.781909547739e-05 2.906998391177e-01 6.781909547739e-05 2.661733161164e-01 6.781909547739e-05 2.052533304587e-01
7.024120603015e-05 1.303385427219e-01 7.024120603015e-05 1.074434378805e-01 7.024120603015e-05 2.906997974481e-01 7.024120603015e-05 2.659719925145e-01 7.024120603015e-05 2.054017719239e-01
7.266331658291e-05 1.303617642113e-01 7.266331658291e-05 1.074492679232e-01 7.266331658291e-05 2.906997449426e-01 7.266331658291e-05 2.657563090701e-01 7.266331658291e-05 2.055591068529e-01
7.508542713568e-05 1.303872703714e-01 7.508542713568e-05 1.074558797740e-01 7.508542713568e-05 2.906996787733e-01 7.508542713568e-05 2.655253182875e-01 7.508542713568e-05 2.057258076099e-01
7.750753768844e-05 1.304152893852e-01 7.750753768844e-05 1.074633780648e-01 7.750753768844e-05 2.906995953718e-01 7.750753768844e-05 2.652780217517e-01 7.750753768844e-05 2.059023639889e-01
7.992964824121e-05 1.304460726832e-01 7.992964824121e-05 1.074718813679e-01 7.992964824121e-05 2.906994902347e-01 7.992964824121e-05 2.650133691737e-01 7.992964824121e-05 2.060892828653e-01
8.235175879397e-05 1.304798973694e-01 8.235175879397e-05 1.074815240346e-01 8.235175879397e-05 2.906993576782e-01 8.235175879397e-05 2.647302577286e-01 8.235175879397e-05 2.062870876905e-01
8.477386934673e-05 1.305170689052e-01 8.477386934673e-05 1.074924582705e-01 8.477386934673e-05 2.906991905276e-01 8.477386934673e-05 2.644275317433e-01 8.477386934673e-05 2.064963178108e-01
8.719597989950e-05 1.305579240818e-01 8.719597989950e-05 1.075048564778e-01 8.719597989950e-05 2.906989797252e-01 8.719597989950e-05 2.641039828010e-01 8.719597989950e-05 2.067175275959e-01
8.961809045226e-05 1.306028343102e-01 8.961809045226e-05 1.075189138940e-01 8.961809045226e-05 2.906987138350e-01 8.961809045226e-05 2.637583503326e-01 8.961809045226e-05 2.069512853578e-01
9.204020100503e-05 1.306522092642e-01 9.204020100503e-05 1.075348515650e-01 9.204020100503e-05 2.906983784163e-01 9.204020100503e-05 2.633893227730e-01 9.204020100503e-05 2.071981720432e-01
9.446231155779e-05 1.307065009148e-01 9.446231155779e-05 1.075529196894e-01 9.446231155779e-05 2.906979552329e-01 9.446231155779e-05 2.629955393635e-01 9.446231155779e-05 2.074587796860e-01
9.688442211055e-05 1.307662079964e-01 9.688442211055e-05 1.075734013768e-01 9.688442211055e-05 2.906974212525e-01 9.688442211055e-05 2.625755926901e-01 9.688442211055e-05 2.077337096018e-01
9.930653266332e-05 1.308318809541e-01 9.930653266332e-05 1.075966168652e-01 9.930653266332e-05 2.906967473829e-01 9.930653266332e-05 2.621280320470e-01 9.930653266332e-05 2.080235703147e-01
1.017286432161e-04 1.309041274202e-01 1.017286432161e-04 1.076229282465e-01 1.017286432161e-04 2.906958968740e-01 1.017286432161e-04 2.616513677203e-01 1.017286432161e-04 2.083289752046e-01
1.041507537688e-04 1.309836182782e-01 1.041507537688e-04 1.076527447519e-01 1.041507537688e-04 2.906948232981e-01 1.041507537688e-04 2.611440762860e-01 1.041507537688e-04 2.086505398697e-01
1.065728643216e-04 1.310710943754e-01 1.065728643216e-04 1.076865286505e-01 1.065728643216e-04 2.906934679965e-01 1.065728643216e-04 2.606046070143e-01 1.065728643216e-04 2.089888792011e-01
1.089949748744e-04 1.311673739510e-01 1.089949748744e-04 1.077248018178e-01 1.089949748744e-04 2.906917568515e-01 1.089949748744e-04 2.600313894691e-01 1.089949748744e-04 2.093446041725e-01
1.114170854271e-04 1.312733608549e-01 1.114170854271e-04 1.077681530285e-01 1.114170854271e-04 2.906895962063e-01 1.114170854271e-04 2.594228423802e-01 1.114170854271e-04 2.097183183545e-01
1.138391959799e-04 1.313900536365e-01 1.138391959799e-04 1.078172460284e-01 1.138391959799e-04 2.906868677065e-01 1.138391959799e-04 2.587773838572e-01 1.138391959799e-04 2.101106141694e-01
1.162613065327e-04 1.315185555896e-01 1.162613065327e-04 1.078728284344e-01 1.162613065327e-04 2.906834217805e-01 1.162613065327e-04 2.580934429920e-01 1.162613065327e-04 2.105220689106e-01
1.186834170854e-04 1.316600858493e-01 1.186834170854e-04 1.079357415048e-01 1.186834170854e-04 2.906790693981e-01 1.186834170854e-04 2.573694728787e-01 1.186834170854e-04 2.109532405614e-01
1.211055276382e-04 1.318159916382e-01 1.211055276382e-04 1.080069308088e-01 1.211055276382e-04 2.906735716574e-01 1.211055276382e-04 2.566039650452e-01 1.211055276382e-04 2.114046634551e-01
1.235276381910e-04 1.319877617700e-01 1.235276381910e-04 1.080874578064e-01 1.235276381910e-04 2.906666266255e-01 1.235276381910e-04 2.557954652609e-01 1.235276381910e-04 2.118768438322e-01
1.259497487437e-04 1.321770415200e-01 1.259497487437e-04 1.081785123236e-01 1.259497487437e-04 2.906578527195e-01 1.259497487437e-04 2.549425906377e-01 1.259497487437e-04 2.123702553605e-01
1.283718592965e-04 1.323856489792e-01 1.283718592965e-04 1.082814258731e-01 1.283718592965e-04 2.906467677195e-01 1.283718592965e-04 2.540440478945e-01 1.283718592965e-04 2.128853346951e-01
1.307939698492e-04 1.326155930066e-01 1.307939698492e-04 1.083976857222e-01 1.307939698492e-04 2.906327622846e-01 1.307939698492e-04 2.530986525987e-01 1.307939698492e-04 2.134224771687e-01
1.332160804020e-04 1.328690928942e-01 1.332160804020e-04 1.085289495488e-01 1.332160804020e-04 2.906150665487e-01 1.332160804020e-04 2.521053491373e-01 1.332160804020e-04 2.139820327138e-01
1.356381909548e-04 1.331485998533e-01 1.356381909548e-04 1.086770604483e-01 1.356381909548e-04 2.905927080264e-01 1.356381909548e-04 2.510632311004e-01 1.356381909548e-04 2.145643021269e-01
1.380603015075e-04 1.334568204154e-01 1.380603015075e-04 1.088440619546e-01 1.380603015075e-04 2.905644586238e-01 1.380603015075e-04 2.499715616929e-01 1.380603015075e-04 2.151695337980e-01
1.404824120603e-04 1.337967418201e-01 1.404824120603e-04 1.090322126176e-01 1.404824120603e-04 2.905287680298e-01 1.404824120603e-04 2.488297937168e-01 1.404824120603e-04 2.157979210326e-01
1.429045226131e-04 1.341716594274e-01 1.429045226131e-04 1.092439995341e-01 1.429045226131e-04 2.904836801365e-01 1.429045226131e-04 2.476375885955e-01 1.429045226131e-04 2.164496001008e-01
1.453266331658e-04 1.345852061391e-01 1.453266331658e-04 1.094821500576e-01 1.453266331658e-04 2.904267284112e-01 1.453266331658e-04 2.463948338471e-01 1.453266331658e-04 2.171246491481e-01
1.477487437186e-04 1.350413837443e-01 1.477487437186e-04 1.097496407152e-01 1.477487437186e-04 2.903548053127e-01 1.477487437186e-04 2.451016583567e-01 1.477487437186e-04 2.178230881015e-01
1.501708542714e-04 1.355445959963e-01 1.501708542714e-04 1.100497021436e-01 1.501708542714e-04 2.902639999471e-01 1.501708542714e-04 2.437584447489e-01 1.501708542714e-04 2.185448796981e-01
1.525929648241e-04 1.360996830949e-01 1.525929648241e-04 1.103858186260e-01 1.525929648241e-04 2.901493972577e-01 1.525929648241e-04 2.423658381349e-01 1.525929648241e-04 2.192899317505e-01
1.550150753769e-04 1.367119570548e-01 1.550150753769e-04 1.107617205835e-01 1.550150753769e-04 2.900048312689e-01 1.550150753769e-04 2.409247504978e-01 1.550150753769e-04 2.200581007478e-01
1.574371859296e-04 1.373872371972e-01 1.574371859296e-04 1.111813681696e-01 1.574371859296e-04 2.898225844912e-01 1.574371859296e-04 2.394363599927e-01 1.574371859296e-04 2.208491968671e-01
1.598592964824e-04 1.381318846749e-01 1.598592964824e-04 1.116489239683e-01 1.598592964824e-04 2.895930259295e-01 1.598592964824e-04 2.379021044789e-01 1.598592964824e-04 2.216629904415e-01
1.622814070352e-04 1.389528345293e-01 1.622814070352e-04 1.121687127439e-01 1.622814070352e-04 2.893041818559e-01 1.622814070352e-04 2.363236686665e-01 1.622814070352e-04 2.224992198956e-01
1.647035175879e-04 1.398576232479e-01 1.647035175879e-04 1.127451662946e-01 1.647035175879e-04 2.889412375735e-01 1.647035175879e-04 2.347029643618e-01 1.647035175879e-04 2.233576011195e-01
1.671256281407e-04 1.408544091497e-01 1.671256281407e-04 1.133827517810e-01 1.671256281407e-04 2.884859762245e-01 1.671256281407e-04 2.330421034132e-01 1.671256281407e-04 2.242378382013e-01
1.695477386935e-04 1.419519821312e-01 1.695477386935e-04 1.140858825111e-01 1.695477386935e-04 2.879161742576e-01 1.695477386935e-04 2.313433631153e-01 1.695477386935e-04 2.251396353927e-01
1.719698492462e-04 1.431597583843e-01 1.719698492462e-04 1.148588111321e-01 1.719698492462e-04 2.872049949403e-01 1.719698492462e-04 2.296091439989e-01 1.719698492462e-04 2.260627101192e-01
1.743919597990e-04 1.444877546456e-01 1.743919597990e-04 1.157055065649e-01 1.743919597990e-04 2.863204540426e-01 1.743919597990e-04 2.278419201244e-01 1.743919597990e-04 2.270068067908e-01
1.768140703518e-04 1.459465353944e-01 1.768140703518e-04 1.166295178422e-01 1.768140703518e-04 2.852250776939e-01 1.768140703518e-04 2.260441821983e-01 1.768140703518e-04 2.279717111044e-01
1.792361809045e-04 1.475471252782e-01 1.792361809045e-04 1.176338302450e-01 1.792361809045e-04 2.838759312420e-01 1.792361809045e-04 2.242183740406e-01 1.792361809045e-04 2.289572644662e-01
1.816582914573e-04 1.493008780269e-01 1.816582914573e-04 1.187207216735e-01 1.816582914573e-04 2.822252639551e-01 1.816582914573e-04 2.223668231382e-01 1.816582914573e-04 2.299633780990e-01
1.840804020101e-04 1.512192924396e-01 1.840804020101e-04 1.198916298181e-01 1.840804020101e-04 2.802220714862e-01 1.840804020101e-04 2.204916662254e-01 1.840804020101e-04 2.309900463359e-01
1.865025125628e-04 1.533137659780e-01 1.865025125628e-04 1.211470431218e-01 1.865025125628e-04 2.778148943433e-01 1.865025125628e-04 2.185947710309e-01 1.865025125628e-04 2.320373585466e-01
1.889246231156e-04 1.555952774465e-01 1.889246231156e-04 1.224864303068e-01 1.889246231156e-04 2.749560961960e-01 1.889246231156e-04 2.166776555251e-01 1.889246231156e-04 2.331055090874e-01
1.913467336683e-04 1.580739926377e-01 1.913467336683e-04 1.239082239275e-01 1.913467336683e-04 2.716076401570e-01 1.913467336683e-04 2.147414061930e-01 1.913467336683e-04 2.341948046243e-01
1.937688442211e-04 1.607587911293e-01 1.937688442211e-04 1.254098725043e-01 1.937688442211e-04 2.677479601956e-01 1.937688442211e-04 2.127865970552e-01 1.937688442211e-04 2.353056681453e-01
1.961909547739e-04 1.636567190271e-01 1.961909547739e-04 1.269879729156e-01 1.961909547739e-04 2.633789324808e-01 1.961909547739e-04 2.108132113738e-01 1.961909547739e-04 2.364386389635e-01
1.986130653266e-04 1.667723815314e-01 1.986130653266e-04 1.286384896561e-01 1.986130653266e-04 2.585313392135e-01 1.986130653266e-04 2.088205682164e-01 1.986130653266e-04 2.375943680122e-01
2.010351758794e-04 1.701073005418e-01 2.010351758794e-04 1.303570603594e-01 2.010351758794e-04 2.532668829602e-01 2.010351758794e-04 2.068072563379e-01 2.010351758794e-04 2.387736077673e-01
2.034572864322e-04 1.736592752626e-01 2.034572864322e-04 1.321393779743e-01 2.034572864322e-04 2.476751041491e-01 2.034572864322e-04 2.047710781727e-01 2.034572864322e-04 2.399771961872e-01
2.058793969849e-04 1.774217963731e-01 2.058793969849e-04 1.339816297616e-01 2.058793969849e-04 2.418646604454e-01 2.058793969849e-04 2.027090071311e-01 2.058793969849e-04 2.412060341649e-01
2.083015075377e-04 1.813835744442e-01 2.083015075377e-04 1.358809626266e-01 2.083015075377e-04 2.359501163874e-01 2.083015075377e-04 2.006171618583e-01 2.083015075377e-04 2.424610561242e-01
2.107236180905e-04 1.855282480697e-01 2.107236180905e-04 1.378359340151e-01 2.107236180905e-04 2.300369981659e-01 2.107236180905e-04 1.984908016294e-01 2.107236180905e-04 2.437431935937e-01
2.131457286432e-04 1.898343338080e-01 2.131457286432e-04 1.398468984474e-01 2.131457286432e-04 2.242086104933e-01 2.131457286432e-04 1.963243475944e-01 2.131457286432e-04 2.450533318391e-01
2.155678391960e-04 1.942754664474e-01 2.155678391960e-04 1.419162724712e-01 2.155678391960e-04 2.185175991863e-01 2.155678391960e-04 1.941114350902e-01 2.155678391960e-04 2.463922599465e-01
2.179899497487e-04 1.988209539949e-01 2.179899497487e-04 1.440486162356e-01 2.179899497487e-04 2.129837482142e-01 2.179899497487e-04 1.918450026202e-01 2.179899497487e-04 2.477606151187e-01
2.204120603015e-04 2.034366391533e-01 2.204120603015e-04 1.462504693861e-01 2.204120603015e-04 2.075977578211e-01 2.204120603015e-04 1.895174232353e-01 2.204120603015e-04 2.491588223606e-01
2.228341708543e-04 2.080860224406e-01 2.228341708543e-04 1.485298847754e-01 2.228341708543e-04 2.023294599772e-01 2.228341708543e-04 1.871206837719e-01 2.228341708543e-04 2.505870311830e-01
2.252562814070e-04 2.127315678261e-01 2.252562814070e-04 1.508956189982e-01 2.252562814070e-04 1.971383829080e-01 2.252562814070e-04 1.846466165125e-01 2.252562814070e-04 2.520450514176e-01
2.276783919598e-04 2.173360865566e-01 2.276783919598e-04 1.533559682372e-01 2.276783919598e-04 1.919846514258e-01 2.276783919598e-04 1.820871861159e-01 2.276783919598e-04 2.535322906750e-01
2.301005025126e-04 2.218640840061e-01 2.301005025126e-04 1.559172852138e-01 2.301005025126e-04 1.868385924146e-01 2.301005025126e-04 1.794348318954e-01 2.301005025126e-04 2.550476963591e-01
2.325226130653e-04 2.262829602506e-01 2.325226130653e-04 1.585822790278e-01 2.325226130653e-04 1.816878531149e-01 2.325226130653e-04 1.766828615701e-01 2.325226130653e-04 2.565897054172e-01
2.349447236181e-04 2.305639763059e-01 2.349447236181e-04 1.613482785738e-01 2.349447236181e-04 1.765412481286e-01 2.349447236181e-04 1.738258874086e-01 2.349447236181e-04 2.581562051194e-01
2.373668341709e-04 2.346829299723e-01 2.373668341709e-04 1.642057163598e-01 2.373668341709e-04 1.714289725919e-01 2.373668341709e-04 1.708602893990e-01 2.373668341709e-04 2.597445080636e-01
2.397889447236e-04 2.386205215214e-01 2.397889447236e-04 1.671371369785e-01 2.397889447236e-04 1.663993173127e-01 2.397889447236e-04 1.677846831197e-01 2.397889447236e-04 2.613513442699e-01
2.422110552764e-04 2.423624234637e-01 2.422110552764e-04 1.701170226121e-01 2.422110552764e-04 1.615125821363e-01 2.422110552764e-04 1.646003630858e-01 2.422110552764e-04 2.629728726361e-01
2.446331658291e-04 2.458990952601e-01 2.446331658291e-04 1.731126342457e-01 2.446331658291e-04 1.568333839507e-01 2.446331658291e-04 1.613116865465e-01 2.446331658291e-04 2.646047131853e-01
2.470552763819e-04 2.492254003654e-01 2.470552763819e-04 1.760858931785e-01 2.470552763819e-04 1.524228220112e-01 2.470552763819e-04 1.579263593007e-01 2.470552763819e-04 2.662420004795e-01
2.494773869347e-04 2.523400891689e-01 2.494773869347e-04 1.789961086148e-01 2.494773869347e-04 1.483318769749e-01 2.494773869347e-04 1.544555853754e-01 2.494773869347e-04 2.678794573759e-01
2.518994974874e-04 2.552452088516e-01 2.518994974874e-04 1.818031577306e-01 2.518994974874e-04 1.445969990716e-01 2.518994974874e-04 1.509140474769e-01 2.518994974874e-04 2.695114870426e-01
2.543216080402e-04 2.579454925883e-01 2.543216080402e-04 1.844706132762e-01 2.543216080402e-04 1.412382384519e-01 2.543216080402e-04 1.473196954504e-01 2.543216080402e-04 2.711322799545e-01
2.567437185930e-04 2.604477687536e-01 2.567437185930e-04 1.869683316194e-01 2.567437185930e-04 1.382596947922e-01 2.567437185930e-04 1.436933352037e-01 2.567437185930e-04 2.727359315641e-01
2.591658291457e-04 2.627604183077e-01 2.591658291457e-04 1.892741538949e-01 2.591658291457e-04 1.356516753038e-01 2.591658291457e-04 1.400580292172e-01 2.591658291457e-04 2.743165655886e-01
2.615879396985e-04 2.648928970846e-01 2.615879396985e-04 1.913745826908e-01 2.615879396985e-04 1.333938082581e-01 2.615879396985e-04 1.364383394889e-01 2.615879396985e-04 2.758684574631e-01
2.640100502513e-04 2.668553302875e-01 2.640100502513e-04 1.932645059237e-01 2.640100502513e-04 1.314584240058e-01 2.640100502513e-04 1.328594615586e-01 2.640100502513e-04 2.773861525110e-01
2.664321608040e-04 2.686581794670e-01 2.664321608040e-04 1.949461904929e-01 2.664321608040e-04 1.298136985823e-01 2.664321608040e-04 1.293463111280e-01 2.664321608040e-04 2.788645737837e-01
2.688542713568e-04 2.703119775249e-01 2.688542713568e-04 1.964278354475e-01 2.688542713568e-04 1.284262678138e-01 2.688542713568e-04 1.259226304546e-01 2.688542713568e-04 2.802991152749e-01
2.712763819095e-04 2.718271245139e-01 2.712763819095e-04 1.977219648694e-01 2.712763819095e-04 1.272632026800e-01 2.712763819095e-04 1.226101790951e-01 2.712763819095e-04 2.816857172360e-01
2.736984924623e-04 2.732137357364e-01 2.736984924623e-04 1.988438812809e-01 2.736984924623e-04 1.262933638719e-01 2.736984924623e-04 1.194280632090e-01 2.736984924623e-04 2.830209215098e-01
2.761206030151e-04 2.744815334489e-01 2.761206030151e-04 1.998103217952e-01 2.761206030151e-04 1.254882245504e-01 2.761206030151e-04 1.163922413710e-01 2.761206030151e-04 2.843019060384e-01
2.785427135678e-04 2.756397739554e-01 2.785427135678e-04 2.006383850773e-01 2.785427135678e-04 1.248222776295e-01 2.785427135678e-04 1.135152255077e-01 2.785427135678e-04 2.855264988816e-01
2.809648241206e-04 2.766972027395e-01 2.809648241206e-04 2.013447402524e-01 2.809648241206e-04 1.242731430406e-01 2.809648241206e-04 1.108059762251e-01 2.809648241206e-04 2.866931731114e-01
2.833869346734e-04 2.776620313084e-01 2.833869346734e-04 2.019450925604e-01 2.833869346734e-04 1.238214747903e-01 2.833869346734e-04 1.082699751141e-01 2.833869346734e-04 2.878010247673e-01
2.858090452261e-04 2.785419304684e-01 2.858090452261e-04 2.024538622938e-01 2.858090452261e-04 1.234507465949e-01 2.858090452261e-04 1.059094444178e-01 2.858090452261e-04 2.888497366190e-01
2.882311557789e-04 2.793440357326e-01 2.882311557789e-04 2.028840284279e-01 2.882311557789e-04 1.231469740527e-01 2.882311557789e-04 1.037236774926e-01 2.882311557789e-04 2.898395308010e-01
2.906532663317e-04 2.800749614288e-01 2.906532663317e-04 2.032470912917e-01 2.906532663317e-04 1.228984134019e-01 2.906532663317e-04 1.017094415918e-01 2.906532663317e-04 2.907711134568e-01
2.930753768844e-04 2.807408208194e-01 2.930753768844e-04 2.035531155749e-01 2.930753768844e-04 1.226952627930e-01 2.930753768844e-04 9.986141674397e-02 2.930753768844e-04 2.916456144133e-01
2.954974874372e-04 2.813472501589e-01 2.954974874372e-04 2.038108231629e-01 2.954974874372e-04 1.225293815681e-01 2.954974874372e-04 9.817263962475e-02 2.954974874372e-04 2.924645246296e-01
2.979195979899e-04 2.818994351125e-01 2.979195979899e-04 2.040277131262e-01 2.979195979899e-04 1.223940357260e-01 2.979195979899e-04 9.663492800236e-02 2.979195979899e-04 2.932296337928e-01
3.003417085427e-04 2.824021383573e-01 3.003417085427e-04 2.042101928901e-01 3.003417085427e-04 1.222836728710e-01 3.003417085427e-04 9.523926843285e-02 3.003417085427e-04 2.939429700001e-01
3.027638190955e-04 2.828597274983e-01 3.027638190955e-04 2.043637099360e-01 3.027638190955e-04 1.221937268727e-01 3.027638190955e-04 9.397615652621e-02 3.027638190955e-04 2.946067430245e-01
3.051859296482e-04 2.832762026731e-01 3.051859296482e-04 2.044928773925e-01 3.051859296482e-04 1.221204506516e-01 3.051859296482e-04 9.283588477214e-02 3.051859296482e-04 2.952232922285e-01
3.076080402010e-04 2.836552234046e-01 3.076080402010e-04 2.046015897520e-01 3.076080402010e-04 1.220607745558e-01 3.076080402010e-04 9.180877735676e-02 3.076080402010e-04 2.957950398076e-01
3.100301507538e-04 2.840001344007e-01 3.100301507538e-04 2.046931269328e-01 3.100301507538e-04 1.220121874014e-01 3.100301507538e-04 9.088537459256e-02 3.100301507538e-04 2.963244497045e-01
3.124522613065e-04 2.843139901084e-01 3.124522613065e-04 2.047702462078e-01 3.124522613065e-04 1.219726371939e-01 3.124522613065e-04 9.005657164344e-02 3.124522613065e-04 2.968139922633e-01
3.148743718593e-04 2.845995779050e-01 3.148743718593e-04 2.048352623351e-01 3.148743718593e-04 1.219404487008e-01 3.148743718593e-04 8.931371734790e-02 3.148743718593e-04 2.972661144770e-01
3.172964824121e-04 2.848594398724e-01 3.172964824121e-04 2.048901166925e-01 3.172964824121e-04 1.219142552907e-01 3.172964824121e-04 8.864867934485e-02 3.172964824121e-04 2.976832155214e-01
3.197185929648e-04 2.850958931382e-01 3.197185929648e-04 2.049364364558e-01 3.197185929648e-04 1.218929427561e-01 3.197185929648e-04 8.805388159875e-02 3.197185929648e-04 2.980676271649e-01
3.221407035176e-04 2.853110488028e-01 3.221407035176e-04 2.049755849406e-01 3.221407035176e-04 1.218756031312e-01 3.221407035176e-04 8.752231998123e-02 3.221407035176e-04 2.984215985746e-01
3.245628140704e-04 2.855068294891e-01 3.245628140704e-04 2.050087042237e-01 3.245628140704e-04 1.218614968073e-01 3.245628140704e-04 8.704756094106e-02 3.245628140704e-04 2.987472850110e-01
3.269849246231e-04 2.856849855690e-01 3.269849246231e-04 2.050367510902e-01 3.269849246231e-04 1.218500215065e-01 3.269849246231e-04 8.662372758761e-02 3.269849246231e-04 2.990467399004e-01
3.294070351759e-04 2.858471101297e-01 3.294070351759e-04 2.050605272645e-01 3.294070351759e-04 1.218406869080e-01 3.294070351759e-04 8.624547680031e-02 3.294070351759e-04 2.993219097892e-01
3.318291457286e-04 2.859946527489e-01 3.318291457286e-04 2.050807047743e-01 3.318291457286e-04 1.218330939179e-01 3.318291457286e-04 8.590797030437e-02 3.318291457286e-04 2.995746317151e-01
3.342512562814e-04 2.861289321492e-01 3.342512562814e-04 2.050978471965e-01 3.342512562814e-04 1.218269177502e-01 3.342512562814e-04 8.560684204872e-02 3.342512562814e-04 2.998066325699e-01
3.366733668342e-04 2.862511478064e-01 3.366733668342e-04 2.051124274291e-01 3.366733668342e-04 1.218218941253e-01 3.366733668342e-04 8.533816369689e-02 3.366733668342e-04 3.000195300704e-01
3.390954773869e-04 2.863623905820e-01 3.390954773869e-04 2.051248425439e-01 3.390954773869e-04 1.218178080211e-01 3.390954773869e-04 8.509840959930e-02 3.390954773869e-04 3.002148350009e-01
3.415175879397e-04 2.864636524503e-01 3.415175879397e-04 2.051354261912e-01 3.415175879397e-04 1.218144845065e-01 3.415175879397e-04 8.488442225041e-02 3.415175879397e-04 3.003939544335e-01
3.439396984925e-04 2.865558353891e-01 3.439396984925e-04 2.051444589557e-01 3.439396984925e-04 1.218117812757e-01 3.439396984925e-04 8.469337894042e-02 3.439396984925e-04 3.005581956764e-01
3.463618090452e-04 2.866397594958e-01 3.463618090452e-04 2.051521770015e-01 3.463618090452e-04 1.218095825697e-01 3.463618090452e-04 8.452276007856e-02 3.463618090452e-04 3.007087707395e-01
3.487839195980e-04 2.867161703934e-01 3.487839195980e-04 2.051587792870e-01 3.487839195980e-04 1.218077942272e-01 3.487839195980e-04 8.437031948523e-02 3.487839195980e-04 3.008468011401e-01
3.512060301508e-04 2.867857459806e-01 3.512060301508e-04 2.051644335882e-01 3.512060301508e-04 1.218063396579e-01 3.512060301508e-04 8.423405681318e-02 3.512060301508e-04 3.009733229073e-01
3.536281407035e-04 2.868491025829e-01 3.536281407035e-04 2.051692815284e-01 3.536281407035e-04 1.218051565649e-01 3.536281407035e-04 8.411219215626e-02 3.536281407035e-04 3.010892916664e-01
3.560502512563e-04 2.869068005526e-01 3.560502512563e-04 2.051734427790e-01 3.560502512563e-04 1.218041942780e-01 3.560502512563e-04 8.400314283101e-02 3.560502512563e-04 3.011955877128e-01
3.584723618090e-04 2.869593493665e-01 3.584723618090e-04 2.051770185709e-01 3.584723618090e-04 1.218034115843e-01 3.584723618090e-04 8.390550226444e-02 3.584723618090e-04 3.012930210037e-01
3.608944723618e-04 2.870072122627e-01 3.608944723618e-04 2.051800946296e-01 3.608944723618e-04 1.218027749633e-01 3.608944723618e-04 8.381802088731e-02 3.608944723618e-04 3.013823360118e-01
3.633165829146e-04 2.870508104581e-01 3.633165829146e-04 2.051827436318e-01 3.633165829146e-04 1.218022571513e-01 3.633165829146e-04 8.373958891042e-02 3.633165829146e-04 3.014642164020e-01
3.657386934673e-04 2.870905269830e-01 3.657386934673e-04 2.051850272617e-01 3.657386934673e-04 1.218018359735e-01 3.657386934673e-04 8.366922085010e-02 3.657386934673e-04 3.015392895024e-01
3.681608040201e-04 2.871267101656e-01 3.681608040201e-04 2.051869979337e-01 3.681608040201e-04 1.218014933943e-01 3.681608040201e-04 8.360604166401e-02 3.681608040201e-04 3.016081305505e-01
3.705829145729e-04 2.871596767993e-01 3.705829145729e-04 2.051887002374e-01 3.705829145729e-04 1.218012147443e-01 3.705829145729e-04 8.354927435916e-02 3.705829145729e-04 3.016712667051e-01
3.730050251256e-04 2.871897150208e-01 3.730050251256e-04 2.051901721500e-01 3.730050251256e-04 1.218009880924e-01 3.730050251256e-04 8.349822893794e-02 3.730050251256e-04 3.017291808163e-01
3.754271356784e-04 2.872170869237e-01 3.754271356784e-04 2.051914460549e-01 3.754271356784e-04 1.218008037343e-01 3.754271356784e-04 8.345229255430e-02 3.754271356784e-04 3.017823149572e-01
3.778492462312e-04 2.872420309333e-01 3.778492462312e-04 2.051925495979e-01 3.778492462312e-04 1.218006537770e-01 3.778492462312e-04 8.341092076002e-02 3.778492462312e-04 3.018310737178e-01
3.802713567839e-04 2.872647639640e-01 3.802713567839e-04 2.051935064080e-01 3.802713567839e-04 1.218005318008e-01 3.802713567839e-04 8.337362972953e-02 3.802713567839e-04 3.018758272700e-01
3.826934673367e-04 2.872854833781e-01 3.826934673367e-04 2.051943367045e-01 3.826934673367e-04 1.218004325841e-01 3.826934673367e-04 8.333998936080e-02 3.826934673367e-04 3.019169142103e-01
3.851155778894e-04 2.873043687655e-01 3.851155778894e-04 2.051950578086e-01 3.851155778894e-04 1.218003518796e-01 3.851155778894e-04 8.330961715839e-02 3.851155778894e-04 3.019546441915e-01
3.875376884422e-04 2.873215835594e-01 3.875376884422e-04 2.051956845765e-01 3.875376884422e-04 1.218002862331e-01 3.875376884422e-04 8.328217281375e-02 3.875376884422e-04 3.019893003539e-01
3.899597989950e-04 2.873372765047e-01 3.899597989950e-04 2.051962297639e-01 3.899597989950e-04 1.218002328346e-01 3.899597989950e-04 8.325735340569e-02 3.899597989950e-04 3.020211415660e-01
3.923819095477e-04 2.873515829908e-01 3.923819095477e-04 2.051967043354e-01 3.923819095477e-04 1.218001893987e-01 3.923819095477e-04 8.323488915181e-02 3.923819095477e-04 3.020504044887e-01
3.948040201005e-04 2.873646262631e-01 3.948040201005e-04 2.051971177262e-01 3.948040201005e-04 1.218001540666e-01 3.948040201005e-04 8.321453964884e-02 3.948040201005e-04 3.020773054723e-01
3.972261306533e-04 2.873765185229e-01 3.972261306533e-04 2.051974780641e-01 3.972261306533e-04 1.218001253262e-01 3.972261306533e-04 8.319609054624e-02 3.972261306533e-04 3.021020422987e-01
3.996482412060e-04 2.873873619270e-01 3.996482412060e-04 2.051977923583e-01 3.996482412060e-04 1.218001019476e-01 3.996482412060e-04 8.317935060367e-02 3.996482412060e-04 3.021247957797e-01
4.020703517588e-04 2.873972494954e-01 4.020703517588e-04 2.051980666588e-01 4.020703517588e-04 1.218000829304e-01 4.020703517588e-04 8.316414908797e-02 4.020703517588e-04 3.021457312216e-01
4.044924623116e-04 2.874062659368e-01 4.044924623116e-04 2.051983061937e-01 4.044924623116e-04 1.218000674610e-01 4.044924623116e-04 8.315033347059e-02 4.044924623116e-04 3.021649997664e-01
4.069145728643e-04 2.874144883979e-01 4.069145728643e-04 2.051985154845e-01 4.069145728643e-04 1.218000548773e-01 4.069145728643e-04 8.313776739062e-02 4.069145728643e-04 3.021827396194e-01
4.093366834171e-04 2.874219871452e-01 4.093366834171e-04 2.051986984459e-01 4.093366834171e-04 1.218000446411e-01 4.093366834171e-04 8.312632885252e-02 4.093366834171e-04 3.021990771716e-01
4.117587939698e-04 2.874288261837e-01 4.117587939698e-04 2.051988584696e-01 4.117587939698e-04 1.218000363143e-01 4.117587939698e-04 8.311590863123e-02 4.117587939698e-04 3.022141280259e-01
4.141809045226e-04 2.874350638203e-01 4.141809045226e-04 2.051989984974e-01 4.141809045226e-04 1.218000295408e-01 4.141809045226e-04 8.310640886045e-02 4.141809045226e-04 3.022279979342e-01
4.166030150754e-04 2.874407531755e-01 4.166030150754e-04 2.051991210827e-01 4.166030150754e-04 1.218000240309e-01 4.166030150754e-04 8.309774178285e-02 4.166030150754e-04 3.022407836543e-01
4.190251256281e-04 2.874459426485e-01 4.190251256281e-04 2.051992284436e-01 4.190251256281e-04 1.218000195487e-01 4.190251256281e-04 8.308982864303e-02 4.190251256281e-04 3.022525737308e-01
4.214472361809e-04 2.874506763405e-01 4.214472361809e-04 2.051993225086e-01 4.214472361809e-04 1.218000159025e-01 4.214472361809e-04 8.308259870689e-02 4.214472361809e-04 3.022634492092e-01
4.238693467337e-04 2.874549944393e-01 4.238693467337e-04 2.051994049554e-01 4.238693467337e-04 1.218000129365e-01 4.238693467337e-04 8.307598839238e-02 4.238693467337e-04 3.022734842868e-01
4.262914572864e-04 2.874589335696e-01 4.262914572864e-04 2.051994772449e-01 4.262914572864e-04 1.218000105237e-01 4.262914572864e-04 8.306994049884e-02 4.262914572864e-04 3.022827469067e-01
4.287135678392e-04 2.874625271110e-01 4.287135678392e-04 2.051995406498e-01 4.287135678392e-04 1.218000085609e-01 4.287135678392e-04 8.306440352327e-02 4.287135678392e-04 3.022912993001e-01
4.311356783920e-04 2.874658054878e-01 4.311356783920e-04 2.051995962797e-01 4.311356783920e-04 1.218000069643e-01 4.311356783920e-04 8.305933105364e-02 4.311356783920e-04 3.022991984803e-01
4.335577889447e-04 2.874687964327e-01 4.335577889447e-04 2.051996451026e-01 4.335577889447e-04 1.218000056654e-01 4.335577889447e-04 8.305468123007e-02 4.335577889447e-04 3.023064966936e-01
4.359798994975e-04 2.874715252262e-01 4.359798994975e-04 2.051996879636e-01 4.359798994975e-04 1.218000046088e-01 4.359798994975e-04 8.305041626619e-02 4.359798994975e-04 3.023132418311e-01
4.384020100503e-04 2.874740149153e-01 4.384020100503e-04 2.051997256007e-01 4.384020100503e-04 1.218000037493e-01 4.384020100503e-04 8.304650202359e-02 4.384020100503e-04 3.023194778031e-01
4.408241206030e-04 2.874762865116e-01 4.408241206030e-04 2.051997586588e-01 4.408241206030e-04 1.218000030500e-01 4.408241206030e-04 8.304290763338e-02 4.408241206030e-04 3.023252448821e-01
4.432462311558e-04 2.874783591728e-01 4.432462311558e-04 2.051997877019e-01 4.432462311558e-04 1.218000024812e-01 4.432462311558e-04 8.303960515930e-02 4.432462311558e-04 3.023305800139e-01
4.456683417085e-04 2.874802503668e-01 4.456683417085e-04 2.051998132231e-01 4.456683417085e-04 1.218000020185e-01 4.456683417085e-04 8.303656929775e-02 4.456683417085e-04 3.023355171031e-01
4.480904522613e-04 2.874819760218e-01 4.480904522613e-04 2.051998356544e-01 4.480904522613e-04 1.218000016421e-01 4.480904522613e-04 8.303377711040e-02 4.480904522613e-04 3.023400872723e-01
4.505125628141e-04 2.874835506625e-01 4.505125628141e-04 2.051998553735e-01 4.505125628141e-04 1.218000013358e-01 4.505125628141e-04 8.303120778580e-02 4.505125628141e-04 3.023443190996e-01
4.529346733668e-04 2.874849875350e-01 4.529346733668e-04 2.051998727117e-01 4.529346733668e-04 1.218000010867e-01 4.529346733668e-04 8.302884242655e-02 4.529346733668e-04 3.023482388339e-01
4.553567839196e-04 2.874862987193e-01 4.553567839196e-04 2.051998879589e-01 4.553567839196e-04 1.218000008841e-01 4.553567839196e-04 8.302666385932e-02 4.553567839196e-04 3.023518705932e-01
4.577788944724e-04 2.874874952328e-01 4.577788944724e-04 2.051999013696e-01 4.577788944724e-04 1.218000007192e-01 4.577788944724e-04 8.302465646497e-02 4.577788944724e-04 3.023552365441e-01
4.602010050251e-04 2.874885871242e-01 4.602010050251e-04 2.051999131667e-01 4.602010050251e-04 1.218000005851e-01 4.602010050251e-04 8.302280602669e-02 4.602010050251e-04 3.023583570662e-01
4.626231155779e-04 2.874895835590e-01 4.626231155779e-04 2.051999235459e-01 4.626231155779e-04 1.218000004760e-01 4.626231155779e-04 8.302109959397e-02 4.626231155779e-04 3.023612509024e-01
4.650452261307e-04 2.874904928975e-01 4.650452261307e-04 2.051999326787e-01 4.650452261307e-04 1.218000003872e-01 4.650452261307e-04 8.301952536085e-02 4.650452261307e-04 3.023639352960e-01
4.674673366834e-04 2.874913227656e-01 4.674673366834e-04 2.051999407159e-01 4.674673366834e-04 1.218000003150e-01 4.674673366834e-04 8.301807255667e-02 4.674673366834e-04 3.023664261157e-01
4.698894472362e-04 2.874920801202e-01 4.698894472362e-04 2.051999477897e-01 4.698894472362e-04 1.218000002563e-01 4.698894472362e-04 8.301673134807e-02 4.698894472362e-04 3.023687379702e-01
4.723115577889e-04 2.874927713072e-01 4.723115577889e-04 2.051999540163e-01 4.723115577889e-04 1.218000002085e-01 4.723115577889e-04 8.301549275106e-02 4.723115577889e-04 3.023708843123e-01
4.747336683417e-04 2.874934021162e-01 4.747336683417e-04 2.051999594976e-01 4.747336683417e-04 1.218000001696e-01 4.747336683417e-04 8.301434855185e-02 4.747336683417e-04 3.023728775351e-01
4.771557788945e-04 2.874939778290e-01 4.771557788945e-04 2.051999643234e-01 4.771557788945e-04 1.218000001380e-01 4.771557788945e-04 8.301329123574e-02 4.771557788945e-04 3.023747290587e-01
4.795778894472e-04 2.874945032641e-01 4.795778894472e-04 2.051999685725e-01 4.795778894472e-04 1.218000001122e-01 4.795778894472e-04 8.301231392308e-02 4.795778894472e-04 3.023764494104e-01
4.820000000000e-04 2.874949828182e-01 4.820000000000e-04 2.051999723140e-01 4.820000000000e-04 1.218000000913e-01 4.820000000000e-04 8.301141031155e-02 4.820000000000e-04 3.023780482978e-01
