0.000000000000e+00 1.883773883876e-01 0.000000000000e+00 3.238999996219e-01 0.000000000000e+00 2.870299211757e-01 0.000000000000e+00 2.009310436815e-01
3.356783919598e-06 1.883822016335e-01 3.356783919598e-06 3.238999995504e-01 3.356783919598e-06 2.870150994524e-01 3.356783919598e-06 2.009473478754e-01
6.713567839196e-06 1.883873218906e-01 6.713567839196e-06 3.238999994653e-01 6.713567839196e-06 2.869989902447e-01 6.713567839196e-06 2.009644584207e-01
1.007035175879e-05 1.883927695912e-01 1.007035175879e-05 3.238999993642e-01 1.007035175879e-05 2.869814824996e-01 1.007035175879e-05 2.009824156335e-01
1.342713567839e-05 1.883985666196e-01 1.342713567839e-05 3.238999992440e-01 1.342713567839e-05 2.869624557301e-01 1.342713567839e-05 2.010012619004e-01
1.678391959799e-05 1.884047364243e-01 1.678391959799e-05 3.238999991010e-01 1.678391959799e-05 2.869417792393e-01 1.678391959799e-05 2.010210417919e-01
2.014070351759e-05 1.884113041410e-01 2.014070351759e-05 3.238999989309e-01 2.014070351759e-05 2.869193112874e-01 2.014070351759e-05 2.010418021821e-01
2.349748743719e-05 1.884182967250e-01 2.349748743719e-05 3.238999987286e-01 2.349748743719e-05 2.868948981951e-01 2.349748743719e-05 2.010635923764e-01
2.685427135678e-05 1.884257430959e-01 2.685427135678e-05 3.238999984880e-01 2.685427135678e-05 2.868683733812e-01 2.685427135678e-05 2.010864642469e-01
3.021105527638e-05 1.884336742947e-01 3.021105527638e-05 3.238999982019e-01 3.021105527638e-05 2.868395563313e-01 3.021105527638e-05 2.011104723766e-01
3.356783919598e-05 1.884421236550e-01 3.356783919598e-05 3.238999978616e-01 3.356783919598e-05 2.868082514929e-01 3.356783919598e-05 2.011356742130e-01
3.692462311558e-05 1.884511269892e-01 3.692462311558e-05 3.238999974567e-01 3.692462311558e-05 2.867742470937e-01 3.692462311558e-05 2.011621302311e-01
4.028140703518e-05 1.884607227914e-01 4.028140703518e-05 3.238999969752e-01 4.028140703518e-05 2.867373138813e-01 4.028140703518e-05 2.011899041083e-01
4.363819095477e-05 1.884709524590e-01 4.363819095477e-05 3.238999964024e-01 4.363819095477e-05 2.866972037795e-01 4.363819095477e-05 2.012190629100e-01
4.699497487437e-05 1.884818605339e-01 4.699497487437e-05 3.238999957210e-01 4.699497487437e-05 2.866536484598e-01 4.699497487437e-05 2.012496772883e-01
5.035175879397e-05 1.884934949662e-01 5.035175879397e-05 3.238999949103e-01 5.035175879397e-05 2.866063578261e-01 5.035175879397e-05 2.012818216946e-01
5.370854271357e-05 1.885059074019e-01 5.370854271357e-05 3.238999939458e-01 5.370854271357e-05 2.865550184118e-01 5.370854271357e-05 2.013155746064e-01
5.706532663317e-05 1.885191534974e-01 5.706532663317e-05 3.238999927981e-01 5.706532663317e-05 2.864992916880e-01 5.706532663317e-05 2.013510187709e-01
6.042211055276e-05 1.885332932632e-01 6.042211055276e-05 3.238999914325e-01 6.042211055276e-05 2.864388122853e-01 6.042211055276e-05 2.013882414655e-01
6.377889447236e-05 1.885483914405e-01 6.377889447236e-05 3.238999898072e-01 6.377889447236e-05 2.863731861310e-01 6.377889447236e-05 2.014273347774e-01
6.713567839196e-05 1.885645179117e-01 6.713567839196e-05 3.238999878728e-01 6.713567839196e-05 2.863019885050e-01 6.713567839196e-05 2.014683959046e-01
7.049246231156e-05 1.885817481521e-01 7.049246231156e-05 3.238999855703e-01 7.049246231156e-05 2.862247620234e-01 7.049246231156e-05 2.015115274781e-01
7.384924623116e-05 1.886001637223e-01 7.384924623116e-05 3.238999828292e-01 7.384924623116e-05 2.861410145557e-01 7.384924623116e-05 2.015568379096e-01
7.720603015075e-05 1.886198528096e-01 7.720603015075e-05 3.238999795655e-01 7.720603015075e-05 2.860502170905e-01 7.720603015075e-05 2.016044417658e-01
8.056281407035e-05 1.886409108205e-01 8.056281407035e-05 3.238999756790e-01 8.056281407035e-05 2.859518015635e-01 8.056281407035e-05 2.016544601716e-01
8.391959798995e-05 1.886634410304e-01 8.391959798995e-05 3.238999710499e-01 8.391959798995e-05 2.858451586685e-01 8.391959798995e-05 2.017070212452e-01
8.727638190955e-05 1.886875552966e-01 8.727638190955e-05 3.238999655355e-01 8.727638190955e-05 2.857296356769e-01 8.727638190955e-05 2.017622605687e-01
9.063316582915e-05 1.887133748409e-01 9.063316582915e-05 3.238999589649e-01 9.063316582915e-05 2.856045342948e-01 9.063316582915e-05 2.018203216958e-01
9.398994974874e-05 1.887410311074e-01 9.398994974874e-05 3.238999511339e-01 9.398994974874e-05 2.854691085952e-01 9.398994974874e-05 2.018813567022e-01
9.734673366834e-05 1.887706667051e-01 9.734673366834e-05 3.238999417982e-01 9.734673366834e-05 2.853225630706e-01 9.734673366834e-05 2.019455267815e-01
1.007035175879e-04 1.888024364429e-01 1.007035175879e-04 3.238999306656e-01 1.007035175879e-04 2.851640508554e-01 1.007035175879e-04 2.020130028907e-01
1.040603015075e-04 1.888365084650e-01 1.040603015075e-04 3.238999173856e-01 1.040603015075e-04 2.849926721828e-01 1.040603015075e-04 2.020839664512e-01
1.074170854271e-04 1.888730654989e-01 1.074170854271e-04 3.238999015384e-01 1.074170854271e-04 2.848074731445e-01 1.074170854271e-04 2.021586101099e-01
1.107738693467e-04 1.889123062250e-01 1.107738693467e-04 3.238998826200e-01 1.107738693467e-04 2.846074448353e-01 1.107738693467e-04 2.022371385661e-01
1.141306532663e-04 1.889544467808e-01 1.141306532663e-04 3.238998600252e-01 1.141306532663e-04 2.843915229773e-01 1.141306532663e-04 2.023197694712e-01
1.174874371859e-04 1.889997224120e-01 1.174874371859e-04 3.238998330260e-01 1.174874371859e-04 2.841585881254e-01 1.174874371859e-04 2.024067344071e-01
1.208442211055e-04 1.890483892854e-01 1.208442211055e-04 3.238998007464e-01 1.208442211055e-04 2.839074665727e-01 1.208442211055e-04 2.024982799527e-01
1.242010050251e-04 1.891007264773e-01 1.242010050251e-04 3.238997621303e-01 1.242010050251e-04 2.836369320829e-01 1.242010050251e-04 2.025946688444e-01
1.275577889447e-04 1.891570381552e-01 1.275577889447e-04 3.238997159031e-01 1.275577889447e-04 2.833457085892e-01 1.275577889447e-04 2.026961812428e-01
1.309145728643e-04 1.892176559684e-01 1.309145728643e-04 3.238996605242e-01 1.309145728643e-04 2.830324740086e-01 1.309145728643e-04 2.028031161124e-01
1.342713567839e-04 1.892829416681e-01 1.342713567839e-04 3.238995941282e-01 1.342713567839e-04 2.826958653272e-01 1.342713567839e-04 2.029157927269e-01
1.376281407035e-04 1.893532899747e-01 1.376281407035e-04 3.238995144531e-01 1.376281407035e-04 2.823344851188e-01 1.376281407035e-04 2.030345523117e-01
1.409849246231e-04 1.894291317129e-01 1.409849246231e-04 3.238994187504e-01 1.409849246231e-04 2.819469096568e-01 1.409849246231e-04 2.031597598352e-01
1.443417085427e-04 1.895109372376e-01 1.443417085427e-04 3.238993036741e-01 1.443417085427e-04 2.815316987763e-01 1.443417085427e-04 2.032918059628e-01
1.476984924623e-04 1.895992201691e-01 1.476984924623e-04 3.238991651423e-01 1.476984924623e-04 2.810874076300e-01 1.476984924623e-04 2.034311091880e-01
1.510552763819e-04 1.896945414624e-01 1.510552763819e-04 3.238989981640e-01 1.510552763819e-04 2.806126004631e-01 1.510552763819e-04 2.035781181550e-01
1.544120603015e-04 1.897975138299e-01 1.544120603015e-04 3.238987966229e-01 1.544120603015e-04 2.801058664996e-01 1.544120603015e-04 2.037333141896e-01
1.577688442211e-04 1.899088065383e-01 1.577688442211e-04 3.238985530044e-01 1.577688442211e-04 2.795658379939e-01 1.577688442211e-04 2.038972140535e-01
1.611256281407e-04 1.900291505986e-01 1.611256281407e-04 3.238982580527e-01 1.611256281407e-04 2.789912104470e-01 1.611256281407e-04 2.040703729403e-01
1.644824120603e-04 1.901593443636e-01 1.644824120603e-04 3.238979003363e-01 1.644824120603e-04 2.783807649175e-01 1.644824120603e-04 2.042533877281e-01
1.678391959799e-04 1.903002595439e-01 1.678391959799e-04 3.238974656980e-01 1.678391959799e-04 2.777333922818e-01 1.678391959799e-04 2.044469005074e-01
1.711959798995e-04 1.904528476475e-01 1.711959798995e-04 3.238969365544e-01 1.711959798995e-04 2.770481191988e-01 1.711959798995e-04 2.046516023980e-01
1.745527638191e-04 1.906181468380e-01 1.745527638191e-04 3.238962910031e-01 1.745527638191e-04 2.763241354342e-01 1.745527638191e-04 2.048682376710e-01
1.779095477387e-04 1.907972891985e-01 1.779095477387e-04 3.238955016814e-01 1.779095477387e-04 2.755608220818e-01 1.779095477387e-04 2.050976081861e-01
1.812663316583e-04 1.909915083686e-01 1.812663316583e-04 3.238945343016e-01 1.812663316583e-04 2.747577801023e-01 1.812663316583e-04 2.053405781541e-01
1.846231155779e-04 1.912021475098e-01 1.846231155779e-04 3.238933457700e-01 1.846231155779e-04 2.739148584809e-01 1.846231155779e-04 2.055980792275e-01
1.879798994975e-04 1.914306675269e-01 1.879798994975e-04 3.238918817620e-01 1.879798994975e-04 2.730321811945e-01 1.879798994975e-04 2.058711159164e-01
1.913366834171e-04 1.916786554463e-01 1.913366834171e-04 3.238900735909e-01 1.913366834171e-04 2.721101720834e-01 1.913366834171e-04 2.061607713184e-01
1.946934673367e-04 1.919478328175e-01 1.946934673367e-04 3.238878341564e-01 1.946934673367e-04 2.711495766499e-01 1.946934673367e-04 2.064682131403e-01
1.980502512563e-04 1.922400639606e-01 1.980502512563e-04 3.238850526901e-01 1.980502512563e-04 2.701514797732e-01 1.980502512563e-04 2.067946999735e-01
2.014070351759e-04 1.925573638351e-01 2.014070351759e-04 3.238815879300e-01 2.014070351759e-04 2.691173183279e-01 2.014070351759e-04 2.071415877705e-01
2.047638190955e-04 1.929019052427e-01 2.047638190955e-04 3.238772592391e-01 2.047638190955e-04 2.680488877562e-01 2.047638190955e-04 2.075103364437e-01
2.081206030151e-04 1.932760250130e-01 2.081206030151e-04 3.238718350307e-01 2.081206030151e-04 2.669483417477e-01 2.081206030151e-04 2.079025164850e-01
2.114773869347e-04 1.936822287395e-01 2.114773869347e-04 3.238650176648e-01 2.114773869347e-04 2.658181843523e-01 2.114773869347e-04 2.083198154676e-01
2.148341708543e-04 1.941231935511e-01 2.148341708543e-04 3.238564237159e-01 2.148341708543e-04 2.646612540722e-01 2.148341708543e-04 2.087640442568e-01
2.181909547739e-04 1.946017683090e-01 2.181909547739e-04 3.238455581716e-01 2.181909547739e-04 2.634806997511e-01 2.181909547739e-04 2.092371427067e-01
2.215477386935e-04 1.951209705209e-01 2.215477386935e-04 3.238317806702e-01 2.215477386935e-04 2.622799483867e-01 2.215477386935e-04 2.097411845701e-01
2.249045226131e-04 1.956839791687e-01 2.249045226131e-04 3.238142613046e-01 2.249045226131e-04 2.610626653206e-01 2.249045226131e-04 2.102783812843e-01
2.282613065327e-04 1.962941225519e-01 2.282613065327e-04 3.237919227623e-01 2.282613065327e-04 2.598327075948e-01 2.282613065327e-04 2.108510842310e-01
2.316180904523e-04 1.969548601709e-01 2.316180904523e-04 3.237633646030e-01 2.316180904523e-04 2.585940715728e-01 2.316180904523e-04 2.114617849912e-01
2.349748743719e-04 1.976697576246e-01 2.349748743719e-04 3.237267642414e-01 2.349748743719e-04 2.573508361995e-01 2.349748743719e-04 2.121131130364e-01
2.383316582915e-04 1.984424534829e-01 2.383316582915e-04 3.236797476637e-01 2.383316582915e-04 2.561071034854e-01 2.383316582915e-04 2.128078302176e-01
2.416884422111e-04 1.992766171400e-01 2.416884422111e-04 3.236192210167e-01 2.416884422111e-04 2.548669379363e-01 2.416884422111e-04 2.135488213326e-01
2.450452261307e-04 2.001758967759e-01 2.450452261307e-04 3.235411519883e-01 2.450452261307e-04 2.536343067063e-01 2.450452261307e-04 2.143390799780e-01
2.484020100503e-04 2.011438567713e-01 2.484020100503e-04 3.234402874125e-01 2.484020100503e-04 2.524130222072e-01 2.484020100503e-04 2.151816888407e-01
2.517587939698e-04 2.021839042542e-01 2.517587939698e-04 3.233097910461e-01 2.517587939698e-04 2.512066887862e-01 2.517587939698e-04 2.160797935470e-01
2.551155778894e-04 2.032992049275e-01 2.551155778894e-04 3.231407835160e-01 2.551155778894e-04 2.500186548809e-01 2.551155778894e-04 2.170365692003e-01
2.584723618090e-04 2.044925889341e-01 2.584723618090e-04 3.229217661147e-01 2.584723618090e-04 2.488519717935e-01 2.584723618090e-04 2.180551787931e-01
2.618291457286e-04 2.057664482694e-01 2.618291457286e-04 3.226379133830e-01 2.618291457286e-04 2.477093599198e-01 2.618291457286e-04 2.191387228093e-01
2.651859296482e-04 2.071226281265e-01 2.651859296482e-04 3.222702296235e-01 2.651859296482e-04 2.465931829398e-01 2.651859296482e-04 2.202901795474e-01
2.685427135678e-04 2.085623155137e-01 2.685427135678e-04 3.217945870047e-01 2.685427135678e-04 2.455054301439e-01 2.685427135678e-04 2.215123360045e-01
2.718994974874e-04 2.100859294635e-01 2.718994974874e-04 3.211807056857e-01 2.718994974874e-04 2.444477067596e-01 2.718994974874e-04 2.228077095919e-01
2.752562814070e-04 2.116930180580e-01 2.752562814070e-04 3.203912098017e-01 2.752562814070e-04 2.434212318669e-01 2.752562814070e-04 2.241784614963e-01
2.786130653266e-04 2.133821682200e-01 2.786130653266e-04 3.193810079403e-01 2.786130653266e-04 2.424268432607e-01 2.786130653266e-04 2.256263031583e-01
2.819698492462e-04 2.151509346434e-01 2.819698492462e-04 3.180974073668e-01 2.819698492462e-04 2.414650084461e-01 2.819698492462e-04 2.271523980996e-01
2.853266331658e-04 2.169957942261e-01 2.853266331658e-04 3.164815613684e-01 2.853266331658e-04 2.405358408359e-01 2.853266331658e-04 2.287572621398e-01
2.886834170854e-04 2.189121318284e-01 2.886834170854e-04 3.144720067928e-01 2.886834170854e-04 2.396391201559e-01 2.886834170854e-04 2.304406658726e-01
2.920402010050e-04 2.208942620480e-01 2.920402010050e-04 3.120110377400e-01 2.920402010050e-04 2.387743160584e-01 2.920402010050e-04 2.322015440171e-01
2.953969849246e-04 2.229354899713e-01 2.953969849246e-04 3.090542644704e-01 2.953969849246e-04 2.379406139745e-01 2.953969849246e-04 2.340379168558e-01
2.987537688442e-04 2.250282116252e-01 2.987537688442e-04 3.055827011281e-01 2.987537688442e-04 2.371369423090e-01 2.987537688442e-04 2.359468292970e-01
3.021105527638e-04 2.271640522540e-01 3.021105527638e-04 3.016151006282e-01 3.021105527638e-04 2.363620001743e-01 3.021105527638e-04 2.379243130708e-01
3.054673366834e-04 2.293340378412e-01 3.054673366834e-04 2.972165276420e-01 3.054673366834e-04 2.356142849729e-01 3.054673366834e-04 2.399653770887e-01
3.088241206030e-04 2.315287927437e-01 3.088241206030e-04 2.924984985675e-01 3.088241206030e-04 2.348921192621e-01 3.088241206030e-04 2.420640300279e-01
3.121809045226e-04 2.337387542152e-01 3.121809045226e-04 2.876076923883e-01 3.121809045226e-04 2.341936764531e-01 3.121809045226e-04 2.442133377421e-01
3.155376884422e-04 2.359543932022e-01 3.155376884422e-04 2.827043758380e-01 3.155376884422e-04 2.335170050193e-01 3.155376884422e-04 2.464055162082e-01
3.188944723618e-04 2.381664302905e-01 3.188944723618e-04 2.779363862068e-01 3.188944723618e-04 2.328600509976e-01 3.188944723618e-04 2.486320585282e-01
3.222512562814e-04 2.403660361149e-01 3.222512562814e-04 2.734167757493e-01 3.222512562814e-04 2.322206786677e-01 3.222512562814e-04 2.508838922040e-01
3.256080402010e-04 2.425450068723e-01 3.256080402010e-04 2.692114296824e-01 3.256080402010e-04 2.315966893794e-01 3.256080402010e-04 2.531515607061e-01
3.289648241206e-04 2.446959076263e-01 3.289648241206e-04 2.653384129313e-01 3.289648241206e-04 2.309858385730e-01 3.289648241206e-04 2.554254215176e-01
3.323216080402e-04 2.468121786208e-01 3.323216080402e-04 2.617764492430e-01 3.323216080402e-04 2.303858510983e-01 3.323216080402e-04 2.576958515462e-01
3.356783919598e-04 2.488882025266e-01 3.356783919598e-04 2.584779207830e-01 3.356783919598e-04 2.297944349818e-01 3.356783919598e-04 2.599534502227e-01
3.390351758794e-04 2.509193331654e-01 3.390351758794e-04 2.553821936376e-01 3.390351758794e-04 2.292092938299e-01 3.390351758794e-04 2.621892308135e-01
3.423919597990e-04 2.529018885300e-01 3.423919597990e-04 2.524267178189e-01 3.423919597990e-04 2.286281380800e-01 3.423919597990e-04 2.643947914349e-01
3.457487437186e-04 2.548331126947e-01 3.457487437186e-04 2.495549941977e-01 3.457487437186e-04 2.280486953234e-01 3.457487437186e-04 2.665624588602e-01
3.491055276382e-04 2.567111123881e-01 3.491055276382e-04 2.467215508194e-01 3.491055276382e-04 2.274687199339e-01 3.491055276382e-04 2.686854002609e-01
3.524623115578e-04 2.585347745850e-01 3.524623115578e-04 2.438944999920e-01 3.524623115578e-04 2.268860022322e-01 3.524623115578e-04 2.707577003007e-01
3.558190954774e-04 2.603036715096e-01 3.558190954774e-04 2.410562791204e-01 3.558190954774e-04 2.262983774101e-01 3.558190954774e-04 2.727744032633e-01
3.591758793970e-04 2.620179590438e-01 3.591758793970e-04 2.382030485339e-01 3.591758793970e-04 2.257037344247e-01 3.591758793970e-04 2.747315219372e-01
3.625326633166e-04 2.636782738135e-01 3.625326633166e-04 2.353430825576e-01 3.625326633166e-04 2.251000250536e-01 3.625326633166e-04 2.766260166527e-01
3.658894472362e-04 2.652856333129e-01 3.658894472362e-04 2.324944127145e-01 3.658894472362e-04 2.244852732785e-01 3.658894472362e-04 2.784557490587e-01
3.692462311558e-04 2.668413424398e-01 3.692462311558e-04 2.296819695061e-01 3.692462311558e-04 2.238575851370e-01 3.692462311558e-04 2.802194159307e-01
3.726030150754e-04 2.683469088314e-01 3.726030150754e-04 2.269344934446e-01 3.726030150754e-04 2.232151591480e-01 3.726030150754e-04 2.819164685255e-01
3.759597989950e-04 2.698039684961e-01 3.759597989950e-04 2.242815084272e-01 3.759597989950e-04 2.225562973787e-01 3.759597989950e-04 2.835470228272e-01
3.793165829146e-04 2.712142224562e-01 3.793165829146e-04 2.217506402112e-01 3.793165829146e-04 2.218794171808e-01 3.793165829146e-04 2.851117655434e-01
3.826733668342e-04 2.725793844817e-01 3.826733668342e-04 2.193655070379e-01 3.826733668342e-04 2.211830635758e-01 3.826733668342e-04 2.866118600248e-01
3.860301507538e-04 2.739011395072e-01 3.860301507538e-04 2.171443161639e-01 3.860301507538e-04 2.204659222216e-01 3.860301507538e-04 2.880488554822e-01
3.893869346734e-04 2.751811119684e-01 3.893869346734e-04 2.150991913074e-01 3.893869346734e-04 2.197268328399e-01 3.893869346734e-04 2.894246020501e-01
3.927437185930e-04 2.764208430687e-01 3.927437185930e-04 2.132361575596e-01 3.927437185930e-04 2.189648029306e-01 3.927437185930e-04 2.907411734647e-01
3.961005025126e-04 2.776217758527e-01 3.961005025126e-04 2.115556416319e-01 3.961005025126e-04 2.181790215463e-01 3.961005025126e-04 2.920007984151e-01
3.994572864322e-04 2.787852469197e-01 3.994572864322e-04 2.100533143357e-01 3.994572864322e-04 2.173688728457e-01 3.994572864322e-04 2.932058010381e-01
4.028140703518e-04 2.799124836237e-01 4.028140703518e-04 2.087211056583e-01 4.028140703518e-04 2.165339490995e-01 4.028140703518e-04 2.943585505464e-01
4.061708542714e-04 2.810046056652e-01 4.061708542714e-04 2.075482503406e-01 4.061708542714e-04 2.156740627757e-01 4.061708542714e-04 2.954614196231e-01
4.095276381910e-04 2.820626300685e-01 4.095276381910e-04 2.065222610742e-01 4.095276381910e-04 2.147892573016e-01 4.095276381910e-04 2.965167509609e-01
4.128844221106e-04 2.830874786461e-01 4.128844221106e-04 2.056297667641e-01 4.128844221106e-04 2.138798160754e-01 4.128844221106e-04 2.975268311654e-01
4.162412060302e-04 2.840799871630e-01 4.162412060302e-04 2.048571878470e-01 4.162412060302e-04 2.129462692922e-01 4.162412060302e-04 2.984938711591e-01
4.195979899497e-04 2.850409155348e-01 4.195979899497e-04 2.041912462914e-01 4.195979899497e-04 2.119893981599e-01 4.195979899497e-04 2.994199921960e-01
4.229547738693e-04 2.859709584994e-01 4.229547738693e-04 2.036193243653e-01 4.229547738693e-04 2.110102361064e-01 4.229547738693e-04 3.003072166184e-01
4.263115577889e-04 2.868707563135e-01 4.263115577889e-04 2.031296949098e-01 4.263115577889e-04 2.100100666278e-01 4.263115577889e-04 3.011574625372e-01
4.296683417085e-04 2.877409051176e-01 4.296683417085e-04 2.027116487689e-01 4.296683417085e-04 2.089904174952e-01 4.296683417085e-04 3.019725416877e-01
4.330251256281e-04 2.885819666989e-01 4.330251256281e-04 2.023555441870e-01 4.330251256281e-04 2.079530511228e-01 4.330251256281e-04 3.027541597936e-01
4.363819095477e-04 2.893944774611e-01 4.363819095477e-04 2.020528000903e-01 4.363819095477e-04 2.068999510062e-01 4.363819095477e-04 3.035039188562e-01
4.397386934673e-04 2.901789564677e-01 4.397386934673e-04 2.017958513901e-01 4.397386934673e-04 2.058333042543e-01 4.397386934673e-04 3.042233208704e-01
4.430954773869e-04 2.909359124870e-01 4.430954773869e-04 2.015780805792e-01 4.430954773869e-04 2.047554803666e-01 4.430954773869e-04 3.049137725487e-01
4.464522613065e-04 2.916658500079e-01 4.464522613065e-04 2.013937363576e-01 4.464522613065e-04 2.036690065355e-01 4.464522613065e-04 3.055765907073e-01
4.498090452261e-04 2.923692742314e-01 4.498090452261e-04 2.012378470315e-01 4.498090452261e-04 2.025765398791e-01 4.498090452261e-04 3.062130080340e-01
4.531658291457e-04 2.930466950747e-01 4.531658291457e-04 2.011061340178e-01 4.531658291457e-04 2.014808371283e-01 4.531658291457e-04 3.068241790167e-01
4.565226130653e-04 2.936986302424e-01 4.565226130653e-04 2.009949289321e-01 4.565226130653e-04 2.003847223881e-01 4.565226130653e-04 3.074111858585e-01
4.598793969849e-04 2.943256074366e-01 4.598793969849e-04 2.009010963535e-01 4.598793969849e-04 1.992910536757e-01 4.598793969849e-04 3.079750442510e-01
4.632361809045e-04 2.949281657891e-01 4.632361809045e-04 2.008219633712e-01 4.632361809045e-04 1.982026889841e-01 4.632361809045e-04 3.085167089103e-01
4.665929648241e-04 2.955068566009e-01 4.665929648241e-04 2.007552563267e-01 4.665929648241e-04 1.971224526465e-01 4.665929648241e-04 3.090370788092e-01
4.699497487437e-04 2.960622434813e-01 4.699497487437e-04 2.006990447105e-01 4.699497487437e-04 1.960531027617e-01 4.699497487437e-04 3.095370020657e-01
4.733065326633e-04 2.965949019749e-01 4.733065326633e-04 2.006516918823e-01 4.733065326633e-04 1.949973004073e-01 4.733065326633e-04 3.100172804613e-01
4.766633165829e-04 2.971054187634e-01 4.766633165829e-04 2.006118121190e-01 4.766633165829e-04 1.939575812917e-01 4.766633165829e-04 3.104786735835e-01
4.800201005025e-04 2.975943905233e-01 4.800201005025e-04 2.005782334099e-01 4.800201005025e-04 1.929363304110e-01 4.800201005025e-04 3.109219025921e-01
4.833768844221e-04 2.980624225172e-01 4.833768844221e-04 2.005499653926e-01 4.833768844221e-04 1.919357601603e-01 4.833768844221e-04 3.113476536223e-01
4.867336683417e-04 2.985101269867e-01 4.867336683417e-04 2.005261718348e-01 4.867336683417e-04 1.909578922302e-01 4.867336683417e-04 3.117565808397e-01
4.900904522613e-04 2.989381214093e-01 4.900904522613e-04 2.005061470963e-01 4.900904522613e-04 1.900045434869e-01 4.900904522613e-04 3.121493091696e-01
4.934472361809e-04 2.993470266754e-01 4.934472361809e-04 2.004892960531e-01 4.934472361809e-04 1.890773159074e-01 4.934472361809e-04 3.125264367215e-01
4.968040201005e-04 2.997374652317e-01 4.968040201005e-04 2.004751170138e-01 4.968040201005e-04 1.881775905209e-01 4.968040201005e-04 3.128885369366e-01
5.001608040201e-04 3.001100592318e-01 5.001608040201e-04 2.004631872101e-01 5.001608040201e-04 1.873065251929e-01 5.001608040201e-04 3.132361604807e-01
5.035175879397e-04 3.004654287290e-01 5.035175879397e-04 2.004531504941e-01 5.035175879397e-04 1.864650560010e-01 5.035175879397e-04 3.135698369090e-01
5.068743718593e-04 3.008041899369e-01 5.068743718593e-04 2.004447069195e-01 5.068743718593e-04 1.856539018674e-01 5.068743718593e-04 3.138900761251e-01
5.102311557789e-04 3.011269535815e-01 5.102311557789e-04 2.004376039290e-01 5.102311557789e-04 1.848735720624e-01 5.102311557789e-04 3.141973696596e-01
5.135879396985e-04 3.014343233602e-01 5.135879396985e-04 2.004316289074e-01 5.135879396985e-04 1.841243761529e-01 5.135879396985e-04 3.144921917869e-01
5.169447236181e-04 3.017268945205e-01 5.169447236181e-04 2.004266028925e-01 5.169447236181e-04 1.834064359530e-01 5.169447236181e-04 3.147750005015e-01
5.203015075377e-04 3.020052525659e-01 5.203015075377e-04 2.004223752684e-01 5.203015075377e-04 1.827196990319e-01 5.203015075377e-04 3.150462383719e-01
5.236582914573e-04 3.022699720938e-01 5.236582914573e-04 2.004188192897e-01 5.236582914573e-04 1.820639533491e-01 5.236582914573e-04 3.153063332887e-01
5.270150753769e-04 3.025216157668e-01 5.270150753769e-04 2.004158283084e-01 5.270150753769e-04 1.814388426102e-01 5.270150753769e-04 3.155556991205e-01
5.303718592965e-04 3.027607334170e-01 5.303718592965e-04 2.004133125938e-01 5.303718592965e-04 1.808438819750e-01 5.303718592965e-04 3.157947362931e-01
5.337286432161e-04 3.029878612793e-01 5.337286432161e-04 2.004111966543e-01 5.337286432161e-04 1.802784737862e-01 5.337286432161e-04 3.160238323016e-01
5.370854271357e-04 3.032035213507e-01 5.370854271357e-04 2.004094169808e-01 5.370854271357e-04 1.797419230370e-01 5.370854271357e-04 3.162433621674e-01
5.404422110553e-04 3.034082208681e-01 5.404422110553e-04 2.004079201479e-01 5.404422110553e-04 1.792334523374e-01 5.404422110553e-04 3.164536888481e-01
5.437989949749e-04 3.036024518999e-01 5.437989949749e-04 2.004066612140e-01 5.437989949749e-04 1.787522161898e-01 5.437989949749e-04 3.166551636088e-01
5.471557788945e-04 3.037866910415e-01 5.471557788945e-04 2.004056023755e-01 5.471557788945e-04 1.782973144236e-01 5.471557788945e-04 3.168481263616e-01
5.505125628141e-04 3.039613992101e-01 5.505125628141e-04 2.004047118340e-01 5.505125628141e-04 1.778678046839e-01 5.505125628141e-04 3.170329059789e-01
5.538693467337e-04 3.041270215272e-01 5.538693467337e-04 2.004039628431e-01 5.538693467337e-04 1.774627139020e-01 5.538693467337e-04 3.172098205849e-01
5.572261306533e-04 3.042839872844e-01 5.572261306533e-04 2.004033329057e-01 5.572261306533e-04 1.770810487111e-01 5.572261306533e-04 3.173791778312e-01
5.605829145729e-04 3.044327099813e-01 5.605829145729e-04 2.004028030999e-01 5.605829145729e-04 1.767218047963e-01 5.605829145729e-04 3.175412751579e-01
5.639396984925e-04 3.045735874304e-01 5.639396984925e-04 2.004023575103e-01 5.639396984925e-04 1.763839751906e-01 5.639396984925e-04 3.176964000444e-01
5.672964824121e-04 3.047070019192e-01 5.672964824121e-04 2.004019827512e-01 5.672964824121e-04 1.760665575496e-01 5.672964824121e-04 3.178448302520e-01
5.706532663317e-04 3.048333204250e-01 5.706532663317e-04 2.004016675638e-01 5.706532663317e-04 1.757685604484e-01 5.706532663317e-04 3.179868340597e-01
5.740100502513e-04 3.049528948725e-01 5.740100502513e-04 2.004014024792e-01 5.740100502513e-04 1.754890087582e-01 5.740100502513e-04 3.181226704954e-01
5.773668341709e-04 3.050660624308e-01 5.773668341709e-04 2.004011795331e-01 5.773668341709e-04 1.752269481657e-01 5.773668341709e-04 3.182525895630e-01
5.807236180905e-04 3.051731458425e-01 5.807236180905e-04 2.004009920274e-01 5.807236180905e-04 1.749814489023e-01 5.807236180905e-04 3.183768324671e-01
5.840804020101e-04 3.052744537789e-01 5.840804020101e-04 2.004008343284e-01 5.840804020101e-04 1.747516087553e-01 5.840804020101e-04 3.184956318347e-01
5.874371859296e-04 3.053702812181e-01 5.874371859296e-04 2.004007016980e-01 5.874371859296e-04 1.745365554295e-01 5.874371859296e-04 3.186092119357e-01
5.907939698492e-04 3.054609098400e-01 5.907939698492e-04 2.004005901512e-01 5.907939698492e-04 1.743354483291e-01 5.907939698492e-04 3.187177889019e-01
5.941507537688e-04 3.055466084344e-01 5.941507537688e-04 2.004004963366e-01 5.941507537688e-04 1.741474798272e-01 5.941507537688e-04 3.188215709436e-01
5.975075376884e-04 3.056276333189e-01 5.975075376884e-04 2.004004174354e-01 5.975075376884e-04 1.739718760847e-01 5.975075376884e-04 3.189207585666e-01
6.008643216080e-04 3.057042287632e-01 6.008643216080e-04 2.004003510768e-01 6.008643216080e-04 1.738078974796e-01 6.008643216080e-04 3.190155447860e-01
6.042211055276e-04 3.057766274161e-01 6.042211055276e-04 2.004002952670e-01 6.042211055276e-04 1.736548386999e-01 6.042211055276e-04 3.191061153398e-01
6.075778894472e-04 3.058450507339e-01 6.075778894472e-04 2.004002483291e-01 6.075778894472e-04 1.735120285518e-01 6.075778894472e-04 3.191926488998e-01
6.109346733668e-04 3.059097094072e-01 6.109346733668e-04 2.004002088529e-01 6.109346733668e-04 1.733788295287e-01 6.109346733668e-04 3.192753172820e-01
6.142914572864e-04 3.059708037831e-01 6.142914572864e-04 2.004001756520e-01 6.142914572864e-04 1.732546371817e-01 6.142914572864e-04 3.193542856531e-01
6.176482412060e-04 3.060285242842e-01 6.176482412060e-04 2.004001477290e-01 6.176482412060e-04 1.731388793290e-01 6.176482412060e-04 3.194297127369e-01
6.210050251256e-04 3.060830518186e-01 6.210050251256e-04 2.004001242449e-01 6.210050251256e-04 1.730310151362e-01 6.210050251256e-04 3.195017510160e-01
6.243618090452e-04 3.061345581837e-01 6.243618090452e-04 2.004001044939e-01 6.243618090452e-04 1.729305340976e-01 6.243618090452e-04 3.195705469325e-01
6.277185929648e-04 3.061832064605e-01 6.277185929648e-04 2.004000878828e-01 6.277185929648e-04 1.728369549414e-01 6.277185929648e-04 3.196362410846e-01
6.310753768844e-04 3.062291513977e-01 6.310753768844e-04 2.004000739122e-01 6.310753768844e-04 1.727498244825e-01 6.310753768844e-04 3.196989684210e-01
6.344321608040e-04 3.062725397861e-01 6.344321608040e-04 2.004000621626e-01 6.344321608040e-04 1.726687164405e-01 6.344321608040e-04 3.197588584310e-01
6.377889447236e-04 3.063135108212e-01 6.377889447236e-04 2.004000522807e-01 6.377889447236e-04 1.725932302392e-01 6.377889447236e-04 3.198160353316e-01
6.411457286432e-04 3.063521964555e-01 6.411457286432e-04 2.004000439698e-01 6.411457286432e-04 1.725229898000e-01 6.411457286432e-04 3.198706182510e-01
6.445025125628e-04 3.063887217380e-01 6.445025125628e-04 2.004000369800e-01 6.445025125628e-04 1.724576423423e-01 6.445025125628e-04 3.199227214080e-01
6.478592964824e-04 3.064232051426e-01 6.478592964824e-04 2.004000311014e-01 6.478592964824e-04 1.723968571985e-01 6.478592964824e-04 3.199724542872e-01
6.512160804020e-04 3.064557588844e-01 6.512160804020e-04 2.004000261572e-01 6.512160804020e-04 1.723403246513e-01 6.512160804020e-04 3.200199218110e-01
6.545728643216e-04 3.064864892241e-01 6.545728643216e-04 2.004000219991e-01 6.545728643216e-04 1.722877548002e-01 6.545728643216e-04 3.200652245063e-01
6.579296482412e-04 3.065154967604e-01 6.579296482412e-04 2.004000185019e-01 6.579296482412e-04 1.722388764616e-01 6.579296482412e-04 3.201084586681e-01
6.612864321608e-04 3.065428767110e-01 6.612864321608e-04 2.004000155607e-01 6.612864321608e-04 1.721934361047e-01 6.612864321608e-04 3.201497165178e-01
6.646432160804e-04 3.065687191814e-01 6.646432160804e-04 2.004000130871e-01 6.646432160804e-04 1.721511968286e-01 6.646432160804e-04 3.201890863577e-01
6.680000000000e-04 3.065931094233e-01 6.680000000000e-04 2.004000110066e-01 6.680000000000e-04 1.721119373797e-01 6.680000000000e-04 3.202266527214e-01
