0.000000000000e+00 3.241263068343e-01 0.000000000000e+00 3.184999881292e-01 0.000000000000e+00 1.720459160518e-01 0.000000000000e+00 1.849027999739e-01
2.316582914573e-06 3.241245574775e-01 2.316582914573e-06 3.184999862605e-01 2.316582914573e-06 1.720454067046e-01 2.316582914573e-06 1.849030931520e-01
4.633165829146e-06 3.241226809334e-01 4.633165829146e-06 3.184999840964e-01 4.633165829146e-06 1.720448344563e-01 4.633165829146e-06 1.849034170275e-01
6.949748743719e-06 3.241206682687e-01 6.949748743719e-06 3.184999815901e-01 6.949748743719e-06 1.720441915987e-01 6.949748743719e-06 1.849037748143e-01
9.266331658291e-06 3.241185099734e-01 9.266331658291e-06 3.184999786870e-01 9.266331658291e-06 1.720434694850e-01 9.266331658291e-06 1.849041700631e-01
1.158291457286e-05 3.241161959323e-01 1.158291457286e-05 3.184999753238e-01 1.158291457286e-05 1.720426584165e-01 1.158291457286e-05 1.849046066961e-01
1.389949748744e-05 3.241137153955e-01 1.389949748744e-05 3.184999714271e-01 1.389949748744e-05 1.720417475149e-01 1.389949748744e-05 1.849050890463e-01
1.621608040201e-05 3.241110569514e-01 1.621608040201e-05 3.184999669118e-01 1.621608040201e-05 1.720407245804e-01 1.621608040201e-05 1.849056219002e-01
1.853266331658e-05 3.241082084982e-01 1.853266331658e-05 3.184999616786e-01 1.853266331658e-05 1.720395759319e-01 1.853266331658e-05 1.849062105456e-01
2.084924623116e-05 3.241051572189e-01 2.084924623116e-05 3.184999556125e-01 2.084924623116e-05 1.720382862283e-01 2.084924623116e-05 1.849068608237e-01
2.316582914573e-05 3.241018895575e-01 2.316582914573e-05 3.184999485797e-01 2.316582914573e-05 1.720368382689e-01 2.316582914573e-05 1.849075791874e-01
2.548241206030e-05 3.240983911978e-01 2.548241206030e-05 3.184999404248e-01 2.548241206030e-05 1.720352127691e-01 2.548241206030e-05 1.849083727649e-01
2.779899497487e-05 3.240946470468e-01 2.779899497487e-05 3.184999309666e-01 2.779899497487e-05 1.720333881107e-01 2.779899497487e-05 1.849092494310e-01
3.011557788945e-05 3.240906412223e-01 3.011557788945e-05 3.184999199948e-01 3.011557788945e-05 1.720313400609e-01 3.011557788945e-05 1.849102178848e-01
3.243216080402e-05 3.240863570480e-01 3.243216080402e-05 3.184999072642e-01 3.243216080402e-05 1.720290414598e-01 3.243216080402e-05 1.849112877359e-01
3.474874371859e-05 3.240817770548e-01 3.474874371859e-05 3.184998924894e-01 3.474874371859e-05 1.720264618696e-01 3.474874371859e-05 1.849124696004e-01
3.706532663317e-05 3.240768829939e-01 3.706532663317e-05 3.184998753379e-01 3.706532663317e-05 1.720235671828e-01 3.706532663317e-05 1.849137752054e-01
3.938190954774e-05 3.240716558600e-01 3.938190954774e-05 3.184998554219e-01 3.938190954774e-05 1.720203191850e-01 3.938190954774e-05 1.849152175060e-01
4.169849246231e-05 3.240660759313e-01 4.169849246231e-05 3.184998322895e-01 4.169849246231e-05 1.720166750660e-01 4.169849246231e-05 1.849168108137e-01
4.401507537688e-05 3.240601228252e-01 4.401507537688e-05 3.184998054131e-01 4.401507537688e-05 1.720125868737e-01 4.401507537688e-05 1.849185709383e-01
4.633165829146e-05 3.240537755774e-01 4.633165829146e-05 3.184997741768e-01 4.633165829146e-05 1.720080009052e-01 4.633165829146e-05 1.849205153449e-01
4.864824120603e-05 3.240470127457e-01 4.864824120603e-05 3.184997378612e-01 4.864824120603e-05 1.720028570273e-01 4.864824120603e-05 1.849226633273e-01
5.096482412060e-05 3.240398125445e-01 5.096482412060e-05 3.184996956253e-01 5.096482412060e-05 1.719970879189e-01 5.096482412060e-05 1.849250361998e-01
5.328140703518e-05 3.240321530171e-01 5.328140703518e-05 3.184996464854e-01 5.328140703518e-05 1.719906182277e-01 5.328140703518e-05 1.849276575083e-01
5.559798994975e-05 3.240240122501e-01 5.559798994975e-05 3.184995892903e-01 5.559798994975e-05 1.719833636302e-01 5.559798994975e-05 1.849305532651e-01
5.791457286432e-05 3.240153686407e-01 5.791457286432e-05 3.184995226915e-01 5.791457286432e-05 1.719752297870e-01 5.791457286432e-05 1.849337522064e-01
6.023115577889e-05 3.240062012239e-01 6.023115577889e-05 3.184994451086e-01 6.023115577889e-05 1.719661111821e-01 6.023115577889e-05 1.849372860787e-01
6.254773869347e-05 3.239964900722e-01 6.254773869347e-05 3.184993546879e-01 6.254773869347e-05 1.719558898335e-01 6.254773869347e-05 1.849411899543e-01
6.486432160804e-05 3.239862167788e-01 6.486432160804e-05 3.184992492531e-01 6.486432160804e-05 1.719444338643e-01 6.486432160804e-05 1.849455025802e-01
6.718090452261e-05 3.239753650405e-01 6.718090452261e-05 3.184991262476e-01 6.718090452261e-05 1.719315959206e-01 6.718090452261e-05 1.849502667641e-01
6.949748743719e-05 3.239639213561e-01 6.949748743719e-05 3.184989826653e-01 6.949748743719e-05 1.719172114214e-01 6.949748743719e-05 1.849555298008e-01
7.181407035176e-05 3.239518758604e-01 7.181407035176e-05 3.184988149683e-01 7.181407035176e-05 1.719010966288e-01 7.181407035176e-05 1.849613439439e-01
7.413065326633e-05 3.239392233159e-01 7.413065326633e-05 3.184986189893e-01 7.413065326633e-05 1.718830465209e-01 7.413065326633e-05 1.849677669274e-01
7.644723618090e-05 3.239259642894e-01 7.644723618090e-05 3.184983898150e-01 7.644723618090e-05 1.718628324554e-01 7.644723618090e-05 1.849748625431e-01
7.876381909548e-05 3.239121065422e-01 7.876381909548e-05 3.184981216469e-01 7.876381909548e-05 1.718401996080e-01 7.876381909548e-05 1.849827012784e-01
8.108040201005e-05 3.238976666691e-01 8.108040201005e-05 3.184978076355e-01 8.108040201005e-05 1.718148641741e-01 8.108040201005e-05 1.849913610235e-01
8.339698492462e-05 3.238826720257e-01 8.339698492462e-05 3.184974396809e-01 8.339698492462e-05 1.717865103211e-01 8.339698492462e-05 1.850009278532e-01
8.571356783920e-05 3.238671629893e-01 8.571356783920e-05 3.184970081956e-01 8.571356783920e-05 1.717547868838e-01 8.571356783920e-05 1.850114968935e-01
8.803015075377e-05 3.238511956041e-01 8.803015075377e-05 3.184965018187e-01 8.803015075377e-05 1.717193037970e-01 8.803015075377e-05 1.850231732812e-01
9.034673366834e-05 3.238348446701e-01 9.034673366834e-05 3.184959070737e-01 9.034673366834e-05 1.716796282678e-01 9.034673366834e-05 1.850360732278e-01
9.266331658291e-05 3.238182073414e-01 9.266331658291e-05 3.184952079572e-01 9.266331658291e-05 1.716352806948e-01 9.266331658291e-05 1.850503251990e-01
9.497989949749e-05 3.238014073075e-01 9.497989949749e-05 3.184943854441e-01 9.497989949749e-05 1.715857303534e-01 9.497989949749e-05 1.850660712241e-01
9.729648241206e-05 3.237845996419e-01 9.729648241206e-05 3.184934168922e-01 9.729648241206e-05 1.715303908785e-01 9.729648241206e-05 1.850834683494e-01
9.961306532663e-05 3.237679764095e-01 9.961306532663e-05 3.184922753233e-01 9.961306532663e-05 1.714686155935e-01 9.961306532663e-05 1.851026902534e-01
1.019296482412e-04 3.237517731337e-01 1.019296482412e-04 3.184909285576e-01 1.019296482412e-04 1.713996927559e-01 1.019296482412e-04 1.851239290440e-01
1.042462311558e-04 3.237362762345e-01 1.042462311558e-04 3.184893381668e-01 1.042462311558e-04 1.713228408162e-01 1.042462311558e-04 1.851473972582e-01
1.065628140704e-04 3.237218315555e-01 1.065628140704e-04 3.184874582081e-01 1.065628140704e-04 1.712372038214e-01 1.065628140704e-04 1.851733300923e-01
1.088793969849e-04 3.237088541026e-01 1.088793969849e-04 3.184852336932e-01 1.088793969849e-04 1.711418471349e-01 1.088793969849e-04 1.852019878898e-01
1.111959798995e-04 3.236978391233e-01 1.111959798995e-04 3.184825987326e-01 1.111959798995e-04 1.710357536951e-01 1.111959798995e-04 1.852336589230e-01
1.135125628141e-04 3.236893746501e-01 1.135125628141e-04 3.184794742858e-01 1.135125628141e-04 1.709178210941e-01 1.135125628141e-04 1.852686625057e-01
1.158291457286e-04 3.236841556240e-01 1.158291457286e-04 3.184757654314e-01 1.158291457286e-04 1.707868598301e-01 1.158291457286e-04 1.853073524850e-01
1.181457286432e-04 3.236829996931e-01 1.181457286432e-04 3.184713580511e-01 1.181457286432e-04 1.706415931687e-01 1.181457286432e-04 1.853501211639e-01
1.204623115578e-04 3.236868647486e-01 1.204623115578e-04 3.184661147999e-01 1.204623115578e-04 1.704806591425e-01 1.204623115578e-04 1.853974037196e-01
1.227788944724e-04 3.236968682030e-01 1.227788944724e-04 3.184598702039e-01 1.227788944724e-04 1.703026153247e-01 1.227788944724e-04 1.854496831905e-01
1.250954773869e-04 3.237143079356e-01 1.250954773869e-04 3.184524246955e-01 1.250954773869e-04 1.701059471265e-01 1.250954773869e-04 1.855074961208e-01
1.274120603015e-04 3.237406847108e-01 1.274120603015e-04 3.184435373484e-01 1.274120603015e-04 1.698890804892e-01 1.274120603015e-04 1.855714389679e-01
1.297286432161e-04 3.237777257079e-01 1.297286432161e-04 3.184329170279e-01 1.297286432161e-04 1.696503999613e-01 1.297286432161e-04 1.856421753980e-01
1.320452261307e-04 3.238274085775e-01 1.320452261307e-04 3.184202116051e-01 1.320452261307e-04 1.693882732635e-01 1.320452261307e-04 1.857204446201e-01
1.343618090452e-04 3.238919851293e-01 1.343618090452e-04 3.184049948083e-01 1.343618090452e-04 1.691010835292e-01 1.343618090452e-04 1.858070709415e-01
1.366783919598e-04 3.239740033642e-01 1.366783919598e-04 3.183867501930e-01 1.366783919598e-04 1.687872704601e-01 1.366783919598e-04 1.859029747624e-01
1.389949748744e-04 3.240763260422e-01 1.389949748744e-04 3.183648515998e-01 1.389949748744e-04 1.684453816143e-01 1.389949748744e-04 1.860091852770e-01
1.413115577889e-04 3.242021433344e-01 1.413115577889e-04 3.183385393354e-01 1.413115577889e-04 1.680741349381e-01 1.413115577889e-04 1.861268552029e-01
1.436281407035e-04 3.243549763084e-01 1.436281407035e-04 3.183068911571e-01 1.436281407035e-04 1.676724934111e-01 1.436281407035e-04 1.862572779325e-01
1.459447236181e-04 3.245386670430e-01 1.459447236181e-04 3.182687869534e-01 1.459447236181e-04 1.672397522670e-01 1.459447236181e-04 1.864019075848e-01
1.482613065327e-04 3.247573500724e-01 1.482613065327e-04 3.182228658004e-01 1.482613065327e-04 1.667756386360e-01 1.482613065327e-04 1.865623825391e-01
1.505778894472e-04 3.250153986559e-01 1.505778894472e-04 3.181674738311e-01 1.505778894472e-04 1.662804225912e-01 1.505778894472e-04 1.867405531612e-01
1.528944723618e-04 3.253173381417e-01 1.528944723618e-04 3.181006010892e-01 1.528944723618e-04 1.657550374460e-01 1.528944723618e-04 1.869385145807e-01
1.552110552764e-04 3.256677175919e-01 1.552110552764e-04 3.180198052553e-01 1.552110552764e-04 1.652012057317e-01 1.552110552764e-04 1.871586455626e-01
1.575276381910e-04 3.260709300923e-01 1.575276381910e-04 3.179221198610e-01 1.575276381910e-04 1.646215656222e-01 1.575276381910e-04 1.874036547235e-01
1.598442211055e-04 3.265309721243e-01 1.598442211055e-04 3.178039443751e-01 1.598442211055e-04 1.640197907277e-01 1.598442211055e-04 1.876766355890e-01
1.621608040201e-04 3.270511335067e-01 1.621608040201e-04 3.176609134125e-01 1.621608040201e-04 1.634006943025e-01 1.621608040201e-04 1.879811322544e-01
1.644773869347e-04 3.276336122988e-01 1.644773869347e-04 3.174877423918e-01 1.644773869347e-04 1.627703072044e-01 1.644773869347e-04 1.883212176974e-01
1.667939698492e-04 3.282790543742e-01 1.667939698492e-04 3.172780473780e-01 1.667939698492e-04 1.621359176790e-01 1.667939698492e-04 1.887015870650e-01
1.691105527638e-04 3.289860257848e-01 1.691105527638e-04 3.170241378334e-01 1.691105527638e-04 1.615060605661e-01 1.691105527638e-04 1.891276684815e-01
1.714271356784e-04 3.297504379832e-01 1.714271356784e-04 3.167167828577e-01 1.714271356784e-04 1.608904441847e-01 1.714271356784e-04 1.896057540195e-01
1.737437185930e-04 3.305649614732e-01 1.737437185930e-04 3.163449546733e-01 1.737437185930e-04 1.602998052732e-01 1.737437185930e-04 1.901431533254e-01
1.760603015075e-04 3.314184816432e-01 1.760603015075e-04 3.158955581565e-01 1.760603015075e-04 1.597456861594e-01 1.760603015075e-04 1.907483718094e-01
1.783768844221e-04 3.322956693826e-01 1.783768844221e-04 3.153531628135e-01 1.783768844221e-04 1.592401338188e-01 1.783768844221e-04 1.914313140025e-01
1.806934673367e-04 3.331767550316e-01 1.806934673367e-04 3.146997644578e-01 1.806934673367e-04 1.587953274077e-01 1.806934673367e-04 1.922035102600e-01
1.830100502513e-04 3.340376022937e-01 1.830100502513e-04 3.139146185306e-01 1.830100502513e-04 1.584231486409e-01 1.830100502513e-04 1.930783608683e-01
1.853266331658e-04 3.348501731092e-01 1.853266331658e-04 3.129742055245e-01 1.853266331658e-04 1.581347171491e-01 1.853266331658e-04 1.940713850656e-01
1.876432160804e-04 3.355834497763e-01 1.876432160804e-04 3.118524101639e-01 1.876432160804e-04 1.579399195897e-01 1.876432160804e-04 1.952004526292e-01
1.899597989950e-04 3.362048339253e-01 1.899597989950e-04 3.105210165247e-01 1.899597989950e-04 1.578469656353e-01 1.899597989950e-04 1.964859616230e-01
1.922763819095e-04 3.366819751994e-01 1.922763819095e-04 3.089506345160e-01 1.922763819095e-04 1.578620050351e-01 1.922763819095e-04 1.979509070269e-01
1.945929648241e-04 3.369849040263e-01 1.945929648241e-04 3.071121682290e-01 1.945929648241e-04 1.579888371337e-01 1.945929648241e-04 1.996207615471e-01
1.969095477387e-04 3.370882675296e-01 1.969095477387e-04 3.049788987858e-01 1.969095477387e-04 1.582287375308e-01 1.969095477387e-04 2.015230640773e-01
1.992261306533e-04 3.369734142052e-01 1.992261306533e-04 3.025291677898e-01 1.992261306533e-04 1.585804166131e-01 1.992261306533e-04 2.036865884290e-01
2.015427135678e-04 3.366300591255e-01 2.015427135678e-04 2.997495031287e-01 2.015427135678e-04 1.590401127216e-01 2.015427135678e-04 2.061399553259e-01
2.038592964824e-04 3.360572974525e-01 2.038592964824e-04 2.966378360232e-01 2.038592964824e-04 1.596018103533e-01 2.038592964824e-04 2.089095702250e-01
2.061758793970e-04 3.352638179303e-01 2.061758793970e-04 2.932062574546e-01 2.061758793970e-04 1.602575627196e-01 2.061758793970e-04 2.120168385721e-01
2.084924623116e-04 3.342672842970e-01 2.084924623116e-04 2.894826294178e-01 2.084924623116e-04 1.609978896631e-01 2.084924623116e-04 2.154747471084e-01
2.108090452261e-04 3.330929759158e-01 2.108090452261e-04 2.855103960075e-01 2.108090452261e-04 1.618122172910e-01 2.108090452261e-04 2.192841087742e-01
2.131256281407e-04 3.317718818941e-01 2.131256281407e-04 2.813461991216e-01 2.131256281407e-04 1.626893250398e-01 2.131256281407e-04 2.234300213315e-01
2.154422110553e-04 3.303385043488e-01 2.154422110553e-04 2.770553786546e-01 2.154422110553e-04 1.636177688896e-01 2.154422110553e-04 2.278793114549e-01
2.177587939698e-04 3.288286373105e-01 2.177587939698e-04 2.727059990040e-01 2.177587939698e-04 1.645862552762e-01 2.177587939698e-04 2.325798118053e-01
2.200753768844e-04 3.272773525735e-01 2.200753768844e-04 2.683624850050e-01 2.200753768844e-04 1.655839477948e-01 2.200753768844e-04 2.374621351814e-01
2.223919597990e-04 3.257173573051e-01 2.223919597990e-04 2.640800834622e-01 2.223919597990e-04 1.666006968915e-01 2.223919597990e-04 2.424441287950e-01
2.247085427136e-04 3.241778093743e-01 2.247085427136e-04 2.599011297968e-01 2.247085427136e-04 1.676271903899e-01 2.247085427136e-04 2.474375145377e-01
2.270251256281e-04 3.226836024711e-01 2.270251256281e-04 2.558535946849e-01 2.270251256281e-04 1.686550291782e-01 2.270251256281e-04 2.523555848443e-01
2.293417085427e-04 3.212550759216e-01 2.293417085427e-04 2.519518172530e-01 2.293417085427e-04 1.696767372576e-01 2.293417085427e-04 2.571204977355e-01
2.316582914573e-04 3.199080686772e-01 2.316582914573e-04 2.481988945414e-01 2.316582914573e-04 1.706857185219e-01 2.316582914573e-04 2.616688484303e-01
2.339748743719e-04 3.186542225077e-01 2.339748743719e-04 2.445899919110e-01 2.339748743719e-04 1.716761742054e-01 2.339748743719e-04 2.659547255718e-01
2.362914572864e-04 3.175014415336e-01 2.362914572864e-04 2.411158561760e-01 2.362914572864e-04 1.726429951587e-01 2.362914572864e-04 2.699501517995e-01
2.386080402010e-04 3.164544280796e-01 2.386080402010e-04 2.377659742365e-01 2.386080402010e-04 1.735816423137e-01 2.386080402010e-04 2.736433929203e-01
2.409246231156e-04 3.155152328591e-01 2.409246231156e-04 2.345310338899e-01 2.409246231156e-04 1.744880271921e-01 2.409246231156e-04 2.770359317379e-01
2.432412060302e-04 3.146837764073e-01 2.432412060302e-04 2.314045435453e-01 2.432412060302e-04 1.753584023770e-01 2.432412060302e-04 2.801389257634e-01
2.455577889447e-04 3.139583156829e-01 2.455577889447e-04 2.283836211604e-01 2.455577889447e-04 1.761892697149e-01 2.455577889447e-04 2.829697937324e-01
2.478743718593e-04 3.133358434431e-01 2.478743718593e-04 2.254690636463e-01 2.478743718593e-04 1.769773117953e-01 2.478743718593e-04 2.855493256300e-01
2.501909547739e-04 3.128124179884e-01 2.501909547739e-04 2.226648634686e-01 2.501909547739e-04 1.777193500659e-01 2.501909547739e-04 2.878994789816e-01
2.525075376884e-04 3.123834274470e-01 2.525075376884e-04 2.199773599848e-01 2.525075376884e-04 1.784123308373e-01 2.525075376884e-04 2.900418573727e-01
2.548241206030e-04 3.120437965128e-01 2.548241206030e-04 2.174142086313e-01 2.548241206030e-04 1.790533384631e-01 2.548241206030e-04 2.919967728622e-01
2.571407035176e-04 3.117881451737e-01 2.571407035176e-04 2.149833287036e-01 2.571407035176e-04 1.796396331797e-01 2.571407035176e-04 2.937827577397e-01
2.594572864322e-04 3.116109091147e-01 2.594572864322e-04 2.126919561395e-01 2.594572864322e-04 1.801687095129e-01 2.594572864322e-04 2.954163922048e-01
2.617738693467e-04 3.115064307145e-01 2.617738693467e-04 2.105458871175e-01 2.617738693467e-04 1.806383698505e-01 2.617738693467e-04 2.969123347110e-01
2.640904522613e-04 3.114690282905e-01 2.640904522613e-04 2.085489569665e-01 2.640904522613e-04 1.810468068245e-01 2.640904522613e-04 2.982834682061e-01
2.664070351759e-04 3.114930497935e-01 2.664070351759e-04 2.067027618801e-01 2.664070351759e-04 1.813926875920e-01 2.664070351759e-04 2.995411010349e-01
2.687236180905e-04 3.115729157145e-01 2.687236180905e-04 2.050066019391e-01 2.687236180905e-04 1.816752330140e-01 2.687236180905e-04 3.006951825238e-01
2.710402010050e-04 3.117031546530e-01 2.710402010050e-04 2.034576048735e-01 2.710402010050e-04 1.818942851283e-01 2.710402010050e-04 3.017545093768e-01
2.733567839196e-04 3.118784338879e-01 2.733567839196e-04 2.020509808451e-01 2.733567839196e-04 1.820503571805e-01 2.733567839196e-04 3.027269103702e-01
2.756733668342e-04 3.120935864009e-01 2.756733668342e-04 2.007803578195e-01 2.756733668342e-04 1.821446617641e-01 2.756733668342e-04 3.036194043182e-01
2.779899497487e-04 3.123436351252e-01 2.779899497487e-04 1.996381524552e-01 2.779899497487e-04 1.821791142270e-01 2.779899497487e-04 3.044383308791e-01
2.803065326633e-04 3.126238147226e-01 2.803065326633e-04 1.986159403149e-01 2.803065326633e-04 1.821563102852e-01 2.803065326633e-04 3.051894563293e-01
2.826231155779e-04 3.129295908797e-01 2.826231155779e-04 1.977047993326e-01 2.826231155779e-04 1.820794786010e-01 2.826231155779e-04 3.058780576390e-01
2.849396984925e-04 3.132566769502e-01 2.849396984925e-04 1.968956101825e-01 2.849396984925e-04 1.819524107603e-01 2.849396984925e-04 3.065089885493e-01
2.872562814070e-04 3.136010477043e-01 2.872562814070e-04 1.961793054529e-01 2.872562814070e-04 1.817793724927e-01 2.872562814070e-04 3.070867312140e-01
2.895728643216e-04 3.139589499625e-01 2.895728643216e-04 1.955470658879e-01 2.895728643216e-04 1.815650010028e-01 2.895728643216e-04 3.076154365896e-01
2.918894472362e-04 3.143269099522e-01 2.918894472362e-04 1.949904663802e-01 2.918894472362e-04 1.813141938641e-01 2.918894472362e-04 3.080989562639e-01
2.942060301508e-04 3.147017373179e-01 2.942060301508e-04 1.945015771079e-01 2.942060301508e-04 1.810319950553e-01 2.942060301508e-04 3.085408679127e-01
2.965226130653e-04 3.150805258178e-01 2.965226130653e-04 1.940730265495e-01 2.965226130653e-04 1.807234834252e-01 2.965226130653e-04 3.089444961070e-01
2.988391959799e-04 3.154606508408e-01 2.988391959799e-04 1.936980334662e-01 2.988391959799e-04 1.803936682353e-01 2.988391959799e-04 3.093129297865e-01
3.011557788945e-04 3.158397639639e-01 3.011557788945e-04 1.933704146273e-01 3.011557788945e-04 1.800473955397e-01 3.011557788945e-04 3.096490373799e-01
3.034723618090e-04 3.162157848458e-01 3.034723618090e-04 1.930845743636e-01 3.034723618090e-04 1.796892681327e-01 3.034723618090e-04 3.099554802778e-01
3.057889447236e-04 3.165868908027e-01 3.057889447236e-04 1.928354811522e-01 3.057889447236e-04 1.793235807266e-01 3.057889447236e-04 3.102347251542e-01
3.081055276382e-04 3.169515044446e-01 3.081055276382e-04 1.926186355195e-01 3.081055276382e-04 1.789542710102e-01 3.081055276382e-04 3.104890554722e-01
3.104221105528e-04 3.173082797674e-01 3.104221105528e-04 1.924300326672e-01 3.104221105528e-04 1.785848863460e-01 3.104221105528e-04 3.107205823898e-01
3.127386934673e-04 3.176560870898e-01 3.127386934673e-04 1.922661224473e-01 3.127386934673e-04 1.782185651379e-01 3.127386934673e-04 3.109312551979e-01
3.150552763819e-04 3.179939972105e-01 3.150552763819e-04 1.921237686395e-01 3.150552763819e-04 1.778580313659e-01 3.150552763819e-04 3.111228713637e-01
3.173718592965e-04 3.183212651323e-01 3.173718592965e-04 1.920002089347e-01 3.173718592965e-04 1.775056004335e-01 3.173718592965e-04 3.112970862123e-01
3.196884422111e-04 3.186373136666e-01 3.196884422111e-04 1.918930165842e-01 3.196884422111e-04 1.771631942980e-01 3.196884422111e-04 3.114554222575e-01
3.220050251256e-04 3.189417171912e-01 3.220050251256e-04 1.918000643343e-01 3.220050251256e-04 1.768323638242e-01 3.220050251256e-04 3.115992781754e-01
3.243216080402e-04 3.192341857939e-01 3.243216080402e-04 1.917194910010e-01 3.243216080402e-04 1.765143163899e-01 3.243216080402e-04 3.117299374101e-01
3.266381909548e-04 3.195145499911e-01 3.266381909548e-04 1.916496708505e-01 3.266381909548e-04 1.762099469423e-01 3.266381909548e-04 3.118485763990e-01
3.289547738693e-04 3.197827461723e-01 3.289547738693e-04 1.915891858102e-01 3.289547738693e-04 1.759198709275e-01 3.289547738693e-04 3.119562724040e-01
3.312713567839e-04 3.200388028824e-01 3.312713567839e-04 1.915368004411e-01 3.312713567839e-04 1.756444577678e-01 3.312713567839e-04 3.120540109402e-01
3.335879396985e-04 3.202828280185e-01 3.335879396985e-04 1.914914395376e-01 3.335879396985e-04 1.753838638189e-01 3.335879396985e-04 3.121426927972e-01
3.359045226131e-04 3.205149969909e-01 3.359045226131e-04 1.914521681856e-01 3.359045226131e-04 1.751380639822e-01 3.359045226131e-04 3.122231406522e-01
3.382211055276e-04 3.207355418682e-01 3.382211055276e-04 1.914181740848e-01 3.382211055276e-04 1.749068813773e-01 3.382211055276e-04 3.122961052760e-01
3.405376884422e-04 3.209447415070e-01 3.405376884422e-04 1.913887519362e-01 3.405376884422e-04 1.746900146730e-01 3.405376884422e-04 3.123622713417e-01
3.428542713568e-04 3.211429126476e-01 3.428542713568e-04 1.913632896972e-01 3.428542713568e-04 1.744870628450e-01 3.428542713568e-04 3.124222628426e-01
3.451708542714e-04 3.213304019447e-01 3.451708542714e-04 1.913412565113e-01 3.451708542714e-04 1.742975472607e-01 3.451708542714e-04 3.124766481354e-01
3.474874371859e-04 3.215075788875e-01 3.474874371859e-04 1.913221921330e-01 3.474874371859e-04 1.741209311014e-01 3.474874371859e-04 3.125259446198e-01
3.498040201005e-04 3.216748295616e-01 3.498040201005e-04 1.913056976801e-01 3.498040201005e-04 1.739566362090e-01 3.498040201005e-04 3.125706230732e-01
3.521206030151e-04 3.218325511937e-01 3.521206030151e-04 1.912914275594e-01 3.521206030151e-04 1.738040575010e-01 3.521206030151e-04 3.126111116569e-01
3.544371859296e-04 3.219811474220e-01 3.544371859296e-04 1.912790824272e-01 3.544371859296e-04 1.736625751370e-01 3.544371859296e-04 3.126477996115e-01
3.567537688442e-04 3.221210242319e-01 3.567537688442e-04 1.912684030590e-01 3.567537688442e-04 1.735315646393e-01 3.567537688442e-04 3.126810406599e-01
3.590703517588e-04 3.222525864958e-01 3.590703517588e-04 1.912591650164e-01 3.590703517588e-04 1.734104051791e-01 3.590703517588e-04 3.127111561363e-01
3.613869346734e-04 3.223762350599e-01 3.613869346734e-04 1.912511740110e-01 3.613869346734e-04 1.732984862413e-01 3.613869346734e-04 3.127384378589e-01
3.637035175879e-04 3.224923643208e-01 3.637035175879e-04 1.912442618789e-01 3.637035175879e-04 1.731952128728e-01 3.637035175879e-04 3.127631507644e-01
3.660201005025e-04 3.226013602388e-01 3.660201005025e-04 1.912382830847e-01 3.660201005025e-04 1.731000097075e-01 3.660201005025e-04 3.127855353202e-01
3.683366834171e-04 3.227035987370e-01 3.683366834171e-04 1.912331116902e-01 3.683366834171e-04 1.730123239464e-01 3.683366834171e-04 3.128058097319e-01
3.706532663317e-04 3.227994444408e-01 3.706532663317e-04 1.912286387249e-01 3.706532663317e-04 1.729316274560e-01 3.706532663317e-04 3.128241719601e-01
3.729698492462e-04 3.228892497138e-01 3.729698492462e-04 1.912247699068e-01 3.729698492462e-04 1.728574181300e-01 3.729698492462e-04 3.128408015635e-01
3.752864321608e-04 3.229733539512e-01 3.752864321608e-04 1.912214236678e-01 3.752864321608e-04 1.727892206431e-01 3.752864321608e-04 3.128558613789e-01
3.776030150754e-04 3.230520830949e-01 3.776030150754e-04 1.912185294431e-01 3.776030150754e-04 1.727265867105e-01 3.776030150754e-04 3.128694990545e-01
3.799195979899e-04 3.231257493392e-01 3.799195979899e-04 1.912160261893e-01 3.799195979899e-04 1.726690949489e-01 3.799195979899e-04 3.128818484458e-01
3.822361809045e-04 3.231946509965e-01 3.822361809045e-04 1.912138611019e-01 3.822361809045e-04 1.726163504256e-01 3.822361809045e-04 3.128930308876e-01
3.845527638191e-04 3.232590724992e-01 3.845527638191e-04 1.912119885047e-01 3.845527638191e-04 1.725679839641e-01 3.845527638191e-04 3.129031563516e-01
3.868693467337e-04 3.233192845139e-01 3.868693467337e-04 1.912103688885e-01 3.868693467337e-04 1.725236512683e-01 3.868693467337e-04 3.129123244987e-01
3.891859296482e-04 3.233755441487e-01 3.891859296482e-04 1.912089680793e-01 3.891859296482e-04 1.724830319146e-01 3.891859296482e-04 3.129206256364e-01
3.915025125628e-04 3.234280952358e-01 3.915025125628e-04 1.912077565184e-01 3.915025125628e-04 1.724458282529e-01 3.915025125628e-04 3.129281415895e-01
3.938190954774e-04 3.234771686738e-01 3.938190954774e-04 1.912067086394e-01 3.938190954774e-04 1.724117642522e-01 3.938190954774e-04 3.129349464896e-01
3.961356783920e-04 3.235229828175e-01 3.961356783920e-04 1.912058023291e-01 3.961356783920e-04 1.723805843155e-01 3.961356783920e-04 3.129411074940e-01
3.984522613065e-04 3.235657439024e-01 3.984522613065e-04 1.912050184616e-01 3.984522613065e-04 1.723520520895e-01 3.984522613065e-04 3.129466854370e-01
4.007688442211e-04 3.236056464959e-01 4.007688442211e-04 1.912043404948e-01 4.007688442211e-04 1.723259492830e-01 4.007688442211e-04 3.129517354218e-01
4.030854271357e-04 3.236428739646e-01 4.030854271357e-04 1.912037541210e-01 4.030854271357e-04 1.723020745098e-01 4.030854271357e-04 3.129563073578e-01
4.054020100503e-04 3.236775989537e-01 4.054020100503e-04 1.912032469658e-01 4.054020100503e-04 1.722802421656e-01 4.054020100503e-04 3.129604464471e-01
4.077185929648e-04 3.237099838692e-01 4.077185929648e-04 1.912028083264e-01 4.077185929648e-04 1.722602813463e-01 4.077185929648e-04 3.129641936272e-01
4.100351758794e-04 3.237401813609e-01 4.100351758794e-04 1.912024289462e-01 4.100351758794e-04 1.722420348124e-01 4.100351758794e-04 3.129675859711e-01
4.123517587940e-04 3.237683348007e-01 4.123517587940e-04 1.912021008190e-01 4.123517587940e-04 1.722253580043e-01 4.123517587940e-04 3.129706570512e-01
4.146683417085e-04 3.237945787530e-01 4.146683417085e-04 1.912018170204e-01 4.146683417085e-04 1.722101181094e-01 4.146683417085e-04 3.129734372686e-01
4.169849246231e-04 3.238190394347e-01 4.169849246231e-04 1.912015715616e-01 4.169849246231e-04 1.721961931823e-01 4.169849246231e-04 3.129759541516e-01
4.193015075377e-04 3.238418351635e-01 4.193015075377e-04 1.912013592627e-01 4.193015075377e-04 1.721834713176e-01 4.193015075377e-04 3.129782326267e-01
4.216180904523e-04 3.238630767910e-01 4.216180904523e-04 1.912011756439e-01 4.216180904523e-04 1.721718498756e-01 4.216180904523e-04 3.129802952637e-01
4.239346733668e-04 3.238828681220e-01 4.239346733668e-04 1.912010168306e-01 4.239346733668e-04 1.721612347580e-01 4.239346733668e-04 3.129821624980e-01
4.262512562814e-04 3.239013063164e-01 4.262512562814e-04 1.912008794715e-01 4.262512562814e-04 1.721515397332e-01 4.262512562814e-04 3.129838528323e-01
4.285678391960e-04 3.239184822757e-01 4.285678391960e-04 1.912007606683e-01 4.285678391960e-04 1.721426858091e-01 4.285678391960e-04 3.129853830187e-01
4.308844221106e-04 3.239344810118e-01 4.308844221106e-04 1.912006579141e-01 4.308844221106e-04 1.721346006498e-01 4.308844221106e-04 3.129867682241e-01
4.332010050251e-04 3.239493819991e-01 4.332010050251e-04 1.912005690408e-01 4.332010050251e-04 1.721272180359e-01 4.332010050251e-04 3.129880221803e-01
4.355175879397e-04 3.239632595096e-01 4.355175879397e-04 1.912004921731e-01 4.355175879397e-04 1.721204773649e-01 4.355175879397e-04 3.129891573193e-01
4.378341708543e-04 3.239761829315e-01 4.378341708543e-04 1.912004256893e-01 4.378341708543e-04 1.721143231889e-01 4.378341708543e-04 3.129901848961e-01
4.401507537688e-04 3.239882170710e-01 4.401507537688e-04 1.912003681865e-01 4.401507537688e-04 1.721087047884e-01 4.401507537688e-04 3.129911151002e-01
4.424673366834e-04 3.239994224386e-01 4.424673366834e-04 1.912003184514e-01 4.424673366834e-04 1.721035757794e-01 4.424673366834e-04 3.129919571566e-01
4.447839195980e-04 3.240098555189e-01 4.447839195980e-04 1.912002754348e-01 4.447839195980e-04 1.720988937510e-01 4.447839195980e-04 3.129927194163e-01
4.471005025126e-04 3.240195690266e-01 4.471005025126e-04 1.912002382290e-01 4.471005025126e-04 1.720946199321e-01 4.471005025126e-04 3.129934094398e-01
4.494170854271e-04 3.240286121471e-01 4.494170854271e-04 1.912002060491e-01 4.494170854271e-04 1.720907188850e-01 4.494170854271e-04 3.129940340713e-01
4.517336683417e-04 3.240370307635e-01 4.517336683417e-04 1.912001782162e-01 4.517336683417e-04 1.720871582236e-01 4.517336683417e-04 3.129945995069e-01
4.540502512563e-04 3.240448676702e-01 4.540502512563e-04 1.912001541429e-01 4.540502512563e-04 1.720839083549e-01 4.540502512563e-04 3.129951113557e-01
4.563668341709e-04 3.240521627737e-01 4.563668341709e-04 1.912001333216e-01 4.563668341709e-04 1.720809422413e-01 4.563668341709e-04 3.129955746956e-01
4.586834170854e-04 3.240589532820e-01 4.586834170854e-04 1.912001153127e-01 4.586834170854e-04 1.720782351826e-01 4.586834170854e-04 3.129959941232e-01
4.610000000000e-04 3.240652738810e-01 4.610000000000e-04 1.912000997366e-01 4.610000000000e-04 1.720757646169e-01 4.610000000000e-04 3.129963737998e-01
