0.000000000000e+00 3.151000000000e-01 0.000000000000e+00 3.097500000000e-01 0.000000000000e+00 1.832000000000e-01 0.000000000000e+00 1.941000000000e-01
1.804020100503e-06 3.151000000000e-01 1.804020100503e-06 3.097500000000e-01 1.804020100503e-06 1.832000000000e-01 1.804020100503e-06 1.941000000000e-01
3.608040201005e-06 3.151000000000e-01 3.608040201005e-06 3.097500000000e-01 3.608040201005e-06 1.832000000000e-01 3.608040201005e-06 1.941000000000e-01
5.412060301508e-06 3.151000000000e-01 5.412060301508e-06 3.097500000000e-01 5.412060301508e-06 1.832000000000e-01 5.412060301508e-06 1.941000000000e-01
7.216080402010e-06 3.151000000000e-01 7.216080402010e-06 3.097500000000e-01 7.216080402010e-06 1.832000000000e-01 7.216080402010e-06 1.941000000000e-01
9.020100502513e-06 3.151000000000e-01 9.020100502513e-06 3.097500000000e-01 9.020100502513e-06 1.832000000000e-01 9.020100502513e-06 1.941000000000e-01
1.082412060302e-05 3.151000000000e-01 1.082412060302e-05 3.097500000000e-01 1.082412060302e-05 1.832000000000e-01 1.082412060302e-05 1.941000000000e-01
1.262814070352e-05 3.151000000000e-01 1.262814070352e-05 3.097500000000e-01 1.262814070352e-05 1.832000000000e-01 1.262814070352e-05 1.941000000000e-01
1.443216080402e-05 3.151000000000e-01 1.443216080402e-05 3.097500000000e-01 1.443216080402e-05 1.832000000000e-01 1.443216080402e-05 1.941000000000e-01
1.623618090452e-05 3.151000000000e-01 1.623618090452e-05 3.097500000000e-01 1.623618090452e-05 1.832000000000e-01 1.623618090452e-05 1.941000000000e-01
1.804020100503e-05 3.151000000000e-01 1.804020100503e-05 3.097500000000e-01 1.804020100503e-05 1.832000000000e-01 1.804020100503e-05 1.941000000000e-01
1.984422110553e-05 3.151000000000e-01 1.984422110553e-05 3.097500000000e-01 1.984422110553e-05 1.832000000000e-01 1.984422110553e-05 1.941000000000e-01
2.164824120603e-05 3.151000000000e-01 2.164824120603e-05 3.097500000000e-01 2.164824120603e-05 1.832000000000e-01 2.164824120603e-05 1.941000000000e-01
2.345226130653e-05 3.151000000000e-01 2.345226130653e-05 3.097500000000e-01 2.345226130653e-05 1.832000000000e-01 2.345226130653e-05 1.941000000000e-01
2.525628140704e-05 3.151000000000e-01 2.525628140704e-05 3.097500000000e-01 2.525628140704e-05 1.832000000000e-01 2.525628140704e-05 1.941000000000e-01
2.706030150754e-05 3.151000000000e-01 2.706030150754e-05 3.097500000000e-01 2.706030150754e-05 1.832000000000e-01 2.706030150754e-05 1.941000000000e-01
2.886432160804e-05 3.151000000000e-01 2.886432160804e-05 3.097500000000e-01 2.886432160804e-05 1.832000000000e-01 2.886432160804e-05 1.941000000000e-01
3.066834170854e-05 3.151000000000e-01 3.066834170854e-05 3.097500000000e-01 3.066834170854e-05 1.832000000000e-01 3.066834170854e-05 1.941000000000e-01
3.247236180905e-05 3.151000000000e-01 3.247236180905e-05 3.097500000000e-01 3.247236180905e-05 1.832000000000e-01 3.247236180905e-05 1.941000000000e-01
3.427638190955e-05 3.151000000000e-01 3.427638190955e-05 3.097500000000e-01 3.427638190955e-05 1.832000000000e-01 3.427638190955e-05 1.941000000000e-01
3.608040201005e-05 3.151000000000e-01 3.608040201005e-05 3.097500000000e-01 3.608040201005e-05 1.832000000000e-01 3.608040201005e-05 1.941000000000e-01
3.788442211055e-05 3.151000000000e-01 3.788442211055e-05 3.097500000000e-01 3.788442211055e-05 1.832000000000e-01 3.788442211055e-05 1.941000000000e-01
3.968844221106e-05 3.151000000000e-01 3.968844221106e-05 3.097500000000e-01 3.968844221106e-05 1.832000000000e-01 3.968844221106e-05 1.941000000000e-01
4.149246231156e-05 3.151000000000e-01 4.149246231156e-05 3.097500000000e-01 4.149246231156e-05 1.832000000000e-01 4.149246231156e-05 1.941000000000e-01
4.329648241206e-05 3.151000000000e-01 4.329648241206e-05 3.097500000000e-01 4.329648241206e-05 1.832000000000e-01 4.329648241206e-05 1.941000000000e-01
4.510050251256e-05 3.151000000000e-01 4.510050251256e-05 3.097500000000e-01 4.510050251256e-05 1.832000000000e-01 4.510050251256e-05 1.941000000000e-01
4.690452261307e-05 3.151000000000e-01 4.690452261307e-05 3.097500000000e-01 4.690452261307e-05 1.832000000000e-01 4.690452261307e-05 1.941000000000e-01
4.870854271357e-05 3.151000000000e-01 4.870854271357e-05 3.097500000000e-01 4.870854271357e-05 1.832000000000e-01 4.870854271357e-05 1.941000000000e-01
5.051256281407e-05 3.151000000000e-01 5.051256281407e-05 3.097500000000e-01 5.051256281407e-05 1.832000000000e-01 5.051256281407e-05 1.941000000000e-01
5.231658291457e-05 3.151000000000e-01 5.231658291457e-05 3.097500000000e-01 5.231658291457e-05 1.832000000000e-01 5.231658291457e-05 1.941000000000e-01
5.412060301508e-05 3.151000000000e-01 5.412060301508e-05 3.097500000000e-01 5.412060301508e-05 1.832000000000e-01 5.412060301508e-05 1.941000000000e-01
5.592462311558e-05 3.151000000000e-01 5.592462311558e-05 3.097500000000e-01 5.592462311558e-05 1.832000000000e-01 5.592462311558e-05 1.941000000000e-01
5.772864321608e-05 3.151000000000e-01 5.772864321608e-05 3.097500000000e-01 5.772864321608e-05 1.832000000000e-01 5.772864321608e-05 1.941000000000e-01
5.953266331658e-05 3.151000000000e-01 5.953266331658e-05 3.097500000000e-01 5.953266331658e-05 1.832000000000e-01 5.953266331658e-05 1.941000000000e-01
6.133668341709e-05 3.151000000000e-01 6.133668341709e-05 3.097500000000e-01 6.133668341709e-05 1.832000000000e-01 6.133668341709e-05 1.941000000000e-01
6.314070351759e-05 3.151000000000e-01 6.314070351759e-05 3.097500000000e-01 6.314070351759e-05 1.832000000000e-01 6.314070351759e-05 1.941000000000e-01
6.494472361809e-05 3.151000000000e-01 6.494472361809e-05 3.097500000000e-01 6.494472361809e-05 1.832000000000e-01 6.494472361809e-05 1.941000000000e-01
6.674874371859e-05 3.151000000000e-01 6.674874371859e-05 3.097500000000e-01 6.674874371859e-05 1.832000000000e-01 6.674874371859e-05 1.941000000000e-01
6.855276381910e-05 3.151000000000e-01 6.855276381910e-05 3.097500000000e-01 6.855276381910e-05 1.832000000000e-01 6.855276381910e-05 1.941000000000e-01
7.035678391960e-05 3.151000000000e-01 7.035678391960e-05 3.097500000000e-01 7.035678391960e-05 1.832000000000e-01 7.035678391960e-05 1.941000000000e-01
7.216080402010e-05 3.151000000000e-01 7.216080402010e-05 3.097500000000e-01 7.216080402010e-05 1.832000000000e-01 7.216080402010e-05 1.941000000000e-01
7.396482412060e-05 3.151000000000e-01 7.396482412060e-05 3.097500000000e-01 7.396482412060e-05 1.832000000000e-01 7.396482412060e-05 1.941000000000e-01
7.576884422111e-05 3.151000000000e-01 7.576884422111e-05 3.097500000000e-01 7.576884422111e-05 1.832000000000e-01 7.576884422111e-05 1.941000000000e-01
7.757286432161e-05 3.151000000000e-01 7.757286432161e-05 3.097500000000e-01 7.757286432161e-05 1.832000000000e-01 7.757286432161e-05 1.941000000000e-01
7.937688442211e-05 3.151000000000e-01 7.937688442211e-05 3.097500000000e-01 7.937688442211e-05 1.832000000000e-01 7.937688442211e-05 1.941000000000e-01
8.118090452261e-05 3.151000000000e-01 8.118090452261e-05 3.097500000000e-01 8.118090452261e-05 1.832000000000e-01 8.118090452261e-05 1.941000000000e-01
8.298492462312e-05 3.151000000000e-01 8.298492462312e-05 3.097500000000e-01 8.298492462312e-05 1.832000000000e-01 8.298492462312e-05 1.941000000000e-01
8.478894472362e-05 3.151000000000e-01 8.478894472362e-05 3.097500000000e-01 8.478894472362e-05 1.832000000000e-01 8.478894472362e-05 1.941000000000e-01
8.659296482412e-05 3.151000000000e-01 8.659296482412e-05 3.097500000000e-01 8.659296482412e-05 1.832000000000e-01 8.659296482412e-05 1.941000000000e-01
8.839698492462e-05 3.151000000000e-01 8.839698492462e-05 3.097500000000e-01 8.839698492462e-05 1.832000000000e-01 8.839698492462e-05 1.941000000000e-01
9.020100502513e-05 3.151000000000e-01 9.020100502513e-05 3.097500000000e-01 9.020100502513e-05 1.832000000000e-01 9.020100502513e-05 1.941000000000e-01
9.200502512563e-05 3.151000000000e-01 9.200502512563e-05 3.097500000000e-01 9.200502512563e-05 1.832000000000e-01 9.200502512563e-05 1.941000000000e-01
9.380904522613e-05 3.151000000000e-01 9.380904522613e-05 3.097500000000e-01 9.380904522613e-05 1.832000000000e-01 9.380904522613e-05 1.941000000000e-01
9.561306532663e-05 3.151000000000e-01 9.561306532663e-05 3.097500000000e-01 9.561306532663e-05 1.832000000000e-01 9.561306532663e-05 1.941000000000e-01
9.741708542714e-05 3.151000000000e-01 9.741708542714e-05 3.097500000000e-01 9.741708542714e-05 1.832000000000e-01 9.741708542714e-05 1.941000000000e-01
9.922110552764e-05 3.151000000000e-01 9.922110552764e-05 3.097500000000e-01 9.922110552764e-05 1.832000000000e-01 9.922110552764e-05 1.941000000000e-01
1.010251256281e-04 3.151000000000e-01 1.010251256281e-04 3.097500000000e-01 1.010251256281e-04 1.832000000000e-01 1.010251256281e-04 1.941000000000e-01
1.028291457286e-04 3.151000000000e-01 1.028291457286e-04 3.097500000000e-01 1.028291457286e-04 1.832000000000e-01 1.028291457286e-04 1.941000000000e-01
1.046331658291e-04 3.151000000000e-01 1.046331658291e-04 3.097500000000e-01 1.046331658291e-04 1.832000000000e-01 1.046331658291e-04 1.941000000000e-01
1.064371859296e-04 3.151000000000e-01 1.064371859296e-04 3.097500000000e-01 1.064371859296e-04 1.832000000000e-01 1.064371859296e-04 1.941000000000e-01
1.082412060302e-04 3.151000000000e-01 1.082412060302e-04 3.097500000000e-01 1.082412060302e-04 1.832000000000e-01 1.082412060302e-04 1.941000000000e-01
1.100452261307e-04 3.151000000000e-01 1.100452261307e-04 3.097500000000e-01 1.100452261307e-04 1.832000000000e-01 1.100452261307e-04 1.941000000000e-01
1.118492462312e-04 3.151000000000e-01 1.118492462312e-04 3.097500000000e-01 1.118492462312e-04 1.832000000000e-01 1.118492462312e-04 1.941000000000e-01
1.136532663317e-04 3.151000000000e-01 1.136532663317e-04 3.097500000000e-01 1.136532663317e-04 1.832000000000e-01 1.136532663317e-04 1.941000000000e-01
1.154572864322e-04 3.151000000000e-01 1.154572864322e-04 3.097500000000e-01 1.154572864322e-04 1.832000000000e-01 1.154572864322e-04 1.941000000001e-01
1.172613065327e-04 3.151000000000e-01 1.172613065327e-04 3.097500000000e-01 1.172613065327e-04 1.832000000000e-01 1.172613065327e-04 1.941000000002e-01
1.190653266332e-04 3.151000000000e-01 1.190653266332e-04 3.097500000000e-01 1.190653266332e-04 1.832000000000e-01 1.190653266332e-04 1.941000000004e-01
1.208693467337e-04 3.151000000000e-01 1.208693467337e-04 3.097500000000e-01 1.208693467337e-04 1.832000000000e-01 1.208693467337e-04 1.941000000009e-01
1.226733668342e-04 3.151000000000e-01 1.226733668342e-04 3.097500000000e-01 1.226733668342e-04 1.832000000000e-01 1.226733668342e-04 1.941000000021e-01
1.244773869347e-04 3.151000000000e-01 1.244773869347e-04 3.097500000000e-01 1.244773869347e-04 1.832000000000e-01 1.244773869347e-04 1.941000000047e-01
1.262814070352e-04 3.151000000000e-01 1.262814070352e-04 3.097500000000e-01 1.262814070352e-04 1.832000000000e-01 1.262814070352e-04 1.941000000105e-01
1.280854271357e-04 3.151000000000e-01 1.280854271357e-04 3.097500000000e-01 1.280854271357e-04 1.832000000000e-01 1.280854271357e-04 1.941000000235e-01
1.298894472362e-04 3.151000000000e-01 1.298894472362e-04 3.097500000000e-01 1.298894472362e-04 1.832000000000e-01 1.298894472362e-04 1.941000000529e-01
1.316934673367e-04 3.151000000000e-01 1.316934673367e-04 3.097500000000e-01 1.316934673367e-04 1.832000000000e-01 1.316934673367e-04 1.941000001188e-01
1.334974874372e-04 3.151000000000e-01 1.334974874372e-04 3.097500000000e-01 1.334974874372e-04 1.832000000000e-01 1.334974874372e-04 1.941000002669e-01
1.353015075377e-04 3.151000000000e-01 1.353015075377e-04 3.097500000000e-01 1.353015075377e-04 1.832000000000e-01 1.353015075377e-04 1.941000005996e-01
1.371055276382e-04 3.151000000000e-01 1.371055276382e-04 3.097500000000e-01 1.371055276382e-04 1.832000000000e-01 1.371055276382e-04 1.941000013468e-01
1.389095477387e-04 3.151000000000e-01 1.389095477387e-04 3.097500000000e-01 1.389095477387e-04 1.832000000000e-01 1.389095477387e-04 1.941000030253e-01
1.407135678392e-04 3.150999999999e-01 1.407135678392e-04 3.097500000000e-01 1.407135678392e-04 1.832000000000e-01 1.407135678392e-04 1.941000067959e-01
1.425175879397e-04 3.150999999998e-01 1.425175879397e-04 3.097500000000e-01 1.425175879397e-04 1.832000000000e-01 1.425175879397e-04 1.941000152658e-01
1.443216080402e-04 3.150999999990e-01 1.443216080402e-04 3.097500000000e-01 1.443216080402e-04 1.832000000000e-01 1.443216080402e-04 1.941000342919e-01
1.461256281407e-04 3.150999999954e-01 1.461256281407e-04 3.097500000000e-01 1.461256281407e-04 1.832000000000e-01 1.461256281407e-04 1.941000770308e-01
1.479296482412e-04 3.150999999796e-01 1.479296482412e-04 3.097500000000e-01 1.479296482412e-04 1.832000000000e-01 1.479296482412e-04 1.941001730362e-01
1.497336683417e-04 3.150999999096e-01 1.497336683417e-04 3.097500000000e-01 1.497336683417e-04 1.832000000000e-01 1.497336683417e-04 1.941003886948e-01
1.515376884422e-04 3.150999995994e-01 1.515376884422e-04 3.097500000000e-01 1.515376884422e-04 1.832000000000e-01 1.515376884422e-04 1.941008731298e-01
1.533417085427e-04 3.150999982242e-01 1.533417085427e-04 3.097500000000e-01 1.533417085427e-04 1.832000000000e-01 1.533417085427e-04 1.941019613063e-01
1.551457286432e-04 3.150999921287e-01 1.551457286432e-04 3.097500000000e-01 1.551457286432e-04 1.832000000000e-01 1.551457286432e-04 1.941044055915e-01
1.569497487437e-04 3.150999651104e-01 1.569497487437e-04 3.097500000000e-01 1.569497487437e-04 1.832000000000e-01 1.569497487437e-04 1.941098956833e-01
1.587537688442e-04 3.150998453515e-01 1.587537688442e-04 3.097500000000e-01 1.587537688442e-04 1.832000000000e-01 1.587537688442e-04 1.941222253796e-01
1.605577889447e-04 3.150993145217e-01 1.605577889447e-04 3.097500000000e-01 1.605577889447e-04 1.832000000000e-01 1.605577889447e-04 1.941499077831e-01
1.623618090452e-04 3.150969616911e-01 1.623618090452e-04 3.097500000000e-01 1.623618090452e-04 1.832000000000e-01 1.623618090452e-04 1.942120215371e-01
1.641658291457e-04 3.150865345993e-01 1.641658291457e-04 3.097500000000e-01 1.641658291457e-04 1.832000000000e-01 1.641658291457e-04 1.943512041419e-01
1.659698492462e-04 3.150403561594e-01 1.659698492462e-04 3.097500000000e-01 1.659698492462e-04 1.832000000000e-01 1.659698492462e-04 1.946621649693e-01
1.677738693467e-04 3.148364817983e-01 1.677738693467e-04 3.097500000000e-01 1.677738693467e-04 1.832000000000e-01 1.677738693467e-04 1.953525671852e-01
1.695778894472e-04 3.139488003612e-01 1.695778894472e-04 3.097500000000e-01 1.695778894472e-04 1.832000000000e-01 1.695778894472e-04 1.968659115231e-01
1.713819095477e-04 3.103067169750e-01 1.713819095477e-04 3.097500000000e-01 1.713819095477e-04 1.832000000000e-01 1.713819095477e-04 2.001064594525e-01
1.731859296482e-04 2.983553562151e-01 1.731859296482e-04 3.097500000000e-01 1.731859296482e-04 1.832000000000e-01 1.731859296482e-04 2.068330009207e-01
1.749899497487e-04 2.764394305621e-01 1.749899497487e-04 3.097500000000e-01 1.749899497487e-04 1.832000000000e-01 1.749899497487e-04 2.206410389657e-01
1.767939698492e-04 2.549909629476e-01 1.767939698492e-04 3.097500000000e-01 1.767939698492e-04 1.832000000000e-01 1.767939698492e-04 2.477084209748e-01
1.785979899497e-04 2.223676551301e-01 1.785979899497e-04 3.097500000000e-01 1.785979899497e-04 1.832000000000e-01 1.785979899497e-04 2.806943630208e-01
1.804020100503e-04 1.992130494376e-01 1.804020100503e-04 3.097500000000e-01 1.804020100503e-04 1.832000000000e-01 1.804020100503e-04 2.988886224125e-01
1.822060301508e-04 1.951356954608e-01 1.822060301508e-04 3.097500000000e-01 1.822060301508e-04 1.832000000000e-01 1.822060301508e-04 3.057080642404e-01
1.840100502513e-04 1.946649139921e-01 1.840100502513e-04 3.097500000000e-01 1.840100502513e-04 1.832000000000e-01 1.840100502513e-04 3.083067635339e-01
1.858140703518e-04 1.946090519553e-01 1.858140703518e-04 3.097500000000e-01 1.858140703518e-04 1.832000000000e-01 1.858140703518e-04 3.093765943513e-01
1.876180904523e-04 1.946014887471e-01 1.876180904523e-04 3.097500000000e-01 1.876180904523e-04 1.832000000000e-01 1.876180904523e-04 3.098369582092e-01
1.894221105528e-04 1.946002811671e-01 1.894221105528e-04 3.097500000000e-01 1.894221105528e-04 1.832000000000e-01 1.894221105528e-04 3.100390215846e-01
1.912261306533e-04 1.946000580266e-01 1.912261306533e-04 3.097500000000e-01 1.912261306533e-04 1.832000000000e-01 1.912261306533e-04 3.101284526324e-01
1.930301507538e-04 1.946000125568e-01 1.930301507538e-04 3.097500000000e-01 1.930301507538e-04 1.832000000000e-01 1.930301507538e-04 3.101681700990e-01
1.948341708543e-04 1.946000027801e-01 1.948341708543e-04 3.097500000000e-01 1.948341708543e-04 1.832000000000e-01 1.948341708543e-04 3.101858340217e-01
1.966381909548e-04 1.946000006220e-01 1.966381909548e-04 3.097500000000e-01 1.966381909548e-04 1.832000000000e-01 1.966381909548e-04 3.101936943934e-01
1.984422110553e-04 1.946000001398e-01 1.984422110553e-04 3.097500000000e-01 1.984422110553e-04 1.832000000000e-01 1.984422110553e-04 3.101971930470e-01
2.002462311558e-04 1.946000000315e-01 2.002462311558e-04 3.097500000000e-01 2.002462311558e-04 1.832000000000e-01 2.002462311558e-04 3.101987504470e-01
2.020502512563e-04 1.946000000071e-01 2.020502512563e-04 3.097500000000e-01 2.020502512563e-04 1.832000000000e-01 2.020502512563e-04 3.101994437389e-01
2.038542713568e-04 1.946000000016e-01 2.038542713568e-04 3.097500000000e-01 2.038542713568e-04 1.832000000000e-01 2.038542713568e-04 3.101997523692e-01
2.056582914573e-04 1.946000000004e-01 2.056582914573e-04 3.097500000000e-01 2.056582914573e-04 1.832000000000e-01 2.056582914573e-04 3.101998897620e-01
2.074623115578e-04 1.946000000001e-01 2.074623115578e-04 3.097500000000e-01 2.074623115578e-04 1.832000000000e-01 2.074623115578e-04 3.101999509253e-01
2.092663316583e-04 1.946000000000e-01 2.092663316583e-04 3.097500000000e-01 2.092663316583e-04 1.832000000000e-01 2.092663316583e-04 3.101999781533e-01
2.110703517588e-04 1.946000000000e-01 2.110703517588e-04 3.097500000000e-01 2.110703517588e-04 1.832000000000e-01 2.110703517588e-04 3.101999902745e-01
2.128743718593e-04 1.946000000000e-01 2.128743718593e-04 3.097500000000e-01 2.128743718593e-04 1.832000000000e-01 2.128743718593e-04 3.101999956705e-01
2.146783919598e-04 1.946000000000e-01 2.146783919598e-04 3.097500000000e-01 2.146783919598e-04 1.832000000000e-01 2.146783919598e-04 3.101999980726e-01
2.164824120603e-04 1.946000000000e-01 2.164824120603e-04 3.097500000000e-01 2.164824120603e-04 1.832000000000e-01 2.164824120603e-04 3.101999991420e-01
2.182864321608e-04 1.946000000000e-01 2.182864321608e-04 3.097500000000e-01 2.182864321608e-04 1.832000000000e-01 2.182864321608e-04 3.101999996180e-01
2.200904522613e-04 1.946000000000e-01 2.200904522613e-04 3.097500000000e-01 2.200904522613e-04 1.832000000000e-01 2.200904522613e-04 3.101999998300e-01
2.218944723618e-04 1.946000000000e-01 2.218944723618e-04 3.097500000000e-01 2.218944723618e-04 1.832000000000e-01 2.218944723618e-04 3.101999999243e-01
2.236984924623e-04 1.946000000000e-01 2.236984924623e-04 3.097500000000e-01 2.236984924623e-04 1.832000000000e-01 2.236984924623e-04 3.101999999663e-01
2.255025125628e-04 1.946000000000e-01 2.255025125628e-04 3.097500000000e-01 2.255025125628e-04 1.832000000000e-01 2.255025125628e-04 3.101999999850e-01
2.273065326633e-04 1.946000000000e-01 2.273065326633e-04 3.097500000000e-01 2.273065326633e-04 1.832000000000e-01 2.273065326633e-04 3.101999999933e-01
2.291105527638e-04 1.946000000000e-01 2.291105527638e-04 3.097500000000e-01 2.291105527638e-04 1.832000000000e-01 2.291105527638e-04 3.101999999970e-01
2.309145728643e-04 1.946000000000e-01 2.309145728643e-04 3.097500000000e-01 2.309145728643e-04 1.832000000000e-01 2.309145728643e-04 3.101999999987e-01
2.327185929648e-04 1.946000000000e-01 2.327185929648e-04 3.097500000000e-01 2.327185929648e-04 1.832000000000e-01 2.327185929648e-04 3.101999999994e-01
2.345226130653e-04 1.946000000000e-01 2.345226130653e-04 3.097500000000e-01 2.345226130653e-04 1.832000000000e-01 2.345226130653e-04 3.101999999997e-01
2.363266331658e-04 1.946000000000e-01 2.363266331658e-04 3.097500000000e-01 2.363266331658e-04 1.832000000000e-01 2.363266331658e-04 3.101999999999e-01
2.381306532663e-04 1.946000000000e-01 2.381306532663e-04 3.097500000000e-01 2.381306532663e-04 1.832000000000e-01 2.381306532663e-04 3.101999999999e-01
2.399346733668e-04 1.946000000000e-01 2.399346733668e-04 3.097500000000e-01 2.399346733668e-04 1.832000000000e-01 2.399346733668e-04 3.102000000000e-01
2.417386934673e-04 1.946000000000e-01 2.417386934673e-04 3.097500000000e-01 2.417386934673e-04 1.832000000000e-01 2.417386934673e-04 3.102000000000e-01
2.435427135678e-04 1.946000000000e-01 2.435427135678e-04 3.097500000000e-01 2.435427135678e-04 1.832000000000e-01 2.435427135678e-04 3.102000000000e-01
2.453467336683e-04 1.946000000000e-01 2.453467336683e-04 3.097500000000e-01 2.453467336683e-04 1.832000000000e-01 2.453467336683e-04 3.102000000000e-01
2.471507537688e-04 1.946000000000e-01 2.471507537688e-04 3.097500000000e-01 2.471507537688e-04 1.832000000000e-01 2.471507537688e-04 3.102000000000e-01
2.489547738693e-04 1.946000000000e-01 2.489547738693e-04 3.097500000000e-01 2.489547738693e-04 1.832000000000e-01 2.489547738693e-04 3.102000000000e-01
2.507587939698e-04 1.946000000000e-01 2.507587939698e-04 3.097500000000e-01 2.507587939698e-04 1.832000000000e-01 2.507587939698e-04 3.102000000000e-01
2.525628140704e-04 1.946000000000e-01 2.525628140704e-04 3.097500000000e-01 2.525628140704e-04 1.832000000000e-01 2.525628140704e-04 3.102000000000e-01
2.543668341709e-04 1.946000000000e-01 2.543668341709e-04 3.097500000000e-01 2.543668341709e-04 1.832000000000e-01 2.543668341709e-04 3.102000000000e-01
2.561708542714e-04 1.946000000000e-01 2.561708542714e-04 3.097500000000e-01 2.561708542714e-04 1.832000000000e-01 2.561708542714e-04 3.102000000000e-01
2.579748743719e-04 1.946000000000e-01 2.579748743719e-04 3.097500000000e-01 2.579748743719e-04 1.832000000000e-01 2.579748743719e-04 3.102000000000e-01
2.597788944724e-04 1.946000000000e-01 2.597788944724e-04 3.097500000000e-01 2.597788944724e-04 1.832000000000e-01 2.597788944724e-04 3.102000000000e-01
2.615829145729e-04 1.946000000000e-01 2.615829145729e-04 3.097500000000e-01 2.615829145729e-04 1.832000000000e-01 2.615829145729e-04 3.102000000000e-01
2.633869346734e-04 1.946000000000e-01 2.633869346734e-04 3.097500000000e-01 2.633869346734e-04 1.832000000000e-01 2.633869346734e-04 3.102000000000e-01
2.651909547739e-04 1.946000000000e-01 2.651909547739e-04 3.097500000000e-01 2.651909547739e-04 1.832000000000e-01 2.651909547739e-04 3.102000000000e-01
2.669949748744e-04 1.946000000000e-01 2.669949748744e-04 3.097500000000e-01 2.669949748744e-04 1.832000000000e-01 2.669949748744e-04 3.102000000000e-01
2.687989949749e-04 1.946000000000e-01 2.687989949749e-04 3.097500000000e-01 2.687989949749e-04 1.832000000000e-01 2.687989949749e-04 3.102000000000e-01
2.706030150754e-04 1.946000000000e-01 2.706030150754e-04 3.097500000000e-01 2.706030150754e-04 1.832000000000e-01 2.706030150754e-04 3.102000000000e-01
2.724070351759e-04 1.946000000000e-01 2.724070351759e-04 3.097500000000e-01 2.724070351759e-04 1.832000000000e-01 2.724070351759e-04 3.102000000000e-01
2.742110552764e-04 1.946000000000e-01 2.742110552764e-04 3.097500000000e-01 2.742110552764e-04 1.832000000000e-01 2.742110552764e-04 3.102000000000e-01
2.760150753769e-04 1.946000000000e-01 2.760150753769e-04 3.097500000000e-01 2.760150753769e-04 1.832000000000e-01 2.760150753769e-04 3.102000000000e-01
2.778190954774e-04 1.946000000000e-01 2.778190954774e-04 3.097500000000e-01 2.778190954774e-04 1.832000000000e-01 2.778190954774e-04 3.102000000000e-01
2.796231155779e-04 1.946000000000e-01 2.796231155779e-04 3.097500000000e-01 2.796231155779e-04 1.832000000000e-01 2.796231155779e-04 3.102000000000e-01
2.814271356784e-04 1.946000000000e-01 2.814271356784e-04 3.097500000000e-01 2.814271356784e-04 1.832000000000e-01 2.814271356784e-04 3.102000000000e-01
2.832311557789e-04 1.946000000000e-01 2.832311557789e-04 3.097500000000e-01 2.832311557789e-04 1.832000000000e-01 2.832311557789e-04 3.102000000000e-01
2.850351758794e-04 1.946000000000e-01 2.850351758794e-04 3.097500000000e-01 2.850351758794e-04 1.832000000000e-01 2.850351758794e-04 3.102000000000e-01
2.868391959799e-04 1.946000000000e-01 2.868391959799e-04 3.097500000000e-01 2.868391959799e-04 1.832000000000e-01 2.868391959799e-04 3.102000000000e-01
2.886432160804e-04 1.946000000000e-01 2.886432160804e-04 3.097500000000e-01 2.886432160804e-04 1.832000000000e-01 2.886432160804e-04 3.102000000000e-01
2.904472361809e-04 1.946000000000e-01 2.904472361809e-04 3.097500000000e-01 2.904472361809e-04 1.832000000000e-01 2.904472361809e-04 3.102000000000e-01
2.922512562814e-04 1.946000000000e-01 2.922512562814e-04 3.097500000000e-01 2.922512562814e-04 1.832000000000e-01 2.922512562814e-04 3.102000000000e-01
2.940552763819e-04 1.946000000000e-01 2.940552763819e-04 3.097500000000e-01 2.940552763819e-04 1.832000000000e-01 2.940552763819e-04 3.102000000000e-01
2.958592964824e-04 1.946000000000e-01 2.958592964824e-04 3.097500000000e-01 2.958592964824e-04 1.832000000000e-01 2.958592964824e-04 3.102000000000e-01
2.976633165829e-04 1.946000000000e-01 2.976633165829e-04 3.097500000000e-01 2.976633165829e-04 1.832000000000e-01 2.976633165829e-04 3.102000000000e-01
2.994673366834e-04 1.946000000000e-01 2.994673366834e-04 3.097500000000e-01 2.994673366834e-04 1.832000000000e-01 2.994673366834e-04 3.102000000000e-01
3.012713567839e-04 1.946000000000e-01 3.012713567839e-04 3.097500000000e-01 3.012713567839e-04 1.832000000000e-01 3.012713567839e-04 3.102000000000e-01
3.030753768844e-04 1.946000000000e-01 3.030753768844e-04 3.097500000000e-01 3.030753768844e-04 1.832000000000e-01 3.030753768844e-04 3.102000000000e-01
3.048793969849e-04 1.946000000000e-01 3.048793969849e-04 3.097500000000e-01 3.048793969849e-04 1.832000000000e-01 3.048793969849e-04 3.102000000000e-01
3.066834170854e-04 1.946000000000e-01 3.066834170854e-04 3.097500000000e-01 3.066834170854e-04 1.832000000000e-01 3.066834170854e-04 3.102000000000e-01
3.084874371859e-04 1.946000000000e-01 3.084874371859e-04 3.097500000000e-01 3.084874371859e-04 1.832000000000e-01 3.084874371859e-04 3.102000000000e-01
3.102914572864e-04 1.946000000000e-01 3.102914572864e-04 3.097500000000e-01 3.102914572864e-04 1.832000000000e-01 3.102914572864e-04 3.102000000000e-01
3.120954773869e-04 1.946000000000e-01 3.120954773869e-04 3.097500000000e-01 3.120954773869e-04 1.832000000000e-01 3.120954773869e-04 3.102000000000e-01
3.138994974874e-04 1.946000000000e-01 3.138994974874e-04 3.097500000000e-01 3.138994974874e-04 1.832000000000e-01 3.138994974874e-04 3.102000000000e-01
3.157035175879e-04 1.946000000000e-01 3.157035175879e-04 3.097500000000e-01 3.157035175879e-04 1.832000000000e-01 3.157035175879e-04 3.102000000000e-01
3.175075376884e-04 1.946000000000e-01 3.175075376884e-04 3.097500000000e-01 3.175075376884e-04 1.832000000000e-01 3.175075376884e-04 3.102000000000e-01
3.193115577889e-04 1.946000000000e-01 3.193115577889e-04 3.097500000000e-01 3.193115577889e-04 1.832000000000e-01 3.193115577889e-04 3.102000000000e-01
3.211155778894e-04 1.946000000000e-01 3.211155778894e-04 3.097500000000e-01 3.211155778894e-04 1.832000000000e-01 3.211155778894e-04 3.102000000000e-01
3.229195979899e-04 1.946000000000e-01 3.229195979899e-04 3.097500000000e-01 3.229195979899e-04 1.832000000000e-01 3.229195979899e-04 3.102000000000e-01
3.247236180905e-04 1.946000000000e-01 3.247236180905e-04 3.097500000000e-01 3.247236180905e-04 1.832000000000e-01 3.247236180905e-04 3.102000000000e-01
3.265276381910e-04 1.946000000000e-01 3.265276381910e-04 3.097500000000e-01 3.265276381910e-04 1.832000000000e-01 3.265276381910e-04 3.102000000000e-01
3.283316582915e-04 1.946000000000e-01 3.283316582915e-04 3.097500000000e-01 3.283316582915e-04 1.832000000000e-01 3.283316582915e-04 3.102000000000e-01
3.301356783920e-04 1.946000000000e-01 3.301356783920e-04 3.097500000000e-01 3.301356783920e-04 1.832000000000e-01 3.301356783920e-04 3.102000000000e-01
3.319396984925e-04 1.946000000000e-01 3.319396984925e-04 3.097500000000e-01 3.319396984925e-04 1.832000000000e-01 3.319396984925e-04 3.102000000000e-01
3.337437185930e-04 1.946000000000e-01 3.337437185930e-04 3.097500000000e-01 3.337437185930e-04 1.832000000000e-01 3.337437185930e-04 3.102000000000e-01
3.355477386935e-04 1.946000000000e-01 3.355477386935e-04 3.097500000000e-01 3.355477386935e-04 1.832000000000e-01 3.355477386935e-04 3.102000000000e-01
3.373517587940e-04 1.946000000000e-01 3.373517587940e-04 3.097500000000e-01 3.373517587940e-04 1.832000000000e-01 3.373517587940e-04 3.102000000000e-01
3.391557788945e-04 1.946000000000e-01 3.391557788945e-04 3.097500000000e-01 3.391557788945e-04 1.832000000000e-01 3.391557788945e-04 3.102000000000e-01
3.409597989950e-04 1.946000000000e-01 3.409597989950e-04 3.097500000000e-01 3.409597989950e-04 1.832000000000e-01 3.409597989950e-04 3.102000000000e-01
3.427638190955e-04 1.946000000000e-01 3.427638190955e-04 3.097500000000e-01 3.427638190955e-04 1.832000000000e-01 3.427638190955e-04 3.102000000000e-01
3.445678391960e-04 1.946000000000e-01 3.445678391960e-04 3.097500000000e-01 3.445678391960e-04 1.832000000000e-01 3.445678391960e-04 3.102000000000e-01
3.463718592965e-04 1.946000000000e-01 3.463718592965e-04 3.097500000000e-01 3.463718592965e-04 1.832000000000e-01 3.463718592965e-04 3.102000000000e-01
3.481758793970e-04 1.946000000000e-01 3.481758793970e-04 3.097500000000e-01 3.481758793970e-04 1.832000000000e-01 3.481758793970e-04 3.102000000000e-01
3.499798994975e-04 1.946000000000e-01 3.499798994975e-04 3.097500000000e-01 3.499798994975e-04 1.832000000000e-01 3.499798994975e-04 3.102000000000e-01
3.517839195980e-04 1.946000000000e-01 3.517839195980e-04 3.097500000000e-01 3.517839195980e-04 1.832000000000e-01 3.517839195980e-04 3.102000000000e-01
3.535879396985e-04 1.946000000000e-01 3.535879396985e-04 3.097500000000e-01 3.535879396985e-04 1.832000000000e-01 3.535879396985e-04 3.102000000000e-01
3.553919597990e-04 1.946000000000e-01 3.553919597990e-04 3.097500000000e-01 3.553919597990e-04 1.832000000000e-01 3.553919597990e-04 3.102000000000e-01
3.571959798995e-04 1.946000000000e-01 3.571959798995e-04 3.097500000000e-01 3.571959798995e-04 1.832000000000e-01 3.571959798995e-04 3.102000000000e-01
3.590000000000e-04 1.946000000000e-01 3.590000000000e-04 3.097500000000e-01 3.590000000000e-04 1.832000000000e-01 3.590000000000e-04 3.102000000000e-01
