0.000000000000e+00 3.213603152553e-01 0.000000000000e+00 3.151999996914e-01 0.000000000000e+00 1.738484009401e-01 0.000000000000e+00 1.892000351749e-01
2.165829145729e-06 3.213613658768e-01 2.165829145729e-06 3.151999996298e-01 2.165829145729e-06 1.738481812941e-01 2.165829145729e-06 1.892000403687e-01
4.331658291457e-06 3.213625231254e-01 4.331658291457e-06 3.151999995557e-01 4.331658291457e-06 1.738479331841e-01 4.331658291457e-06 1.892000463294e-01
6.497487437186e-06 3.213637977720e-01 6.497487437186e-06 3.151999994669e-01 6.497487437186e-06 1.738476530582e-01 6.497487437186e-06 1.892000531702e-01
8.663316582915e-06 3.213652016688e-01 8.663316582915e-06 3.151999993602e-01 8.663316582915e-06 1.738473369333e-01 8.663316582915e-06 1.892000610212e-01
1.082914572864e-05 3.213667478567e-01 1.082914572864e-05 3.151999992321e-01 1.082914572864e-05 1.738469803436e-01 1.082914572864e-05 1.892000700314e-01
1.299497487437e-05 3.213684506836e-01 1.299497487437e-05 3.151999990784e-01 1.299497487437e-05 1.738465782831e-01 1.299497487437e-05 1.892000803719e-01
1.516080402010e-05 3.213703259335e-01 1.516080402010e-05 3.151999988938e-01 1.516080402010e-05 1.738461251417e-01 1.516080402010e-05 1.892000922394e-01
1.732663316583e-05 3.213723909699e-01 1.732663316583e-05 3.151999986721e-01 1.732663316583e-05 1.738456146340e-01 1.732663316583e-05 1.892001058591e-01
1.949246231156e-05 3.213746648908e-01 1.949246231156e-05 3.151999984059e-01 1.949246231156e-05 1.738450397188e-01 1.949246231156e-05 1.892001214899e-01
2.165829145729e-05 3.213771687012e-01 2.165829145729e-05 3.151999980862e-01 2.165829145729e-05 1.738443925111e-01 2.165829145729e-05 1.892001394287e-01
2.382412060302e-05 3.213799255005e-01 2.382412060302e-05 3.151999977021e-01 2.382412060302e-05 1.738436641817e-01 2.382412060302e-05 1.892001600162e-01
2.598994974874e-05 3.213829606894e-01 2.598994974874e-05 3.151999972408e-01 2.598994974874e-05 1.738428448473e-01 2.598994974874e-05 1.892001836436e-01
2.815577889447e-05 3.213863021955e-01 2.815577889447e-05 3.151999966865e-01 2.815577889447e-05 1.738419234462e-01 2.815577889447e-05 1.892002107597e-01
3.032160804020e-05 3.213899807216e-01 3.032160804020e-05 3.151999960205e-01 3.032160804020e-05 1.738408876011e-01 3.032160804020e-05 1.892002418797e-01
3.248743718593e-05 3.213940300173e-01 3.248743718593e-05 3.151999952201e-01 3.248743718593e-05 1.738397234648e-01 3.248743718593e-05 1.892002775947e-01
3.465326633166e-05 3.213984871770e-01 3.465326633166e-05 3.151999942581e-01 3.465326633166e-05 1.738384155499e-01 3.465326633166e-05 1.892003185832e-01
3.681909547739e-05 3.214033929655e-01 3.681909547739e-05 3.151999931016e-01 3.681909547739e-05 1.738369465373e-01 3.681909547739e-05 1.892003656239e-01
3.898492462312e-05 3.214087921754e-01 3.898492462312e-05 3.151999917111e-01 3.898492462312e-05 1.738352970643e-01 3.898492462312e-05 1.892004196104e-01
4.115075376884e-05 3.214147340172e-01 4.115075376884e-05 3.151999900390e-01 4.115075376884e-05 1.738334454878e-01 4.115075376884e-05 1.892004815683e-01
4.331658291457e-05 3.214212725466e-01 4.331658291457e-05 3.151999880277e-01 4.331658291457e-05 1.738313676213e-01 4.331658291457e-05 1.892005526745e-01
4.548241206030e-05 3.214284671320e-01 4.548241206030e-05 3.151999856081e-01 4.548241206030e-05 1.738290364416e-01 4.548241206030e-05 1.892006342800e-01
4.764824120603e-05 3.214363829642e-01 4.764824120603e-05 3.151999826966e-01 4.764824120603e-05 1.738264217637e-01 4.764824120603e-05 1.892007279348e-01
4.981407035176e-05 3.214450916143e-01 4.981407035176e-05 3.151999791923e-01 4.981407035176e-05 1.738234898782e-01 4.981407035176e-05 1.892008354181e-01
5.197989949749e-05 3.214546716415e-01 5.197989949749e-05 3.151999749736e-01 5.197989949749e-05 1.738202031487e-01 5.197989949749e-05 1.892009587717e-01
5.414572864322e-05 3.214652092569e-01 5.414572864322e-05 3.151999698935e-01 5.414572864322e-05 1.738165195655e-01 5.414572864322e-05 1.892011003388e-01
5.631155778894e-05 3.214767990463e-01 5.631155778894e-05 3.151999637744e-01 5.631155778894e-05 1.738123922485e-01 5.631155778894e-05 1.892012628088e-01
5.847738693467e-05 3.214895447573e-01 5.847738693467e-05 3.151999564015e-01 5.847738693467e-05 1.738077688978e-01 5.847738693467e-05 1.892014492678e-01
6.064321608040e-05 3.215035601560e-01 6.064321608040e-05 3.151999475154e-01 6.064321608040e-05 1.738025911824e-01 6.064321608040e-05 1.892016632578e-01
6.280904522613e-05 3.215189699579e-01 6.280904522613e-05 3.151999368017e-01 6.280904522613e-05 1.737967940647e-01 6.280904522613e-05 1.892019088437e-01
6.497487437186e-05 3.215359108379e-01 6.497487437186e-05 3.151999238802e-01 6.497487437186e-05 1.737903050519e-01 6.497487437186e-05 1.892021906905e-01
6.714070351759e-05 3.215545325260e-01 6.714070351759e-05 3.151999082900e-01 6.714070351759e-05 1.737830433677e-01 6.714070351759e-05 1.892025141520e-01
6.930653266332e-05 3.215749989935e-01 6.930653266332e-05 3.151998894727e-01 6.930653266332e-05 1.737749190380e-01 6.930653266332e-05 1.892028853724e-01
7.147236180905e-05 3.215974897351e-01 7.147236180905e-05 3.151998667507e-01 7.147236180905e-05 1.737658318806e-01 7.147236180905e-05 1.892033114030e-01
7.363819095477e-05 3.216222011522e-01 7.363819095477e-05 3.151998393018e-01 7.363819095477e-05 1.737556703922e-01 7.363819095477e-05 1.892038003360e-01
7.580402010050e-05 3.216493480429e-01 7.580402010050e-05 3.151998061273e-01 7.580402010050e-05 1.737443105222e-01 7.580402010050e-05 1.892043614585e-01
7.796984924623e-05 3.216791652033e-01 7.796984924623e-05 3.151997660135e-01 7.796984924623e-05 1.737316143252e-01 7.796984924623e-05 1.892050054286e-01
8.013567839196e-05 3.217119091431e-01 8.013567839196e-05 3.151997174838e-01 8.013567839196e-05 1.737174284814e-01 8.013567839196e-05 1.892057444779e-01
8.230150753769e-05 3.217478599198e-01 8.230150753769e-05 3.151996587409e-01 8.230150753769e-05 1.737015826762e-01 8.230150753769e-05 1.892065926438e-01
8.446733668342e-05 3.217873230917e-01 8.446733668342e-05 3.151995875951e-01 8.446733668342e-05 1.736838878280e-01 8.446733668342e-05 1.892075660360e-01
8.663316582915e-05 3.218306317908e-01 8.663316582915e-05 3.151995013765e-01 8.663316582915e-05 1.736641341558e-01 8.663316582915e-05 1.892086831431e-01
8.879899497487e-05 3.218781489122e-01 8.879899497487e-05 3.151993968265e-01 8.879899497487e-05 1.736420890775e-01 8.879899497487e-05 1.892099651829e-01
9.096482412060e-05 3.219302694144e-01 9.096482412060e-05 3.151992699647e-01 9.096482412060e-05 1.736174949306e-01 9.096482412060e-05 1.892114365063e-01
9.313065326633e-05 3.219874227221e-01 9.313065326633e-05 3.151991159246e-01 9.313065326633e-05 1.735900665092e-01 9.313065326633e-05 1.892131250600e-01
9.529648241206e-05 3.220500752173e-01 9.529648241206e-05 3.151989287502e-01 9.529648241206e-05 1.735594884149e-01 9.529648241206e-05 1.892150629176e-01
9.746231155779e-05 3.221187327970e-01 9.746231155779e-05 3.151987011453e-01 9.746231155779e-05 1.735254122187e-01 9.746231155779e-05 1.892172868897e-01
9.962814070352e-05 3.221939434738e-01 9.962814070352e-05 3.151984241623e-01 9.962814070352e-05 1.734874534397e-01 9.962814070352e-05 1.892198392247e-01
1.017939698492e-04 3.222762999791e-01 1.017939698492e-04 3.151980868178e-01 1.017939698492e-04 1.734451883488e-01 1.017939698492e-04 1.892227684130e-01
1.039597989950e-04 3.223664423257e-01 1.039597989950e-04 3.151976756145e-01 1.039597989950e-04 1.733981506147e-01 1.039597989950e-04 1.892261301113e-01
1.061256281407e-04 3.224650602665e-01 1.061256281407e-04 3.151971739481e-01 1.061256281407e-04 1.733458278193e-01 1.061256281407e-04 1.892299882051e-01
1.082914572864e-04 3.225728955751e-01 1.082914572864e-04 3.151965613699e-01 1.082914572864e-04 1.732876578785e-01 1.082914572864e-04 1.892344160290e-01
1.104572864322e-04 3.226907440528e-01 1.104572864322e-04 3.151958126681e-01 1.104572864322e-04 1.732230254249e-01 1.104572864322e-04 1.892394977708e-01
1.126231155779e-04 3.228194571435e-01 1.126231155779e-04 3.151948967240e-01 1.126231155779e-04 1.731512582209e-01 1.126231155779e-04 1.892453300866e-01
1.147889447236e-04 3.229599430137e-01 1.147889447236e-04 3.151937750839e-01 1.147889447236e-04 1.730716236987e-01 1.147889447236e-04 1.892520239611e-01
1.169547738693e-04 3.231131669207e-01 1.169547738693e-04 3.151924001760e-01 1.169547738693e-04 1.729833257479e-01 1.169547738693e-04 1.892597068499e-01
1.191206030151e-04 3.232801506578e-01 1.191206030151e-04 3.151907130809e-01 1.191206030151e-04 1.728855019069e-01 1.191206030151e-04 1.892685251514e-01
1.212864321608e-04 3.234619708232e-01 1.212864321608e-04 3.151886407408e-01 1.212864321608e-04 1.727772211521e-01 1.212864321608e-04 1.892786470604e-01
1.234522613065e-04 3.236597556091e-01 1.234522613065e-04 3.151860924630e-01 1.234522613065e-04 1.726574825267e-01 1.234522613065e-04 1.892902658694e-01
1.256180904523e-04 3.238746797568e-01 1.256180904523e-04 3.151829555347e-01 1.256180904523e-04 1.725252149071e-01 1.256180904523e-04 1.893036037916e-01
1.277839195980e-04 3.241079572599e-01 1.277839195980e-04 3.151790897188e-01 1.277839195980e-04 1.723792782651e-01 1.277839195980e-04 1.893189163998e-01
1.299497487437e-04 3.243608313332e-01 1.299497487437e-04 3.151743203381e-01 1.299497487437e-04 1.722184668611e-01 1.299497487437e-04 1.893364977931e-01
1.321155778894e-04 3.246345610913e-01 1.321155778894e-04 3.151684295786e-01 1.321155778894e-04 1.720415148797e-01 1.321155778894e-04 1.893566866282e-01
1.342814070352e-04 3.249304043092e-01 1.342814070352e-04 3.151611455479e-01 1.342814070352e-04 1.718471051132e-01 1.342814070352e-04 1.893798731860e-01
1.364472361809e-04 3.252495955559e-01 1.364472361809e-04 3.151521284956e-01 1.364472361809e-04 1.716338813914e-01 1.364472361809e-04 1.894065076851e-01
1.386130653266e-04 3.255933189227e-01 1.386130653266e-04 3.151409534547e-01 1.386130653266e-04 1.714004655563e-01 1.386130653266e-04 1.894371101121e-01
1.407788944724e-04 3.259626745011e-01 1.407788944724e-04 3.151270883618e-01 1.407788944724e-04 1.711454798820e-01 1.407788944724e-04 1.894722819087e-01
1.429447236181e-04 3.263586377135e-01 1.429447236181e-04 3.151098664734e-01 1.429447236181e-04 1.708675759259e-01 1.429447236181e-04 1.895127199560e-01
1.451105527638e-04 3.267820105785e-01 1.451105527638e-04 3.150884515862e-01 1.451105527638e-04 1.705654708788e-01 1.451105527638e-04 1.895592334285e-01
1.472763819095e-04 3.272333640026e-01 1.472763819095e-04 3.150617941937e-01 1.472763819095e-04 1.702379925209e-01 1.472763819095e-04 1.896127642661e-01
1.494422110553e-04 3.277129702621e-01 1.494422110553e-04 3.150285762410e-01 1.494422110553e-04 1.698841338928e-01 1.494422110553e-04 1.896744122535e-01
1.516080402010e-04 3.282207249797e-01 1.516080402010e-04 3.149871415720e-01 1.516080402010e-04 1.695031187208e-01 1.516080402010e-04 1.897454660257e-01
1.537738693467e-04 3.287560581409e-01 1.537738693467e-04 3.149354084791e-01 1.537738693467e-04 1.690944784737e-01 1.537738693467e-04 1.898274417621e-01
1.559396984925e-04 3.293178340649e-01 1.559396984925e-04 3.148707599661e-01 1.559396984925e-04 1.686581416418e-01 1.559396984925e-04 1.899221319413e-01
1.581055276382e-04 3.299042407661e-01 1.581055276382e-04 3.147899064251e-01 1.581055276382e-04 1.681945353861e-01 1.581055276382e-04 1.900316673630e-01
1.602713567839e-04 3.305126698532e-01 1.602713567839e-04 3.146887144533e-01 1.602713567839e-04 1.677046990645e-01 1.602713567839e-04 1.901585967735e-01
1.624371859296e-04 3.311395890440e-01 1.624371859296e-04 3.145619945779e-01 1.624371859296e-04 1.671904082715e-01 1.624371859296e-04 1.903059899750e-01
1.646030150754e-04 3.317804105427e-01 1.646030150754e-04 3.144032399080e-01 1.646030150754e-04 1.666543069015e-01 1.646030150754e-04 1.904775723775e-01
1.667688442211e-04 3.324293599568e-01 1.667688442211e-04 3.142043074937e-01 1.667688442211e-04 1.661000433330e-01 1.667688442211e-04 1.906779017337e-01
1.689346733668e-04 3.330793521070e-01 1.689346733668e-04 3.139550350052e-01 1.689346733668e-04 1.655324051562e-01 1.689346733668e-04 1.909126014640e-01
1.711005025126e-04 3.337218819814e-01 1.711005025126e-04 3.136427881169e-01 1.711005025126e-04 1.649574449491e-01 1.711005025126e-04 1.911886696961e-01
1.732663316583e-04 3.343469411267e-01 1.732663316583e-04 3.132519400553e-01 1.732663316583e-04 1.643825875431e-01 1.732663316583e-04 1.915148889931e-01
1.754321608040e-04 3.349429718287e-01 1.754321608040e-04 3.127632961208e-01 1.754321608040e-04 1.638167071446e-01 1.754321608040e-04 1.919023685519e-01
1.775979899497e-04 3.354968733373e-01 1.775979899497e-04 3.121534953105e-01 1.775979899497e-04 1.632701608072e-01 1.775979899497e-04 1.923652576426e-01
1.797638190955e-04 3.359940758673e-01 1.797638190955e-04 3.113944516765e-01 1.797638190955e-04 1.627547633630e-01 1.797638190955e-04 1.929216742371e-01
1.819296482412e-04 3.364186988402e-01 1.819296482412e-04 3.104529428569e-01 1.819296482412e-04 1.622836883778e-01 1.819296482412e-04 1.935948917796e-01
1.840954773869e-04 3.367538094256e-01 1.840954773869e-04 3.092905134986e-01 1.840954773869e-04 1.618712803856e-01 1.840954773869e-04 1.944148112789e-01
1.862613065327e-04 3.369817954657e-01 1.862613065327e-04 3.078639328858e-01 1.862613065327e-04 1.615327660051e-01 1.862613065327e-04 1.954196997623e-01
1.884271356784e-04 3.370848628872e-01 1.884271356784e-04 3.061265137829e-01 1.884271356784e-04 1.612838558765e-01 1.884271356784e-04 1.966580737983e-01
1.905929648241e-04 3.370456613546e-01 1.905929648241e-04 3.040306300916e-01 1.905929648241e-04 1.611402359218e-01 1.905929648241e-04 1.981904108225e-01
1.927587939698e-04 3.368480329777e-01 1.927587939698e-04 3.015317086922e-01 1.927587939698e-04 1.611169551851e-01 1.927587939698e-04 2.000900390911e-01
1.949246231156e-04 3.364778673791e-01 1.949246231156e-04 2.985937448759e-01 1.949246231156e-04 1.612277281216e-01 1.949246231156e-04 2.024420712564e-01
1.970904522613e-04 3.359240327551e-01 1.970904522613e-04 2.951959470360e-01 1.970904522613e-04 1.614841809233e-01 1.970904522613e-04 2.053386861815e-01
1.992562814070e-04 3.351793375638e-01 1.992562814070e-04 2.913394822439e-01 1.992562814070e-04 1.618950831406e-01 1.992562814070e-04 2.088687339509e-01
2.014221105528e-04 3.342414625378e-01 2.014221105528e-04 2.870526546933e-01 2.014221105528e-04 1.624656159579e-01 2.014221105528e-04 2.131001956873e-01
2.035879396985e-04 3.331137897192e-01 2.035879396985e-04 2.823925622819e-01 2.035879396985e-04 1.631967352954e-01 2.035879396985e-04 2.180563637768e-01
2.057537688442e-04 3.318060464724e-01 2.057537688442e-04 2.774417379700e-01 2.057537688442e-04 1.640846897517e-01 2.057537688442e-04 2.236910895994e-01
2.079195979899e-04 3.303346803934e-01 2.079195979899e-04 2.722996223976e-01 2.079195979899e-04 1.651207489770e-01 2.079195979899e-04 2.298734795113e-01
2.100854271357e-04 3.287228879870e-01 2.100854271357e-04 2.670705253497e-01 2.100854271357e-04 1.662911867537e-01 2.100854271357e-04 2.363937106420e-01
2.122512562814e-04 3.270002374670e-01 2.122512562814e-04 2.618511463940e-01 2.122512562814e-04 1.675775452149e-01 2.122512562814e-04 2.429948406227e-01
2.144170854271e-04 3.252018543849e-01 2.144170854271e-04 2.567209320664e-01 2.144170854271e-04 1.689571836998e-01 2.144170854271e-04 2.494220588307e-01
2.165829145729e-04 3.233671765961e-01 2.165829145729e-04 2.517374030577e-01 2.165829145729e-04 1.704040901743e-01 2.165829145729e-04 2.554701100890e-01
2.187487437186e-04 3.215383289698e-01 2.187487437186e-04 2.469367266692e-01 2.187487437186e-04 1.718899080776e-01 2.187487437186e-04 2.610108703609e-01
2.209145728643e-04 3.197582130057e-01 2.209145728643e-04 2.423381775119e-01 2.209145728643e-04 1.733851102462e-01 2.209145728643e-04 2.659951308353e-01
2.230804020101e-04 3.180684456531e-01 2.230804020101e-04 2.379503476436e-01 2.230804020101e-04 1.748602371618e-01 2.230804020101e-04 2.704353551993e-01
2.252462311558e-04 3.165073084460e-01 2.252462311558e-04 2.337770899000e-01 2.252462311558e-04 1.762871111937e-01 2.252462311558e-04 2.743813271629e-01
2.274120603015e-04 3.151078770261e-01 2.274120603015e-04 2.298218621304e-01 2.274120603015e-04 1.776399424550e-01 2.274120603015e-04 2.778982162643e-01
2.295778894472e-04 3.138964892175e-01 2.295778894472e-04 2.260899650023e-01 2.295778894472e-04 1.788962546211e-01 2.295778894472e-04 2.810513976714e-01
2.317437185930e-04 3.128916774711e-01 2.317437185930e-04 2.225888407391e-01 2.317437185930e-04 1.800375785673e-01 2.317437185930e-04 2.838982317573e-01
2.339095477387e-04 3.121036428811e-01 2.339095477387e-04 2.193270036851e-01 2.339095477387e-04 1.810498850945e-01 2.339095477387e-04 2.864850653723e-01
2.360753768844e-04 3.115342902966e-01 2.360753768844e-04 2.163123075192e-01 2.360753768844e-04 1.819237521539e-01 2.360753768844e-04 2.888473975361e-01
2.382412060302e-04 3.111777861098e-01 2.382412060302e-04 2.135501828640e-01 2.382412060302e-04 1.826542839139e-01 2.382412060302e-04 2.910115766945e-01
2.404070351759e-04 3.110215507243e-01 2.404070351759e-04 2.110422891308e-01 2.404070351759e-04 1.832408164724e-01 2.404070351759e-04 2.929969750341e-01
2.425728643216e-04 3.110475630879e-01 2.425728643216e-04 2.087857983463e-01 2.425728643216e-04 1.836864566822e-01 2.425728643216e-04 2.948180626372e-01
2.447386934673e-04 3.112338385046e-01 2.447386934673e-04 2.067733296614e-01 2.447386934673e-04 1.839975060760e-01 2.447386934673e-04 2.964861245821e-01
2.469045226131e-04 3.115559431668e-01 2.469045226131e-04 2.049934169691e-01 2.469045226131e-04 1.841828217622e-01 2.469045226131e-04 2.980105518159e-01
2.490703517588e-04 3.119884264189e-01 2.490703517588e-04 2.034313268568e-01 2.490703517588e-04 1.842531615033e-01 2.490703517588e-04 2.993997334121e-01
2.512361809045e-04 3.125060796564e-01 2.512361809045e-04 2.020700382415e-01 2.512361809045e-04 1.842205524244e-01 2.512361809045e-04 3.006616191222e-01
2.534020100503e-04 3.130849633091e-01 2.534020100503e-04 2.008912271771e-01 2.534020100503e-04 1.840977133689e-01 2.534020100503e-04 3.018040314222e-01
2.555678391960e-04 3.137031753807e-01 2.555678391960e-04 1.998761488950e-01 2.555678391960e-04 1.838975511464e-01 2.555678391960e-04 3.028348008464e-01
2.577336683417e-04 3.143413626348e-01 2.577336683417e-04 1.990063579006e-01 2.577336683417e-04 1.836327417873e-01 2.577336683417e-04 3.037617862281e-01
2.598994974874e-04 3.149829964517e-01 2.598994974874e-04 1.982642466385e-01 2.598994974874e-04 1.833154001256e-01 2.598994974874e-04 3.045928275401e-01
2.620653266332e-04 3.156144489097e-01 2.620653266332e-04 1.976334105853e-01 2.620653266332e-04 1.829568349053e-01 2.620653266332e-04 3.053356659089e-01
2.642311557789e-04 3.162249112545e-01 2.642311557789e-04 1.970988632904e-01 2.642311557789e-04 1.825673822368e-01 2.642311557789e-04 3.059978542487e-01
2.663969849246e-04 3.168061978485e-01 2.663969849246e-04 1.966471314083e-01 2.663969849246e-04 1.821563074965e-01 2.663969849246e-04 3.065866731757e-01
2.685628140704e-04 3.173524755378e-01 2.685628140704e-04 1.962662601425e-01 2.685628140704e-04 1.817317644209e-01 2.685628140704e-04 3.071090603327e-01
2.707286432161e-04 3.178599526986e-01 2.707286432161e-04 1.959457563639e-01 2.707286432161e-04 1.813007999127e-01 2.707286432161e-04 3.075715566748e-01
2.728944723618e-04 3.183265553989e-01 2.728944723618e-04 1.956764919333e-01 2.728944723618e-04 1.808693936265e-01 2.728944723618e-04 3.079802702622e-01
2.750603015075e-04 3.187516111500e-01 2.750603015075e-04 1.954505847134e-01 2.750603015075e-04 1.804425224816e-01 2.750603015075e-04 3.083408562894e-01
2.772261306533e-04 3.191355543325e-01 2.772261306533e-04 1.952612701094e-01 2.772261306533e-04 1.800242416044e-01 2.772261306533e-04 3.086585111222e-01
2.793919597990e-04 3.194796619333e-01 2.793919597990e-04 1.951027720708e-01 2.793919597990e-04 1.796177746694e-01 2.793919597990e-04 3.089379777400e-01
2.815577889447e-04 3.197858238856e-01 2.815577889447e-04 1.949701793868e-01 2.815577889447e-04 1.792256080432e-01 2.815577889447e-04 3.091835599720e-01
2.837236180905e-04 3.200563490543e-01 2.837236180905e-04 1.948593307740e-01 2.837236180905e-04 1.788495844628e-01 2.837236180905e-04 3.093991431307e-01
2.858894472362e-04 3.202938056275e-01 2.858894472362e-04 1.947667105739e-01 2.858894472362e-04 1.784909931440e-01 2.858894472362e-04 3.095882189640e-01
2.880552763819e-04 3.205008932202e-01 2.880552763819e-04 1.946893557126e-01 2.880552763819e-04 1.781506542002e-01 2.880552763819e-04 3.097539132005e-01
2.902211055276e-04 3.206803431783e-01 2.902211055276e-04 1.946247738103e-01 2.902211055276e-04 1.778289960524e-01 2.902211055276e-04 3.098990143173e-01
2.923869346734e-04 3.208348432321e-01 2.923869346734e-04 1.945708718589e-01 2.923869346734e-04 1.775261251413e-01 2.923869346734e-04 3.100260024720e-01
2.945527638191e-04 3.209669826477e-01 2.945527638191e-04 1.945258946170e-01 2.945527638191e-04 1.772418877290e-01 2.945527638191e-04 3.101370778204e-01
2.967185929648e-04 3.210792142362e-01 2.967185929648e-04 1.944883717533e-01 2.967185929648e-04 1.769759239267e-01 2.967185929648e-04 3.102341876692e-01
2.988844221106e-04 3.211738299262e-01 2.988844221106e-04 1.944570727389e-01 2.988844221106e-04 1.767277143218e-01 2.988844221106e-04 3.103190520972e-01
3.010502512563e-04 3.212529470081e-01 3.010502512563e-04 1.944309685205e-01 3.010502512563e-04 1.764966197348e-01 3.010502512563e-04 3.103931878263e-01
3.032160804020e-04 3.213185025789e-01 3.032160804020e-04 1.944091990691e-01 3.032160804020e-04 1.762819147218e-01 3.032160804020e-04 3.104579302326e-01
3.053819095477e-04 3.213722541234e-01 3.053819095477e-04 1.943910459848e-01 3.053819095477e-04 1.760828154773e-01 3.053819095477e-04 3.105144534707e-01
3.075477386935e-04 3.214157845395e-01 3.075477386935e-04 1.943759094236e-01 3.075477386935e-04 1.758985027932e-01 3.075477386935e-04 3.105637887448e-01
3.097135678392e-04 3.214505102470e-01 3.097135678392e-04 1.943632887020e-01 3.097135678392e-04 1.757281407071e-01 3.097135678392e-04 3.106068407991e-01
3.118793969849e-04 3.214776913083e-01 3.118793969849e-04 1.943527660196e-01 3.118793969849e-04 1.755708914333e-01 3.118793969849e-04 3.106444027271e-01
3.140452261307e-04 3.214984427269e-01 3.140452261307e-04 1.943439928156e-01 3.140452261307e-04 1.754259271198e-01 3.140452261307e-04 3.106771692163e-01
3.162110552764e-04 3.215137462952e-01 3.162110552764e-04 1.943366783455e-01 3.162110552764e-04 1.752924389238e-01 3.162110552764e-04 3.107057483508e-01
3.183768844221e-04 3.215244625223e-01 3.183768844221e-04 1.943305801255e-01 3.183768844221e-04 1.751696438406e-01 3.183768844221e-04 3.107306720965e-01
3.205427135678e-04 3.215313423059e-01 3.205427135678e-04 1.943254959438e-01 3.205427135678e-04 1.750567896684e-01 3.205427135678e-04 3.107524055923e-01
3.227085427136e-04 3.215350381158e-01 3.227085427136e-04 1.943212571870e-01 3.227085427136e-04 1.749531584417e-01 3.227085427136e-04 3.107713553640e-01
3.248743718593e-04 3.215361145354e-01 3.248743718593e-04 1.943177232667e-01 3.248743718593e-04 1.748580686192e-01 3.248743718593e-04 3.107878765728e-01
3.270402010050e-04 3.215350580707e-01 3.270402010050e-04 1.943147769675e-01 3.270402010050e-04 1.747708762687e-01 3.270402010050e-04 3.108022793998e-01
3.292060301508e-04 3.215322861816e-01 3.292060301508e-04 1.943123205645e-01 3.292060301508e-04 1.746909754563e-01 3.292060301508e-04 3.108148346629e-01
3.313718592965e-04 3.215281555248e-01 3.313718592965e-04 1.943102725850e-01 3.313718592965e-04 1.746177980116e-01 3.313718592965e-04 3.108257787513e-01
3.335376884422e-04 3.215229694213e-01 3.335376884422e-04 1.943085651065e-01 3.335376884422e-04 1.745508128138e-01 3.335376884422e-04 3.108353179558e-01
3.357035175879e-04 3.215169845782e-01 3.357035175879e-04 1.943071415037e-01 3.357035175879e-04 1.744895247173e-01 3.357035175879e-04 3.108436322662e-01
3.378693467337e-04 3.215104171076e-01 3.378693467337e-04 1.943059545697e-01 3.378693467337e-04 1.744334732138e-01 3.378693467337e-04 3.108508786972e-01
3.400351758794e-04 3.215034478872e-01 3.400351758794e-04 1.943049649495e-01 3.400351758794e-04 1.743822309117e-01 3.400351758794e-04 3.108571942012e-01
3.422010050251e-04 3.214962273162e-01 3.422010050251e-04 1.943041398340e-01 3.422010050251e-04 1.743354018957e-01 3.422010050251e-04 3.108626982160e-01
3.443668341709e-04 3.214888795181e-01 3.443668341709e-04 1.943034518708e-01 3.443668341709e-04 1.742926200189e-01 3.443668341709e-04 3.108674948929e-01
3.465326633166e-04 3.214815060397e-01 3.465326633166e-04 1.943028782566e-01 3.465326633166e-04 1.742535471662e-01 3.465326633166e-04 3.108716750442e-01
3.486984924623e-04 3.214741890982e-01 3.486984924623e-04 1.943023999805e-01 3.486984924623e-04 1.742178715225e-01 3.486984924623e-04 3.108753178447e-01
3.508643216080e-04 3.214669944216e-01 3.508643216080e-04 1.943020011932e-01 3.508643216080e-04 1.741853058682e-01 3.508643216080e-04 3.108784923180e-01
3.530301507538e-04 3.214599737257e-01 3.530301507538e-04 1.943016686808e-01 3.530301507538e-04 1.741555859212e-01 3.530301507538e-04 3.108812586339e-01
3.551959798995e-04 3.214531668698e-01 3.551959798995e-04 1.943013914267e-01 3.551959798995e-04 1.741284687377e-01 3.551959798995e-04 3.108836692413e-01
3.573618090452e-04 3.214466037255e-01 3.573618090452e-04 1.943011602459e-01 3.573618090452e-04 1.741037311820e-01 3.573618090452e-04 3.108857698563e-01
3.595276381910e-04 3.214403057944e-01 3.595276381910e-04 1.943009674806e-01 3.595276381910e-04 1.740811684712e-01 3.595276381910e-04 3.108876003252e-01
3.616934673367e-04 3.214342876024e-01 3.616934673367e-04 1.943008067460e-01 3.616934673367e-04 1.740605927968e-01 3.616934673367e-04 3.108891953766e-01
3.638592964824e-04 3.214285579011e-01 3.638592964824e-04 1.943006727190e-01 3.638592964824e-04 1.740418320279e-01 3.638592964824e-04 3.108905852775e-01
3.660251256281e-04 3.214231206968e-01 3.660251256281e-04 1.943005609609e-01 3.660251256281e-04 1.740247284926e-01 3.660251256281e-04 3.108917964063e-01
3.681909547739e-04 3.214179761315e-01 3.681909547739e-04 1.943004677713e-01 3.681909547739e-04 1.740091378387e-01 3.681909547739e-04 3.108928517513e-01
3.703567839196e-04 3.214131212341e-01 3.703567839196e-04 1.943003900644e-01 3.703567839196e-04 1.739949279715e-01 3.703567839196e-04 3.108937713460e-01
3.725226130653e-04 3.214085505584e-01 3.725226130653e-04 1.943003252677e-01 3.725226130653e-04 1.739819780643e-01 3.725226130653e-04 3.108945726489e-01
3.746884422111e-04 3.214042567234e-01 3.746884422111e-04 1.943002712359e-01 3.746884422111e-04 1.739701776408e-01 3.746884422111e-04 3.108952708739e-01
3.768542713568e-04 3.214002308695e-01 3.768542713568e-04 1.943002261804e-01 3.768542713568e-04 1.739594257244e-01 3.768542713568e-04 3.108958792788e-01
3.790201005025e-04 3.213964630403e-01 3.790201005025e-04 1.943001886098e-01 3.790201005025e-04 1.739496300512e-01 3.790201005025e-04 3.108964094166e-01
3.811859296482e-04 3.213929425027e-01 3.811859296482e-04 1.943001572804e-01 3.811859296482e-04 1.739407063436e-01 3.811859296482e-04 3.108968713548e-01
3.833517587940e-04 3.213896580122e-01 3.833517587940e-04 1.943001311555e-01 3.833517587940e-04 1.739325776395e-01 3.833517587940e-04 3.108972738660e-01
3.855175879397e-04 3.213865980315e-01 3.855175879397e-04 1.943001093704e-01 3.855175879397e-04 1.739251736754e-01 3.855175879397e-04 3.108976245948e-01
3.876834170854e-04 3.213837509105e-01 3.876834170854e-04 1.943000912040e-01 3.876834170854e-04 1.739184303172e-01 3.876834170854e-04 3.108979302023e-01
3.898492462312e-04 3.213811050310e-01 3.898492462312e-04 1.943000760552e-01 3.898492462312e-04 1.739122890385e-01 3.898492462312e-04 3.108981964931e-01
3.920150753769e-04 3.213786489236e-01 3.920150753769e-04 1.943000634228e-01 3.920150753769e-04 1.739066964404e-01 3.920150753769e-04 3.108984285250e-01
3.941809045226e-04 3.213763713599e-01 3.941809045226e-04 1.943000528886e-01 3.941809045226e-04 1.739016038107e-01 3.941809045226e-04 3.108986307053e-01
3.963467336683e-04 3.213742614241e-01 3.963467336683e-04 1.943000441043e-01 3.963467336683e-04 1.738969667200e-01 3.963467336683e-04 3.108988068743e-01
3.985125628141e-04 3.213723085673e-01 3.985125628141e-04 1.943000367789e-01 3.985125628141e-04 1.738927446514e-01 3.985125628141e-04 3.108989603784e-01
4.006783919598e-04 3.213705026469e-01 4.006783919598e-04 1.943000306704e-01 4.006783919598e-04 1.738889006612e-01 4.006783919598e-04 3.108990941334e-01
4.028442211055e-04 3.213688339549e-01 4.028442211055e-04 1.943000255764e-01 4.028442211055e-04 1.738854010679e-01 4.028442211055e-04 3.108992106800e-01
4.050100502513e-04 3.213672932347e-01 4.050100502513e-04 1.943000213285e-01 4.050100502513e-04 1.738822151680e-01 4.050100502513e-04 3.108993122322e-01
4.071758793970e-04 3.213658716911e-01 4.071758793970e-04 1.943000177861e-01 4.071758793970e-04 1.738793149759e-01 4.071758793970e-04 3.108994007190e-01
4.093417085427e-04 3.213645609927e-01 4.093417085427e-04 1.943000148321e-01 4.093417085427e-04 1.738766749860e-01 4.093417085427e-04 3.108994778214e-01
4.115075376884e-04 3.213633532690e-01 4.115075376884e-04 1.943000123688e-01 4.115075376884e-04 1.738742719551e-01 4.115075376884e-04 3.108995450040e-01
4.136733668342e-04 3.213622411038e-01 4.136733668342e-04 1.943000103145e-01 4.136733668342e-04 1.738720847038e-01 4.136733668342e-04 3.108996035431e-01
4.158391959799e-04 3.213612175240e-01 4.158391959799e-04 1.943000086015e-01 4.158391959799e-04 1.738700939348e-01 4.158391959799e-04 3.108996545507e-01
4.180050251256e-04 3.213602759867e-01 4.180050251256e-04 1.943000071729e-01 4.180050251256e-04 1.738682820672e-01 4.180050251256e-04 3.108996989957e-01
4.201708542714e-04 3.213594103643e-01 4.201708542714e-04 1.943000059817e-01 4.201708542714e-04 1.738666330849e-01 4.201708542714e-04 3.108997377225e-01
4.223366834171e-04 3.213586149276e-01 4.223366834171e-04 1.943000049882e-01 4.223366834171e-04 1.738651323986e-01 4.223366834171e-04 3.108997714668e-01
4.245025125628e-04 3.213578843284e-01 4.245025125628e-04 1.943000041598e-01 4.245025125628e-04 1.738637667194e-01 4.245025125628e-04 3.108998008696e-01
4.266683417085e-04 3.213572135814e-01 4.266683417085e-04 1.943000034689e-01 4.266683417085e-04 1.738625239436e-01 4.266683417085e-04 3.108998264895e-01
4.288341708543e-04 3.213565980457e-01 4.288341708543e-04 1.943000028928e-01 4.288341708543e-04 1.738613930482e-01 4.288341708543e-04 3.108998488132e-01
4.310000000000e-04 3.213560334065e-01 4.310000000000e-04 1.943000024124e-01 4.310000000000e-04 1.738603639941e-01 4.310000000000e-04 3.108998682648e-01
