0.000000000000e+00 2.894999999996e-01 0.000000000000e+00 2.825000000000e-01 0.000000000000e+00 2.074000000000e-01 0.000000000000e+00 9.785130048935e-02 0.000000000000e+00 1.235000000000e-01
1.829145728643e-06 2.894999999995e-01 1.829145728643e-06 2.825000000000e-01 1.829145728643e-06 2.074000000000e-01 1.829145728643e-06 9.783708870427e-02 1.829145728643e-06 1.235000000000e-01
3.658291457286e-06 2.894999999993e-01 3.658291457286e-06 2.825000000000e-01 3.658291457286e-06 2.074000000000e-01 3.658291457286e-06 9.782231584870e-02 3.658291457286e-06 1.235000000000e-01
5.487437185930e-06 2.894999999991e-01 5.487437185930e-06 2.825000000000e-01 5.487437185930e-06 2.074000000000e-01 5.487437185930e-06 9.780696127711e-02 5.487437185930e-06 1.235000000000e-01
7.316582914573e-06 2.894999999989e-01 7.316582914573e-06 2.825000000000e-01 7.316582914573e-06 2.074000000000e-01 7.316582914573e-06 9.779100370890e-02 7.316582914573e-06 1.235000000000e-01
9.145728643216e-06 2.894999999986e-01 9.145728643216e-06 2.825000000000e-01 9.145728643216e-06 2.074000000000e-01 9.145728643216e-06 9.777442121931e-02 9.145728643216e-06 1.235000000000e-01
1.097487437186e-05 2.894999999981e-01 1.097487437186e-05 2.825000000000e-01 1.097487437186e-05 2.074000000000e-01 1.097487437186e-05 9.775719123138e-02 1.097487437186e-05 1.235000000000e-01
1.280402010050e-05 2.894999999976e-01 1.280402010050e-05 2.825000000000e-01 1.280402010050e-05 2.074000000000e-01 1.280402010050e-05 9.773929050870e-02 1.280402010050e-05 1.235000000000e-01
1.463316582915e-05 2.894999999969e-01 1.463316582915e-05 2.825000000000e-01 1.463316582915e-05 2.074000000000e-01 1.463316582915e-05 9.772069514943e-02 1.463316582915e-05 1.235000000000e-01
1.646231155779e-05 2.894999999960e-01 1.646231155779e-05 2.825000000000e-01 1.646231155779e-05 2.074000000000e-01 1.646231155779e-05 9.770138058139e-02 1.646231155779e-05 1.235000000000e-01
1.829145728643e-05 2.894999999948e-01 1.829145728643e-05 2.825000000000e-01 1.829145728643e-05 2.074000000000e-01 1.829145728643e-05 9.768132155867e-02 1.829145728643e-05 1.235000000000e-01
2.012060301508e-05 2.894999999933e-01 2.012060301508e-05 2.825000000000e-01 2.012060301508e-05 2.074000000000e-01 2.012060301508e-05 9.766049215962e-02 2.012060301508e-05 1.235000000000e-01
2.194974874372e-05 2.894999999913e-01 2.194974874372e-05 2.825000000000e-01 2.194974874372e-05 2.074000000000e-01 2.194974874372e-05 9.763886578658e-02 2.194974874372e-05 1.235000000000e-01
2.377889447236e-05 2.894999999888e-01 2.377889447236e-05 2.825000000000e-01 2.377889447236e-05 2.074000000000e-01 2.377889447236e-05 9.761641516741e-02 2.377889447236e-05 1.235000000000e-01
2.560804020101e-05 2.894999999856e-01 2.560804020101e-05 2.825000000000e-01 2.560804020101e-05 2.074000000000e-01 2.560804020101e-05 9.759311235899e-02 2.560804020101e-05 1.235000000000e-01
2.743718592965e-05 2.894999999815e-01 2.743718592965e-05 2.825000000000e-01 2.743718592965e-05 2.074000000000e-01 2.743718592965e-05 9.756892875294e-02 2.743718592965e-05 1.235000000000e-01
2.926633165829e-05 2.894999999761e-01 2.926633165829e-05 2.825000000000e-01 2.926633165829e-05 2.074000000000e-01 2.926633165829e-05 9.754383508368e-02 2.926633165829e-05 1.235000000000e-01
3.109547738693e-05 2.894999999693e-01 3.109547738693e-05 2.825000000000e-01 3.109547738693e-05 2.074000000000e-01 3.109547738693e-05 9.751780143902e-02 3.109547738693e-05 1.235000000000e-01
3.292462311558e-05 2.894999999605e-01 3.292462311558e-05 2.825000000000e-01 3.292462311558e-05 2.074000000000e-01 3.292462311558e-05 9.749079727352e-02 3.292462311558e-05 1.235000000000e-01
3.475376884422e-05 2.894999999493e-01 3.475376884422e-05 2.825000000000e-01 3.475376884422e-05 2.074000000000e-01 3.475376884422e-05 9.746279142485e-02 3.475376884422e-05 1.235000000000e-01
3.658291457286e-05 2.894999999348e-01 3.658291457286e-05 2.825000000000e-01 3.658291457286e-05 2.074000000000e-01 3.658291457286e-05 9.743375213328e-02 3.658291457286e-05 1.235000000000e-01
3.841206030151e-05 2.894999999164e-01 3.841206030151e-05 2.825000000000e-01 3.841206030151e-05 2.074000000000e-01 3.841206030151e-05 9.740364706464e-02 3.841206030151e-05 1.235000000000e-01
4.024120603015e-05 2.894999998927e-01 4.024120603015e-05 2.825000000000e-01 4.024120603015e-05 2.074000000000e-01 4.024120603015e-05 9.737244333686e-02 4.024120603015e-05 1.235000000000e-01
4.207035175879e-05 2.894999998625e-01 4.207035175879e-05 2.825000000000e-01 4.207035175879e-05 2.074000000000e-01 4.207035175879e-05 9.734010755037e-02 4.207035175879e-05 1.235000000000e-01
4.389949748744e-05 2.894999998238e-01 4.389949748744e-05 2.825000000000e-01 4.389949748744e-05 2.074000000000e-01 4.389949748744e-05 9.730660582271e-02 4.389949748744e-05 1.235000000000e-01
4.572864321608e-05 2.894999997745e-01 4.572864321608e-05 2.825000000000e-01 4.572864321608e-05 2.074000000000e-01 4.572864321608e-05 9.727190382733e-02 4.572864321608e-05 1.235000000000e-01
4.755778894472e-05 2.894999997116e-01 4.755778894472e-05 2.825000000000e-01 4.755778894472e-05 2.074000000000e-01 4.755778894472e-05 9.723596683712e-02 4.755778894472e-05 1.235000000000e-01
4.938693467337e-05 2.894999996316e-01 4.938693467337e-05 2.825000000000e-01 4.938693467337e-05 2.073999999999e-01 4.938693467337e-05 9.719875977259e-02 4.938693467337e-05 1.235000000000e-01
5.121608040201e-05 2.894999995296e-01 5.121608040201e-05 2.825000000000e-01 5.121608040201e-05 2.073999999999e-01 5.121608040201e-05 9.716024725529e-02 5.121608040201e-05 1.235000000000e-01
5.304522613065e-05 2.894999994001e-01 5.304522613065e-05 2.825000000000e-01 5.304522613065e-05 2.073999999999e-01 5.304522613065e-05 9.712039366630e-02 5.304522613065e-05 1.235000000000e-01
5.487437185930e-05 2.894999992358e-01 5.487437185930e-05 2.825000000000e-01 5.487437185930e-05 2.073999999998e-01 5.487437185930e-05 9.707916321039e-02 5.487437185930e-05 1.235000000000e-01
5.670351758794e-05 2.894999990274e-01 5.670351758794e-05 2.825000000000e-01 5.670351758794e-05 2.073999999997e-01 5.670351758794e-05 9.703651998572e-02 5.670351758794e-05 1.235000000000e-01
5.853266331658e-05 2.894999987637e-01 5.853266331658e-05 2.825000000000e-01 5.853266331658e-05 2.073999999995e-01 5.853266331658e-05 9.699242805954e-02 5.853266331658e-05 1.235000000000e-01
6.036180904523e-05 2.894999984306e-01 6.036180904523e-05 2.825000000000e-01 6.036180904523e-05 2.073999999993e-01 6.036180904523e-05 9.694685154990e-02 6.036180904523e-05 1.235000000000e-01
6.219095477387e-05 2.894999980103e-01 6.219095477387e-05 2.825000000000e-01 6.219095477387e-05 2.073999999989e-01 6.219095477387e-05 9.689975471352e-02 6.219095477387e-05 1.235000000000e-01
6.402010050251e-05 2.894999974813e-01 6.402010050251e-05 2.825000000000e-01 6.402010050251e-05 2.073999999984e-01 6.402010050251e-05 9.685110204008e-02 6.402010050251e-05 1.235000000000e-01
6.584924623116e-05 2.894999968167e-01 6.584924623116e-05 2.825000000000e-01 6.584924623116e-05 2.073999999976e-01 6.584924623116e-05 9.680085835290e-02 6.584924623116e-05 1.235000000000e-01
6.767839195980e-05 2.894999959836e-01 6.767839195980e-05 2.825000000000e-01 6.767839195980e-05 2.073999999965e-01 6.767839195980e-05 9.674898891609e-02 6.767839195980e-05 1.235000000000e-01
6.950753768844e-05 2.894999949422e-01 6.950753768844e-05 2.825000000000e-01 6.950753768844e-05 2.073999999947e-01 6.950753768844e-05 9.669545954820e-02 6.950753768844e-05 1.235000000000e-01
7.133668341709e-05 2.894999936437e-01 7.133668341709e-05 2.825000000000e-01 7.133668341709e-05 2.073999999922e-01 7.133668341709e-05 9.664023674247e-02 7.133668341709e-05 1.235000000000e-01
7.316582914573e-05 2.894999920299e-01 7.316582914573e-05 2.825000000000e-01 7.316582914573e-05 2.073999999884e-01 7.316582914573e-05 9.658328779337e-02 7.316582914573e-05 1.235000000000e-01
7.499497487437e-05 2.894999900313e-01 7.499497487437e-05 2.825000000000e-01 7.499497487437e-05 2.073999999828e-01 7.499497487437e-05 9.652458092954e-02 7.499497487437e-05 1.235000000000e-01
7.682412060302e-05 2.894999875659e-01 7.682412060302e-05 2.825000000000e-01 7.682412060302e-05 2.073999999744e-01 7.682412060302e-05 9.646408545283e-02 7.682412060302e-05 1.235000000000e-01
7.865326633166e-05 2.894999845383e-01 7.865326633166e-05 2.825000000000e-01 7.865326633166e-05 2.073999999619e-01 7.865326633166e-05 9.640177188322e-02 7.865326633166e-05 1.235000000000e-01
8.048241206030e-05 2.894999808397e-01 8.048241206030e-05 2.825000000000e-01 8.048241206030e-05 2.073999999434e-01 8.048241206030e-05 9.633761210938e-02 8.048241206030e-05 1.235000000000e-01
8.231155778894e-05 2.894999763487e-01 8.231155778894e-05 2.825000000000e-01 8.231155778894e-05 2.073999999159e-01 8.231155778894e-05 9.627157954436e-02 8.231155778894e-05 1.235000000000e-01
8.414070351759e-05 2.894999709339e-01 8.414070351759e-05 2.825000000000e-01 8.414070351759e-05 2.073999998750e-01 8.414070351759e-05 9.620364928615e-02 8.414070351759e-05 1.235000000000e-01
8.596984924623e-05 2.894999644606e-01 8.596984924623e-05 2.825000000000e-01 8.596984924623e-05 2.073999998143e-01 8.596984924623e-05 9.613379828234e-02 8.596984924623e-05 1.235000000000e-01
8.779899497487e-05 2.894999568011e-01 8.779899497487e-05 2.825000000000e-01 8.779899497487e-05 2.073999997240e-01 8.779899497487e-05 9.606200549854e-02 8.779899497487e-05 1.235000000000e-01
8.962814070352e-05 2.894999478527e-01 8.962814070352e-05 2.825000000000e-01 8.962814070352e-05 2.073999995898e-01 8.962814070352e-05 9.598825208959e-02 8.962814070352e-05 1.235000000000e-01
9.145728643216e-05 2.894999375668e-01 9.145728643216e-05 2.825000000000e-01 9.145728643216e-05 2.073999993902e-01 9.145728643216e-05 9.591252157303e-02 9.145728643216e-05 1.235000000000e-01
9.328643216080e-05 2.894999259932e-01 9.328643216080e-05 2.825000000000e-01 9.328643216080e-05 2.073999990936e-01 9.328643216080e-05 9.583480000379e-02 9.328643216080e-05 1.235000000000e-01
9.511557788945e-05 2.894999133468e-01 9.511557788945e-05 2.825000000000e-01 9.511557788945e-05 2.073999986525e-01 9.511557788945e-05 9.575507614918e-02 9.511557788945e-05 1.235000000000e-01
9.694472361809e-05 2.894999001076e-01 9.694472361809e-05 2.825000000000e-01 9.694472361809e-05 2.073999979967e-01 9.694472361809e-05 9.567334166325e-02 9.694472361809e-05 1.235000000000e-01
9.877386934673e-05 2.894998871672e-01 9.877386934673e-05 2.825000000000e-01 9.877386934673e-05 2.073999970213e-01 9.877386934673e-05 9.558959125923e-02 9.877386934673e-05 1.235000000000e-01
1.006030150754e-04 2.894998760401e-01 1.006030150754e-04 2.825000000000e-01 1.006030150754e-04 2.073999955706e-01 1.006030150754e-04 9.550382287901e-02 1.006030150754e-04 1.235000000001e-01
1.024321608040e-04 2.894998691703e-01 1.024321608040e-04 2.825000000000e-01 1.024321608040e-04 2.073999934126e-01 1.024321608040e-04 9.541603785829e-02 1.024321608040e-04 1.235000000002e-01
1.042613065327e-04 2.894998703661e-01 1.042613065327e-04 2.825000000000e-01 1.042613065327e-04 2.073999902020e-01 1.042613065327e-04 9.532624108613e-02 1.042613065327e-04 1.235000000003e-01
1.060904522613e-04 2.894998854201e-01 1.060904522613e-04 2.825000000000e-01 1.060904522613e-04 2.073999854243e-01 1.060904522613e-04 9.523444115742e-02 1.060904522613e-04 1.235000000007e-01
1.079195979899e-04 2.894999229823e-01 1.079195979899e-04 2.825000000000e-01 1.079195979899e-04 2.073999783135e-01 1.079195979899e-04 9.514065051701e-02 1.079195979899e-04 1.235000000014e-01
1.097487437186e-04 2.894999957888e-01 1.097487437186e-04 2.825000000000e-01 1.097487437186e-04 2.073999677280e-01 1.097487437186e-04 9.504488559382e-02 1.097487437186e-04 1.235000000028e-01
1.115778894472e-04 2.895001223796e-01 1.115778894472e-04 2.825000000000e-01 1.115778894472e-04 2.073999519661e-01 1.115778894472e-04 9.494716692357e-02 1.115778894472e-04 1.235000000057e-01
1.134070351759e-04 2.895003294949e-01 1.134070351759e-04 2.825000000000e-01 1.134070351759e-04 2.073999284904e-01 1.134070351759e-04 9.484751925867e-02 1.134070351759e-04 1.235000000115e-01
1.152361809045e-04 2.895006554037e-01 1.152361809045e-04 2.825000000000e-01 1.152361809045e-04 2.073998935160e-01 1.152361809045e-04 9.474597166366e-02 1.152361809045e-04 1.235000000233e-01
1.170653266332e-04 2.895011545143e-01 1.170653266332e-04 2.825000000000e-01 1.170653266332e-04 2.073998413940e-01 1.170653266332e-04 9.464255759484e-02 1.170653266332e-04 1.235000000472e-01
1.188944723618e-04 2.895019037415e-01 1.188944723618e-04 2.825000000000e-01 1.188944723618e-04 2.073997636902e-01 1.188944723618e-04 9.453731496268e-02 1.188944723618e-04 1.235000000958e-01
1.207236180905e-04 2.895030112743e-01 1.207236180905e-04 2.825000000000e-01 1.207236180905e-04 2.073996478041e-01 1.207236180905e-04 9.443028617563e-02 1.207236180905e-04 1.235000001944e-01
1.225527638191e-04 2.895046286152e-01 1.225527638191e-04 2.825000000000e-01 1.225527638191e-04 2.073994749010e-01 1.225527638191e-04 9.432151816415e-02 1.225527638191e-04 1.235000003945e-01
1.243819095477e-04 2.895069670640e-01 1.243819095477e-04 2.825000000000e-01 1.243819095477e-04 2.073992168079e-01 1.243819095477e-04 9.421106238377e-02 1.243819095477e-04 1.235000008005e-01
1.262110552764e-04 2.895103202181e-01 1.262110552764e-04 2.825000000000e-01 1.262110552764e-04 2.073988313550e-01 1.262110552764e-04 9.409897479612e-02 1.262110552764e-04 1.235000016245e-01
1.280402010050e-04 2.895150945833e-01 1.280402010050e-04 2.825000000000e-01 1.280402010050e-04 2.073982553734e-01 1.280402010050e-04 9.398531582720e-02 1.280402010050e-04 1.235000032969e-01
1.298693467337e-04 2.895218510602e-01 1.298693467337e-04 2.825000000000e-01 1.298693467337e-04 2.073973941593e-01 1.298693467337e-04 9.387015030212e-02 1.298693467337e-04 1.235000066910e-01
1.316984924623e-04 2.895313609173e-01 1.316984924623e-04 2.824999999999e-01 1.316984924623e-04 2.073961056054e-01 1.316984924623e-04 9.375354735573e-02 1.316984924623e-04 1.235000135801e-01
1.335276381910e-04 2.895446809001e-01 1.335276381910e-04 2.824999999996e-01 1.335276381910e-04 2.073941762679e-01 1.335276381910e-04 9.363558031895e-02 1.335276381910e-04 1.235000275634e-01
1.353567839196e-04 2.895632533254e-01 1.353567839196e-04 2.824999999988e-01 1.353567839196e-04 2.073912852304e-01 1.353567839196e-04 9.351632658067e-02 1.353567839196e-04 1.235000559477e-01
1.371859296482e-04 2.895890382950e-01 1.371859296482e-04 2.824999999961e-01 1.371859296482e-04 2.073869494704e-01 1.371859296482e-04 9.339586742528e-02 1.371859296482e-04 1.235001135673e-01
1.390150753769e-04 2.896246862879e-01 1.390150753769e-04 2.824999999873e-01 1.390150753769e-04 2.073804411631e-01 1.390150753769e-04 9.327428784626e-02 1.390150753769e-04 1.235002305405e-01
1.408442211055e-04 2.896737598685e-01 1.408442211055e-04 2.824999999584e-01 1.408442211055e-04 2.073706623662e-01 1.408442211055e-04 9.315167633647e-02 1.408442211055e-04 1.235004680222e-01
1.426733668342e-04 2.897410120998e-01 1.426733668342e-04 2.824999998636e-01 1.426733668342e-04 2.073559549436e-01 1.426733668342e-04 9.302812465586e-02 1.426733668342e-04 1.235009501935e-01
1.445025125628e-04 2.898327246906e-01 1.445025125628e-04 2.824999995523e-01 1.445025125628e-04 2.073338120875e-01 1.445025125628e-04 9.290372757782e-02 1.445025125628e-04 1.235019292352e-01
1.463316582915e-04 2.899570977999e-01 1.463316582915e-04 2.824999985307e-01 1.463316582915e-04 2.073004404609e-01 1.463316582915e-04 9.277858261539e-02 1.463316582915e-04 1.235039172899e-01
1.481608040201e-04 2.901246605500e-01 1.481608040201e-04 2.824999951776e-01 1.481608040201e-04 2.072500961101e-01 1.481608040201e-04 9.265278972893e-02 1.481608040201e-04 1.235079544683e-01
1.499899497487e-04 2.903486285269e-01 1.499899497487e-04 2.824999841725e-01 1.499899497487e-04 2.071740793131e-01 1.499899497487e-04 9.252645101700e-02 1.499899497487e-04 1.235161530284e-01
1.518190954774e-04 2.906450601879e-01 1.518190954774e-04 2.824999480525e-01 1.518190954774e-04 2.070592192933e-01 1.518190954774e-04 9.239967039235e-02 1.518190954774e-04 1.235328016806e-01
1.536482412060e-04 2.910325438550e-01 1.536482412060e-04 2.824998295031e-01 1.536482412060e-04 2.068856059698e-01 1.536482412060e-04 9.227255324521e-02 1.536482412060e-04 1.235666036753e-01
1.554773869347e-04 2.915309689074e-01 1.554773869347e-04 2.824994404146e-01 1.554773869347e-04 2.066232344683e-01 1.554773869347e-04 9.214520609618e-02 1.554773869347e-04 1.236352002476e-01
1.573065326633e-04 2.921587037592e-01 1.573065326633e-04 2.824981634340e-01 1.573065326633e-04 2.062271367302e-01 1.573065326633e-04 9.201773624096e-02 1.573065326633e-04 1.237742606295e-01
1.591356783920e-04 2.929272728104e-01 1.591356783920e-04 2.824939728235e-01 1.591356783920e-04 2.056305414549e-01 1.591356783920e-04 9.189025138966e-02 1.591356783920e-04 1.240555322283e-01
1.609648241206e-04 2.938325539445e-01 1.609648241206e-04 2.824802251971e-01 1.609648241206e-04 2.047357780689e-01 1.609648241206e-04 9.176285930307e-02 1.609648241206e-04 1.246218033807e-01
1.627939698492e-04 2.948419454652e-01 1.627939698492e-04 2.824351736997e-01 1.627939698492e-04 2.034033533183e-01 1.627939698492e-04 9.163566742858e-02 1.627939698492e-04 1.257511320045e-01
1.646231155779e-04 2.958784230388e-01 1.646231155779e-04 2.822880594813e-01 1.646231155779e-04 2.014415138953e-01 1.646231155779e-04 9.150878253840e-02 1.646231155779e-04 1.279615091228e-01
1.664522613065e-04 2.968054959232e-01 1.664522613065e-04 2.818131583467e-01 1.664522613065e-04 1.986026262878e-01 1.664522613065e-04 9.138231037248e-02 1.664522613065e-04 1.321340119420e-01
1.682814070352e-04 2.974217109472e-01 1.682814070352e-04 2.803353212451e-01 1.682814070352e-04 1.945995700386e-01 1.682814070352e-04 9.125635528897e-02 1.682814070352e-04 1.395053357496e-01
1.701105527638e-04 2.974775788695e-01 1.701105527638e-04 2.762150511141e-01 1.701105527638e-04 1.891630435729e-01 1.701105527638e-04 9.113101992427e-02 1.701105527638e-04 1.511626130750e-01
1.719396984925e-04 2.967267145757e-01 1.719396984925e-04 2.675329604216e-01 1.719396984925e-04 1.821586094867e-01 1.719396984925e-04 9.100640486537e-02 1.719396984925e-04 1.669015344287e-01
1.737688442211e-04 2.950104117706e-01 1.737688442211e-04 2.566037751886e-01 1.737688442211e-04 1.737471254701e-01 1.737688442211e-04 9.088260833632e-02 1.737688442211e-04 1.847910266910e-01
1.755979899497e-04 2.923502094294e-01 1.755979899497e-04 2.489164664007e-01 1.755979899497e-04 1.644927558076e-01 1.755979899497e-04 9.075972590104e-02 1.755979899497e-04 2.030746952428e-01
1.774271356784e-04 2.889998693258e-01 1.774271356784e-04 2.445148984276e-01 1.774271356784e-04 1.552730877228e-01 1.774271356784e-04 9.063785018427e-02 1.774271356784e-04 2.219864075564e-01
1.792562814070e-04 2.854115218169e-01 1.792562814070e-04 2.396967130296e-01 1.792562814070e-04 1.469684545784e-01 1.792562814070e-04 9.051707061210e-02 1.792562814070e-04 2.419717443090e-01
1.810854271357e-04 2.821129397207e-01 1.810854271357e-04 2.309723423319e-01 1.810854271357e-04 1.401399676914e-01 1.810854271357e-04 9.039747317368e-02 1.810854271357e-04 2.608306845263e-01
1.829145728643e-04 2.795493984050e-01 1.829145728643e-04 2.197411103679e-01 1.829145728643e-04 1.349265312533e-01 1.829145728643e-04 9.027914020507e-02 1.829145728643e-04 2.751927099055e-01
1.847437185930e-04 2.779671580648e-01 1.847437185930e-04 2.119833930816e-01 1.847437185930e-04 1.311597364320e-01 1.847437185930e-04 9.016215019632e-02 1.847437185930e-04 2.840851369009e-01
1.865728643216e-04 2.773854098948e-01 1.865728643216e-04 2.086878814052e-01 1.865728643216e-04 1.285403874167e-01 1.865728643216e-04 9.004657762231e-02 1.865728643216e-04 2.888556286094e-01
1.884020100503e-04 2.776482264049e-01 1.884020100503e-04 2.075837396484e-01 1.884020100503e-04 1.267643254394e-01 1.884020100503e-04 8.993249279778e-02 1.884020100503e-04 2.912147370806e-01
1.902311557789e-04 2.785122325696e-01 1.902311557789e-04 2.072443174438e-01 1.902311557789e-04 1.255790911711e-01 1.902311557789e-04 8.981996175694e-02 1.902311557789e-04 2.923343124659e-01
1.920603015075e-04 2.797261739240e-01 1.920603015075e-04 2.071427830091e-01 1.920603015075e-04 1.247957156604e-01 1.920603015075e-04 8.970904615729e-02 1.920603015075e-04 2.928553871887e-01
1.938894472362e-04 2.810803325748e-01 1.938894472362e-04 2.071126591365e-01 1.938894472362e-04 1.242807699248e-01 1.938894472362e-04 8.959980320775e-02 1.938894472362e-04 2.930957823976e-01
1.957185929648e-04 2.824251011783e-01 1.957185929648e-04 2.071037436461e-01 1.957185929648e-04 1.239432102459e-01 1.957185929648e-04 8.949228562042e-02 1.957185929648e-04 2.932062718109e-01
1.975477386935e-04 2.836686744804e-01 1.975477386935e-04 2.071011069162e-01 1.975477386935e-04 1.237221608834e-01 1.975477386935e-04 8.938654158535e-02 1.975477386935e-04 2.932569828125e-01
1.993768844221e-04 2.847649311609e-01 1.993768844221e-04 2.071003272764e-01 1.993768844221e-04 1.235773989229e-01 1.993768844221e-04 8.928261476760e-02 1.993768844221e-04 2.932802499829e-01
2.012060301508e-04 2.856992727817e-01 2.012060301508e-04 2.071000967630e-01 2.012060301508e-04 1.234825257729e-01 2.012060301508e-04 8.918054432551e-02 2.012060301508e-04 2.932909274673e-01
2.030351758794e-04 2.864763788293e-01 2.030351758794e-04 2.071000286091e-01 2.030351758794e-04 1.234202763280e-01 2.030351758794e-04 8.908036494915e-02 2.030351758794e-04 2.932958296494e-01
2.048643216080e-04 2.871111533382e-01 2.048643216080e-04 2.071000084586e-01 2.048643216080e-04 1.233793753756e-01 2.048643216080e-04 8.898210691766e-02 2.048643216080e-04 2.932980816334e-01
2.066934673367e-04 2.876227271272e-01 2.066934673367e-04 2.071000025009e-01 2.066934673367e-04 1.233524607188e-01 2.066934673367e-04 8.888579617425e-02 2.066934673367e-04 2.932991168569e-01
2.085226130653e-04 2.880308503758e-01 2.085226130653e-04 2.071000007394e-01 2.085226130653e-04 1.233347220893e-01 2.085226130653e-04 8.879145441739e-02 2.085226130653e-04 2.932995930943e-01
2.103517587940e-04 2.883539482811e-01 2.103517587940e-04 2.071000002186e-01 2.103517587940e-04 1.233230129905e-01 2.103517587940e-04 8.869909920682e-02 2.103517587940e-04 2.932998123531e-01
2.121809045226e-04 2.886082385823e-01 2.121809045226e-04 2.071000000646e-01 2.121809045226e-04 1.233152722717e-01 2.121809045226e-04 8.860874408283e-02 2.121809045226e-04 2.932999133845e-01
2.140100502513e-04 2.888074766905e-01 2.140100502513e-04 2.071000000191e-01 2.140100502513e-04 1.233101475916e-01 2.140100502513e-04 8.852039869741e-02 2.140100502513e-04 2.932999599799e-01
2.158391959799e-04 2.889630407012e-01 2.158391959799e-04 2.071000000057e-01 2.158391959799e-04 1.233067501833e-01 2.158391959799e-04 8.843406895568e-02 2.158391959799e-04 2.932999814898e-01
2.176683417085e-04 2.890841779501e-01 2.176683417085e-04 2.071000000017e-01 2.176683417085e-04 1.233044949623e-01 2.176683417085e-04 8.834975716623e-02 2.176683417085e-04 2.932999914293e-01
2.194974874372e-04 2.891783092331e-01 2.194974874372e-04 2.071000000005e-01 2.194974874372e-04 1.233029961253e-01 2.194974874372e-04 8.826746219882e-02 2.194974874372e-04 2.932999960271e-01
2.213266331658e-04 2.892513343448e-01 2.213266331658e-04 2.071000000001e-01 2.213266331658e-04 1.233019988682e-01 2.213266331658e-04 8.818717964813e-02 2.213266331658e-04 2.932999981562e-01
2.231557788945e-04 2.893079113993e-01 2.231557788945e-04 2.071000000000e-01 2.231557788945e-04 1.233013346489e-01 2.231557788945e-04 8.810890200212e-02 2.231557788945e-04 2.932999991432e-01
2.249849246231e-04 2.893516989942e-01 2.249849246231e-04 2.071000000000e-01 2.249849246231e-04 1.233008918234e-01 2.249849246231e-04 8.803261881382e-02 2.249849246231e-04 2.932999996014e-01
2.268140703518e-04 2.893855592904e-01 2.268140703518e-04 2.071000000000e-01 2.268140703518e-04 1.233005963369e-01 2.268140703518e-04 8.795831687526e-02 2.268140703518e-04 2.932999998143e-01
2.286432160804e-04 2.894117245742e-01 2.286432160804e-04 2.071000000000e-01 2.286432160804e-04 1.233003990060e-01 2.286432160804e-04 8.788598039235e-02 2.286432160804e-04 2.932999999134e-01
2.304723618090e-04 2.894319317688e-01 2.304723618090e-04 2.071000000000e-01 2.304723618090e-04 1.233002671271e-01 2.304723618090e-04 8.781559115982e-02 2.304723618090e-04 2.932999999595e-01
2.323015075377e-04 2.894475298695e-01 2.323015075377e-04 2.071000000000e-01 2.323015075377e-04 1.233001789308e-01 2.323015075377e-04 8.774712873506e-02 2.323015075377e-04 2.932999999811e-01
2.341306532663e-04 2.894595650592e-01 2.341306532663e-04 2.071000000000e-01 2.341306532663e-04 1.233001199112e-01 2.341306532663e-04 8.768057061010e-02 2.341306532663e-04 2.932999999911e-01
2.359597989950e-04 2.894688477390e-01 2.359597989950e-04 2.071000000000e-01 2.359597989950e-04 1.233000803940e-01 2.359597989950e-04 8.761589238081e-02 2.359597989950e-04 2.932999999958e-01
2.377889447236e-04 2.894760050777e-01 2.377889447236e-04 2.071000000000e-01 2.377889447236e-04 1.233000539211e-01 2.377889447236e-04 8.755306791273e-02 2.377889447236e-04 2.932999999980e-01
2.396180904523e-04 2.894815220671e-01 2.396180904523e-04 2.071000000000e-01 2.396180904523e-04 1.233000361784e-01 2.396180904523e-04 8.749206950279e-02 2.396180904523e-04 2.932999999991e-01
2.414472361809e-04 2.894857735142e-01 2.414472361809e-04 2.071000000000e-01 2.414472361809e-04 1.233000242818e-01 2.414472361809e-04 8.743286803645e-02 2.414472361809e-04 2.932999999996e-01
2.432763819095e-04 2.894890489177e-01 2.432763819095e-04 2.071000000000e-01 2.432763819095e-04 1.233000163020e-01 2.432763819095e-04 8.737543313965e-02 2.432763819095e-04 2.932999999998e-01
2.451055276382e-04 2.894915717813e-01 2.451055276382e-04 2.071000000000e-01 2.451055276382e-04 1.233000109475e-01 2.451055276382e-04 8.731973332543e-02 2.451055276382e-04 2.932999999999e-01
2.469346733668e-04 2.894935145897e-01 2.469346733668e-04 2.071000000000e-01 2.469346733668e-04 1.233000073535e-01 2.469346733668e-04 8.726573613454e-02 2.469346733668e-04 2.933000000000e-01
2.487638190955e-04 2.894950104069e-01 2.487638190955e-04 2.071000000000e-01 2.487638190955e-04 1.233000049405e-01 2.487638190955e-04 8.721340827015e-02 2.487638190955e-04 2.933000000000e-01
2.505929648241e-04 2.894961618537e-01 2.505929648241e-04 2.071000000000e-01 2.505929648241e-04 1.233000033199e-01 2.505929648241e-04 8.716271572620e-02 2.505929648241e-04 2.933000000000e-01
2.524221105528e-04 2.894970480493e-01 2.524221105528e-04 2.071000000000e-01 2.524221105528e-04 1.233000022313e-01 2.524221105528e-04 8.711362390937e-02 2.524221105528e-04 2.933000000000e-01
2.542512562814e-04 2.894977299783e-01 2.542512562814e-04 2.071000000000e-01 2.542512562814e-04 1.233000014999e-01 2.542512562814e-04 8.706609775456e-02 2.542512562814e-04 2.933000000000e-01
2.560804020101e-04 2.894982546350e-01 2.560804020101e-04 2.071000000000e-01 2.560804020101e-04 1.233000010084e-01 2.560804020101e-04 8.702010183389e-02 2.560804020101e-04 2.933000000000e-01
2.579095477387e-04 2.894986582249e-01 2.579095477387e-04 2.071000000000e-01 2.579095477387e-04 1.233000006781e-01 2.579095477387e-04 8.697560045918e-02 2.579095477387e-04 2.933000000000e-01
2.597386934673e-04 2.894989686358e-01 2.597386934673e-04 2.071000000000e-01 2.597386934673e-04 1.233000004560e-01 2.597386934673e-04 8.693255777795e-02 2.597386934673e-04 2.933000000000e-01
2.615678391960e-04 2.894992073438e-01 2.615678391960e-04 2.071000000000e-01 2.615678391960e-04 1.233000003067e-01 2.615678391960e-04 8.689093786312e-02 2.615678391960e-04 2.933000000000e-01
2.633969849246e-04 2.894993908844e-01 2.633969849246e-04 2.071000000000e-01 2.633969849246e-04 1.233000002063e-01 2.633969849246e-04 8.685070479639e-02 2.633969849246e-04 2.933000000000e-01
2.652261306533e-04 2.894995319870e-01 2.652261306533e-04 2.071000000000e-01 2.652261306533e-04 1.233000001388e-01 2.652261306533e-04 8.681182274563e-02 2.652261306533e-04 2.933000000000e-01
2.670552763819e-04 2.894996404486e-01 2.670552763819e-04 2.071000000000e-01 2.670552763819e-04 1.233000000933e-01 2.670552763819e-04 8.677425603618e-02 2.670552763819e-04 2.933000000000e-01
2.688844221106e-04 2.894997238087e-01 2.688844221106e-04 2.071000000000e-01 2.688844221106e-04 1.233000000628e-01 2.688844221106e-04 8.673796921658e-02 2.688844221106e-04 2.933000000000e-01
2.707135678392e-04 2.894997878679e-01 2.707135678392e-04 2.071000000000e-01 2.707135678392e-04 1.233000000423e-01 2.707135678392e-04 8.670292711859e-02 2.707135678392e-04 2.933000000000e-01
2.725427135678e-04 2.894998370887e-01 2.725427135678e-04 2.071000000000e-01 2.725427135678e-04 1.233000000284e-01 2.725427135678e-04 8.666909491199e-02 2.725427135678e-04 2.933000000000e-01
2.743718592965e-04 2.894998749033e-01 2.743718592965e-04 2.071000000000e-01 2.743718592965e-04 1.233000000191e-01 2.743718592965e-04 8.663643815422e-02 2.743718592965e-04 2.933000000000e-01
2.762010050251e-04 2.894999039514e-01 2.762010050251e-04 2.071000000000e-01 2.762010050251e-04 1.233000000129e-01 2.762010050251e-04 8.660492283517e-02 2.762010050251e-04 2.933000000000e-01
2.780301507538e-04 2.894999262626e-01 2.780301507538e-04 2.071000000000e-01 2.780301507538e-04 1.233000000087e-01 2.780301507538e-04 8.657451541728e-02 2.780301507538e-04 2.933000000000e-01
2.798592964824e-04 2.894999433972e-01 2.798592964824e-04 2.071000000000e-01 2.798592964824e-04 1.233000000058e-01 2.798592964824e-04 8.654518287126e-02 2.798592964824e-04 2.933000000000e-01
2.816884422111e-04 2.894999565548e-01 2.816884422111e-04 2.071000000000e-01 2.816884422111e-04 1.233000000039e-01 2.816884422111e-04 8.651689270768e-02 2.816884422111e-04 2.933000000000e-01
2.835175879397e-04 2.894999666574e-01 2.835175879397e-04 2.071000000000e-01 2.835175879397e-04 1.233000000026e-01 2.835175879397e-04 8.648961300453e-02 2.835175879397e-04 2.933000000000e-01
2.853467336683e-04 2.894999744133e-01 2.853467336683e-04 2.071000000000e-01 2.853467336683e-04 1.233000000018e-01 2.853467336683e-04 8.646331243116e-02 2.853467336683e-04 2.933000000000e-01
2.871758793970e-04 2.894999803671e-01 2.871758793970e-04 2.071000000000e-01 2.871758793970e-04 1.233000000012e-01 2.871758793970e-04 8.643796026874e-02 2.871758793970e-04 2.933000000000e-01
2.890050251256e-04 2.894999849370e-01 2.890050251256e-04 2.071000000000e-01 2.890050251256e-04 1.233000000008e-01 2.890050251256e-04 8.641352642743e-02 2.890050251256e-04 2.933000000000e-01
2.908341708543e-04 2.894999884442e-01 2.908341708543e-04 2.071000000000e-01 2.908341708543e-04 1.233000000005e-01 2.908341708543e-04 8.638998146055e-02 2.908341708543e-04 2.933000000000e-01
2.926633165829e-04 2.894999911357e-01 2.926633165829e-04 2.071000000000e-01 2.926633165829e-04 1.233000000004e-01 2.926633165829e-04 8.636729657596e-02 2.926633165829e-04 2.933000000000e-01
2.944924623116e-04 2.894999932009e-01 2.944924623116e-04 2.071000000000e-01 2.944924623116e-04 1.233000000002e-01 2.944924623116e-04 8.634544364479e-02 2.944924623116e-04 2.933000000000e-01
2.963216080402e-04 2.894999947855e-01 2.963216080402e-04 2.071000000000e-01 2.963216080402e-04 1.233000000002e-01 2.963216080402e-04 8.632439520778e-02 2.963216080402e-04 2.933000000000e-01
2.981507537688e-04 2.894999960011e-01 2.981507537688e-04 2.071000000000e-01 2.981507537688e-04 1.233000000001e-01 2.981507537688e-04 8.630412447936e-02 2.981507537688e-04 2.933000000000e-01
2.999798994975e-04 2.894999969336e-01 2.999798994975e-04 2.071000000000e-01 2.999798994975e-04 1.233000000001e-01 2.999798994975e-04 8.628460534976e-02 2.999798994975e-04 2.933000000000e-01
3.018090452261e-04 2.894999976488e-01 3.018090452261e-04 2.071000000000e-01 3.018090452261e-04 1.233000000001e-01 3.018090452261e-04 8.626581238518e-02 3.018090452261e-04 2.933000000000e-01
3.036381909548e-04 2.894999981974e-01 3.036381909548e-04 2.071000000000e-01 3.036381909548e-04 1.233000000000e-01 3.036381909548e-04 8.624772082630e-02 3.036381909548e-04 2.933000000000e-01
3.054673366834e-04 2.894999986181e-01 3.054673366834e-04 2.071000000000e-01 3.054673366834e-04 1.233000000000e-01 3.054673366834e-04 8.623030658518e-02 3.054673366834e-04 2.933000000000e-01
3.072964824121e-04 2.894999989407e-01 3.072964824121e-04 2.071000000000e-01 3.072964824121e-04 1.233000000000e-01 3.072964824121e-04 8.621354624086e-02 3.072964824121e-04 2.933000000000e-01
3.091256281407e-04 2.894999991880e-01 3.091256281407e-04 2.071000000000e-01 3.091256281407e-04 1.233000000000e-01 3.091256281407e-04 8.619741703354e-02 3.091256281407e-04 2.933000000000e-01
3.109547738693e-04 2.894999993777e-01 3.109547738693e-04 2.071000000000e-01 3.109547738693e-04 1.233000000000e-01 3.109547738693e-04 8.618189685782e-02 3.109547738693e-04 2.933000000000e-01
3.127839195980e-04 2.894999995231e-01 3.127839195980e-04 2.071000000000e-01 3.127839195980e-04 1.233000000000e-01 3.127839195980e-04 8.616696425472e-02 3.127839195980e-04 2.933000000000e-01
3.146130653266e-04 2.894999996345e-01 3.146130653266e-04 2.071000000000e-01 3.146130653266e-04 1.233000000000e-01 3.146130653266e-04 8.615259840298e-02 3.146130653266e-04 2.933000000000e-01
3.164422110553e-04 2.894999997199e-01 3.164422110553e-04 2.071000000000e-01 3.164422110553e-04 1.233000000000e-01 3.164422110553e-04 8.613877910943e-02 3.164422110553e-04 2.933000000000e-01
3.182713567839e-04 2.894999997854e-01 3.182713567839e-04 2.071000000000e-01 3.182713567839e-04 1.233000000000e-01 3.182713567839e-04 8.612548679878e-02 3.182713567839e-04 2.933000000000e-01
3.201005025126e-04 2.894999998356e-01 3.201005025126e-04 2.071000000000e-01 3.201005025126e-04 1.233000000000e-01 3.201005025126e-04 8.611270250270e-02 3.201005025126e-04 2.933000000000e-01
3.219296482412e-04 2.894999998741e-01 3.219296482412e-04 2.071000000000e-01 3.219296482412e-04 1.233000000000e-01 3.219296482412e-04 8.610040784849e-02 3.219296482412e-04 2.933000000000e-01
3.237587939698e-04 2.894999999035e-01 3.237587939698e-04 2.071000000000e-01 3.237587939698e-04 1.233000000000e-01 3.237587939698e-04 8.608858504724e-02 3.237587939698e-04 2.933000000000e-01
3.255879396985e-04 2.894999999261e-01 3.255879396985e-04 2.071000000000e-01 3.255879396985e-04 1.233000000000e-01 3.255879396985e-04 8.607721688167e-02 3.255879396985e-04 2.933000000000e-01
3.274170854271e-04 2.894999999434e-01 3.274170854271e-04 2.071000000000e-01 3.274170854271e-04 1.233000000000e-01 3.274170854271e-04 8.606628669364e-02 3.274170854271e-04 2.933000000000e-01
3.292462311558e-04 2.894999999566e-01 3.292462311558e-04 2.071000000000e-01 3.292462311558e-04 1.233000000000e-01 3.292462311558e-04 8.605577837146e-02 3.292462311558e-04 2.933000000000e-01
3.310753768844e-04 2.894999999668e-01 3.310753768844e-04 2.071000000000e-01 3.310753768844e-04 1.233000000000e-01 3.310753768844e-04 8.604567633701e-02 3.310753768844e-04 2.933000000000e-01
3.329045226131e-04 2.894999999746e-01 3.329045226131e-04 2.071000000000e-01 3.329045226131e-04 1.233000000000e-01 3.329045226131e-04 8.603596553275e-02 3.329045226131e-04 2.933000000000e-01
3.347336683417e-04 2.894999999805e-01 3.347336683417e-04 2.071000000000e-01 3.347336683417e-04 1.233000000000e-01 3.347336683417e-04 8.602663140861e-02 3.347336683417e-04 2.933000000000e-01
3.365628140704e-04 2.894999999851e-01 3.365628140704e-04 2.071000000000e-01 3.365628140704e-04 1.233000000000e-01 3.365628140704e-04 8.601765990890e-02 3.365628140704e-04 2.933000000000e-01
3.383919597990e-04 2.894999999886e-01 3.383919597990e-04 2.071000000000e-01 3.383919597990e-04 1.233000000000e-01 3.383919597990e-04 8.600903745919e-02 3.383919597990e-04 2.933000000000e-01
3.402211055276e-04 2.894999999913e-01 3.402211055276e-04 2.071000000000e-01 3.402211055276e-04 1.233000000000e-01 3.402211055276e-04 8.600075095327e-02 3.402211055276e-04 2.933000000000e-01
3.420502512563e-04 2.894999999933e-01 3.420502512563e-04 2.071000000000e-01 3.420502512563e-04 1.233000000000e-01 3.420502512563e-04 8.599278774008e-02 3.420502512563e-04 2.933000000000e-01
3.438793969849e-04 2.894999999949e-01 3.438793969849e-04 2.071000000000e-01 3.438793969849e-04 1.233000000000e-01 3.438793969849e-04 8.598513561092e-02 3.438793969849e-04 2.933000000000e-01
3.457085427136e-04 2.894999999961e-01 3.457085427136e-04 2.071000000000e-01 3.457085427136e-04 1.233000000000e-01 3.457085427136e-04 8.597778278657e-02 3.457085427136e-04 2.933000000000e-01
3.475376884422e-04 2.894999999970e-01 3.475376884422e-04 2.071000000000e-01 3.475376884422e-04 1.233000000000e-01 3.475376884422e-04 8.597071790474e-02 3.475376884422e-04 2.933000000000e-01
3.493668341709e-04 2.894999999977e-01 3.493668341709e-04 2.071000000000e-01 3.493668341709e-04 1.233000000000e-01 3.493668341709e-04 8.596393000757e-02 3.493668341709e-04 2.933000000000e-01
3.511959798995e-04 2.894999999982e-01 3.511959798995e-04 2.071000000000e-01 3.511959798995e-04 1.233000000000e-01 3.511959798995e-04 8.595740852938e-02 3.511959798995e-04 2.933000000000e-01
3.530251256281e-04 2.894999999987e-01 3.530251256281e-04 2.071000000000e-01 3.530251256281e-04 1.233000000000e-01 3.530251256281e-04 8.595114328456e-02 3.530251256281e-04 2.933000000000e-01
3.548542713568e-04 2.894999999990e-01 3.548542713568e-04 2.071000000000e-01 3.548542713568e-04 1.233000000000e-01 3.548542713568e-04 8.594512445576e-02 3.548542713568e-04 2.933000000000e-01
3.566834170854e-04 2.894999999992e-01 3.566834170854e-04 2.071000000000e-01 3.566834170854e-04 1.233000000000e-01 3.566834170854e-04 8.593934258218e-02 3.566834170854e-04 2.933000000000e-01
3.585125628141e-04 2.894999999994e-01 3.585125628141e-04 2.071000000000e-01 3.585125628141e-04 1.233000000000e-01 3.585125628141e-04 8.593378854821e-02 3.585125628141e-04 2.933000000000e-01
3.603417085427e-04 2.894999999995e-01 3.603417085427e-04 2.071000000000e-01 3.603417085427e-04 1.233000000000e-01 3.603417085427e-04 8.592845357226e-02 3.603417085427e-04 2.933000000000e-01
3.621708542714e-04 2.894999999996e-01 3.621708542714e-04 2.071000000000e-01 3.621708542714e-04 1.233000000000e-01 3.621708542714e-04 8.592332919581e-02 3.621708542714e-04 2.933000000000e-01
3.640000000000e-04 2.894999999997e-01 3.640000000000e-04 2.071000000000e-01 3.640000000000e-04 1.233000000000e-01 3.640000000000e-04 8.591840727275e-02 3.640000000000e-04 2.933000000000e-01
