0.000000000000e+00 3.482969552870e-01 0.000000000000e+00 2.457979798837e-01 0.000000000000e+00 1.707141883530e-01 0.000000000000e+00 2.352070114094e-01
2.371859296482e-06 3.482966568774e-01 2.371859296482e-06 2.457977538527e-01 2.371859296482e-06 1.707153684058e-01 2.371859296482e-06 2.352076541014e-01
4.743718592965e-06 3.482963292230e-01 4.743718592965e-06 2.457975020997e-01 4.743718592965e-06 1.707166468017e-01 4.743718592965e-06 2.352083557026e-01
7.115577889447e-06 3.482959694583e-01 7.115577889447e-06 2.457972216415e-01 7.115577889447e-06 1.707180317663e-01 7.115577889447e-06 2.352091216124e-01
9.487437185930e-06 3.482955744367e-01 9.487437185930e-06 2.457969091418e-01 9.487437185930e-06 1.707195322177e-01 9.487437185930e-06 2.352099577251e-01
1.185929648241e-05 3.482951407038e-01 1.185929648241e-05 2.457965608684e-01 1.185929648241e-05 1.707211578253e-01 1.185929648241e-05 2.352108704752e-01
1.423115577889e-05 3.482946644666e-01 1.423115577889e-05 2.457961726453e-01 1.423115577889e-05 1.707229190743e-01 1.423115577889e-05 2.352118668869e-01
1.660301507538e-05 3.482941415607e-01 1.660301507538e-05 2.457957397990e-01 1.660301507538e-05 1.707248273347e-01 1.660301507538e-05 2.352129546285e-01
1.897487437186e-05 3.482935674139e-01 1.897487437186e-05 2.457952570974e-01 1.897487437186e-05 1.707268949379e-01 1.897487437186e-05 2.352141420709e-01
2.134673366834e-05 3.482929370061e-01 2.134673366834e-05 2.457947186823e-01 2.134673366834e-05 1.707291352581e-01 2.134673366834e-05 2.352154383527e-01
2.371859296482e-05 3.482922448257e-01 2.371859296482e-05 2.457941179923e-01 2.371859296482e-05 1.707315628030e-01 2.371859296482e-05 2.352168534499e-01
2.609045226131e-05 3.482914848214e-01 2.609045226131e-05 2.457934476769e-01 2.609045226131e-05 1.707341933103e-01 2.609045226131e-05 2.352183982534e-01
2.846231155779e-05 3.482906503495e-01 2.846231155779e-05 2.457926994996e-01 2.846231155779e-05 1.707370438543e-01 2.846231155779e-05 2.352200846525e-01
3.083417085427e-05 3.482897341158e-01 3.083417085427e-05 2.457918642288e-01 3.083417085427e-05 1.707401329616e-01 3.083417085427e-05 2.352219256267e-01
3.320603015075e-05 3.482887281123e-01 3.320603015075e-05 2.457909315149e-01 3.320603015075e-05 1.707434807364e-01 3.320603015075e-05 2.352239353460e-01
3.557788944724e-05 3.482876235470e-01 3.557788944724e-05 2.457898897523e-01 3.557788944724e-05 1.707471089978e-01 3.557788944724e-05 2.352261292798e-01
3.794974874372e-05 3.482864107675e-01 3.794974874372e-05 2.457887259238e-01 3.794974874372e-05 1.707510414293e-01 3.794974874372e-05 2.352285243167e-01
4.032160804020e-05 3.482850791770e-01 4.032160804020e-05 2.457874254252e-01 4.032160804020e-05 1.707553037411e-01 4.032160804020e-05 2.352311388949e-01
4.269346733668e-05 3.482836171417e-01 4.269346733668e-05 2.457859718681e-01 4.269346733668e-05 1.707599238480e-01 4.269346733668e-05 2.352339931445e-01
4.506532663317e-05 3.482820118900e-01 4.506532663317e-05 2.457843468575e-01 4.506532663317e-05 1.707649320627e-01 4.506532663317e-05 2.352371090436e-01
4.743718592965e-05 3.482802494008e-01 4.743718592965e-05 2.457825297410e-01 4.743718592965e-05 1.707703613072e-01 4.743718592965e-05 2.352405105884e-01
4.980904522613e-05 3.482783142819e-01 4.980904522613e-05 2.457804973266e-01 4.980904522613e-05 1.707762473432e-01 4.980904522613e-05 2.352442239790e-01
5.218090452261e-05 3.482761896360e-01 5.218090452261e-05 2.457782235639e-01 5.218090452261e-05 1.707826290240e-01 5.218090452261e-05 2.352482778231e-01
5.455276381910e-05 3.482738569139e-01 5.455276381910e-05 2.457756791859e-01 5.455276381910e-05 1.707895485697e-01 5.455276381910e-05 2.352527033584e-01
5.692462311558e-05 3.482712957531e-01 5.692462311558e-05 2.457728313034e-01 5.692462311558e-05 1.707970518678e-01 5.692462311558e-05 2.352575346961e-01
5.929648241206e-05 3.482684838011e-01 5.929648241206e-05 2.457696429492e-01 5.929648241206e-05 1.708051888022e-01 5.929648241206e-05 2.352628090864e-01
6.166834170854e-05 3.482653965212e-01 6.166834170854e-05 2.457660725627e-01 6.166834170854e-05 1.708140136126e-01 6.166834170854e-05 2.352685672107e-01
6.404020100503e-05 3.482620069798e-01 6.404020100503e-05 2.457620734097e-01 6.404020100503e-05 1.708235852887e-01 6.404020100503e-05 2.352748535003e-01
6.641206030151e-05 3.482582856119e-01 6.641206030151e-05 2.457575929272e-01 6.641206030151e-05 1.708339680014e-01 6.641206030151e-05 2.352817164855e-01
6.878391959799e-05 3.482541999656e-01 6.878391959799e-05 2.457525719838e-01 6.878391959799e-05 1.708452315751e-01 6.878391959799e-05 2.352892091793e-01
7.115577889447e-05 3.482497144200e-01 7.115577889447e-05 2.457469440465e-01 7.115577889447e-05 1.708574520060e-01 7.115577889447e-05 2.352973894966e-01
7.352763819095e-05 3.482447898763e-01 7.352763819095e-05 2.457406342396e-01 7.352763819095e-05 1.708707120307e-01 7.352763819095e-05 2.353063207155e-01
7.589949748744e-05 3.482393834189e-01 7.589949748744e-05 2.457335582834e-01 7.589949748744e-05 1.708851017495e-01 7.589949748744e-05 2.353160719830e-01
7.827135678392e-05 3.482334479432e-01 7.827135678392e-05 2.457256212964e-01 7.827135678392e-05 1.709007193117e-01 7.827135678392e-05 2.353267188708e-01
8.064321608040e-05 3.482269317466e-01 8.064321608040e-05 2.457167164444e-01 8.064321608040e-05 1.709176716689e-01 8.064321608040e-05 2.353383439868e-01
8.301507537688e-05 3.482197780803e-01 8.301507537688e-05 2.457067234168e-01 8.301507537688e-05 1.709360754022e-01 8.301507537688e-05 2.353510376480e-01
8.538693467337e-05 3.482119246558e-01 8.538693467337e-05 2.456955067074e-01 8.538693467337e-05 1.709560576335e-01 8.538693467337e-05 2.353648986223e-01
8.775879396985e-05 3.482033031035e-01 8.775879396985e-05 2.456829136766e-01 8.775879396985e-05 1.709777570285e-01 8.775879396985e-05 2.353800349471e-01
9.013065326633e-05 3.481938383775e-01 9.013065326633e-05 2.456687723663e-01 9.013065326633e-05 1.710013249017e-01 9.013065326633e-05 2.353965648329e-01
9.250251256281e-05 3.481834481005e-01 9.250251256281e-05 2.456528890375e-01 9.250251256281e-05 1.710269264343e-01 9.250251256281e-05 2.354146176646e-01
9.487437185930e-05 3.481720418437e-01 9.487437185930e-05 2.456350453966e-01 9.487437185930e-05 1.710547420187e-01 9.487437185930e-05 2.354343351102e-01
9.724623115578e-05 3.481595203327e-01 9.724623115578e-05 2.456149954720e-01 9.724623115578e-05 1.710849687420e-01 9.724623115578e-05 2.354558723519e-01
9.961809045226e-05 3.481457745739e-01 9.961809045226e-05 2.455924620994e-01 9.961809045226e-05 1.711178220248e-01 9.961809045226e-05 2.354793994563e-01
1.019899497487e-04 3.481306848886e-01 1.019899497487e-04 2.455671329695e-01 1.019899497487e-04 1.711535374335e-01 1.019899497487e-04 2.355051029015e-01
1.043618090452e-04 3.481141198478e-01 1.043618090452e-04 2.455386561872e-01 1.043618090452e-04 1.711923726840e-01 1.043618090452e-04 2.355331872840e-01
1.067336683417e-04 3.480959350926e-01 1.067336683417e-04 2.455066352864e-01 1.067336683417e-04 1.712346098604e-01 1.067336683417e-04 2.355638772306e-01
1.091055276382e-04 3.480759720271e-01 1.091055276382e-04 2.454706236408e-01 1.091055276382e-04 1.712805578711e-01 1.091055276382e-04 2.355974195462e-01
1.114773869347e-04 3.480540563672e-01 1.114773869347e-04 2.454301182060e-01 1.114773869347e-04 1.713305551716e-01 1.114773869347e-04 2.356340856336e-01
1.138492462312e-04 3.480299965244e-01 1.138492462312e-04 2.453845525230e-01 1.138492462312e-04 1.713849727828e-01 1.138492462312e-04 2.356741742266e-01
1.162211055276e-04 3.480035818030e-01 1.162211055276e-04 2.453332889115e-01 1.162211055276e-04 1.714442176386e-01 1.162211055276e-04 2.357180144895e-01
1.185929648241e-04 3.479745803805e-01 1.185929648241e-04 2.452756097777e-01 1.185929648241e-04 1.715087363011e-01 1.185929648241e-04 2.357659695406e-01
1.209648241206e-04 3.479427370390e-01 1.209648241206e-04 2.452107079616e-01 1.209648241206e-04 1.715790190845e-01 1.209648241206e-04 2.358184404737e-01
1.233366834171e-04 3.479077706054e-01 1.233366834171e-04 2.451376760492e-01 1.233366834171e-04 1.716556046331e-01 1.233366834171e-04 2.358758709635e-01
1.257085427136e-04 3.478693710518e-01 1.257085427136e-04 2.450554945812e-01 1.257085427136e-04 1.717390850044e-01 1.257085427136e-04 2.359387525572e-01
1.280804020101e-04 3.478271961925e-01 1.280804020101e-04 2.449630190999e-01 1.280804020101e-04 1.718301113115e-01 1.280804020101e-04 2.360076307793e-01
1.304522613065e-04 3.477808679041e-01 1.304522613065e-04 2.448589659895e-01 1.304522613065e-04 1.719293999860e-01 1.304522613065e-04 2.360831121961e-01
1.328241206030e-04 3.477299677734e-01 1.328241206030e-04 2.447418970926e-01 1.328241206030e-04 1.720377397231e-01 1.328241206030e-04 2.361658726229e-01
1.351959798995e-04 3.476740320552e-01 1.351959798995e-04 2.446102031167e-01 1.351959798995e-04 1.721559991795e-01 1.351959798995e-04 2.362566666880e-01
1.375678391960e-04 3.476125457955e-01 1.375678391960e-04 2.444620858943e-01 1.375678391960e-04 1.722851354924e-01 1.375678391960e-04 2.363563390165e-01
1.399396984925e-04 3.475449359350e-01 1.399396984925e-04 2.442955396234e-01 1.399396984925e-04 1.724262036928e-01 1.399396984925e-04 2.364658373475e-01
1.423115577889e-04 3.474705631627e-01 1.423115577889e-04 2.441083313007e-01 1.423115577889e-04 1.725803670843e-01 1.423115577889e-04 2.365862279594e-01
1.446834170854e-04 3.473887122288e-01 1.446834170854e-04 2.438979806688e-01 1.446834170854e-04 1.727489086504e-01 1.446834170854e-04 2.367187138578e-01
1.470552763819e-04 3.472985803514e-01 1.470552763819e-04 2.436617401376e-01 1.470552763819e-04 1.729332435481e-01 1.470552763819e-04 2.368646562622e-01
1.494271356784e-04 3.471992632544e-01 1.494271356784e-04 2.433965753132e-01 1.494271356784e-04 1.731349327234e-01 1.494271356784e-04 2.370256000327e-01
1.517989949749e-04 3.470897382553e-01 1.517989949749e-04 2.430991469774e-01 1.517989949749e-04 1.733556976587e-01 1.517989949749e-04 2.372033037915e-01
1.541708542714e-04 3.469688436699e-01 1.541708542714e-04 2.427657956118e-01 1.541708542714e-04 1.735974362195e-01 1.541708542714e-04 2.373997756237e-01
1.565427135678e-04 3.468352536125e-01 1.565427135678e-04 2.423925298521e-01 1.565427135678e-04 1.738622395108e-01 1.565427135678e-04 2.376173153786e-01
1.589145728643e-04 3.466874470390e-01 1.589145728643e-04 2.419750205838e-01 1.589145728643e-04 1.741524095663e-01 1.589145728643e-04 2.378585647365e-01
1.612864321608e-04 3.465236695943e-01 1.612864321608e-04 2.415086027464e-01 1.612864321608e-04 1.744704775866e-01 1.612864321608e-04 2.381265663343e-01
1.636582914573e-04 3.463418864823e-01 1.636582914573e-04 2.409882872705e-01 1.636582914573e-04 1.748192222894e-01 1.636582914573e-04 2.384248333490e-01
1.660301507538e-04 3.461397241718e-01 1.660301507538e-04 2.404087859104e-01 1.660301507538e-04 1.752016877391e-01 1.660301507538e-04 2.387574309699e-01
1.684020100503e-04 3.459143982852e-01 1.684020100503e-04 2.397645520029e-01 1.684020100503e-04 1.756211997755e-01 1.684020100503e-04 2.391290711147e-01
1.707738693467e-04 3.456626245050e-01 1.707738693467e-04 2.390498403185e-01 1.707738693467e-04 1.760813798459e-01 1.707738693467e-04 2.395452214646e-01
1.731457286432e-04 3.453805088187e-01 1.731457286432e-04 2.382587891006e-01 1.731457286432e-04 1.765861546643e-01 1.731457286432e-04 2.400122293113e-01
1.755175879397e-04 3.450634129673e-01 1.755175879397e-04 2.373855270098e-01 1.755175879397e-04 1.771397596657e-01 1.755175879397e-04 2.405374596543e-01
1.778894472362e-04 3.447057907191e-01 1.778894472362e-04 2.364243069063e-01 1.778894472362e-04 1.777467337093e-01 1.778894472362e-04 2.411294452424e-01
1.802613065327e-04 3.443009907834e-01 1.802613065327e-04 2.353696671119e-01 1.802613065327e-04 1.784119019126e-01 1.802613065327e-04 2.417980435494e-01
1.826331658291e-04 3.438410231892e-01 1.826331658291e-04 2.342166189236e-01 1.826331658291e-04 1.791403429331e-01 1.826331658291e-04 2.425545916582e-01
1.850050251256e-04 3.433162883875e-01 1.850050251256e-04 2.329608566799e-01 1.850050251256e-04 1.799373364872e-01 1.850050251256e-04 2.434120443427e-01
1.873768844221e-04 3.427152730681e-01 1.873768844221e-04 2.315989836825e-01 1.873768844221e-04 1.808082865355e-01 1.873768844221e-04 2.443850729593e-01
1.897487437186e-04 3.420242249648e-01 1.897487437186e-04 2.301287439364e-01 1.897487437186e-04 1.817586154786e-01 1.897487437186e-04 2.454900929608e-01
1.921206030151e-04 3.412268323545e-01 1.921206030151e-04 2.285492463278e-01 1.921206030151e-04 1.827936250923e-01 1.921206030151e-04 2.467451762624e-01
1.944924623116e-04 3.403039543552e-01 1.944924623116e-04 2.268611649943e-01 1.944924623116e-04 1.839183209817e-01 1.944924623116e-04 2.481697924917e-01
1.968643216080e-04 3.392334769796e-01 1.968643216080e-04 2.250668978446e-01 1.968643216080e-04 1.851371992674e-01 1.968643216080e-04 2.497843128860e-01
1.992361809045e-04 3.379904072395e-01 1.992361809045e-04 2.231706650705e-01 1.992361809045e-04 1.864539972193e-01 1.992361809045e-04 2.516092067020e-01
2.016080402010e-04 3.365473598659e-01 2.016080402010e-04 2.211785315850e-01 2.016080402010e-04 1.878714136996e-01 2.016080402010e-04 2.536638690357e-01
2.039798994975e-04 3.348756280486e-01 2.039798994975e-04 2.190983418578e-01 2.039798994975e-04 1.893908104789e-01 2.039798994975e-04 2.559650491299e-01
2.063517587940e-04 3.329470402098e-01 2.063517587940e-04 2.169395624847e-01 2.063517587940e-04 1.910119113729e-01 2.063517587940e-04 2.585249072702e-01
2.087236180905e-04 3.307367561929e-01 2.087236180905e-04 2.147130363798e-01 2.087236180905e-04 1.927325220110e-01 2.087236180905e-04 2.613488193879e-01
2.110954773869e-04 3.282270082759e-01 2.110954773869e-04 2.124306616548e-01 2.110954773869e-04 1.945482978556e-01 2.110954773869e-04 2.644331639510e-01
2.134673366834e-04 3.254115165447e-01 2.134673366834e-04 2.101050166638e-01 2.134673366834e-04 1.964525905551e-01 2.134673366834e-04 2.677634417503e-01
2.158391959799e-04 3.222999225915e-01 2.158391959799e-04 2.077489589366e-01 2.158391959799e-04 1.984364015482e-01 2.158391959799e-04 2.713131544418e-01
2.182110552764e-04 3.189211953312e-01 2.182110552764e-04 2.053752286698e-01 2.182110552764e-04 2.004884660891e-01 2.182110552764e-04 2.750438526084e-01
2.205829145729e-04 3.153247692371e-01 2.205829145729e-04 2.029960865141e-01 2.205829145729e-04 2.025954803170e-01 2.205829145729e-04 2.789066221682e-01
2.229547738693e-04 3.115784065669e-01 2.229547738693e-04 2.006230107361e-01 2.229547738693e-04 2.047424694741e-01 2.229547738693e-04 2.828450129774e-01
2.253266331658e-04 3.077625293272e-01 2.253266331658e-04 1.982664712470e-01 2.253266331658e-04 2.069132788262e-01 2.253266331658e-04 2.867990858715e-01
2.276984924623e-04 3.039618566617e-01 2.276984924623e-04 1.959357887838e-01 2.276984924623e-04 2.090911530513e-01 2.276984924623e-04 2.907099692243e-01
2.300703517588e-04 3.002561442737e-01 2.300703517588e-04 1.936390781857e-01 2.300703517588e-04 2.112593578610e-01 2.300703517588e-04 2.945241798239e-01
2.324422110553e-04 2.967121602395e-01 2.324422110553e-04 1.913832665709e-01 2.324422110553e-04 2.134017918897e-01 2.324422110553e-04 2.981970298718e-01
2.348140703518e-04 2.933785597673e-01 2.348140703518e-04 1.891741712670e-01 2.348140703518e-04 2.155035386384e-01 2.348140703518e-04 3.016946850148e-01
2.371859296482e-04 2.902842992745e-01 2.371859296482e-04 1.870166190557e-01 2.371859296482e-04 2.175513171024e-01 2.371859296482e-04 3.049947636994e-01
2.395577889447e-04 2.874401720474e-01 2.395577889447e-04 1.849145876429e-01 2.395577889447e-04 2.195338037245e-01 2.395577889447e-04 3.080856641575e-01
2.419296482412e-04 2.848423815401e-01 2.419296482412e-04 1.828713518522e-01 2.419296482412e-04 2.214418146719e-01 2.419296482412e-04 3.109649929083e-01
2.443015075377e-04 2.824769251383e-01 2.443015075377e-04 1.808896202352e-01 2.443015075377e-04 2.232683531357e-01 2.443015075377e-04 3.136375250054e-01
2.466733668342e-04 2.803238068487e-01 2.466733668342e-04 1.789716518677e-01 2.466733668342e-04 2.250085389812e-01 2.466733668342e-04 3.161130767691e-01
2.490452261307e-04 2.783604990973e-01 2.490452261307e-04 1.771193474058e-01 2.490452261307e-04 2.266594462377e-01 2.490452261307e-04 3.184045644323e-01
2.514170854271e-04 2.765644449190e-01 2.514170854271e-04 1.753343124608e-01 2.514170854271e-04 2.282198773323e-01 2.514170854271e-04 3.205264028878e-01
2.537889447236e-04 2.749146445615e-01 2.537889447236e-04 1.736178946594e-01 2.537889447236e-04 2.296901022627e-01 2.537889447236e-04 3.224932978053e-01
2.561608040201e-04 2.733924979999e-01 2.561608040201e-04 1.719711981824e-01 2.561608040201e-04 2.310715872321e-01 2.561608040201e-04 3.243194144990e-01
2.585326633166e-04 2.719821097541e-01 2.585326633166e-04 1.703950810633e-01 2.585326633166e-04 2.323667319443e-01 2.585326633166e-04 3.260178678829e-01
2.609045226131e-04 2.706702445076e-01 2.609045226131e-04 1.688901411540e-01 2.609045226131e-04 2.335786289499e-01 2.609045226131e-04 3.276004629292e-01
2.632763819095e-04 2.694460823398e-01 2.632763819095e-04 1.674566965521e-01 2.632763819095e-04 2.347108530087e-01 2.632763819095e-04 3.290776158436e-01
2.656482412060e-04 2.683008797200e-01 2.656482412060e-04 1.660947656254e-01 2.656482412060e-04 2.357672839106e-01 2.656482412060e-04 3.304583953917e-01
2.680201005025e-04 2.672276056983e-01 2.680201005025e-04 1.648040507567e-01 2.680201005025e-04 2.367519627867e-01 2.680201005025e-04 3.317506362551e-01
2.703919597990e-04 2.662205947490e-01 2.703919597990e-04 1.635839287390e-01 2.703919597990e-04 2.376689796376e-01 2.703919597990e-04 3.329610887662e-01
2.727638190955e-04 2.652752381041e-01 2.727638190955e-04 1.624334495534e-01 2.727638190955e-04 2.385223884565e-01 2.727638190955e-04 3.340955802815e-01
2.751356783920e-04 2.643877225625e-01 2.751356783920e-04 1.613513441526e-01 2.751356783920e-04 2.393161457279e-01 2.751356783920e-04 3.351591721952e-01
2.775075376884e-04 2.635548178989e-01 2.775075376884e-04 1.603360409580e-01 2.775075376884e-04 2.400540680201e-01 2.775075376884e-04 3.361563031821e-01
2.798793969849e-04 2.627737095689e-01 2.798793969849e-04 1.593856900779e-01 2.798793969849e-04 2.407398046709e-01 2.798793969849e-04 3.370909139460e-01
2.822512562814e-04 2.620418712293e-01 2.822512562814e-04 1.584981937914e-01 2.822512562814e-04 2.413768220399e-01 2.822512562814e-04 3.379665519311e-01
2.846231155779e-04 2.613569708136e-01 2.846231155779e-04 1.576712415962e-01 2.846231155779e-04 2.419683963523e-01 2.846231155779e-04 3.387864564707e-01
2.869949748744e-04 2.607168039529e-01 2.869949748744e-04 1.569023480584e-01 2.869949748744e-04 2.425176127146e-01 2.869949748744e-04 3.395536260283e-01
2.893668341709e-04 2.601192490237e-01 2.893668341709e-04 1.561888917851e-01 2.893668341709e-04 2.430273683970e-01 2.893668341709e-04 3.402708697862e-01
2.917386934673e-04 2.595622388172e-01 2.917386934673e-04 1.555281540302e-01 2.917386934673e-04 2.435003789238e-01 2.917386934673e-04 3.409408460412e-01
2.941105527638e-04 2.590437445938e-01 2.941105527638e-04 1.549173556910e-01 2.941105527638e-04 2.439391858886e-01 2.941105527638e-04 3.415660898259e-01
2.964824120603e-04 2.585617690496e-01 2.964824120603e-04 1.543536917292e-01 2.964824120603e-04 2.443461657099e-01 2.964824120603e-04 3.421490319891e-01
2.988542713568e-04 2.581143454107e-01 2.988542713568e-04 1.538343623279e-01 2.988542713568e-04 2.447235387810e-01 2.988542713568e-04 3.426920117041e-01
3.012261306533e-04 2.576995404871e-01 3.012261306533e-04 1.533566003509e-01 3.012261306533e-04 2.450733786423e-01 3.012261306533e-04 3.431972840835e-01
3.035979899497e-04 2.573154600344e-01 3.035979899497e-04 1.529176948987e-01 3.035979899497e-04 2.453976209411e-01 3.035979899497e-04 3.436670242893e-01
3.059698492462e-04 2.569602552040e-01 3.059698492462e-04 1.525150109381e-01 3.059698492462e-04 2.456980720344e-01 3.059698492462e-04 3.441033292556e-01
3.083417085427e-04 2.566321292132e-01 3.083417085427e-04 1.521460051318e-01 3.083417085427e-04 2.459764171587e-01 3.083417085427e-04 3.445082179004e-01
3.107135678392e-04 2.563293436403e-01 3.107135678392e-04 1.518082381013e-01 3.107135678392e-04 2.462342281347e-01 3.107135678392e-04 3.448836304943e-01
3.130854271357e-04 2.560502239699e-01 3.130854271357e-04 1.514993834272e-01 3.130854271357e-04 2.464729706034e-01 3.130854271357e-04 3.452314276776e-01
3.154572864322e-04 2.557931641696e-01 3.154572864322e-04 1.512172337378e-01 3.154572864322e-04 2.466940108073e-01 3.154572864322e-04 3.455533894775e-01
3.178291457286e-04 2.555566302057e-01 3.178291457286e-04 1.509597042525e-01 3.178291457286e-04 2.468986219408e-01 3.178291457286e-04 3.458512145577e-01
3.202010050251e-04 2.553391624846e-01 3.202010050251e-04 1.507248341490e-01 3.202010050251e-04 2.470879900969e-01 3.202010050251e-04 3.461265198482e-01
3.225728643216e-04 2.551393772701e-01 3.225728643216e-04 1.505107861079e-01 3.225728643216e-04 2.472632198395e-01 3.225728643216e-04 3.463808406332e-01
3.249447236181e-04 2.549559671594e-01 3.249447236181e-04 1.503158443663e-01 3.249447236181e-04 2.474253394300e-01 3.249447236181e-04 3.466156311236e-01
3.273165829146e-04 2.547877007248e-01 3.273165829146e-04 1.501384115818e-01 3.273165829146e-04 2.475753057322e-01 3.273165829146e-04 3.468322655083e-01
3.296884422111e-04 2.546334214367e-01 3.296884422111e-04 1.499770047752e-01 3.296884422111e-04 2.477140088216e-01 3.296884422111e-04 3.470320394508e-01
3.320603015075e-04 2.544920459857e-01 3.320603015075e-04 1.498302505888e-01 3.320603015075e-04 2.478422763180e-01 3.320603015075e-04 3.472161719851e-01
3.344321608040e-04 2.543625621155e-01 3.344321608040e-04 1.496968800618e-01 3.344321608040e-04 2.479608774608e-01 3.344321608040e-04 3.473858077549e-01
3.368040201005e-04 2.542440260735e-01 3.368040201005e-04 1.495757230936e-01 3.368040201005e-04 2.480705269430e-01 3.368040201005e-04 3.475420195368e-01
3.391758793970e-04 2.541355597734e-01 3.391758793970e-04 1.494657027394e-01 3.391758793970e-04 2.481718885196e-01 3.391758793970e-04 3.476858109886e-01
3.415477386935e-04 2.540363477546e-01 3.415477386935e-04 1.493658294518e-01 3.415477386935e-04 2.482655784011e-01 3.415477386935e-04 3.478181195673e-01
3.439195979899e-04 2.539456340111e-01 3.439195979899e-04 1.492751953640e-01 3.439195979899e-04 2.483521684459e-01 3.439195979899e-04 3.479398195635e-01
3.462914572864e-04 2.538627187521e-01 3.462914572864e-04 1.491929686865e-01 3.462914572864e-04 2.484321891613e-01 3.462914572864e-04 3.480517252063e-01
3.486633165829e-04 2.537869551477e-01 3.486633165829e-04 1.491183882741e-01 3.486633165829e-04 2.485061325233e-01 3.486633165829e-04 3.481545937968e-01
3.510351758794e-04 2.537177460999e-01 3.510351758794e-04 1.490507584033e-01 3.510351758794e-04 2.485744546236e-01 3.510351758794e-04 3.482491288354e-01
3.534070351759e-04 2.536545410752e-01 3.534070351759e-04 1.489894437911e-01 3.534070351759e-04 2.486375781542e-01 3.534070351759e-04 3.483359831117e-01
3.557788944724e-04 2.535968330250e-01 3.557788944724e-04 1.489338648721e-01 3.557788944724e-04 2.486958947359e-01 3.557788944724e-04 3.484157617340e-01
3.581507537688e-04 2.535441554132e-01 3.581507537688e-04 1.488834933469e-01 3.581507537688e-04 2.487497670998e-01 3.581507537688e-04 3.484890250762e-01
3.605226130653e-04 2.534960793679e-01 3.605226130653e-04 1.488378480045e-01 3.605226130653e-04 2.487995311296e-01 3.605226130653e-04 3.485562916283e-01
3.628944723618e-04 2.534522109658e-01 3.628944723618e-04 1.487964908181e-01 3.628944723618e-04 2.488454977708e-01 3.628944723618e-04 3.486180407379e-01
3.652663316583e-04 2.534121886564e-01 3.652663316583e-04 1.487590233108e-01 3.652663316583e-04 2.488879548158e-01 3.652663316583e-04 3.486747152339e-01
3.676381909548e-04 2.533756808291e-01 3.676381909548e-04 1.487250831810e-01 3.676381909548e-04 2.489271685696e-01 3.676381909548e-04 3.487267239274e-01
3.700100502513e-04 2.533423835241e-01 3.700100502513e-04 1.486943411801e-01 3.700100502513e-04 2.489633854047e-01 3.700100502513e-04 3.487744439858e-01
3.723819095477e-04 2.533120182860e-01 3.723819095477e-04 1.486664982284e-01 3.723819095477e-04 2.489968332100e-01 3.723819095477e-04 3.488182231793e-01
3.747537688442e-04 2.532843301561e-01 3.747537688442e-04 1.486412827585e-01 3.747537688442e-04 2.490277227415e-01 3.747537688442e-04 3.488583820008e-01
3.771256281407e-04 2.532590858004e-01 3.771256281407e-04 1.486184482723e-01 3.771256281407e-04 2.490562488788e-01 3.771256281407e-04 3.488952156594e-01
3.794974874372e-04 2.532360717679e-01 3.794974874372e-04 1.485977710981e-01 3.794974874372e-04 2.490825917944e-01 3.794974874372e-04 3.489289959523e-01
3.818693467337e-04 2.532150928731e-01 3.818693467337e-04 1.485790483354e-01 3.818693467337e-04 2.491069180419e-01 3.818693467337e-04 3.489599730171e-01
3.842412060302e-04 2.531959706970e-01 3.842412060302e-04 1.485620959727e-01 3.842412060302e-04 2.491293815652e-01 3.842412060302e-04 3.489883769698e-01
3.866130653266e-04 2.531785422006e-01 3.866130653266e-04 1.485467471682e-01 3.866130653266e-04 2.491501246378e-01 3.866130653266e-04 3.490144194330e-01
3.889849246231e-04 2.531626584430e-01 3.889849246231e-04 1.485328506781e-01 3.889849246231e-04 2.491692787339e-01 3.889849246231e-04 3.490382949593e-01
3.913567839196e-04 2.531481833996e-01 3.913567839196e-04 1.485202694242e-01 3.913567839196e-04 2.491869653360e-01 3.913567839196e-04 3.490601823553e-01
3.937286432161e-04 2.531349928731e-01 3.937286432161e-04 1.485088791871e-01 3.937286432161e-04 2.492032966853e-01 3.937286432161e-04 3.490802459109e-01
3.961005025126e-04 2.531229734902e-01 3.961005025126e-04 1.484985674165e-01 3.961005025126e-04 2.492183764761e-01 3.961005025126e-04 3.490986365406e-01
3.984723618090e-04 2.531120217796e-01 3.984723618090e-04 1.484892321484e-01 3.984723618090e-04 2.492323005001e-01 3.984723618090e-04 3.491154928399e-01
4.008442211055e-04 2.531020433254e-01 4.008442211055e-04 1.484807810196e-01 4.008442211055e-04 2.492451572431e-01 4.008442211055e-04 3.491309420648e-01
4.032160804020e-04 2.530929519888e-01 4.032160804020e-04 1.484731303729e-01 4.032160804020e-04 2.492570284371e-01 4.032160804020e-04 3.491451010366e-01
4.055879396985e-04 2.530846691950e-01 4.055879396985e-04 1.484662044427e-01 4.055879396985e-04 2.492679895724e-01 4.055879396985e-04 3.491580769781e-01
4.079597989950e-04 2.530771232789e-01 4.079597989950e-04 1.484599346163e-01 4.079597989950e-04 2.492781103706e-01 4.079597989950e-04 3.491699682870e-01
4.103316582915e-04 2.530702488862e-01 4.103316582915e-04 1.484542587626e-01 4.103316582915e-04 2.492874552230e-01 4.103316582915e-04 3.491808652481e-01
4.127035175879e-04 2.530639864248e-01 4.127035175879e-04 1.484491206240e-01 4.127035175879e-04 2.492960835956e-01 4.127035175879e-04 3.491908506909e-01
4.150753768844e-04 2.530582815621e-01 4.150753768844e-04 1.484444692629e-01 4.150753768844e-04 2.493040504045e-01 4.150753768844e-04 3.492000005962e-01
4.174472361809e-04 2.530530847660e-01 4.174472361809e-04 1.484402585614e-01 4.174472361809e-04 2.493114063620e-01 4.174472361809e-04 3.492083846533e-01
4.198190954774e-04 2.530483508850e-01 4.198190954774e-04 1.484364467666e-01 4.198190954774e-04 2.493181982976e-01 4.198190954774e-04 3.492160667753e-01
4.221909547739e-04 2.530440387635e-01 4.221909547739e-04 1.484329960790e-01 4.221909547739e-04 2.493244694540e-01 4.221909547739e-04 3.492231055713e-01
4.245628140704e-04 2.530401108915e-01 4.245628140704e-04 1.484298722789e-01 4.245628140704e-04 2.493302597613e-01 4.245628140704e-04 3.492295547822e-01
4.269346733668e-04 2.530365330837e-01 4.269346733668e-04 1.484270443883e-01 4.269346733668e-04 2.493356060899e-01 4.269346733668e-04 3.492354636808e-01
4.293065326633e-04 2.530332741869e-01 4.293065326633e-04 1.484244843643e-01 4.293065326633e-04 2.493405424845e-01 4.293065326633e-04 3.492408774401e-01
4.316783919598e-04 2.530303058125e-01 4.316783919598e-04 1.484221668214e-01 4.316783919598e-04 2.493451003802e-01 4.316783919598e-04 3.492458374713e-01
4.340502512563e-04 2.530276020925e-01 4.340502512563e-04 1.484200687802e-01 4.340502512563e-04 2.493493088023e-01 4.340502512563e-04 3.492503817349e-01
4.364221105528e-04 2.530251394568e-01 4.364221105528e-04 1.484181694391e-01 4.364221105528e-04 2.493531945508e-01 4.364221105528e-04 3.492545450261e-01
4.387939698492e-04 2.530228964302e-01 4.387939698492e-04 1.484164499686e-01 4.387939698492e-04 2.493567823706e-01 4.387939698492e-04 3.492583592371e-01
4.411658291457e-04 2.530208534466e-01 4.411658291457e-04 1.484148933241e-01 4.411658291457e-04 2.493600951093e-01 4.411658291457e-04 3.492618535978e-01
4.435376884422e-04 2.530189926802e-01 4.435376884422e-04 1.484134840769e-01 4.435376884422e-04 2.493631538621e-01 4.435376884422e-04 3.492650548969e-01
4.459095477387e-04 2.530172978911e-01 4.459095477387e-04 1.484122082608e-01 4.459095477387e-04 2.493659781065e-01 4.459095477387e-04 3.492679876848e-01
4.482814070352e-04 2.530157542846e-01 4.482814070352e-04 1.484110532339e-01 4.482814070352e-04 2.493685858261e-01 4.482814070352e-04 3.492706744595e-01
4.506532663317e-04 2.530143483830e-01 4.506532663317e-04 1.484100075525e-01 4.506532663317e-04 2.493709936253e-01 4.506532663317e-04 3.492731358380e-01
4.530251256281e-04 2.530130679088e-01 4.530251256281e-04 1.484090608579e-01 4.530251256281e-04 2.493732168349e-01 4.530251256281e-04 3.492753907124e-01
4.553969849246e-04 2.530119016778e-01 4.553969849246e-04 1.484082037733e-01 4.553969849246e-04 2.493752696097e-01 4.553969849246e-04 3.492774563940e-01
4.577688442211e-04 2.530108395022e-01 4.577688442211e-04 1.484074278108e-01 4.577688442211e-04 2.493771650190e-01 4.577688442211e-04 3.492793487453e-01
4.601407035176e-04 2.530098721018e-01 4.601407035176e-04 1.484067252870e-01 4.601407035176e-04 2.493789151295e-01 4.601407035176e-04 3.492810823005e-01
4.625125628141e-04 2.530089910233e-01 4.625125628141e-04 1.484060892468e-01 4.625125628141e-04 2.493805310824e-01 4.625125628141e-04 3.492826703766e-01
4.648844221106e-04 2.530081885671e-01 4.648844221106e-04 1.484055133942e-01 4.648844221106e-04 2.493820231646e-01 4.648844221106e-04 3.492841251754e-01
4.672562814070e-04 2.530074577195e-01 4.672562814070e-04 1.484049920298e-01 4.672562814070e-04 2.493834008737e-01 4.672562814070e-04 3.492854578762e-01
4.696281407035e-04 2.530067920924e-01 4.696281407035e-04 1.484045199946e-01 4.696281407035e-04 2.493846729790e-01 4.696281407035e-04 3.492866787214e-01
4.720000000000e-04 2.530061858671e-01 4.720000000000e-04 1.484040926180e-01 4.720000000000e-04 2.493858475772e-01 4.720000000000e-04 3.492877970953e-01
