0.000000000000e+00 1.986253095784e-01 0.000000000000e+00 3.186000000000e-01 0.000000000000e+00 2.906829609609e-01 0.000000000000e+00 1.922505131607e-01
2.381909547739e-06 1.986273122235e-01 2.381909547739e-06 3.186000000000e-01 2.381909547739e-06 2.906810076852e-01 2.381909547739e-06 1.922595574545e-01
4.763819095477e-06 1.986294744974e-01 4.763819095477e-06 3.186000000000e-01 4.763819095477e-06 2.906788291505e-01 4.763819095477e-06 1.922691447143e-01
7.145728643216e-06 1.986318092757e-01 7.145728643216e-06 3.186000000000e-01 7.145728643216e-06 2.906763992694e-01 7.145728643216e-06 1.922793074998e-01
9.527638190955e-06 1.986343304928e-01 9.527638190955e-06 3.186000000000e-01 9.527638190955e-06 2.906736889262e-01 9.527638190955e-06 1.922900803228e-01
1.190954773869e-05 1.986370532303e-01 1.190954773869e-05 3.186000000000e-01 1.190954773869e-05 2.906706656253e-01 1.190954773869e-05 1.923014997643e-01
1.429145728643e-05 1.986399938149e-01 1.429145728643e-05 3.186000000000e-01 1.429145728643e-05 2.906672930993e-01 1.429145728643e-05 1.923136045993e-01
1.667336683417e-05 1.986431699243e-01 1.667336683417e-05 3.186000000000e-01 1.667336683417e-05 2.906635308716e-01 1.667336683417e-05 1.923264359294e-01
1.905527638191e-05 1.986466007022e-01 1.905527638191e-05 3.186000000000e-01 1.905527638191e-05 2.906593337685e-01 1.905527638191e-05 1.923400373233e-01
2.143718592965e-05 1.986503068844e-01 2.143718592965e-05 3.186000000000e-01 2.143718592965e-05 2.906546513755e-01 2.143718592965e-05 1.923544549665e-01
2.381909547739e-05 1.986543109350e-01 2.381909547739e-05 3.186000000000e-01 2.381909547739e-05 2.906494274309e-01 2.381909547739e-05 1.923697378195e-01
2.620100502513e-05 1.986586371962e-01 2.620100502513e-05 3.186000000000e-01 2.620100502513e-05 2.906435991497e-01 2.620100502513e-05 1.923859377873e-01
2.858291457286e-05 1.986633120504e-01 2.858291457286e-05 3.185999999999e-01 2.858291457286e-05 2.906370964708e-01 2.858291457286e-05 1.924031098985e-01
3.096482412060e-05 1.986683640980e-01 3.096482412060e-05 3.185999999999e-01 3.096482412060e-05 2.906298412177e-01 3.096482412060e-05 1.924213124963e-01
3.334673366834e-05 1.986738243508e-01 3.334673366834e-05 3.185999999999e-01 3.334673366834e-05 2.906217461644e-01 3.334673366834e-05 1.924406074422e-01
3.572864321608e-05 1.986797264433e-01 3.572864321608e-05 3.185999999998e-01 3.572864321608e-05 2.906127139950e-01 3.572864321608e-05 1.924610603323e-01
3.811055276382e-05 1.986861068635e-01 3.811055276382e-05 3.185999999997e-01 3.811055276382e-05 2.906026361459e-01 3.811055276382e-05 1.924827407281e-01
4.049246231156e-05 1.986930052055e-01 4.049246231156e-05 3.185999999996e-01 4.049246231156e-05 2.905913915187e-01 4.049246231156e-05 1.925057224031e-01
4.287437185930e-05 1.987004644445e-01 4.287437185930e-05 3.185999999995e-01 4.287437185930e-05 2.905788450483e-01 4.287437185930e-05 1.925300836050e-01
4.525628140704e-05 1.987085312390e-01 4.525628140704e-05 3.185999999993e-01 4.525628140704e-05 2.905648461124e-01 4.525628140704e-05 1.925559073369e-01
4.763819095477e-05 1.987172562601e-01 4.763819095477e-05 3.185999999990e-01 4.763819095477e-05 2.905492267652e-01 4.763819095477e-05 1.925832816566e-01
5.002010050251e-05 1.987266945527e-01 5.002010050251e-05 3.185999999986e-01 5.002010050251e-05 2.905317997782e-01 5.002010050251e-05 1.926122999983e-01
5.240201005025e-05 1.987369059311e-01 5.240201005025e-05 3.185999999981e-01 5.240201005025e-05 2.905123564669e-01 5.240201005025e-05 1.926430615160e-01
5.478391959799e-05 1.987479554117e-01 5.478391959799e-05 3.185999999973e-01 5.478391959799e-05 2.904906642846e-01 5.478391959799e-05 1.926756714522e-01
5.716582914573e-05 1.987599136880e-01 5.716582914573e-05 3.185999999961e-01 5.716582914573e-05 2.904664641600e-01 5.716582914573e-05 1.927102415338e-01
5.954773869347e-05 1.987728576511e-01 5.954773869347e-05 3.185999999946e-01 5.954773869347e-05 2.904394675542e-01 5.954773869347e-05 1.927468903969e-01
6.192964824121e-05 1.987868709608e-01 6.192964824121e-05 3.185999999924e-01 6.192964824121e-05 2.904093532135e-01 6.192964824121e-05 1.927857440455e-01
6.431155778894e-05 1.988020446721e-01 6.431155778894e-05 3.185999999892e-01 6.431155778894e-05 2.903757635907e-01 6.431155778894e-05 1.928269363438e-01
6.669346733668e-05 1.988184779238e-01 6.669346733668e-05 3.185999999848e-01 6.669346733668e-05 2.903383009086e-01 6.669346733668e-05 1.928706095495e-01
6.907537688442e-05 1.988362786943e-01 6.907537688442e-05 3.185999999786e-01 6.907537688442e-05 2.902965228386e-01 6.907537688442e-05 1.929169148894e-01
7.145728643216e-05 1.988555646324e-01 7.145728643216e-05 3.185999999699e-01 7.145728643216e-05 2.902499377670e-01 7.145728643216e-05 1.929660131828e-01
7.383919597990e-05 1.988764639708e-01 7.383919597990e-05 3.185999999576e-01 7.383919597990e-05 2.901979996240e-01 7.383919597990e-05 1.930180755181e-01
7.622110552764e-05 1.988991165310e-01 7.622110552764e-05 3.185999999402e-01 7.622110552764e-05 2.901401022508e-01 7.622110552764e-05 1.930732839877e-01
7.860301507538e-05 1.989236748285e-01 7.860301507538e-05 3.185999999156e-01 7.860301507538e-05 2.900755732853e-01 7.860301507538e-05 1.931318324891e-01
8.098492462312e-05 1.989503052903e-01 8.098492462312e-05 3.185999998810e-01 8.098492462312e-05 2.900036675516e-01 8.098492462312e-05 1.931939275982e-01
8.336683417085e-05 1.989791895946e-01 8.336683417085e-05 3.185999998321e-01 8.336683417085e-05 2.899235599462e-01 8.336683417085e-05 1.932597895240e-01
8.574874371859e-05 1.990105261474e-01 8.574874371859e-05 3.185999997630e-01 8.574874371859e-05 2.898343378235e-01 8.574874371859e-05 1.933296531552e-01
8.813065326633e-05 1.990445317089e-01 8.813065326633e-05 3.185999996656e-01 8.813065326633e-05 2.897349928983e-01 8.813065326633e-05 1.934037692088e-01
9.051256281407e-05 1.990814431870e-01 9.051256281407e-05 3.185999995280e-01 9.051256281407e-05 2.896244126991e-01 9.051256281407e-05 1.934824054936e-01
9.289447236181e-05 1.991215196137e-01 9.289447236181e-05 3.185999993336e-01 9.289447236181e-05 2.895013716324e-01 9.289447236181e-05 1.935658483032e-01
9.527638190955e-05 1.991650443254e-01 9.527638190955e-05 3.185999990591e-01 9.527638190955e-05 2.893645217414e-01 9.527638190955e-05 1.936544039555e-01
9.765829145729e-05 1.992123273672e-01 9.765829145729e-05 3.185999986714e-01 9.765829145729e-05 2.892123832867e-01 9.765829145729e-05 1.937484004963e-01
1.000402010050e-04 1.992637081450e-01 1.000402010050e-04 3.185999981236e-01 1.000402010050e-04 2.890433353119e-01 1.000402010050e-04 1.938481895893e-01
1.024221105528e-04 1.993195583513e-01 1.024221105528e-04 3.185999973495e-01 1.024221105528e-04 2.888556064189e-01 1.024221105528e-04 1.939541486176e-01
1.048040201005e-04 1.993802851926e-01 1.048040201005e-04 3.185999962557e-01 1.048040201005e-04 2.886472660346e-01 1.048040201005e-04 1.940666830226e-01
1.071859296482e-04 1.994463349489e-01 1.071859296482e-04 3.185999947096e-01 1.071859296482e-04 2.884162165303e-01 1.071859296482e-04 1.941862289135e-01
1.095678391960e-04 1.995181968993e-01 1.095678391960e-04 3.185999925243e-01 1.095678391960e-04 2.881601866384e-01 1.095678391960e-04 1.943132559838e-01
1.119497487437e-04 1.995964076494e-01 1.119497487437e-04 3.185999894350e-01 1.119497487437e-04 2.878767267102e-01 1.119497487437e-04 1.944482707737e-01
1.143316582915e-04 1.996815559005e-01 1.143316582915e-04 3.185999850672e-01 1.143316582915e-04 2.875632064640e-01 1.143316582915e-04 1.945918203261e-01
1.167135678392e-04 1.997742877012e-01 1.167135678392e-04 3.185999788912e-01 1.167135678392e-04 2.872168159907e-01 1.167135678392e-04 1.947444962882e-01
1.190954773869e-04 1.998753122278e-01 1.190954773869e-04 3.185999701576e-01 1.190954773869e-04 2.868345708985e-01 1.190954773869e-04 1.949069395157e-01
1.214773869347e-04 1.999854081387e-01 1.214773869347e-04 3.185999578058e-01 1.214773869347e-04 2.864133225965e-01 1.214773869347e-04 1.950798452470e-01
1.238592964824e-04 2.001054305532e-01 1.238592964824e-04 3.185999403353e-01 1.238592964824e-04 2.859497748178e-01 1.238592964824e-04 1.952639689185e-01
1.262412060302e-04 2.002363187050e-01 1.262412060302e-04 3.185999156225e-01 1.262412060302e-04 2.854405075605e-01 1.262412060302e-04 1.954601327028e-01
1.286231155779e-04 2.003791043195e-01 1.286231155779e-04 3.185998806619e-01 1.286231155779e-04 2.848820096596e-01 1.286231155779e-04 1.956692328565e-01
1.310050251256e-04 2.005349207658e-01 1.310050251256e-04 3.185998311994e-01 1.310050251256e-04 2.842707211791e-01 1.310050251256e-04 1.958922479752e-01
1.333869346734e-04 2.007050130276e-01 1.333869346734e-04 3.185997612139e-01 1.333869346734e-04 2.836030867002e-01 1.333869346734e-04 1.961302482560e-01
1.357688442211e-04 2.008907485341e-01 1.357688442211e-04 3.185996621817e-01 1.357688442211e-04 2.828756203621e-01 1.357688442211e-04 1.963844058785e-01
1.381507537688e-04 2.010936288804e-01 1.381507537688e-04 3.185995220359e-01 1.381507537688e-04 2.820849831556e-01 1.381507537688e-04 1.966560066120e-01
1.405326633166e-04 2.013153024522e-01 1.405326633166e-04 3.185993236930e-01 1.405326633166e-04 2.812280724500e-01 1.405326633166e-04 1.969464627637e-01
1.429145728643e-04 2.015575779517e-01 1.429145728643e-04 3.185990429655e-01 1.429145728643e-04 2.803021230483e-01 1.429145728643e-04 1.972573275700e-01
1.452964824121e-04 2.018224387897e-01 1.452964824121e-04 3.185986456057e-01 1.452964824121e-04 2.793048181974e-01 1.452964824121e-04 1.975903111264e-01
1.476783919598e-04 2.021120582741e-01 1.476783919598e-04 3.185980831199e-01 1.476783919598e-04 2.782344079555e-01 1.476783919598e-04 1.979472979244e-01
1.500603015075e-04 2.024288154716e-01 1.500603015075e-04 3.185972868388e-01 1.500603015075e-04 2.770898311802e-01 1.500603015075e-04 1.983303660292e-01
1.524422110553e-04 2.027753115582e-01 1.524422110553e-04 3.185961595213e-01 1.524422110553e-04 2.758708362198e-01 1.524422110553e-04 1.987418078777e-01
1.548241206030e-04 2.031543863869e-01 1.548241206030e-04 3.185945634637e-01 1.548241206030e-04 2.745780942742e-01 1.548241206030e-04 1.991841525956e-01
1.572060301508e-04 2.035691349005e-01 1.572060301508e-04 3.185923036620e-01 1.572060301508e-04 2.732132984779e-01 1.572060301508e-04 1.996601896266e-01
1.595879396985e-04 2.040229228848e-01 1.595879396985e-04 3.185891039746e-01 1.595879396985e-04 2.717792411998e-01 1.595879396985e-04 2.001729933169e-01
1.619698492462e-04 2.045194014031e-01 1.619698492462e-04 3.185845733826e-01 1.619698492462e-04 2.702798620111e-01 1.619698492462e-04 2.007259479054e-01
1.643517587940e-04 2.050625190619e-01 1.643517587940e-04 3.185781582525e-01 1.643517587940e-04 2.687202593765e-01 1.643517587940e-04 2.013227721184e-01
1.667336683417e-04 2.056565310406e-01 1.667336683417e-04 3.185690748310e-01 1.667336683417e-04 2.671066604584e-01 1.667336683417e-04 2.019675422499e-01
1.691155778894e-04 2.063060035593e-01 1.691155778894e-04 3.185562138641e-01 1.691155778894e-04 2.654463454976e-01 1.691155778894e-04 2.026647122154e-01
1.714974874372e-04 2.070158121841e-01 1.714974874372e-04 3.185380059842e-01 1.714974874372e-04 2.637475259401e-01 1.714974874372e-04 2.034191285959e-01
1.738793969849e-04 2.077911320624e-01 1.738793969849e-04 3.185122320449e-01 1.738793969849e-04 2.620191786281e-01 1.738793969849e-04 2.042360381309e-01
1.762613065327e-04 2.086374178800e-01 1.762613065327e-04 3.184757565310e-01 1.762613065327e-04 2.602708416608e-01 1.762613065327e-04 2.051210844997e-01
1.786432160804e-04 2.095603710404e-01 1.786432160804e-04 3.184241541319e-01 1.786432160804e-04 2.585123806022e-01 1.786432160804e-04 2.060802905579e-01
1.810251256281e-04 2.105658913423e-01 1.810251256281e-04 3.183511892564e-01 1.810251256281e-04 2.567537362084e-01 1.810251256281e-04 2.071200215281e-01
1.834070351759e-04 2.116600102942e-01 1.834070351759e-04 3.182480957720e-01 1.834070351759e-04 2.550046664497e-01 1.834070351759e-04 2.082469240507e-01
1.857889447236e-04 2.128488032507e-01 1.857889447236e-04 3.181025906822e-01 1.857889447236e-04 2.532744961000e-01 1.857889447236e-04 2.094678355953e-01
1.881708542714e-04 2.141382778202e-01 1.881708542714e-04 3.178975441725e-01 1.881708542714e-04 2.515718865028e-01 1.881708542714e-04 2.107896586576e-01
1.905527638191e-04 2.155342366014e-01 1.905527638191e-04 3.176092274553e-01 1.905527638191e-04 2.499046363719e-01 1.905527638191e-04 2.122191946291e-01
1.929346733668e-04 2.170421133041e-01 1.929346733668e-04 3.172050858036e-01 1.929346733668e-04 2.482795218931e-01 1.929346733668e-04 2.137629334236e-01
1.953165829146e-04 2.186667827993e-01 1.953165829146e-04 3.166410686674e-01 1.953165829146e-04 2.467021812677e-01 1.953165829146e-04 2.154267971249e-01
1.976984924623e-04 2.204123476502e-01 1.976984924623e-04 3.158587454813e-01 1.976984924623e-04 2.451770455612e-01 1.976984924623e-04 2.172158392645e-01
2.000804020101e-04 2.222819061854e-01 2.000804020101e-04 3.147828222465e-01 2.000804020101e-04 2.437073146317e-01 2.000804020101e-04 2.191339059372e-01
2.024623115578e-04 2.242773100959e-01 2.024623115578e-04 3.133203293676e-01 2.024623115578e-04 2.422949742951e-01 2.024623115578e-04 2.211832707361e-01
2.048442211055e-04 2.263989226618e-01 2.048442211055e-04 3.113636695741e-01 2.048442211055e-04 2.409408489356e-01 2.048442211055e-04 2.233642620764e-01
2.072261306533e-04 2.286453917121e-01 2.072261306533e-04 3.088006000215e-01 2.072261306533e-04 2.396446825531e-01 2.072261306533e-04 2.256749081896e-01
2.096080402010e-04 2.310134538688e-01 2.096080402010e-04 3.055341791175e-01 2.096080402010e-04 2.384052407544e-01 2.096080402010e-04 2.281106308693e-01
2.119899497487e-04 2.334977879967e-01 2.119899497487e-04 3.015131344071e-01 2.119899497487e-04 2.372204263355e-01 2.119899497487e-04 2.306640226251e-01
2.143718592965e-04 2.360909355734e-01 2.143718592965e-04 2.967666205209e-01 2.143718592965e-04 2.360874017383e-01 2.143718592965e-04 2.333247418680e-01
2.167537688442e-04 2.387833034917e-01 2.167537688442e-04 2.914284550123e-01 2.167537688442e-04 2.350027126300e-01 2.167537688442e-04 2.360795559640e-01
2.191356783920e-04 2.415632604150e-01 2.191356783920e-04 2.857316499883e-01 2.191356783920e-04 2.339624080011e-01 2.191356783920e-04 2.389125519447e-01
2.215175879397e-04 2.444173313705e-01 2.215175879397e-04 2.799634500516e-01 2.215175879397e-04 2.329621533686e-01 2.215175879397e-04 2.418055198071e-01
2.238994974874e-04 2.473304873040e-01 2.238994974874e-04 2.743934798897e-01 2.238994974874e-04 2.319973348088e-01 2.238994974874e-04 2.447384952773e-01
2.262814070352e-04 2.502865177249e-01 2.262814070352e-04 2.692062090357e-01 2.262814070352e-04 2.310631525545e-01 2.262814070352e-04 2.476904302688e-01
2.286633165829e-04 2.532684664874e-01 2.286633165829e-04 2.644661048870e-01 2.286633165829e-04 2.301547037365e-01 2.286633165829e-04 2.506399432090e-01
2.310452261307e-04 2.562591043692e-01 2.310452261307e-04 2.601226628265e-01 2.310452261307e-04 2.292670545136e-01 2.310452261307e-04 2.535660909436e-01
2.334271356784e-04 2.592414084312e-01 2.334271356784e-04 2.560428129877e-01 2.334271356784e-04 2.283953023225e-01 2.334271356784e-04 2.564491011230e-01
2.358090452261e-04 2.621990177585e-01 2.358090452261e-04 2.520531290624e-01 2.358090452261e-04 2.275346293014e-01 2.358090452261e-04 2.592710093911e-01
2.381909547739e-04 2.651166381404e-01 2.381909547739e-04 2.479804723962e-01 2.381909547739e-04 2.266803481261e-01 2.381909547739e-04 2.620161582477e-01
2.405728643216e-04 2.679803740438e-01 2.405728643216e-04 2.436872206676e-01 2.405728643216e-04 2.258279415630e-01 2.405728643216e-04 2.646715316742e-01
2.429547738693e-04 2.707779739149e-01 2.429547738693e-04 2.391000019322e-01 2.429547738693e-04 2.249730970182e-01 2.429547738693e-04 2.672269183737e-01
2.453366834171e-04 2.734989832472e-01 2.453366834171e-04 2.342288589680e-01 2.453366834171e-04 2.241117372643e-01 2.453366834171e-04 2.696749136996e-01
2.477185929648e-04 2.761348078164e-01 2.477185929648e-04 2.291707978522e-01 2.477185929648e-04 2.232400483786e-01 2.477185929648e-04 2.720107837288e-01
2.501005025126e-04 2.786786960781e-01 2.501005025126e-04 2.240925196898e-01 2.501005025126e-04 2.223545057371e-01 2.501005025126e-04 2.742322232413e-01
2.524824120603e-04 2.811256543727e-01 2.524824120603e-04 2.191939933138e-01 2.524824120603e-04 2.214518987011e-01 2.524824120603e-04 2.763390424906e-01
2.548643216080e-04 2.834723110913e-01 2.548643216080e-04 2.146639311867e-01 2.548643216080e-04 2.205293544035e-01 2.548643216080e-04 2.783328163541e-01
2.572462311558e-04 2.857167464796e-01 2.572462311558e-04 2.106428387574e-01 2.572462311558e-04 2.195843608120e-01 2.572462311558e-04 2.802165249921e-01
2.596281407035e-04 2.878583036687e-01 2.596281407035e-04 2.072049186966e-01 2.596281407035e-04 2.186147890176e-01 2.596281407035e-04 2.819942089230e-01
2.620100502513e-04 2.898973943341e-01 2.620100502513e-04 2.043601901790e-01 2.620100502513e-04 2.176189144743e-01 2.620100502513e-04 2.836706546616e-01
2.643919597990e-04 2.918353095911e-01 2.643919597990e-04 2.020700239319e-01 2.643919597990e-04 2.165954367153e-01 2.643919597990e-04 2.852511207050e-01
2.667738693467e-04 2.936740437935e-01 2.667738693467e-04 2.002669979588e-01 2.667738693467e-04 2.155434968935e-01 2.667738693467e-04 2.867411082593e-01
2.691557788945e-04 2.954161361317e-01 2.691557788945e-04 1.988723935120e-01 2.691557788945e-04 2.144626923533e-01 2.691557788945e-04 2.881461769330e-01
2.715376884422e-04 2.970645325492e-01 2.715376884422e-04 1.978084400610e-01 2.715376884422e-04 2.133530873404e-01 2.715376884422e-04 2.894718027032e-01
2.739195979899e-04 2.986224686047e-01 2.739195979899e-04 1.970052556344e-01 2.739195979899e-04 2.122152189105e-01 2.739195979899e-04 2.907232736533e-01
2.763015075377e-04 3.000933725316e-01 2.763015075377e-04 1.964037485007e-01 2.763015075377e-04 2.110500971119e-01 2.763015075377e-04 2.919056180725e-01
2.786834170854e-04 3.014807868324e-01 2.786834170854e-04 1.959559691949e-01 2.786834170854e-04 2.098591985880e-01 2.786834170854e-04 2.930235592760e-01
2.810653266332e-04 3.027883062343e-01 2.810653266332e-04 1.956241151457e-01 2.810653266332e-04 2.086444528936e-01 2.810653266332e-04 2.940814917251e-01
2.834472361809e-04 3.040195296212e-01 2.834472361809e-04 1.953789882027e-01 2.834472361809e-04 2.074082210171e-01 2.834472361809e-04 2.950834735376e-01
2.858291457286e-04 3.051780235766e-01 2.858291457286e-04 1.951983658346e-01 2.858291457286e-04 2.061532658678e-01 2.858291457286e-04 2.960332311210e-01
2.882110552764e-04 3.062672953322e-01 2.882110552764e-04 1.950655136912e-01 2.882110552764e-04 2.048827147871e-01 2.882110552764e-04 2.969341723606e-01
2.905929648241e-04 3.072907731673e-01 2.905929648241e-04 1.949679271741e-01 2.905929648241e-04 2.036000144820e-01 2.905929648241e-04 2.977894054629e-01
2.929748743719e-04 3.082517925862e-01 2.929748743719e-04 1.948963146844e-01 2.929748743719e-04 2.023088791184e-01 2.929748743719e-04 2.986017611749e-01
2.953567839196e-04 3.091535868945e-01 2.953567839196e-04 1.948438002651e-01 2.953567839196e-04 2.010132326411e-01 2.953567839196e-04 2.993738166328e-01
2.977386934673e-04 3.099992810640e-01 2.977386934673e-04 1.948053107499e-01 2.977386934673e-04 1.997171466817e-01 2.977386934673e-04 3.001079195516e-01
3.001206030151e-04 3.107918880195e-01 3.001206030151e-04 1.947771112415e-01 3.001206030151e-04 1.984247756472e-01 3.001206030151e-04 3.008062118329e-01
3.025025125628e-04 3.115343066876e-01 3.025025125628e-04 1.947564564546e-01 3.025025125628e-04 1.971402907447e-01 3.025025125628e-04 3.014706519713e-01
3.048844221106e-04 3.122293213144e-01 3.048844221106e-04 1.947413308454e-01 3.048844221106e-04 1.958678147665e-01 3.048844221106e-04 3.021030358647e-01
3.072663316583e-04 3.128796016964e-01 3.072663316583e-04 1.947302558875e-01 3.072663316583e-04 1.946113594412e-01 3.072663316583e-04 3.027050158145e-01
3.096482412060e-04 3.134877040721e-01 3.096482412060e-04 1.947221476590e-01 3.096482412060e-04 1.933747670404e-01 3.096482412060e-04 3.032781176278e-01
3.120301507538e-04 3.140560724982e-01 3.120301507538e-04 1.947162118837e-01 3.120301507538e-04 1.921616577379e-01 3.120301507538e-04 3.038237558308e-01
3.144120603015e-04 3.145870405922e-01 3.144120603015e-04 1.947118667225e-01 3.144120603015e-04 1.909753839505e-01 3.144120603015e-04 3.043432470617e-01
3.167939698492e-04 3.150828335630e-01 3.167939698492e-04 1.947086860556e-01 3.167939698492e-04 1.898189925785e-01 3.167939698492e-04 3.048378217602e-01
3.191758793970e-04 3.155455704749e-01 3.191758793970e-04 1.947063578605e-01 3.191758793970e-04 1.886951957214e-01 3.191758793970e-04 3.053086342878e-01
3.215577889447e-04 3.159772667104e-01 3.215577889447e-04 1.947046536901e-01 3.215577889447e-04 1.876063501002e-01 3.215577889447e-04 3.057567716322e-01
3.239396984925e-04 3.163798366058e-01 3.239396984925e-04 1.947034063013e-01 3.239396984925e-04 1.865544450857e-01 3.239396984925e-04 3.061832608474e-01
3.263216080402e-04 3.167550962382e-01 3.263216080402e-04 1.947024932658e-01 3.263216080402e-04 1.855410989377e-01 3.263216080402e-04 3.065890753806e-01
3.287035175879e-04 3.171047663473e-01 3.287035175879e-04 1.947018249650e-01 3.287035175879e-04 1.845675626085e-01 3.287035175879e-04 3.069751404286e-01
3.310854271357e-04 3.174304753721e-01 3.310854271357e-04 1.947013357997e-01 3.310854271357e-04 1.836347302727e-01 3.310854271357e-04 3.073423374562e-01
3.334673366834e-04 3.177337625880e-01 3.334673366834e-04 1.947009777531e-01 3.334673366834e-04 1.827431556090e-01 3.334673366834e-04 3.076915079976e-01
3.358492462312e-04 3.180160813226e-01 3.358492462312e-04 1.947007156791e-01 3.358492462312e-04 1.818930727842e-01 3.358492462312e-04 3.080234568500e-01
3.382311557789e-04 3.182788022337e-01 3.382311557789e-04 1.947005238522e-01 3.382311557789e-04 1.810844210702e-01 3.382311557789e-04 3.083389547556e-01
3.406130653266e-04 3.185232166287e-01 3.406130653266e-04 1.947003834429e-01 3.406130653266e-04 1.803168720478e-01 3.406130653266e-04 3.086387406573e-01
3.429949748744e-04 3.187505398075e-01 3.429949748744e-04 1.947002806688e-01 3.429949748744e-04 1.795898584170e-01 3.429949748744e-04 3.089235236009e-01
3.453768844221e-04 3.189619144085e-01 3.453768844221e-04 1.947002054418e-01 3.453768844221e-04 1.789026035257e-01 3.453768844221e-04 3.091939843481e-01
3.477587939698e-04 3.191584137421e-01 3.477587939698e-04 1.947001503783e-01 3.477587939698e-04 1.782541508416e-01 3.477587939698e-04 3.094507767543e-01
3.501407035176e-04 3.193410450926e-01 3.501407035176e-04 1.947001100735e-01 3.501407035176e-04 1.776433927122e-01 3.501407035176e-04 3.096945289563e-01
3.525226130653e-04 3.195107529750e-01 3.525226130653e-04 1.947000805716e-01 3.525226130653e-04 1.770690978865e-01 3.525226130653e-04 3.099258444084e-01
3.549045226131e-04 3.196684223315e-01 3.549045226131e-04 1.947000589770e-01 3.549045226131e-04 1.765299373904e-01 3.549045226131e-04 3.101453027997e-01
3.572864321608e-04 3.198148816571e-01 3.572864321608e-04 1.947000431702e-01 3.572864321608e-04 1.760245084640e-01 3.572864321608e-04 3.103534608770e-01
3.596683417085e-04 3.199509060415e-01 3.596683417085e-04 1.947000316000e-01 3.596683417085e-04 1.755513563708e-01 3.596683417085e-04 3.105508531966e-01
3.620502512563e-04 3.200772201212e-01 3.620502512563e-04 1.947000231309e-01 3.620502512563e-04 1.751089939769e-01 3.620502512563e-04 3.107379928199e-01
3.644321608040e-04 3.201945009328e-01 3.644321608040e-04 1.947000169316e-01 3.644321608040e-04 1.746959190758e-01 3.644321608040e-04 3.109153719694e-01
3.668140703518e-04 3.203033806626e-01 3.668140703518e-04 1.947000123938e-01 3.668140703518e-04 1.743106294922e-01 3.668140703518e-04 3.110834626521e-01
3.691959798995e-04 3.204044492882e-01 3.691959798995e-04 1.947000090722e-01 3.691959798995e-04 1.739516360501e-01 3.691959798995e-04 3.112427172622e-01
3.715778894472e-04 3.204982571096e-01 3.715778894472e-04 1.947000066408e-01 3.715778894472e-04 1.736174735209e-01 3.715778894472e-04 3.113935691664e-01
3.739597989950e-04 3.205853171680e-01 3.739597989950e-04 1.947000048611e-01 3.739597989950e-04 1.733067096972e-01 3.739597989950e-04 3.115364332783e-01
3.763417085427e-04 3.206661075513e-01 3.763417085427e-04 1.947000035583e-01 3.763417085427e-04 1.730179527485e-01 3.763417085427e-04 3.116717066236e-01
3.787236180905e-04 3.207410735881e-01 3.787236180905e-04 1.947000026047e-01 3.787236180905e-04 1.727498570272e-01 3.787236180905e-04 3.117997688996e-01
3.811055276382e-04 3.208106299297e-01 3.811055276382e-04 1.947000019066e-01 3.811055276382e-04 1.725011274913e-01 3.811055276382e-04 3.119209830288e-01
3.834874371859e-04 3.208751625229e-01 3.834874371859e-04 1.947000013957e-01 3.834874371859e-04 1.722705229095e-01 3.834874371859e-04 3.120356957087e-01
3.858693467337e-04 3.209350304763e-01 3.858693467337e-04 1.947000010216e-01 3.858693467337e-04 1.720568580057e-01 3.858693467337e-04 3.121442379569e-01
3.882512562814e-04 3.209905678225e-01 3.882512562814e-04 1.947000007478e-01 3.882512562814e-04 1.718590046925e-01 3.882512562814e-04 3.122469256511e-01
3.906331658291e-04 3.210420851797e-01 3.906331658291e-04 1.947000005474e-01 3.906331658291e-04 1.716758925301e-01 3.906331658291e-04 3.123440600647e-01
3.930150753769e-04 3.210898713157e-01 3.930150753769e-04 1.947000004007e-01 3.930150753769e-04 1.715065085372e-01 3.930150753769e-04 3.124359283961e-01
3.953969849246e-04 3.211341946200e-01 3.953969849246e-04 1.947000002933e-01 3.953969849246e-04 1.713498964663e-01 3.953969849246e-04 3.125228042910e-01
3.977788944724e-04 3.211753044847e-01 3.977788944724e-04 1.947000002147e-01 3.977788944724e-04 1.712051556445e-01 3.977788944724e-04 3.126049483585e-01
4.001608040201e-04 3.212134326019e-01 4.001608040201e-04 1.947000001572e-01 4.001608040201e-04 1.710714394697e-01 4.001608040201e-04 3.126826086769e-01
4.025427135678e-04 3.212487941783e-01 4.025427135678e-04 1.947000001151e-01 4.025427135678e-04 1.709479536386e-01 4.025427135678e-04 3.127560212923e-01
4.049246231156e-04 3.212815890735e-01 4.049246231156e-04 1.947000000842e-01 4.049246231156e-04 1.708339541749e-01 4.049246231156e-04 3.128254107063e-01
4.073065326633e-04 3.213120028647e-01 4.073065326633e-04 1.947000000617e-01 4.073065326633e-04 1.707287453145e-01 4.073065326633e-04 3.128909903528e-01
4.096884422111e-04 3.213402078421e-01 4.096884422111e-04 1.947000000451e-01 4.096884422111e-04 1.706316772972e-01 4.096884422111e-04 3.129529630643e-01
4.120703517588e-04 3.213663639386e-01 4.120703517588e-04 1.947000000330e-01 4.120703517588e-04 1.705421441058e-01 4.120703517588e-04 3.130115215258e-01
4.144522613065e-04 3.213906195984e-01 4.144522613065e-04 1.947000000242e-01 4.144522613065e-04 1.704595811863e-01 4.144522613065e-04 3.130668487169e-01
4.168341708543e-04 3.214131125866e-01 4.168341708543e-04 1.947000000177e-01 4.168341708543e-04 1.703834631765e-01 4.168341708543e-04 3.131191183407e-01
4.192160804020e-04 3.214339707447e-01 4.192160804020e-04 1.947000000130e-01 4.192160804020e-04 1.703133016681e-01 4.192160804020e-04 3.131684952399e-01
4.215979899497e-04 3.214533126942e-01 4.215979899497e-04 1.947000000095e-01 4.215979899497e-04 1.702486430161e-01 4.215979899497e-04 3.132151358003e-01
4.239798994975e-04 3.214712484930e-01 4.239798994975e-04 1.947000000069e-01 4.239798994975e-04 1.701890662138e-01 4.239798994975e-04 3.132591883398e-01
4.263618090452e-04 3.214878802454e-01 4.263618090452e-04 1.947000000051e-01 4.263618090452e-04 1.701341808397e-01 4.263618090452e-04 3.133007934849e-01
4.287437185930e-04 3.215033026706e-01 4.287437185930e-04 1.947000000037e-01 4.287437185930e-04 1.700836250879e-01 4.287437185930e-04 3.133400845335e-01
4.311256281407e-04 3.215176036316e-01 4.311256281407e-04 1.947000000027e-01 4.311256281407e-04 1.700370638837e-01 4.311256281407e-04 3.133771878044e-01
4.335075376884e-04 3.215308646268e-01 4.335075376884e-04 1.947000000020e-01 4.335075376884e-04 1.699941870903e-01 4.335075376884e-04 3.134122229731e-01
4.358894472362e-04 3.215431612474e-01 4.358894472362e-04 1.947000000015e-01 4.358894472362e-04 1.699547078065e-01 4.358894472362e-04 3.134453033950e-01
4.382713567839e-04 3.215545636025e-01 4.382713567839e-04 1.947000000011e-01 4.382713567839e-04 1.699183607564e-01 4.382713567839e-04 3.134765364153e-01
4.406532663317e-04 3.215651367141e-01 4.406532663317e-04 1.947000000008e-01 4.406532663317e-04 1.698849007703e-01 4.406532663317e-04 3.135060236666e-01
4.430351758794e-04 3.215749408840e-01 4.430351758794e-04 1.947000000006e-01 4.430351758794e-04 1.698541013542e-01 4.430351758794e-04 3.135338613534e-01
4.454170854271e-04 3.215840320349e-01 4.454170854271e-04 1.947000000004e-01 4.454170854271e-04 1.698257533473e-01 4.454170854271e-04 3.135601405249e-01
4.477989949749e-04 3.215924620268e-01 4.477989949749e-04 1.947000000003e-01 4.477989949749e-04 1.697996636626e-01 4.477989949749e-04 3.135849473356e-01
4.501809045226e-04 3.216002789512e-01 4.501809045226e-04 1.947000000002e-01 4.501809045226e-04 1.697756541090e-01 4.501809045226e-04 3.136083632952e-01
4.525628140704e-04 3.216075274039e-01 4.525628140704e-04 1.947000000002e-01 4.525628140704e-04 1.697535602903e-01 4.525628140704e-04 3.136304655055e-01
4.549447236181e-04 3.216142487384e-01 4.549447236181e-04 1.947000000001e-01 4.549447236181e-04 1.697332305786e-01 4.549447236181e-04 3.136513268886e-01
4.573266331658e-04 3.216204813010e-01 4.573266331658e-04 1.947000000001e-01 4.573266331658e-04 1.697145251572e-01 4.573266331658e-04 3.136710164028e-01
4.597085427136e-04 3.216262606489e-01 4.597085427136e-04 1.947000000001e-01 4.597085427136e-04 1.696973151298e-01 4.597085427136e-04 3.136895992495e-01
4.620904522613e-04 3.216316197529e-01 4.620904522613e-04 1.947000000000e-01 4.620904522613e-04 1.696814816926e-01 4.620904522613e-04 3.137071370696e-01
4.644723618090e-04 3.216365891851e-01 4.644723618090e-04 1.947000000000e-01 4.644723618090e-04 1.696669153653e-01 4.644723618090e-04 3.137236881308e-01
4.668542713568e-04 3.216411972934e-01 4.668542713568e-04 1.947000000000e-01 4.668542713568e-04 1.696535152770e-01 4.668542713568e-04 3.137393075058e-01
4.692361809045e-04 3.216454703629e-01 4.692361809045e-04 1.947000000000e-01 4.692361809045e-04 1.696411885043e-01 4.692361809045e-04 3.137540472417e-01
4.716180904523e-04 3.216494327658e-01 4.716180904523e-04 1.947000000000e-01 4.716180904523e-04 1.696298494581e-01 4.716180904523e-04 3.137679565210e-01
4.740000000000e-04 3.216531071011e-01 4.740000000000e-04 1.947000000000e-01 4.740000000000e-04 1.696194193153e-01 4.740000000000e-04 3.137810818148e-01
