0.000000000000e+00 2.519000000072e-01 0.000000000000e+00 1.691000000007e-01 0.000000000000e+00 2.586999981372e-01 0.000000000000e+00 3.202999999997e-01
1.728643216080e-06 2.519000000090e-01 1.728643216080e-06 1.691000000009e-01 1.728643216080e-06 2.586999978045e-01 1.728643216080e-06 3.202999999996e-01
3.457286432161e-06 2.519000000113e-01 3.457286432161e-06 1.691000000012e-01 3.457286432161e-06 2.586999974123e-01 3.457286432161e-06 3.202999999995e-01
5.185929648241e-06 2.519000000141e-01 5.185929648241e-06 1.691000000016e-01 5.185929648241e-06 2.586999969500e-01 5.185929648241e-06 3.202999999993e-01
6.914572864322e-06 2.519000000178e-01 6.914572864322e-06 1.691000000020e-01 6.914572864322e-06 2.586999964052e-01 6.914572864322e-06 3.202999999991e-01
8.643216080402e-06 2.519000000223e-01 8.643216080402e-06 1.691000000026e-01 8.643216080402e-06 2.586999957630e-01 8.643216080402e-06 3.202999999989e-01
1.037185929648e-05 2.519000000280e-01 1.037185929648e-05 1.691000000035e-01 1.037185929648e-05 2.586999950061e-01 1.037185929648e-05 3.202999999985e-01
1.210050251256e-05 2.519000000351e-01 1.210050251256e-05 1.691000000045e-01 1.210050251256e-05 2.586999941140e-01 1.210050251256e-05 3.202999999981e-01
1.382914572864e-05 2.519000000441e-01 1.382914572864e-05 1.691000000059e-01 1.382914572864e-05 2.586999930626e-01 1.382914572864e-05 3.202999999975e-01
1.555778894472e-05 2.519000000553e-01 1.555778894472e-05 1.691000000077e-01 1.555778894472e-05 2.586999918233e-01 1.555778894472e-05 3.202999999967e-01
1.728643216080e-05 2.519000000694e-01 1.728643216080e-05 1.691000000100e-01 1.728643216080e-05 2.586999903626e-01 1.728643216080e-05 3.202999999957e-01
1.901507537688e-05 2.519000000871e-01 1.901507537688e-05 1.691000000131e-01 1.901507537688e-05 2.586999886410e-01 1.901507537688e-05 3.202999999944e-01
2.074371859296e-05 2.519000001094e-01 2.074371859296e-05 1.691000000170e-01 2.074371859296e-05 2.586999866118e-01 2.074371859296e-05 3.202999999926e-01
2.247236180905e-05 2.519000001373e-01 2.247236180905e-05 1.691000000222e-01 2.247236180905e-05 2.586999842201e-01 2.247236180905e-05 3.202999999904e-01
2.420100502513e-05 2.519000001723e-01 2.420100502513e-05 1.691000000290e-01 2.420100502513e-05 2.586999814011e-01 2.420100502513e-05 3.202999999874e-01
2.592964824121e-05 2.519000002163e-01 2.592964824121e-05 1.691000000378e-01 2.592964824121e-05 2.586999780784e-01 2.592964824121e-05 3.202999999835e-01
2.765829145729e-05 2.519000002714e-01 2.765829145729e-05 1.691000000493e-01 2.765829145729e-05 2.586999741622e-01 2.765829145729e-05 3.202999999785e-01
2.938693467337e-05 2.519000003407e-01 2.938693467337e-05 1.691000000644e-01 2.938693467337e-05 2.586999695463e-01 2.938693467337e-05 3.202999999719e-01
3.111557788945e-05 2.519000004277e-01 3.111557788945e-05 1.691000000840e-01 3.111557788945e-05 2.586999641056e-01 3.111557788945e-05 3.202999999632e-01
3.284422110553e-05 2.519000005368e-01 3.284422110553e-05 1.691000001096e-01 3.284422110553e-05 2.586999576928e-01 3.284422110553e-05 3.202999999519e-01
3.457286432161e-05 2.519000006738e-01 3.457286432161e-05 1.691000001430e-01 3.457286432161e-05 2.586999501343e-01 3.457286432161e-05 3.202999999371e-01
3.630150753769e-05 2.519000008457e-01 3.630150753769e-05 1.691000001865e-01 3.630150753769e-05 2.586999412251e-01 3.630150753769e-05 3.202999999177e-01
3.803015075377e-05 2.519000010615e-01 3.803015075377e-05 1.691000002434e-01 3.803015075377e-05 2.586999307239e-01 3.803015075377e-05 3.202999998924e-01
3.975879396985e-05 2.519000013324e-01 3.975879396985e-05 1.691000003175e-01 3.975879396985e-05 2.586999183462e-01 3.975879396985e-05 3.202999998592e-01
4.148743718593e-05 2.519000016724e-01 4.148743718593e-05 1.691000004143e-01 4.148743718593e-05 2.586999037565e-01 4.148743718593e-05 3.202999998159e-01
4.321608040201e-05 2.519000020992e-01 4.321608040201e-05 1.691000005406e-01 4.321608040201e-05 2.586998865593e-01 4.321608040201e-05 3.202999997592e-01
4.494472361809e-05 2.519000026348e-01 4.494472361809e-05 1.691000007054e-01 4.494472361809e-05 2.586998662884e-01 4.494472361809e-05 3.202999996852e-01
4.667336683417e-05 2.519000033072e-01 4.667336683417e-05 1.691000009205e-01 4.667336683417e-05 2.586998423942e-01 4.667336683417e-05 3.202999995882e-01
4.840201005025e-05 2.519000041511e-01 4.840201005025e-05 1.691000012011e-01 4.840201005025e-05 2.586998142286e-01 4.840201005025e-05 3.202999994615e-01
5.013065326633e-05 2.519000052104e-01 5.013065326633e-05 1.691000015673e-01 5.013065326633e-05 2.586997810276e-01 5.013065326633e-05 3.202999992958e-01
5.185929648241e-05 2.519000065400e-01 5.185929648241e-05 1.691000020451e-01 5.185929648241e-05 2.586997418904e-01 5.185929648241e-05 3.202999990790e-01
5.358793969849e-05 2.519000082089e-01 5.358793969849e-05 1.691000026687e-01 5.358793969849e-05 2.586996957547e-01 5.358793969849e-05 3.202999987955e-01
5.531658291457e-05 2.519000103036e-01 5.531658291457e-05 1.691000034825e-01 5.531658291457e-05 2.586996413677e-01 5.531658291457e-05 3.202999984247e-01
5.704522613065e-05 2.519000129329e-01 5.704522613065e-05 1.691000045445e-01 5.704522613065e-05 2.586995772523e-01 5.704522613065e-05 3.202999979398e-01
5.877386934673e-05 2.519000162331e-01 5.877386934673e-05 1.691000059303e-01 5.877386934673e-05 2.586995016661e-01 5.877386934673e-05 3.202999973056e-01
6.050251256281e-05 2.519000203755e-01 6.050251256281e-05 1.691000077389e-01 6.050251256281e-05 2.586994125540e-01 6.050251256281e-05 3.202999964761e-01
6.223115577889e-05 2.519000255750e-01 6.223115577889e-05 1.691000100992e-01 6.223115577889e-05 2.586993074919e-01 6.223115577889e-05 3.202999953912e-01
6.395979899497e-05 2.519000321012e-01 6.395979899497e-05 1.691000131794e-01 6.395979899497e-05 2.586991836198e-01 6.395979899497e-05 3.202999939722e-01
6.568844221106e-05 2.519000402929e-01 6.568844221106e-05 1.691000171993e-01 6.568844221106e-05 2.586990375632e-01 6.568844221106e-05 3.202999921163e-01
6.741708542714e-05 2.519000505749e-01 6.741708542714e-05 1.691000224457e-01 6.741708542714e-05 2.586988653400e-01 6.741708542714e-05 3.202999896887e-01
6.914572864322e-05 2.519000634807e-01 6.914572864322e-05 1.691000292926e-01 6.914572864322e-05 2.586986622502e-01 6.914572864322e-05 3.202999865134e-01
7.087437185930e-05 2.519000796798e-01 7.087437185930e-05 1.691000382285e-01 7.087437185930e-05 2.586984227455e-01 7.087437185930e-05 3.202999823600e-01
7.260301507538e-05 2.519001000127e-01 7.260301507538e-05 1.691000498910e-01 7.260301507538e-05 2.586981402746e-01 7.260301507538e-05 3.202999769270e-01
7.433165829146e-05 2.519001255342e-01 7.433165829146e-05 1.691000651120e-01 7.433165829146e-05 2.586978071006e-01 7.433165829146e-05 3.202999698201e-01
7.606030150754e-05 2.519001575683e-01 7.606030150754e-05 1.691000849777e-01 7.606030150754e-05 2.586974140833e-01 7.606030150754e-05 3.202999605234e-01
7.778894472362e-05 2.519001977771e-01 7.778894472362e-05 1.691001109056e-01 7.778894472362e-05 2.586969504219e-01 7.778894472362e-05 3.202999483615e-01
7.951758793970e-05 2.519002482465e-01 7.951758793970e-05 1.691001447459e-01 7.951758793970e-05 2.586964033488e-01 7.951758793970e-05 3.202999324511e-01
8.124623115578e-05 2.519003115950e-01 8.124623115578e-05 1.691001889138e-01 8.124623115578e-05 2.586957577650e-01 8.124623115578e-05 3.202999116358e-01
8.297487437186e-05 2.519003911093e-01 8.297487437186e-05 1.691002465616e-01 8.297487437186e-05 2.586949958078e-01 8.297487437186e-05 3.202998844027e-01
8.470351758794e-05 2.519004909147e-01 8.470351758794e-05 1.691003218040e-01 8.470351758794e-05 2.586940963332e-01 8.470351758794e-05 3.202998487712e-01
8.643216080402e-05 2.519006161894e-01 8.643216080402e-05 1.691004200120e-01 8.643216080402e-05 2.586930343000e-01 8.643216080402e-05 3.202998021491e-01
8.816080402010e-05 2.519007734334e-01 8.816080402010e-05 1.691005481965e-01 8.816080402010e-05 2.586917800332e-01 8.816080402010e-05 3.202997411432e-01
8.988944723618e-05 2.519009708055e-01 8.988944723618e-05 1.691007155085e-01 8.988944723618e-05 2.586902983411e-01 8.988944723618e-05 3.202996613110e-01
9.161809045226e-05 2.519012185467e-01 9.161809045226e-05 1.691009338936e-01 9.161809045226e-05 2.586885474578e-01 9.161809045226e-05 3.202995568362e-01
9.334673366834e-05 2.519015295126e-01 9.334673366834e-05 1.691012189441e-01 9.334673366834e-05 2.586864777712e-01 9.334673366834e-05 3.202994201026e-01
9.507537688442e-05 2.519019198401e-01 9.507537688442e-05 1.691015910135e-01 9.507537688442e-05 2.586840302912e-01 9.507537688442e-05 3.202992411361e-01
9.680402010050e-05 2.519024097859e-01 9.680402010050e-05 1.691020766695e-01 9.680402010050e-05 2.586811348008e-01 9.680402010050e-05 3.202990068726e-01
9.853266331658e-05 2.519030247788e-01 9.853266331658e-05 1.691027105916e-01 9.853266331658e-05 2.586777076174e-01 9.853266331658e-05 3.202987001992e-01
1.002613065327e-04 2.519037967412e-01 1.002613065327e-04 1.691035380472e-01 1.002613065327e-04 2.586736488763e-01 1.002613065327e-04 3.202982986947e-01
1.019899497487e-04 2.519047657490e-01 1.019899497487e-04 1.691046181235e-01 1.019899497487e-04 2.586688392241e-01 1.019899497487e-04 3.202977729792e-01
1.037185929648e-04 2.519059821161e-01 1.037185929648e-04 1.691060279450e-01 1.037185929648e-04 2.586631357808e-01 1.037185929648e-04 3.202970845469e-01
1.054472361809e-04 2.519075090137e-01 1.054472361809e-04 1.691078681770e-01 1.054472361809e-04 2.586563671934e-01 1.054472361809e-04 3.202961829219e-01
1.071758793970e-04 2.519094257621e-01 1.071758793970e-04 1.691102702047e-01 1.071758793970e-04 2.586483275557e-01 1.071758793970e-04 3.202950019240e-01
1.089045226131e-04 2.519118319677e-01 1.089045226131e-04 1.691134054994e-01 1.089045226131e-04 2.586387689074e-01 1.089045226131e-04 3.202934547633e-01
1.106331658291e-04 2.519148527261e-01 1.106331658291e-04 1.691174978309e-01 1.106331658291e-04 2.586273919471e-01 1.106331658291e-04 3.202914275964e-01
1.123618090452e-04 2.519186451675e-01 1.123618090452e-04 1.691228391889e-01 1.123618090452e-04 2.586138344899e-01 1.123618090452e-04 3.202887710583e-01
1.140904522613e-04 2.519234066960e-01 1.140904522613e-04 1.691298105285e-01 1.140904522613e-04 2.585976570692e-01 1.140904522613e-04 3.202852891309e-01
1.158190954774e-04 2.519293853694e-01 1.158190954774e-04 1.691389087865e-01 1.158190954774e-04 2.585783249060e-01 1.158190954774e-04 3.202807245065e-01
1.175477386935e-04 2.519368929863e-01 1.175477386935e-04 1.691507820359e-01 1.175477386935e-04 2.585551852462e-01 1.175477386935e-04 3.202747393419e-01
1.192763819095e-04 2.519463216059e-01 1.192763819095e-04 1.691662751840e-01 1.192763819095e-04 2.585274387733e-01 1.192763819095e-04 3.202668899441e-01
1.210050251256e-04 2.519581644306e-01 1.210050251256e-04 1.691864892953e-01 1.210050251256e-04 2.584941034209e-01 1.210050251256e-04 3.202565934781e-01
1.227336683417e-04 2.519730422500e-01 1.227336683417e-04 1.692128584665e-01 1.227336683417e-04 2.584539684178e-01 1.227336683417e-04 3.202430841861e-01
1.244623115578e-04 2.519917369986e-01 1.244623115578e-04 1.692472492114e-01 1.244623115578e-04 2.584055357609e-01 1.244623115578e-04 3.202253558354e-01
1.261909547739e-04 2.520152344577e-01 1.261909547739e-04 1.692920885534e-01 1.261909547739e-04 2.583469454905e-01 1.261909547739e-04 3.202020861085e-01
1.279195979899e-04 2.520447787692e-01 1.279195979899e-04 1.693505284389e-01 1.279195979899e-04 2.582758801053e-01 1.279195979899e-04 3.201715373707e-01
1.296482412060e-04 2.520819423114e-01 1.296482412060e-04 1.694266556254e-01 1.296482412060e-04 2.581894421460e-01 1.296482412060e-04 3.201314266290e-01
1.313768844221e-04 2.521287157010e-01 1.313768844221e-04 1.695257576697e-01 1.313768844221e-04 2.580839973822e-01 1.313768844221e-04 3.200787554872e-01
1.331055276382e-04 2.521876244000e-01 1.331055276382e-04 1.696546567060e-01 1.331055276382e-04 2.579549741404e-01 1.331055276382e-04 3.200095884681e-01
1.348341708543e-04 2.522618808474e-01 1.348341708543e-04 1.698221226924e-01 1.348341708543e-04 2.577966071969e-01 1.348341708543e-04 3.199187652507e-01
1.365628140704e-04 2.523555845611e-01 1.365628140704e-04 1.700393755880e-01 1.365628140704e-04 2.576016125434e-01 1.365628140704e-04 3.197995292885e-01
1.382914572864e-04 2.524739878175e-01 1.382914572864e-04 1.703206796311e-01 1.382914572864e-04 2.573607777097e-01 1.382914572864e-04 3.196430523050e-01
1.400201005025e-04 2.526238521289e-01 1.400201005025e-04 1.706840196587e-01 1.400201005025e-04 2.570624522023e-01 1.400201005025e-04 3.194378320392e-01
1.417487437186e-04 2.528139320485e-01 1.417487437186e-04 1.711518251588e-01 1.417487437186e-04 2.566919258291e-01 1.417487437186e-04 3.191689406824e-01
1.434773869347e-04 2.530556396043e-01 1.434773869347e-04 1.717516673239e-01 1.434773869347e-04 2.562306924385e-01 1.434773869347e-04 3.188171060046e-01
1.452060301508e-04 2.533639672700e-01 1.452060301508e-04 1.725167926339e-01 1.452060301508e-04 2.556556181320e-01 1.452060301508e-04 3.183576197964e-01
1.469346733668e-04 2.537587824380e-01 1.469346733668e-04 1.734862713368e-01 1.469346733668e-04 2.549380741170e-01 1.469346733668e-04 3.177590941031e-01
1.486633165829e-04 2.542666531795e-01 1.486633165829e-04 1.747044379559e-01 1.486633165829e-04 2.540431653802e-01 1.486633165829e-04 3.169821313620e-01
1.503919597990e-04 2.549234188449e-01 1.503919597990e-04 1.762192109841e-01 1.503919597990e-04 2.529292977780e-01 1.503919597990e-04 3.159780467316e-01
1.521206030151e-04 2.557777560299e-01 1.521206030151e-04 1.780788603513e-01 1.521206030151e-04 2.515484814541e-01 1.521206030151e-04 3.146878835850e-01
1.538492462312e-04 2.568959380153e-01 1.538492462312e-04 1.803269421517e-01 1.538492462312e-04 2.498479480502e-01 1.538492462312e-04 3.130420923480e-01
1.555778894472e-04 2.583676619110e-01 1.555778894472e-04 1.829955529252e-01 1.555778894472e-04 2.477737932215e-01 1.555778894472e-04 3.109613811484e-01
1.573065326633e-04 2.603118374550e-01 1.573065326633e-04 1.860978178105e-01 1.573065326633e-04 2.452772953307e-01 1.573065326633e-04 3.083593634192e-01
1.590351758794e-04 2.628789615452e-01 1.590351758794e-04 1.896214650139e-01 1.590351758794e-04 2.423240804267e-01 1.590351758794e-04 3.051476945795e-01
1.607638190955e-04 2.662426268120e-01 1.607638190955e-04 1.935259925023e-01 1.607638190955e-04 2.389052053560e-01 1.607638190955e-04 3.012444124327e-01
1.624924623116e-04 2.705680825683e-01 1.624924623116e-04 1.977456379180e-01 1.624924623116e-04 2.350476078147e-01 1.624924623116e-04 2.965862099924e-01
1.642211055276e-04 2.759470916566e-01 1.642211055276e-04 2.021987015904e-01 1.642211055276e-04 2.308199246502e-01 1.642211055276e-04 2.911452818676e-01
1.659497487437e-04 2.823082882289e-01 1.659497487437e-04 2.068011501798e-01 1.659497487437e-04 2.263296843189e-01 1.659497487437e-04 2.849505838149e-01
1.676783919598e-04 2.893537043314e-01 1.676783919598e-04 2.114801658488e-01 1.676783919598e-04 2.217103465614e-01 1.676783919598e-04 2.781105092100e-01
1.694070351759e-04 2.965951940458e-01 1.694070351759e-04 2.161828507273e-01 1.694070351759e-04 2.171009988229e-01 1.694070351759e-04 2.708283600283e-01
1.711356783920e-04 3.035059862279e-01 1.711356783920e-04 2.208770939244e-01 1.711356783920e-04 2.126252004412e-01 1.711356783920e-04 2.633966348141e-01
1.728643216080e-04 3.096937676119e-01 1.728643216080e-04 2.255447366162e-01 1.728643216080e-04 2.083758444713e-01 1.728643216080e-04 2.561591157249e-01
1.745929648241e-04 3.149801013285e-01 1.745929648241e-04 2.301700847305e-01 1.745929648241e-04 2.044096954730e-01 1.745929648241e-04 2.494461198501e-01
1.763216080402e-04 3.193670452730e-01 1.763216080402e-04 2.347283588309e-01 1.763216080402e-04 2.007508228704e-01 1.763216080402e-04 2.435082742072e-01
1.780502512563e-04 3.229554048742e-01 1.780502512563e-04 2.391784529449e-01 1.780502512563e-04 1.973992344556e-01 1.780502512563e-04 2.384781500099e-01
1.797788944724e-04 3.258756943155e-01 1.797788944724e-04 2.434626179296e-01 1.797788944724e-04 1.943406197517e-01 1.797788944724e-04 2.343715014333e-01
1.815075376884e-04 3.282510262075e-01 1.815075376884e-04 2.475130333993e-01 1.815075376884e-04 1.915544272811e-01 1.815075376884e-04 2.311174622477e-01
1.832361809045e-04 3.301845222761e-01 1.832361809045e-04 2.512626898443e-01 1.832361809045e-04 1.890191927762e-01 1.832361809045e-04 2.285977154492e-01
1.849648241206e-04 3.317589326122e-01 1.849648241206e-04 2.546566480962e-01 1.849648241206e-04 1.867152632289e-01 1.849648241206e-04 2.266795036341e-01
1.866934673367e-04 3.330402523475e-01 1.866934673367e-04 2.576601274228e-01 1.866934673367e-04 1.846256324012e-01 1.866934673367e-04 2.252368101752e-01
1.884221105528e-04 3.340816135483e-01 1.884221105528e-04 2.602616089475e-01 1.884221105528e-04 1.827356872200e-01 1.884221105528e-04 2.241607160745e-01
1.901507537688e-04 3.349263289208e-01 1.901507537688e-04 2.624711776132e-01 1.901507537688e-04 1.810325034783e-01 1.901507537688e-04 2.233623999462e-01
1.918793969849e-04 3.356100390567e-01 1.918793969849e-04 2.643156967808e-01 1.918793969849e-04 1.795041013443e-01 1.918793969849e-04 2.227721091260e-01
1.936080402010e-04 3.361622083071e-01 1.936080402010e-04 2.658327700090e-01 1.936080402010e-04 1.781388695279e-01 1.936080402010e-04 2.223364101441e-01
1.953366834171e-04 3.366072097710e-01 1.953366834171e-04 2.670650442472e-01 1.953366834171e-04 1.769252241834e-01 1.953366834171e-04 2.220150372953e-01
1.970653266332e-04 3.369651627052e-01 1.970653266332e-04 2.680557180782e-01 1.970653266332e-04 1.758514848026e-01 1.970653266332e-04 2.217779722369e-01
1.987939698492e-04 3.372526158692e-01 1.987939698492e-04 2.688455026214e-01 1.987939698492e-04 1.749059112845e-01 1.987939698492e-04 2.216029897639e-01
2.005226130653e-04 3.374831250481e-01 2.005226130653e-04 2.694708938713e-01 2.005226130653e-04 1.740768382514e-01 2.005226130653e-04 2.214737040409e-01
2.022512562814e-04 3.376677484436e-01 2.022512562814e-04 2.699634471722e-01 2.022512562814e-04 1.733528509131e-01 2.022512562814e-04 2.213780631219e-01
2.039798994975e-04 3.378154721736e-01 2.039798994975e-04 2.703497245083e-01 2.039798994975e-04 1.727229616022e-01 2.039798994975e-04 2.213072123679e-01
2.057085427136e-04 3.379335736207e-01 2.057085427136e-04 2.706516384951e-01 2.057085427136e-04 1.721767614897e-01 2.057085427136e-04 2.212546474732e-01
2.074371859296e-04 3.380279290175e-01 2.074371859296e-04 2.708869918034e-01 2.074371859296e-04 1.717045348845e-01 2.074371859296e-04 2.212155885080e-01
2.091658291457e-04 3.381032714298e-01 2.091658291457e-04 2.710700801630e-01 2.091658291457e-04 1.712973328878e-01 2.091658291457e-04 2.211865196738e-01
2.108944723618e-04 3.381634052637e-01 2.108944723618e-04 2.712122809885e-01 2.108944723618e-04 1.709470091140e-01 2.108944723618e-04 2.211648519180e-01
2.126231155779e-04 3.382113832635e-01 2.126231155779e-04 2.713225871414e-01 2.126231155779e-04 1.706462233585e-01 2.126231155779e-04 2.211486759914e-01
2.143517587940e-04 3.382496516093e-01 2.143517587940e-04 2.714080692377e-01 2.143517587940e-04 1.703884202795e-01 2.143517587940e-04 2.211365817985e-01
2.160804020101e-04 3.382801682176e-01 2.160804020101e-04 2.714742639509e-01 2.160804020101e-04 1.701677900784e-01 2.160804020101e-04 2.211275262165e-01
2.178090452261e-04 3.383044987637e-01 2.178090452261e-04 2.715254932120e-01 2.178090452261e-04 1.699792173853e-01 2.178090452261e-04 2.211207363108e-01
2.195376884422e-04 3.383238943354e-01 2.195376884422e-04 2.715651225684e-01 2.195376884422e-04 1.698182234675e-01 2.195376884422e-04 2.211156383901e-01
2.212663316583e-04 3.383393540484e-01 2.212663316583e-04 2.715957679292e-01 2.212663316583e-04 1.696809057384e-01 2.212663316583e-04 2.211118059358e-01
2.229949748744e-04 3.383516754121e-01 2.229949748744e-04 2.716194596109e-01 2.229949748744e-04 1.695638774944e-01 2.229949748744e-04 2.211089213243e-01
2.247236180905e-04 3.383614947677e-01 2.247236180905e-04 2.716377716760e-01 2.247236180905e-04 1.694642099082e-01 2.247236180905e-04 2.211067476440e-01
2.264522613065e-04 3.383693197028e-01 2.264522613065e-04 2.716519234161e-01 2.264522613065e-04 1.693793775872e-01 2.264522613065e-04 2.211051079092e-01
2.281809045226e-04 3.383755550031e-01 2.281809045226e-04 2.716628586873e-01 2.281809045226e-04 1.693072084483e-01 2.281809045226e-04 2.211038697025e-01
2.299095477387e-04 3.383805234100e-01 2.299095477387e-04 2.716713077577e-01 2.299095477387e-04 1.692458382520e-01 2.299095477387e-04 2.211029338080e-01
2.316381909548e-04 3.383844822094e-01 2.316381909548e-04 2.716778354188e-01 2.316381909548e-04 1.691936698493e-01 2.316381909548e-04 2.211022257835e-01
2.333668341709e-04 3.383876364813e-01 2.333668341709e-04 2.716828783499e-01 2.333668341709e-04 1.691493369983e-01 2.333668341709e-04 2.211016897012e-01
2.350954773869e-04 3.383901496763e-01 2.350954773869e-04 2.716867740991e-01 2.350954773869e-04 1.691116724862e-01 2.350954773869e-04 2.211012834897e-01
2.368241206030e-04 3.383921520562e-01 2.368241206030e-04 2.716897835408e-01 2.368241206030e-04 1.690796802219e-01 2.368241206030e-04 2.211009754641e-01
2.385527638191e-04 3.383937474257e-01 2.385527638191e-04 2.716921082642e-01 2.385527638191e-04 1.690525109307e-01 2.385527638191e-04 2.211007417351e-01
2.402814070352e-04 3.383950185025e-01 2.402814070352e-04 2.716939040301e-01 2.402814070352e-04 1.690294410774e-01 2.402814070352e-04 2.211005642715e-01
2.420100502513e-04 3.383960311980e-01 2.420100502513e-04 2.716952911797e-01 2.420100502513e-04 1.690098546545e-01 2.420100502513e-04 2.211004294510e-01
2.437386934673e-04 3.383968380301e-01 2.437386934673e-04 2.716963626832e-01 2.437386934673e-04 1.689932274924e-01 2.437386934673e-04 2.211003269720e-01
2.454673366834e-04 3.383974808440e-01 2.454673366834e-04 2.716971903620e-01 2.454673366834e-04 1.689791137756e-01 2.454673366834e-04 2.211002490380e-01
2.471959798995e-04 3.383979929804e-01 2.471959798995e-04 2.716978296976e-01 2.471959798995e-04 1.689671344794e-01 2.471959798995e-04 2.211001897431e-01
2.489246231156e-04 3.383984010033e-01 2.489246231156e-04 2.716983235483e-01 2.489246231156e-04 1.689569674701e-01 2.489246231156e-04 2.211001446105e-01
2.506532663317e-04 3.383987260775e-01 2.506532663317e-04 2.716987050201e-01 2.506532663317e-04 1.689483390422e-01 2.506532663317e-04 2.211001102444e-01
2.523819095477e-04 3.383989850654e-01 2.523819095477e-04 2.716989996859e-01 2.523819095477e-04 1.689410166922e-01 2.523819095477e-04 2.211000840671e-01
2.541105527638e-04 3.383991914018e-01 2.541105527638e-04 2.716992272995e-01 2.541105527638e-04 1.689348029556e-01 2.541105527638e-04 2.211000641208e-01
2.558391959799e-04 3.383993557903e-01 2.558391959799e-04 2.716994031193e-01 2.558391959799e-04 1.689295301536e-01 2.558391959799e-04 2.211000489178e-01
2.575678391960e-04 3.383994867587e-01 2.575678391960e-04 2.716995389314e-01 2.575678391960e-04 1.689250559206e-01 2.575678391960e-04 2.211000373269e-01
2.592964824121e-04 3.383995911013e-01 2.592964824121e-04 2.716996438399e-01 2.592964824121e-04 1.689212593966e-01 2.592964824121e-04 2.211000284877e-01
2.610251256281e-04 3.383996742310e-01 2.610251256281e-04 2.716997248771e-01 2.610251256281e-04 1.689180379887e-01 2.610251256281e-04 2.211000217453e-01
2.627537688442e-04 3.383997404604e-01 2.627537688442e-04 2.716997874750e-01 2.627537688442e-04 1.689153046174e-01 2.627537688442e-04 2.211000166012e-01
2.644824120603e-04 3.383997932253e-01 2.644824120603e-04 2.716998358295e-01 2.644824120603e-04 1.689129853756e-01 2.644824120603e-04 2.211000126758e-01
2.662110552764e-04 3.383998352630e-01 2.662110552764e-04 2.716998731817e-01 2.662110552764e-04 1.689110175399e-01 2.662110552764e-04 2.211000096798e-01
2.679396984925e-04 3.383998687543e-01 2.679396984925e-04 2.716999020351e-01 2.679396984925e-04 1.689093478808e-01 2.679396984925e-04 2.211000073929e-01
2.696683417085e-04 3.383998954369e-01 2.696683417085e-04 2.716999243235e-01 2.696683417085e-04 1.689079312273e-01 2.696683417085e-04 2.211000056468e-01
2.713969849246e-04 3.383999166948e-01 2.713969849246e-04 2.716999415408e-01 2.713969849246e-04 1.689067292483e-01 2.713969849246e-04 2.211000043136e-01
2.731256281407e-04 3.383999336309e-01 2.731256281407e-04 2.716999548407e-01 2.731256281407e-04 1.689057094180e-01 2.731256281407e-04 2.211000032954e-01
2.748542713568e-04 3.383999471239e-01 2.748542713568e-04 2.716999651147e-01 2.748542713568e-04 1.689048441369e-01 2.748542713568e-04 2.211000025178e-01
2.765829145729e-04 3.383999578737e-01 2.765829145729e-04 2.716999730512e-01 2.765829145729e-04 1.689041099865e-01 2.765829145729e-04 2.211000019238e-01
2.783115577889e-04 3.383999664381e-01 2.783115577889e-04 2.716999791820e-01 2.783115577889e-04 1.689034870960e-01 2.783115577889e-04 2.211000014701e-01
2.800402010050e-04 3.383999732613e-01 2.800402010050e-04 2.716999839180e-01 2.800402010050e-04 1.689029586053e-01 2.800402010050e-04 2.211000011234e-01
2.817688442211e-04 3.383999786973e-01 2.817688442211e-04 2.716999875765e-01 2.817688442211e-04 1.689025102088e-01 2.817688442211e-04 2.211000008585e-01
2.834974874372e-04 3.383999830282e-01 2.834974874372e-04 2.716999904027e-01 2.834974874372e-04 1.689021297687e-01 2.834974874372e-04 2.211000006562e-01
2.852261306533e-04 3.383999864786e-01 2.852261306533e-04 2.716999925860e-01 2.852261306533e-04 1.689018069861e-01 2.852261306533e-04 2.211000005015e-01
2.869547738693e-04 3.383999892276e-01 2.869547738693e-04 2.716999942726e-01 2.869547738693e-04 1.689015331231e-01 2.869547738693e-04 2.211000003833e-01
2.886834170854e-04 3.383999914176e-01 2.886834170854e-04 2.716999955754e-01 2.886834170854e-04 1.689013007659e-01 2.886834170854e-04 2.211000002930e-01
2.904120603015e-04 3.383999931624e-01 2.904120603015e-04 2.716999965819e-01 2.904120603015e-04 1.689011036240e-01 2.904120603015e-04 2.211000002240e-01
2.921407035176e-04 3.383999945525e-01 2.921407035176e-04 2.716999973595e-01 2.921407035176e-04 1.689009363605e-01 2.921407035176e-04 2.211000001712e-01
2.938693467337e-04 3.383999956600e-01 2.938693467337e-04 2.716999979601e-01 2.938693467337e-04 1.689007944471e-01 2.938693467337e-04 2.211000001309e-01
2.955979899497e-04 3.383999965423e-01 2.955979899497e-04 2.716999984241e-01 2.955979899497e-04 1.689006740418e-01 2.955979899497e-04 2.211000001001e-01
2.973266331658e-04 3.383999972453e-01 2.973266331658e-04 2.716999987826e-01 2.973266331658e-04 1.689005718849e-01 2.973266331658e-04 2.211000000765e-01
2.990552763819e-04 3.383999978053e-01 2.990552763819e-04 2.716999990595e-01 2.990552763819e-04 1.689004852107e-01 2.990552763819e-04 2.211000000585e-01
3.007839195980e-04 3.383999982515e-01 3.007839195980e-04 2.716999992734e-01 3.007839195980e-04 1.689004116728e-01 3.007839195980e-04 2.211000000447e-01
3.025125628141e-04 3.383999986070e-01 3.025125628141e-04 2.716999994387e-01 3.025125628141e-04 1.689003492802e-01 3.025125628141e-04 2.211000000342e-01
3.042412060302e-04 3.383999988902e-01 3.042412060302e-04 2.716999995664e-01 3.042412060302e-04 1.689002963437e-01 3.042412060302e-04 2.211000000261e-01
3.059698492462e-04 3.383999991158e-01 3.059698492462e-04 2.716999996650e-01 3.059698492462e-04 1.689002514302e-01 3.059698492462e-04 2.211000000200e-01
3.076984924623e-04 3.383999992956e-01 3.076984924623e-04 2.716999997412e-01 3.076984924623e-04 1.689002133238e-01 3.076984924623e-04 2.211000000153e-01
3.094271356784e-04 3.383999994388e-01 3.094271356784e-04 2.716999998001e-01 3.094271356784e-04 1.689001809927e-01 3.094271356784e-04 2.211000000117e-01
3.111557788945e-04 3.383999995529e-01 3.111557788945e-04 2.716999998455e-01 3.111557788945e-04 1.689001535617e-01 3.111557788945e-04 2.211000000089e-01
3.128844221106e-04 3.383999996438e-01 3.128844221106e-04 2.716999998807e-01 3.128844221106e-04 1.689001302881e-01 3.128844221106e-04 2.211000000068e-01
3.146130653266e-04 3.383999997162e-01 3.146130653266e-04 2.716999999078e-01 3.146130653266e-04 1.689001105418e-01 3.146130653266e-04 2.211000000052e-01
3.163417085427e-04 3.383999997739e-01 3.163417085427e-04 2.716999999288e-01 3.163417085427e-04 1.689000937882e-01 3.163417085427e-04 2.211000000040e-01
3.180703517588e-04 3.383999998199e-01 3.180703517588e-04 2.716999999450e-01 3.180703517588e-04 1.689000795738e-01 3.180703517588e-04 2.211000000031e-01
3.197989949749e-04 3.383999998565e-01 3.197989949749e-04 2.716999999575e-01 3.197989949749e-04 1.689000675137e-01 3.197989949749e-04 2.211000000023e-01
3.215276381910e-04 3.383999998857e-01 3.215276381910e-04 2.716999999672e-01 3.215276381910e-04 1.689000572814e-01 3.215276381910e-04 2.211000000018e-01
3.232562814070e-04 3.383999999089e-01 3.232562814070e-04 2.716999999746e-01 3.232562814070e-04 1.689000485999e-01 3.232562814070e-04 2.211000000014e-01
3.249849246231e-04 3.383999999274e-01 3.249849246231e-04 2.716999999804e-01 3.249849246231e-04 1.689000412342e-01 3.249849246231e-04 2.211000000010e-01
3.267135678392e-04 3.383999999422e-01 3.267135678392e-04 2.716999999849e-01 3.267135678392e-04 1.689000349848e-01 3.267135678392e-04 2.211000000008e-01
3.284422110553e-04 3.383999999539e-01 3.284422110553e-04 2.716999999883e-01 3.284422110553e-04 1.689000296825e-01 3.284422110553e-04 2.211000000006e-01
3.301708542714e-04 3.383999999633e-01 3.301708542714e-04 2.716999999910e-01 3.301708542714e-04 1.689000251839e-01 3.301708542714e-04 2.211000000005e-01
3.318994974874e-04 3.383999999708e-01 3.318994974874e-04 2.716999999930e-01 3.318994974874e-04 1.689000213671e-01 3.318994974874e-04 2.211000000004e-01
3.336281407035e-04 3.383999999767e-01 3.336281407035e-04 2.716999999946e-01 3.336281407035e-04 1.689000181287e-01 3.336281407035e-04 2.211000000003e-01
3.353567839196e-04 3.383999999814e-01 3.353567839196e-04 2.716999999958e-01 3.353567839196e-04 1.689000153811e-01 3.353567839196e-04 2.211000000002e-01
3.370854271357e-04 3.383999999852e-01 3.370854271357e-04 2.716999999968e-01 3.370854271357e-04 1.689000130500e-01 3.370854271357e-04 2.211000000002e-01
3.388140703518e-04 3.383999999882e-01 3.388140703518e-04 2.716999999975e-01 3.388140703518e-04 1.689000110722e-01 3.388140703518e-04 2.211000000001e-01
3.405427135678e-04 3.383999999906e-01 3.405427135678e-04 2.716999999981e-01 3.405427135678e-04 1.689000093941e-01 3.405427135678e-04 2.211000000001e-01
3.422713567839e-04 3.383999999925e-01 3.422713567839e-04 2.716999999985e-01 3.422713567839e-04 1.689000079703e-01 3.422713567839e-04 2.211000000001e-01
3.440000000000e-04 3.383999999940e-01 3.440000000000e-04 2.716999999989e-01 3.440000000000e-04 1.689000067624e-01 3.440000000000e-04 2.211000000001e-01
