0.000000000000e+00 2.592000000000e-01 0.000000000000e+00 1.503000000000e-01 0.000000000000e+00 2.440999944701e-01 0.000000000000e+00 3.465000000000e-01
1.829145728643e-06 2.592000000000e-01 1.829145728643e-06 1.503000000000e-01 1.829145728643e-06 2.440999935479e-01 1.829145728643e-06 3.465000000000e-01
3.658291457286e-06 2.592000000000e-01 3.658291457286e-06 1.503000000000e-01 3.658291457286e-06 2.440999924720e-01 3.658291457286e-06 3.465000000000e-01
5.487437185930e-06 2.592000000000e-01 5.487437185930e-06 1.503000000000e-01 5.487437185930e-06 2.440999912166e-01 5.487437185930e-06 3.465000000000e-01
7.316582914573e-06 2.592000000000e-01 7.316582914573e-06 1.503000000000e-01 7.316582914573e-06 2.440999897518e-01 7.316582914573e-06 3.465000000000e-01
9.145728643216e-06 2.592000000000e-01 9.145728643216e-06 1.503000000000e-01 9.145728643216e-06 2.440999880428e-01 9.145728643216e-06 3.465000000000e-01
1.097487437186e-05 2.592000000000e-01 1.097487437186e-05 1.503000000000e-01 1.097487437186e-05 2.440999860488e-01 1.097487437186e-05 3.465000000000e-01
1.280402010050e-05 2.592000000000e-01 1.280402010050e-05 1.503000000000e-01 1.280402010050e-05 2.440999837222e-01 1.280402010050e-05 3.465000000000e-01
1.463316582915e-05 2.592000000000e-01 1.463316582915e-05 1.503000000000e-01 1.463316582915e-05 2.440999810076e-01 1.463316582915e-05 3.465000000000e-01
1.646231155779e-05 2.592000000000e-01 1.646231155779e-05 1.503000000001e-01 1.646231155779e-05 2.440999778404e-01 1.646231155779e-05 3.465000000000e-01
1.829145728643e-05 2.592000000000e-01 1.829145728643e-05 1.503000000001e-01 1.829145728643e-05 2.440999741450e-01 1.829145728643e-05 3.465000000000e-01
2.012060301508e-05 2.592000000000e-01 2.012060301508e-05 1.503000000001e-01 2.012060301508e-05 2.440999698333e-01 2.012060301508e-05 3.465000000000e-01
2.194974874372e-05 2.592000000000e-01 2.194974874372e-05 1.503000000001e-01 2.194974874372e-05 2.440999648026e-01 2.194974874372e-05 3.465000000000e-01
2.377889447236e-05 2.592000000000e-01 2.377889447236e-05 1.503000000002e-01 2.377889447236e-05 2.440999589330e-01 2.377889447236e-05 3.465000000000e-01
2.560804020101e-05 2.592000000000e-01 2.560804020101e-05 1.503000000003e-01 2.560804020101e-05 2.440999520845e-01 2.560804020101e-05 3.465000000000e-01
2.743718592965e-05 2.592000000000e-01 2.743718592965e-05 1.503000000003e-01 2.743718592965e-05 2.440999440939e-01 2.743718592965e-05 3.465000000000e-01
2.926633165829e-05 2.592000000000e-01 2.926633165829e-05 1.503000000005e-01 2.926633165829e-05 2.440999347708e-01 2.926633165829e-05 3.465000000000e-01
3.109547738693e-05 2.592000000000e-01 3.109547738693e-05 1.503000000006e-01 3.109547738693e-05 2.440999238930e-01 3.109547738693e-05 3.465000000000e-01
3.292462311558e-05 2.592000000000e-01 3.292462311558e-05 1.503000000008e-01 3.292462311558e-05 2.440999112011e-01 3.292462311558e-05 3.465000000000e-01
3.475376884422e-05 2.592000000000e-01 3.475376884422e-05 1.503000000011e-01 3.475376884422e-05 2.440998963926e-01 3.475376884422e-05 3.465000000000e-01
3.658291457286e-05 2.592000000000e-01 3.658291457286e-05 1.503000000014e-01 3.658291457286e-05 2.440998791147e-01 3.658291457286e-05 3.465000000000e-01
3.841206030151e-05 2.592000000000e-01 3.841206030151e-05 1.503000000019e-01 3.841206030151e-05 2.440998589554e-01 3.841206030151e-05 3.465000000000e-01
4.024120603015e-05 2.592000000000e-01 4.024120603015e-05 1.503000000025e-01 4.024120603015e-05 2.440998354342e-01 4.024120603015e-05 3.465000000000e-01
4.207035175879e-05 2.592000000000e-01 4.207035175879e-05 1.503000000034e-01 4.207035175879e-05 2.440998079905e-01 4.207035175879e-05 3.465000000000e-01
4.389949748744e-05 2.592000000000e-01 4.389949748744e-05 1.503000000045e-01 4.389949748744e-05 2.440997759702e-01 4.389949748744e-05 3.465000000000e-01
4.572864321608e-05 2.592000000000e-01 4.572864321608e-05 1.503000000061e-01 4.572864321608e-05 2.440997386100e-01 4.572864321608e-05 3.465000000000e-01
4.755778894472e-05 2.592000000000e-01 4.755778894472e-05 1.503000000081e-01 4.755778894472e-05 2.440996950194e-01 4.755778894472e-05 3.465000000000e-01
4.938693467337e-05 2.592000000001e-01 4.938693467337e-05 1.503000000108e-01 4.938693467337e-05 2.440996441594e-01 4.938693467337e-05 3.465000000000e-01
5.121608040201e-05 2.592000000001e-01 5.121608040201e-05 1.503000000144e-01 5.121608040201e-05 2.440995848178e-01 5.121608040201e-05 3.465000000000e-01
5.304522613065e-05 2.592000000001e-01 5.304522613065e-05 1.503000000193e-01 5.304522613065e-05 2.440995155799e-01 5.304522613065e-05 3.465000000000e-01
5.487437185930e-05 2.592000000002e-01 5.487437185930e-05 1.503000000258e-01 5.487437185930e-05 2.440994347956e-01 5.487437185930e-05 3.465000000000e-01
5.670351758794e-05 2.592000000002e-01 5.670351758794e-05 1.503000000345e-01 5.670351758794e-05 2.440993405391e-01 5.670351758794e-05 3.465000000000e-01
5.853266331658e-05 2.592000000004e-01 5.853266331658e-05 1.503000000462e-01 5.853266331658e-05 2.440992305638e-01 5.853266331658e-05 3.465000000000e-01
6.036180904523e-05 2.592000000005e-01 6.036180904523e-05 1.503000000619e-01 6.036180904523e-05 2.440991022482e-01 6.036180904523e-05 3.465000000000e-01
6.219095477387e-05 2.592000000007e-01 6.219095477387e-05 1.503000000828e-01 6.219095477387e-05 2.440989525337e-01 6.219095477387e-05 3.465000000000e-01
6.402010050251e-05 2.592000000010e-01 6.402010050251e-05 1.503000001109e-01 6.402010050251e-05 2.440987778517e-01 6.402010050251e-05 3.465000000000e-01
6.584924623116e-05 2.592000000015e-01 6.584924623116e-05 1.503000001487e-01 6.584924623116e-05 2.440985740382e-01 6.584924623116e-05 3.465000000000e-01
6.767839195980e-05 2.592000000022e-01 6.767839195980e-05 1.503000001993e-01 6.767839195980e-05 2.440983362350e-01 6.767839195980e-05 3.465000000000e-01
6.950753768844e-05 2.592000000031e-01 6.950753768844e-05 1.503000002672e-01 6.950753768844e-05 2.440980587735e-01 6.950753768844e-05 3.465000000000e-01
7.133668341709e-05 2.592000000044e-01 7.133668341709e-05 1.503000003585e-01 7.133668341709e-05 2.440977350399e-01 7.133668341709e-05 3.465000000000e-01
7.316582914573e-05 2.592000000064e-01 7.316582914573e-05 1.503000004811e-01 7.316582914573e-05 2.440973573171e-01 7.316582914573e-05 3.465000000000e-01
7.499497487437e-05 2.592000000092e-01 7.499497487437e-05 1.503000006458e-01 7.499497487437e-05 2.440969166012e-01 7.499497487437e-05 3.465000000000e-01
7.682412060302e-05 2.592000000131e-01 7.682412060302e-05 1.503000008672e-01 7.682412060302e-05 2.440964023865e-01 7.682412060302e-05 3.465000000000e-01
7.865326633166e-05 2.592000000188e-01 7.865326633166e-05 1.503000011650e-01 7.865326633166e-05 2.440958024152e-01 7.865326633166e-05 3.465000000000e-01
8.048241206030e-05 2.592000000270e-01 8.048241206030e-05 1.503000015657e-01 8.048241206030e-05 2.440951023855e-01 8.048241206030e-05 3.465000000000e-01
8.231155778894e-05 2.592000000388e-01 8.231155778894e-05 1.503000021049e-01 8.231155778894e-05 2.440942856099e-01 8.231155778894e-05 3.465000000000e-01
8.414070351759e-05 2.592000000556e-01 8.414070351759e-05 1.503000028308e-01 8.414070351759e-05 2.440933326182e-01 8.414070351759e-05 3.464999999999e-01
8.596984924623e-05 2.592000000798e-01 8.596984924623e-05 1.503000038084e-01 8.596984924623e-05 2.440922206930e-01 8.596984924623e-05 3.464999999999e-01
8.779899497487e-05 2.592000001146e-01 8.779899497487e-05 1.503000051256e-01 8.779899497487e-05 2.440909233286e-01 8.779899497487e-05 3.464999999998e-01
8.962814070352e-05 2.592000001644e-01 8.962814070352e-05 1.503000069008e-01 8.962814070352e-05 2.440894095989e-01 8.962814070352e-05 3.464999999997e-01
9.145728643216e-05 2.592000002359e-01 9.145728643216e-05 1.503000092943e-01 9.145728643216e-05 2.440876434208e-01 9.145728643216e-05 3.464999999995e-01
9.328643216080e-05 2.592000003385e-01 9.328643216080e-05 1.503000125224e-01 9.328643216080e-05 2.440855826946e-01 9.328643216080e-05 3.464999999992e-01
9.511557788945e-05 2.592000004857e-01 9.511557788945e-05 1.503000168780e-01 9.511557788945e-05 2.440831783007e-01 9.511557788945e-05 3.464999999986e-01
9.694472361809e-05 2.592000006970e-01 9.694472361809e-05 1.503000227567e-01 9.694472361809e-05 2.440803729308e-01 9.694472361809e-05 3.464999999978e-01
9.877386934673e-05 2.592000010002e-01 9.877386934673e-05 1.503000306940e-01 9.877386934673e-05 2.440770997225e-01 9.877386934673e-05 3.464999999964e-01
1.006030150754e-04 2.592000014354e-01 1.006030150754e-04 1.503000414147e-01 1.006030150754e-04 2.440732806692e-01 1.006030150754e-04 3.464999999942e-01
1.024321608040e-04 2.592000020599e-01 1.024321608040e-04 1.503000558997e-01 1.024321608040e-04 2.440688247639e-01 1.024321608040e-04 3.464999999906e-01
1.042613065327e-04 2.592000029562e-01 1.042613065327e-04 1.503000754775e-01 1.042613065327e-04 2.440636258365e-01 1.042613065327e-04 3.464999999846e-01
1.060904522613e-04 2.592000042427e-01 1.060904522613e-04 1.503001019478e-01 1.060904522613e-04 2.440575600314e-01 1.060904522613e-04 3.464999999750e-01
1.079195979899e-04 2.592000060893e-01 1.079195979899e-04 1.503001377493e-01 1.079195979899e-04 2.440504828678e-01 1.079195979899e-04 3.464999999594e-01
1.097487437186e-04 2.592000087398e-01 1.097487437186e-04 1.503001861874e-01 1.097487437186e-04 2.440422258149e-01 1.097487437186e-04 3.464999999340e-01
1.115778894472e-04 2.592000125444e-01 1.115778894472e-04 1.503002517440e-01 1.115778894472e-04 2.440325923009e-01 1.115778894472e-04 3.464999998928e-01
1.134070351759e-04 2.592000180059e-01 1.134070351759e-04 1.503003404979e-01 1.134070351759e-04 2.440213530662e-01 1.134070351759e-04 3.464999998257e-01
1.152361809045e-04 2.592000258463e-01 1.152361809045e-04 1.503004606961e-01 1.152361809045e-04 2.440082407531e-01 1.152361809045e-04 3.464999997167e-01
1.170653266332e-04 2.592000371022e-01 1.170653266332e-04 1.503006235305e-01 1.170653266332e-04 2.439929436113e-01 1.170653266332e-04 3.464999995395e-01
1.188944723618e-04 2.592000532626e-01 1.188944723618e-04 1.503008441936e-01 1.188944723618e-04 2.439750981773e-01 1.188944723618e-04 3.464999992514e-01
1.207236180905e-04 2.592000764655e-01 1.207236180905e-04 1.503011433143e-01 1.207236180905e-04 2.439542807669e-01 1.207236180905e-04 3.464999987831e-01
1.225527638191e-04 2.592001097823e-01 1.225527638191e-04 1.503015489106e-01 1.225527638191e-04 2.439299975954e-01 1.225527638191e-04 3.464999980220e-01
1.243819095477e-04 2.592001576245e-01 1.243819095477e-04 1.503020990465e-01 1.243819095477e-04 2.439016733152e-01 1.243819095477e-04 3.464999967847e-01
1.262110552764e-04 2.592002263299e-01 1.262110552764e-04 1.503028454464e-01 1.262110552764e-04 2.438686377307e-01 1.262110552764e-04 3.464999947734e-01
1.280402010050e-04 2.592003250036e-01 1.280402010050e-04 1.503038584150e-01 1.280402010050e-04 2.438301104204e-01 1.280402010050e-04 3.464999915040e-01
1.298693467337e-04 2.592004667291e-01 1.298693467337e-04 1.503052335328e-01 1.298693467337e-04 2.437851829617e-01 1.298693467337e-04 3.464999861894e-01
1.316984924623e-04 2.592006703071e-01 1.316984924623e-04 1.503071007711e-01 1.316984924623e-04 2.437327984192e-01 1.316984924623e-04 3.464999775503e-01
1.335276381910e-04 2.592009627580e-01 1.335276381910e-04 1.503096369004e-01 1.335276381910e-04 2.436717277202e-01 1.335276381910e-04 3.464999635068e-01
1.353567839196e-04 2.592013829200e-01 1.353567839196e-04 1.503130823816e-01 1.353567839196e-04 2.436005425045e-01 1.353567839196e-04 3.464999406784e-01
1.371859296482e-04 2.592019866241e-01 1.371859296482e-04 1.503177643604e-01 1.371859296482e-04 2.435175840001e-01 1.371859296482e-04 3.464999035690e-01
1.390150753769e-04 2.592028541398e-01 1.390150753769e-04 1.503241279595e-01 1.390150753769e-04 2.434209274404e-01 1.390150753769e-04 3.464998432450e-01
1.408442211055e-04 2.592041008859e-01 1.408442211055e-04 1.503327788534e-01 1.408442211055e-04 2.433083415092e-01 1.408442211055e-04 3.464997451833e-01
1.426733668342e-04 2.592058928428e-01 1.426733668342e-04 1.503445411577e-01 1.426733668342e-04 2.431772422703e-01 1.426733668342e-04 3.464995857757e-01
1.445025125628e-04 2.592084687268e-01 1.445025125628e-04 1.503605360785e-01 1.445025125628e-04 2.430246410123e-01 1.445025125628e-04 3.464993266445e-01
1.463316582915e-04 2.592121718953e-01 1.463316582915e-04 1.503822886351e-01 1.463316582915e-04 2.428470854095e-01 1.463316582915e-04 3.464989054041e-01
1.481608040201e-04 2.592174962421e-01 1.481608040201e-04 1.504118722221e-01 1.481608040201e-04 2.426405933603e-01 1.481608040201e-04 3.464982206428e-01
1.499899497487e-04 2.592251521975e-01 1.499899497487e-04 1.504521039374e-01 1.499899497487e-04 2.424005787907e-01 1.499899497487e-04 3.464971075147e-01
1.518190954774e-04 2.592361615811e-01 1.518190954774e-04 1.505068075675e-01 1.518190954774e-04 2.421217685858e-01 1.518190954774e-04 3.464952980726e-01
1.536482412060e-04 2.592519937925e-01 1.536482412060e-04 1.505811658999e-01 1.536482412060e-04 2.417981095825e-01 1.536482412060e-04 3.464923568176e-01
1.554773869347e-04 2.592747610589e-01 1.554773869347e-04 1.506821893719e-01 1.554773869347e-04 2.414226641729e-01 1.554773869347e-04 3.464875760162e-01
1.573065326633e-04 2.593074977136e-01 1.573065326633e-04 1.508193332401e-01 1.573065326633e-04 2.409874924612e-01 1.573065326633e-04 3.464798057635e-01
1.591356783920e-04 2.593545583082e-01 1.591356783920e-04 1.510052987033e-01 1.591356783920e-04 2.404835180360e-01 1.591356783920e-04 3.464671783663e-01
1.609648241206e-04 2.594221822544e-01 1.609648241206e-04 1.512570512102e-01 1.609648241206e-04 2.399003732683e-01 1.609648241206e-04 3.464466619836e-01
1.627939698492e-04 2.595192886736e-01 1.627939698492e-04 1.515970748660e-01 1.627939698492e-04 2.392262188024e-01 1.627939698492e-04 3.464133394806e-01
1.646231155779e-04 2.596585829559e-01 1.646231155779e-04 1.520548439879e-01 1.646231155779e-04 2.384475310918e-01 1.646231155779e-04 3.463592479058e-01
1.664522613065e-04 2.598580719631e-01 1.664522613065e-04 1.526684134977e-01 1.664522613065e-04 2.375488526477e-01 1.664522613065e-04 3.462715228843e-01
1.682814070352e-04 2.601430874400e-01 1.682814070352e-04 1.534858847609e-01 1.682814070352e-04 2.365125044624e-01 1.682814070352e-04 3.461294630416e-01
1.701105527638e-04 2.605488849771e-01 1.701105527638e-04 1.545662688052e-01 1.701105527638e-04 2.353182729729e-01 1.701105527638e-04 3.458999677654e-01
1.719396984925e-04 2.611237774607e-01 1.719396984925e-04 1.559789428917e-01 1.719396984925e-04 2.339431114007e-01 1.719396984925e-04 3.455306584220e-01
1.737688442211e-04 2.619325103010e-01 1.737688442211e-04 1.578005482169e-01 1.737688442211e-04 2.323609460857e-01 1.737688442211e-04 3.449400464883e-01
1.755979899497e-04 2.630591060193e-01 1.755979899497e-04 1.601080217105e-01 1.755979899497e-04 2.305427615222e-01 1.755979899497e-04 3.440048348044e-01
1.774271356784e-04 2.646076509971e-01 1.774271356784e-04 1.629669115732e-01 1.774271356784e-04 2.284572561740e-01 1.774271356784e-04 3.425468472297e-01
1.792562814070e-04 2.666986163152e-01 1.792562814070e-04 1.664157046757e-01 1.792562814070e-04 2.260724981370e-01 1.792562814070e-04 3.403277447705e-01
1.810854271357e-04 2.694579230064e-01 1.810854271357e-04 1.704497096918e-01 1.810854271357e-04 2.233591070969e-01 1.810854271357e-04 3.370691385410e-01
1.829145728643e-04 2.729973617007e-01 1.829145728643e-04 1.750109959516e-01 1.829145728643e-04 2.202954247881e-01 1.829145728643e-04 3.325225945642e-01
1.847437185930e-04 2.773894148500e-01 1.847437185930e-04 1.799913819304e-01 1.847437185930e-04 2.168747313016e-01 1.847437185930e-04 3.265965077179e-01
1.865728643216e-04 2.826458088078e-01 1.865728643216e-04 1.852510422093e-01 1.865728643216e-04 2.131136723199e-01 1.865728643216e-04 3.194802818344e-01
1.884020100503e-04 2.887109323105e-01 1.884020100503e-04 1.906469726969e-01 1.884020100503e-04 2.090597779151e-01 1.884020100503e-04 3.116324686346e-01
1.902311557789e-04 2.954707528652e-01 1.902311557789e-04 1.960589482730e-01 1.902311557789e-04 2.047948533422e-01 1.902311557789e-04 3.035603658682e-01
1.920603015075e-04 3.027594210381e-01 1.920603015075e-04 2.014015109303e-01 1.920603015075e-04 2.004311149509e-01 1.920603015075e-04 2.955400542550e-01
1.938894472362e-04 3.103437352074e-01 1.938894472362e-04 2.066187702575e-01 1.938894472362e-04 1.960989960597e-01 1.938894472362e-04 2.875352877952e-01
1.957185929648e-04 3.178986633312e-01 1.957185929648e-04 2.116682252302e-01 1.957185929648e-04 1.919290549270e-01 1.957185929648e-04 2.793957926147e-01
1.975477386935e-04 3.250247296685e-01 1.975477386935e-04 2.165043031628e-01 1.975477386935e-04 1.880333806609e-01 1.975477386935e-04 2.711652690849e-01
1.993768844221e-04 3.313372135928e-01 1.993768844221e-04 2.210703286052e-01 1.993768844221e-04 1.844922231973e-01 1.993768844221e-04 2.632316510440e-01
2.012060301508e-04 3.365807818191e-01 2.012060301508e-04 2.253017119983e-01 2.012060301508e-04 1.813490093529e-01 2.012060301508e-04 2.561722098460e-01
2.030351758794e-04 3.406876778378e-01 2.030351758794e-04 2.291371178695e-01 2.030351758794e-04 1.786132763757e-01 2.030351758794e-04 2.504339997629e-01
2.048643216080e-04 3.437509046487e-01 2.048643216080e-04 2.325312238195e-01 2.048643216080e-04 1.762685573238e-01 2.048643216080e-04 2.461410066543e-01
2.066934673367e-04 3.459513601683e-01 2.066934673367e-04 2.354633442484e-01 2.066934673367e-04 1.742817646226e-01 2.066934673367e-04 2.431354589235e-01
2.085226130653e-04 3.474895158130e-01 2.085226130653e-04 2.379393699692e-01 2.085226130653e-04 1.726115704457e-01 2.085226130653e-04 2.411305934843e-01
2.103517587940e-04 3.485445851367e-01 2.103517587940e-04 2.399878266252e-01 2.103517587940e-04 1.712146304843e-01 2.103517587940e-04 2.398367267404e-01
2.121809045226e-04 3.492592193655e-01 2.121809045226e-04 2.416526952301e-01 2.121809045226e-04 1.700495362013e-01 2.121809045226e-04 2.390196012961e-01
2.140100502513e-04 3.497393443587e-01 2.140100502513e-04 2.429857226807e-01 2.140100502513e-04 1.690789168563e-01 2.140100502513e-04 2.385106274615e-01
2.158391959799e-04 3.500602925518e-01 2.158391959799e-04 2.440400187697e-01 2.158391959799e-04 1.682702572567e-01 2.158391959799e-04 2.381963225659e-01
2.176683417085e-04 3.502742035920e-01 2.176683417085e-04 2.448656451620e-01 2.176683417085e-04 1.675959331931e-01 2.176683417085e-04 2.380032658089e-01
2.194974874372e-04 3.504165528901e-01 2.194974874372e-04 2.455071292417e-01 2.194974874372e-04 1.670328326742e-01 2.194974874372e-04 2.378850727692e-01
2.213266331658e-04 3.505112210546e-01 2.213266331658e-04 2.460024691641e-01 2.213266331658e-04 1.665618010291e-01 2.213266331658e-04 2.378128580196e-01
2.231557788945e-04 3.505741783762e-01 2.231557788945e-04 2.463831243146e-01 2.231557788945e-04 1.661670483973e-01 2.231557788945e-04 2.377687895705e-01
2.249849246231e-04 3.506160635205e-01 2.249849246231e-04 2.466745627300e-01 2.249849246231e-04 1.658355914110e-01 2.249849246231e-04 2.377419171898e-01
2.268140703518e-04 3.506439481220e-01 2.268140703518e-04 2.468970595460e-01 2.268140703518e-04 1.655567602489e-01 2.268140703518e-04 2.377255381472e-01
2.286432160804e-04 3.506625278855e-01 2.286432160804e-04 2.470665541285e-01 2.286432160804e-04 1.653217795381e-01 2.286432160804e-04 2.377155576396e-01
2.304723618090e-04 3.506749199172e-01 2.304723618090e-04 2.471954592476e-01 2.304723618090e-04 1.651234200798e-01 2.304723618090e-04 2.377094770476e-01
2.323015075377e-04 3.506831938098e-01 2.323015075377e-04 2.472933726452e-01 2.323015075377e-04 1.649557133899e-01 2.323015075377e-04 2.377057728247e-01
2.341306532663e-04 3.506887243726e-01 2.341306532663e-04 2.473676756335e-01 2.341306532663e-04 1.648137195749e-01 2.341306532663e-04 2.377035163841e-01
2.359597989950e-04 3.506924255519e-01 2.359597989950e-04 2.474240219613e-01 2.359597989950e-04 1.646933393431e-01 2.359597989950e-04 2.377021419085e-01
2.377889447236e-04 3.506949054622e-01 2.377889447236e-04 2.474667289245e-01 2.377889447236e-04 1.645911619743e-01 2.377889447236e-04 2.377013046821e-01
2.396180904523e-04 3.506965691295e-01 2.396180904523e-04 2.474990857033e-01 2.396180904523e-04 1.645043423259e-01 2.396180904523e-04 2.377007947110e-01
2.414472361809e-04 3.506976866053e-01 2.414472361809e-04 2.475235938669e-01 2.414472361809e-04 1.644305011714e-01 2.414472361809e-04 2.377004840780e-01
2.432763819095e-04 3.506984381500e-01 2.432763819095e-04 2.475421535066e-01 2.432763819095e-04 1.643676442531e-01 2.432763819095e-04 2.377002948653e-01
2.451055276382e-04 3.506989442289e-01 2.451055276382e-04 2.475562064589e-01 2.451055276382e-04 1.643140963473e-01 2.451055276382e-04 2.377001796117e-01
2.469346733668e-04 3.506992854441e-01 2.469346733668e-04 2.475668460380e-01 2.469346733668e-04 1.642684473860e-01 2.469346733668e-04 2.377001094078e-01
2.487638190955e-04 3.506995157915e-01 2.487638190955e-04 2.475749008401e-01 2.487638190955e-04 1.642295082871e-01 2.487638190955e-04 2.377000666446e-01
2.505929648241e-04 3.506996714883e-01 2.505929648241e-04 2.475809985937e-01 2.505929648241e-04 1.641962746216e-01 2.505929648241e-04 2.377000405961e-01
2.524221105528e-04 3.506997768573e-01 2.524221105528e-04 2.475856147194e-01 2.524221105528e-04 1.641678966304e-01 2.524221105528e-04 2.377000247291e-01
2.542512562814e-04 3.506998482536e-01 2.542512562814e-04 2.475891092129e-01 2.542512562814e-04 1.641436544030e-01 2.542512562814e-04 2.377000150638e-01
2.560804020101e-04 3.506998966889e-01 2.560804020101e-04 2.475917546298e-01 2.560804020101e-04 1.641229372654e-01 2.560804020101e-04 2.377000091762e-01
2.579095477387e-04 3.506999295863e-01 2.579095477387e-04 2.475937573052e-01 2.579095477387e-04 1.641052266168e-01 2.579095477387e-04 2.377000055898e-01
2.597386934673e-04 3.506999519563e-01 2.597386934673e-04 2.475952734331e-01 2.597386934673e-04 1.640900815968e-01 2.597386934673e-04 2.377000034051e-01
2.615678391960e-04 3.506999671851e-01 2.615678391960e-04 2.475964212472e-01 2.615678391960e-04 1.640771270893e-01 2.615678391960e-04 2.377000020743e-01
2.633969849246e-04 3.506999775639e-01 2.633969849246e-04 2.475972902454e-01 2.633969849246e-04 1.640660436564e-01 2.633969849246e-04 2.377000012636e-01
2.652261306533e-04 3.506999846449e-01 2.652261306533e-04 2.475979481734e-01 2.652261306533e-04 1.640565590750e-01 2.652261306533e-04 2.377000007698e-01
2.670552763819e-04 3.506999894811e-01 2.670552763819e-04 2.475984463125e-01 2.670552763819e-04 1.640484412066e-01 2.670552763819e-04 2.377000004689e-01
2.688844221106e-04 3.506999927874e-01 2.688844221106e-04 2.475988234813e-01 2.688844221106e-04 1.640414919803e-01 2.688844221106e-04 2.377000002857e-01
2.707135678392e-04 3.506999950502e-01 2.707135678392e-04 2.475991090651e-01 2.707135678392e-04 1.640355423050e-01 2.707135678392e-04 2.377000001740e-01
2.725427135678e-04 3.506999966001e-01 2.725427135678e-04 2.475993253093e-01 2.725427135678e-04 1.640304477636e-01 2.725427135678e-04 2.377000001060e-01
2.743718592965e-04 3.506999976629e-01 2.743718592965e-04 2.475994890541e-01 2.743718592965e-04 1.640260849621e-01 2.743718592965e-04 2.377000000646e-01
2.762010050251e-04 3.506999983921e-01 2.762010050251e-04 2.475996130489e-01 2.762010050251e-04 1.640223484309e-01 2.762010050251e-04 2.377000000393e-01
2.780301507538e-04 3.506999988930e-01 2.780301507538e-04 2.475997069458e-01 2.780301507538e-04 1.640191479923e-01 2.780301507538e-04 2.377000000240e-01
2.798592964824e-04 3.506999992373e-01 2.798592964824e-04 2.475997780525e-01 2.798592964824e-04 1.640164065214e-01 2.798592964824e-04 2.377000000146e-01
2.816884422111e-04 3.506999994742e-01 2.816884422111e-04 2.475998319020e-01 2.816884422111e-04 1.640140580404e-01 2.816884422111e-04 2.377000000089e-01
2.835175879397e-04 3.506999996373e-01 2.835175879397e-04 2.475998726835e-01 2.835175879397e-04 1.640120460947e-01 2.835175879397e-04 2.377000000054e-01
2.853467336683e-04 3.506999997496e-01 2.853467336683e-04 2.475999035691e-01 2.853467336683e-04 1.640103223689e-01 2.853467336683e-04 2.377000000033e-01
2.871758793970e-04 3.506999998270e-01 2.871758793970e-04 2.475999269607e-01 2.871758793970e-04 1.640088455063e-01 2.871758793970e-04 2.377000000020e-01
2.890050251256e-04 3.506999998805e-01 2.890050251256e-04 2.475999446770e-01 2.890050251256e-04 1.640075801011e-01 2.890050251256e-04 2.377000000012e-01
2.908341708543e-04 3.506999999174e-01 2.908341708543e-04 2.475999580952e-01 2.908341708543e-04 1.640064958383e-01 2.908341708543e-04 2.377000000007e-01
2.926633165829e-04 3.506999999428e-01 2.926633165829e-04 2.475999682584e-01 2.926633165829e-04 1.640055667581e-01 2.926633165829e-04 2.377000000005e-01
2.944924623116e-04 3.506999999604e-01 2.944924623116e-04 2.475999759562e-01 2.944924623116e-04 1.640047706285e-01 2.944924623116e-04 2.377000000003e-01
2.963216080402e-04 3.506999999726e-01 2.963216080402e-04 2.475999817869e-01 2.963216080402e-04 1.640040884078e-01 2.963216080402e-04 2.377000000002e-01
2.981507537688e-04 3.506999999810e-01 2.981507537688e-04 2.475999862034e-01 2.981507537688e-04 1.640035037857e-01 2.981507537688e-04 2.377000000001e-01
2.999798994975e-04 3.506999999868e-01 2.999798994975e-04 2.475999895488e-01 2.999798994975e-04 1.640030027903e-01 2.999798994975e-04 2.377000000001e-01
3.018090452261e-04 3.506999999909e-01 3.018090452261e-04 2.475999920828e-01 3.018090452261e-04 1.640025734522e-01 3.018090452261e-04 2.377000000000e-01
3.036381909548e-04 3.506999999937e-01 3.036381909548e-04 2.475999940024e-01 3.036381909548e-04 1.640022055170e-01 3.036381909548e-04 2.377000000000e-01
3.054673366834e-04 3.506999999956e-01 3.054673366834e-04 2.475999954565e-01 3.054673366834e-04 1.640018901989e-01 3.054673366834e-04 2.377000000000e-01
3.072964824121e-04 3.506999999970e-01 3.072964824121e-04 2.475999965580e-01 3.072964824121e-04 1.640016199704e-01 3.072964824121e-04 2.377000000000e-01
3.091256281407e-04 3.506999999979e-01 3.091256281407e-04 2.475999973924e-01 3.091256281407e-04 1.640013883814e-01 3.091256281407e-04 2.377000000000e-01
3.109547738693e-04 3.506999999985e-01 3.109547738693e-04 2.475999980245e-01 3.109547738693e-04 1.640011899054e-01 3.109547738693e-04 2.377000000000e-01
3.127839195980e-04 3.506999999990e-01 3.127839195980e-04 2.475999985034e-01 3.127839195980e-04 1.640010198064e-01 3.127839195980e-04 2.377000000000e-01
3.146130653266e-04 3.506999999993e-01 3.146130653266e-04 2.475999988662e-01 3.146130653266e-04 1.640008740262e-01 3.146130653266e-04 2.377000000000e-01
3.164422110553e-04 3.506999999995e-01 3.164422110553e-04 2.475999991410e-01 3.164422110553e-04 1.640007490874e-01 3.164422110553e-04 2.377000000000e-01
3.182713567839e-04 3.506999999997e-01 3.182713567839e-04 2.475999993492e-01 3.182713567839e-04 1.640006420098e-01 3.182713567839e-04 2.377000000000e-01
3.201005025126e-04 3.506999999998e-01 3.201005025126e-04 2.475999995069e-01 3.201005025126e-04 1.640005502396e-01 3.201005025126e-04 2.377000000000e-01
3.219296482412e-04 3.506999999998e-01 3.219296482412e-04 2.475999996264e-01 3.219296482412e-04 1.640004715881e-01 3.219296482412e-04 2.377000000000e-01
3.237587939698e-04 3.506999999999e-01 3.237587939698e-04 2.475999997170e-01 3.237587939698e-04 1.640004041799e-01 3.237587939698e-04 2.377000000000e-01
3.255879396985e-04 3.506999999999e-01 3.255879396985e-04 2.475999997856e-01 3.255879396985e-04 1.640003464074e-01 3.255879396985e-04 2.377000000000e-01
3.274170854271e-04 3.506999999999e-01 3.274170854271e-04 2.475999998375e-01 3.274170854271e-04 1.640002968931e-01 3.274170854271e-04 2.377000000000e-01
3.292462311558e-04 3.507000000000e-01 3.292462311558e-04 2.475999998769e-01 3.292462311558e-04 1.640002544566e-01 3.292462311558e-04 2.377000000000e-01
3.310753768844e-04 3.507000000000e-01 3.310753768844e-04 2.475999999067e-01 3.310753768844e-04 1.640002180860e-01 3.310753768844e-04 2.377000000000e-01
3.329045226131e-04 3.507000000000e-01 3.329045226131e-04 2.475999999293e-01 3.329045226131e-04 1.640001869141e-01 3.329045226131e-04 2.377000000000e-01
3.347336683417e-04 3.507000000000e-01 3.347336683417e-04 2.475999999465e-01 3.347336683417e-04 1.640001601979e-01 3.347336683417e-04 2.377000000000e-01
3.365628140704e-04 3.507000000000e-01 3.365628140704e-04 2.475999999594e-01 3.365628140704e-04 1.640001373004e-01 3.365628140704e-04 2.377000000000e-01
3.383919597990e-04 3.507000000000e-01 3.383919597990e-04 2.475999999693e-01 3.383919597990e-04 1.640001176758e-01 3.383919597990e-04 2.377000000000e-01
3.402211055276e-04 3.507000000000e-01 3.402211055276e-04 2.475999999767e-01 3.402211055276e-04 1.640001008562e-01 3.402211055276e-04 2.377000000000e-01
3.420502512563e-04 3.507000000000e-01 3.420502512563e-04 2.475999999824e-01 3.420502512563e-04 1.640000864408e-01 3.420502512563e-04 2.377000000000e-01
3.438793969849e-04 3.507000000000e-01 3.438793969849e-04 2.475999999866e-01 3.438793969849e-04 1.640000740857e-01 3.438793969849e-04 2.377000000000e-01
3.457085427136e-04 3.507000000000e-01 3.457085427136e-04 2.475999999899e-01 3.457085427136e-04 1.640000634966e-01 3.457085427136e-04 2.377000000000e-01
3.475376884422e-04 3.507000000000e-01 3.475376884422e-04 2.475999999923e-01 3.475376884422e-04 1.640000544210e-01 3.475376884422e-04 2.377000000000e-01
3.493668341709e-04 3.507000000000e-01 3.493668341709e-04 2.475999999942e-01 3.493668341709e-04 1.640000466426e-01 3.493668341709e-04 2.377000000000e-01
3.511959798995e-04 3.507000000000e-01 3.511959798995e-04 2.475999999956e-01 3.511959798995e-04 1.640000399760e-01 3.511959798995e-04 2.377000000000e-01
3.530251256281e-04 3.507000000000e-01 3.530251256281e-04 2.475999999967e-01 3.530251256281e-04 1.640000342623e-01 3.530251256281e-04 2.377000000000e-01
3.548542713568e-04 3.507000000000e-01 3.548542713568e-04 2.475999999975e-01 3.548542713568e-04 1.640000293652e-01 3.548542713568e-04 2.377000000000e-01
3.566834170854e-04 3.507000000000e-01 3.566834170854e-04 2.475999999981e-01 3.566834170854e-04 1.640000251680e-01 3.566834170854e-04 2.377000000000e-01
3.585125628141e-04 3.507000000000e-01 3.585125628141e-04 2.475999999985e-01 3.585125628141e-04 1.640000215708e-01 3.585125628141e-04 2.377000000000e-01
3.603417085427e-04 3.507000000000e-01 3.603417085427e-04 2.475999999989e-01 3.603417085427e-04 1.640000184877e-01 3.603417085427e-04 2.377000000000e-01
3.621708542714e-04 3.507000000000e-01 3.621708542714e-04 2.475999999992e-01 3.621708542714e-04 1.640000158453e-01 3.621708542714e-04 2.377000000000e-01
3.640000000000e-04 3.507000000000e-01 3.640000000000e-04 2.475999999994e-01 3.640000000000e-04 1.640000135805e-01 3.640000000000e-04 2.377000000000e-01
