0.000000000000e+00 1.968500000000e-01 0.000000000000e+00 3.132000000000e-01 0.000000000000e+00 1.869000000080e-01 0.000000000000e+00 3.018500000000e-01
1.623115577889e-06 1.968500000000e-01 1.623115577889e-06 3.132000000000e-01 1.623115577889e-06 1.869000000100e-01 1.623115577889e-06 3.018500000000e-01
3.246231155779e-06 1.968500000000e-01 3.246231155779e-06 3.132000000000e-01 3.246231155779e-06 1.869000000126e-01 3.246231155779e-06 3.018500000000e-01
4.869346733668e-06 1.968500000000e-01 4.869346733668e-06 3.132000000000e-01 4.869346733668e-06 1.869000000158e-01 4.869346733668e-06 3.018500000000e-01
6.492462311558e-06 1.968500000000e-01 6.492462311558e-06 3.132000000000e-01 6.492462311558e-06 1.869000000198e-01 6.492462311558e-06 3.018500000000e-01
8.115577889447e-06 1.968500000000e-01 8.115577889447e-06 3.132000000000e-01 8.115577889447e-06 1.869000000248e-01 8.115577889447e-06 3.018500000000e-01
9.738693467337e-06 1.968500000000e-01 9.738693467337e-06 3.132000000000e-01 9.738693467337e-06 1.869000000311e-01 9.738693467337e-06 3.018500000000e-01
1.136180904523e-05 1.968500000000e-01 1.136180904523e-05 3.132000000000e-01 1.136180904523e-05 1.869000000390e-01 1.136180904523e-05 3.018500000000e-01
1.298492462312e-05 1.968500000000e-01 1.298492462312e-05 3.131999999999e-01 1.298492462312e-05 1.869000000488e-01 1.298492462312e-05 3.018500000000e-01
1.460804020101e-05 1.968500000000e-01 1.460804020101e-05 3.131999999999e-01 1.460804020101e-05 1.869000000612e-01 1.460804020101e-05 3.018500000000e-01
1.623115577889e-05 1.968500000000e-01 1.623115577889e-05 3.131999999999e-01 1.623115577889e-05 1.869000000768e-01 1.623115577889e-05 3.018500000000e-01
1.785427135678e-05 1.968500000000e-01 1.785427135678e-05 3.131999999999e-01 1.785427135678e-05 1.869000000963e-01 1.785427135678e-05 3.018500000000e-01
1.947738693467e-05 1.968500000000e-01 1.947738693467e-05 3.131999999998e-01 1.947738693467e-05 1.869000001207e-01 1.947738693467e-05 3.018500000000e-01
2.110050251256e-05 1.968500000000e-01 2.110050251256e-05 3.131999999997e-01 2.110050251256e-05 1.869000001513e-01 2.110050251256e-05 3.018500000000e-01
2.272361809045e-05 1.968500000000e-01 2.272361809045e-05 3.131999999996e-01 2.272361809045e-05 1.869000001897e-01 2.272361809045e-05 3.018500000000e-01
2.434673366834e-05 1.968500000000e-01 2.434673366834e-05 3.131999999995e-01 2.434673366834e-05 1.869000002379e-01 2.434673366834e-05 3.018500000000e-01
2.596984924623e-05 1.968500000000e-01 2.596984924623e-05 3.131999999993e-01 2.596984924623e-05 1.869000002982e-01 2.596984924623e-05 3.018500000000e-01
2.759296482412e-05 1.968500000000e-01 2.759296482412e-05 3.131999999991e-01 2.759296482412e-05 1.869000003739e-01 2.759296482412e-05 3.018500000000e-01
2.921608040201e-05 1.968500000000e-01 2.921608040201e-05 3.131999999987e-01 2.921608040201e-05 1.869000004688e-01 2.921608040201e-05 3.018500000000e-01
3.083919597990e-05 1.968500000000e-01 3.083919597990e-05 3.131999999983e-01 3.083919597990e-05 1.869000005878e-01 3.083919597990e-05 3.018500000000e-01
3.246231155779e-05 1.968500000000e-01 3.246231155779e-05 3.131999999977e-01 3.246231155779e-05 1.869000007369e-01 3.246231155779e-05 3.018500000000e-01
3.408542713568e-05 1.968500000000e-01 3.408542713568e-05 3.131999999968e-01 3.408542713568e-05 1.869000009239e-01 3.408542713568e-05 3.018500000000e-01
3.570854271357e-05 1.968500000000e-01 3.570854271357e-05 3.131999999956e-01 3.570854271357e-05 1.869000011584e-01 3.570854271357e-05 3.018500000000e-01
3.733165829146e-05 1.968500000000e-01 3.733165829146e-05 3.131999999941e-01 3.733165829146e-05 1.869000014524e-01 3.733165829146e-05 3.018500000000e-01
3.895477386935e-05 1.968500000000e-01 3.895477386935e-05 3.131999999919e-01 3.895477386935e-05 1.869000018209e-01 3.895477386935e-05 3.018500000000e-01
4.057788944724e-05 1.968500000000e-01 4.057788944724e-05 3.131999999890e-01 4.057788944724e-05 1.869000022830e-01 4.057788944724e-05 3.018500000000e-01
4.220100502513e-05 1.968500000000e-01 4.220100502513e-05 3.131999999849e-01 4.220100502513e-05 1.869000028623e-01 4.220100502513e-05 3.018500000000e-01
4.382412060302e-05 1.968500000000e-01 4.382412060302e-05 3.131999999795e-01 4.382412060302e-05 1.869000035887e-01 4.382412060302e-05 3.018500000000e-01
4.544723618090e-05 1.968500000000e-01 4.544723618090e-05 3.131999999720e-01 4.544723618090e-05 1.869000044993e-01 4.544723618090e-05 3.018500000000e-01
4.707035175879e-05 1.968500000000e-01 4.707035175879e-05 3.131999999618e-01 4.707035175879e-05 1.869000056411e-01 4.707035175879e-05 3.018500000000e-01
4.869346733668e-05 1.968500000000e-01 4.869346733668e-05 3.131999999478e-01 4.869346733668e-05 1.869000070727e-01 4.869346733668e-05 3.018500000000e-01
5.031658291457e-05 1.968500000000e-01 5.031658291457e-05 3.131999999289e-01 5.031658291457e-05 1.869000088675e-01 5.031658291457e-05 3.018500000000e-01
5.193969849246e-05 1.968500000000e-01 5.193969849246e-05 3.131999999029e-01 5.193969849246e-05 1.869000111178e-01 5.193969849246e-05 3.018500000000e-01
5.356281407035e-05 1.968500000000e-01 5.356281407035e-05 3.131999998676e-01 5.356281407035e-05 1.869000139392e-01 5.356281407035e-05 3.018500000000e-01
5.518592964824e-05 1.968500000000e-01 5.518592964824e-05 3.131999998194e-01 5.518592964824e-05 1.869000174766e-01 5.518592964824e-05 3.018500000000e-01
5.680904522613e-05 1.968500000000e-01 5.680904522613e-05 3.131999997535e-01 5.680904522613e-05 1.869000219118e-01 5.680904522613e-05 3.018500000000e-01
5.843216080402e-05 1.968500000000e-01 5.843216080402e-05 3.131999996637e-01 5.843216080402e-05 1.869000274726e-01 5.843216080402e-05 3.018500000000e-01
6.005527638191e-05 1.968500000000e-01 6.005527638191e-05 3.131999995411e-01 6.005527638191e-05 1.869000344448e-01 6.005527638191e-05 3.018500000000e-01
6.167839195980e-05 1.968500000000e-01 6.167839195980e-05 3.131999993738e-01 6.167839195980e-05 1.869000431866e-01 6.167839195980e-05 3.018500000000e-01
6.330150753769e-05 1.968500000000e-01 6.330150753769e-05 3.131999991454e-01 6.330150753769e-05 1.869000541472e-01 6.330150753769e-05 3.018500000000e-01
6.492462311558e-05 1.968500000000e-01 6.492462311558e-05 3.131999988338e-01 6.492462311558e-05 1.869000678899e-01 6.492462311558e-05 3.018500000000e-01
6.654773869347e-05 1.968500000000e-01 6.654773869347e-05 3.131999984083e-01 6.654773869347e-05 1.869000851211e-01 6.654773869347e-05 3.018500000000e-01
6.817085427136e-05 1.968500000000e-01 6.817085427136e-05 3.131999978275e-01 6.817085427136e-05 1.869001067265e-01 6.817085427136e-05 3.018500000000e-01
6.979396984925e-05 1.968500000000e-01 6.979396984925e-05 3.131999970347e-01 6.979396984925e-05 1.869001338169e-01 6.979396984925e-05 3.018500000000e-01
7.141708542714e-05 1.968500000000e-01 7.141708542714e-05 3.131999959522e-01 7.141708542714e-05 1.869001677852e-01 7.141708542714e-05 3.018500000000e-01
7.304020100503e-05 1.968500000000e-01 7.304020100503e-05 3.131999944743e-01 7.304020100503e-05 1.869002103785e-01 7.304020100503e-05 3.018500000000e-01
7.466331658291e-05 1.968500000000e-01 7.466331658291e-05 3.131999924563e-01 7.466331658291e-05 1.869002637878e-01 7.466331658291e-05 3.018500000000e-01
7.628643216080e-05 1.968500000000e-01 7.628643216080e-05 3.131999897008e-01 7.628643216080e-05 1.869003307613e-01 7.628643216080e-05 3.018500000000e-01
7.790954773869e-05 1.968500000000e-01 7.790954773869e-05 3.131999859379e-01 7.790954773869e-05 1.869004147462e-01 7.790954773869e-05 3.018500000000e-01
7.953266331658e-05 1.968500000000e-01 7.953266331658e-05 3.131999807990e-01 7.953266331658e-05 1.869005200667e-01 7.953266331658e-05 3.018500000000e-01
8.115577889447e-05 1.968500000000e-01 8.115577889447e-05 3.131999737805e-01 8.115577889447e-05 1.869006521481e-01 8.115577889447e-05 3.018500000000e-01
8.277889447236e-05 1.968500000000e-01 8.277889447236e-05 3.131999641942e-01 8.277889447236e-05 1.869008177971e-01 8.277889447236e-05 3.018500000000e-01
8.440201005025e-05 1.968500000000e-01 8.440201005025e-05 3.131999510998e-01 8.440201005025e-05 1.869010255556e-01 8.440201005025e-05 3.018500000000e-01
8.602512562814e-05 1.968500000000e-01 8.602512562814e-05 3.131999332123e-01 8.602512562814e-05 1.869012861434e-01 8.602512562814e-05 3.018500000000e-01
8.764824120603e-05 1.968500000000e-01 8.764824120603e-05 3.131999087754e-01 8.764824120603e-05 1.869016130169e-01 8.764824120603e-05 3.018500000000e-01
8.927135678392e-05 1.968500000000e-01 8.927135678392e-05 3.131998753887e-01 8.927135678392e-05 1.869020230702e-01 8.927135678392e-05 3.018500000000e-01
9.089447236181e-05 1.968500000000e-01 9.089447236181e-05 3.131998297713e-01 9.089447236181e-05 1.869025375184e-01 9.089447236181e-05 3.018500000000e-01
9.251758793970e-05 1.968500000000e-01 9.251758793970e-05 3.131997674378e-01 9.251758793970e-05 1.869031830095e-01 9.251758793970e-05 3.018500000000e-01
9.414070351759e-05 1.968500000000e-01 9.414070351759e-05 3.131996822566e-01 9.414070351759e-05 1.869039930264e-01 9.414070351759e-05 3.018500000000e-01
9.576381909548e-05 1.968500000000e-01 9.576381909548e-05 3.131995658440e-01 9.576381909548e-05 1.869050096538e-01 9.576381909548e-05 3.018500000000e-01
9.738693467337e-05 1.968500000000e-01 9.738693467337e-05 3.131994067369e-01 9.738693467337e-05 1.869062858104e-01 9.738693467337e-05 3.018500000000e-01
9.901005025126e-05 1.968500000000e-01 9.901005025126e-05 3.131991892602e-01 9.901005025126e-05 1.869078880681e-01 9.901005025126e-05 3.018500000000e-01
1.006331658291e-04 1.968500000000e-01 1.006331658291e-04 3.131988919770e-01 1.006331658291e-04 1.869099002209e-01 1.006331658291e-04 3.018500000000e-01
1.022562814070e-04 1.968500000000e-01 1.022562814070e-04 3.131984855689e-01 1.022562814070e-04 1.869124278048e-01 1.022562814070e-04 3.018500000000e-01
1.038793969849e-04 1.968500000000e-01 1.038793969849e-04 3.131979299342e-01 1.038793969849e-04 1.869156038356e-01 1.038793969849e-04 3.018500000000e-01
1.055025125628e-04 1.968500000000e-01 1.055025125628e-04 3.131971702186e-01 1.055025125628e-04 1.869195961011e-01 1.055025125628e-04 3.018500000000e-01
1.071256281407e-04 1.968500000000e-01 1.071256281407e-04 3.131961313810e-01 1.071256281407e-04 1.869246164511e-01 1.071256281407e-04 3.018500000000e-01
1.087487437186e-04 1.968500000000e-01 1.087487437186e-04 3.131947107583e-01 1.087487437186e-04 1.869309326571e-01 1.087487437186e-04 3.018500000000e-01
1.103718592965e-04 1.968500000000e-01 1.103718592965e-04 3.131927678880e-01 1.103718592965e-04 1.869388835890e-01 1.103718592965e-04 3.018500000000e-01
1.119949748744e-04 1.968500000000e-01 1.119949748744e-04 3.131901105804e-01 1.119949748744e-04 1.869488986933e-01 1.119949748744e-04 3.018500000000e-01
1.136180904523e-04 1.968500000000e-01 1.136180904523e-04 3.131864758577e-01 1.136180904523e-04 1.869615230641e-01 1.136180904523e-04 3.018500000000e-01
1.152412060302e-04 1.968500000000e-01 1.152412060302e-04 3.131815038720e-01 1.152412060302e-04 1.869774498217e-01 1.152412060302e-04 3.018500000000e-01
1.168643216080e-04 1.968500000000e-01 1.168643216080e-04 3.131747022220e-01 1.168643216080e-04 1.869975620771e-01 1.168643216080e-04 3.018500000000e-01
1.184874371859e-04 1.968500000000e-01 1.184874371859e-04 3.131653971483e-01 1.184874371859e-04 1.870229875294e-01 1.184874371859e-04 3.018500000000e-01
1.201105527638e-04 1.968500000000e-01 1.201105527638e-04 3.131526668122e-01 1.201105527638e-04 1.870551697877e-01 1.201105527638e-04 3.018500000000e-01
1.217336683417e-04 1.968500000000e-01 1.217336683417e-04 3.131352501353e-01 1.217336683417e-04 1.870959619364e-01 1.217336683417e-04 3.018500000000e-01
1.233567839196e-04 1.968500000000e-01 1.233567839196e-04 3.131114223630e-01 1.233567839196e-04 1.871477498181e-01 1.233567839196e-04 3.018500000000e-01
1.249798994975e-04 1.968500000000e-01 1.249798994975e-04 3.130788254155e-01 1.249798994975e-04 1.872136151941e-01 1.249798994975e-04 3.018500000000e-01
1.266030150754e-04 1.968500000000e-01 1.266030150754e-04 3.130342370071e-01 1.266030150754e-04 1.872975526252e-01 1.266030150754e-04 3.018500000000e-01
1.282261306533e-04 1.968500000000e-01 1.282261306533e-04 3.129732571989e-01 1.282261306533e-04 1.874047589592e-01 1.282261306533e-04 3.018500000000e-01
1.298492462312e-04 1.968500000000e-01 1.298492462312e-04 3.128898843007e-01 1.298492462312e-04 1.875420211873e-01 1.298492462312e-04 3.018500000000e-01
1.314723618090e-04 1.968500000000e-01 1.314723618090e-04 3.127759437597e-01 1.314723618090e-04 1.877182376889e-01 1.314723618090e-04 3.018500000000e-01
1.330954773869e-04 1.968500000000e-01 1.330954773869e-04 3.126203240994e-01 1.330954773869e-04 1.879451201229e-01 1.330954773869e-04 3.018500000000e-01
1.347185929648e-04 1.968500000000e-01 1.347185929648e-04 3.124079640612e-01 1.347185929648e-04 1.882381388444e-01 1.347185929648e-04 3.018500000000e-01
1.363417085427e-04 1.968500000000e-01 1.363417085427e-04 3.121185271993e-01 1.363417085427e-04 1.886177933990e-01 1.363417085427e-04 3.018500000000e-01
1.379648241206e-04 1.968500000000e-01 1.379648241206e-04 3.117246992873e-01 1.379648241206e-04 1.891113090767e-01 1.379648241206e-04 3.018500000000e-01
1.395879396985e-04 1.968500000000e-01 1.395879396985e-04 3.111900594963e-01 1.395879396985e-04 1.897548737485e-01 1.395879396985e-04 3.018500000000e-01
1.412110552764e-04 1.968500000000e-01 1.412110552764e-04 3.104665250855e-01 1.412110552764e-04 1.905965193450e-01 1.412110552764e-04 3.018500000000e-01
1.428341708543e-04 1.968500000000e-01 1.428341708543e-04 3.094914780253e-01 1.428341708543e-04 1.916996827412e-01 1.428341708543e-04 3.018500000000e-01
1.444572864322e-04 1.968500000000e-01 1.444572864322e-04 3.081848884034e-01 1.444572864322e-04 1.931472795738e-01 1.444572864322e-04 3.018500000000e-01
1.460804020101e-04 1.968500000000e-01 1.460804020101e-04 3.064470964218e-01 1.460804020101e-04 1.950456666023e-01 1.460804020101e-04 3.018500000000e-01
1.477035175879e-04 1.968500000000e-01 1.477035175879e-04 3.041584260717e-01 1.477035175879e-04 1.975269760207e-01 1.477035175879e-04 3.018500000000e-01
1.493266331658e-04 1.968500000000e-01 1.493266331658e-04 3.011824278523e-01 1.493266331658e-04 2.007468325358e-01 1.493266331658e-04 3.018500000000e-01
1.509497487437e-04 1.968500000000e-01 1.509497487437e-04 2.973750648255e-01 1.509497487437e-04 2.048726000133e-01 1.509497487437e-04 3.018500000000e-01
1.525728643216e-04 1.968500000000e-01 1.525728643216e-04 2.926020836887e-01 1.525728643216e-04 2.100562316175e-01 1.525728643216e-04 3.018500000000e-01
1.541959798995e-04 1.968500000000e-01 1.541959798995e-04 2.867654462169e-01 1.541959798995e-04 2.163884054272e-01 1.541959798995e-04 3.018500000000e-01
1.558190954774e-04 1.968500000000e-01 1.558190954774e-04 2.798364852220e-01 1.558190954774e-04 2.238406452852e-01 1.558190954774e-04 3.018500000000e-01
1.574422110553e-04 1.968500000000e-01 1.574422110553e-04 2.718887435395e-01 1.574422110553e-04 2.322189598803e-01 1.574422110553e-04 3.018500000000e-01
1.590653266332e-04 1.968500000000e-01 1.590653266332e-04 2.631191297275e-01 1.590653266332e-04 2.411636603079e-01 1.590653266332e-04 3.018500000000e-01
1.606884422111e-04 1.968500000000e-01 1.606884422111e-04 2.538450881608e-01 1.606884422111e-04 2.502151443166e-01 1.606884422111e-04 3.018500000000e-01
1.623115577889e-04 1.968500000000e-01 1.623115577889e-04 2.444704547220e-01 1.623115577889e-04 2.589234463119e-01 1.623115577889e-04 3.018500000000e-01
1.639346733668e-04 1.968500000000e-01 1.639346733668e-04 2.354236322387e-01 1.639346733668e-04 2.669461264505e-01 1.639346733668e-04 3.018500000000e-01
1.655577889447e-04 1.968500000000e-01 1.655577889447e-04 2.270847745235e-01 1.655577889447e-04 2.740904587339e-01 1.655577889447e-04 3.018500000000e-01
1.671809045226e-04 1.968500000000e-01 1.671809045226e-04 2.197260699630e-01 1.671809045226e-04 2.802983133245e-01 1.671809045226e-04 3.018500000000e-01
1.688040201005e-04 1.968500000000e-01 1.688040201005e-04 2.134842435854e-01 1.688040201005e-04 2.856023878996e-01 1.688040201005e-04 3.018500000000e-01
1.704271356784e-04 1.968500000000e-01 1.704271356784e-04 2.083690104585e-01 1.704271356784e-04 2.900825351704e-01 1.704271356784e-04 3.018500000000e-01
1.720502512563e-04 1.968500000000e-01 1.720502512563e-04 2.042960912194e-01 1.720502512563e-04 2.938355308449e-01 1.720502512563e-04 3.018500000000e-01
1.736733668342e-04 1.968500000000e-01 1.736733668342e-04 2.011277539211e-01 1.736733668342e-04 2.969586932281e-01 1.736733668342e-04 3.018500000000e-01
1.752964824121e-04 1.968500000000e-01 1.752964824121e-04 1.987077676601e-01 1.752964824121e-04 2.995427387904e-01 1.752964824121e-04 3.018500000000e-01
1.769195979899e-04 1.968500000000e-01 1.769195979899e-04 1.968851380159e-01 1.769195979899e-04 3.016693983380e-01 1.769195979899e-04 3.018500000000e-01
1.785427135678e-04 1.968500000000e-01 1.785427135678e-04 1.955268510813e-01 1.785427135678e-04 3.034110300180e-01 1.785427135678e-04 3.018500000000e-01
1.801658291457e-04 1.968500000000e-01 1.801658291457e-04 1.945225250946e-01 1.801658291457e-04 3.048309324125e-01 1.801658291457e-04 3.018500000000e-01
1.817889447236e-04 1.968500000000e-01 1.817889447236e-04 1.937841871512e-01 1.817889447236e-04 3.059838853032e-01 1.817889447236e-04 3.018500000000e-01
1.834120603015e-04 1.968500000000e-01 1.834120603015e-04 1.932436612357e-01 1.834120603015e-04 3.069167899738e-01 1.834120603015e-04 3.018500000000e-01
1.850351758794e-04 1.968500000000e-01 1.850351758794e-04 1.928491430697e-01 1.850351758794e-04 3.076693799876e-01 1.850351758794e-04 3.018500000000e-01
1.866582914573e-04 1.968500000000e-01 1.866582914573e-04 1.925618129786e-01 1.866582914573e-04 3.082749819861e-01 1.866582914573e-04 3.018500000000e-01
1.882814070352e-04 1.968500000000e-01 1.882814070352e-04 1.923528675474e-01 1.882814070352e-04 3.087612966677e-01 1.882814070352e-04 3.018500000000e-01
1.899045226131e-04 1.968500000000e-01 1.899045226131e-04 1.922010849685e-01 1.899045226131e-04 3.091511663347e-01 1.899045226131e-04 3.018500000000e-01
1.915276381910e-04 1.968500000000e-01 1.915276381910e-04 1.920909073983e-01 1.915276381910e-04 3.094632996804e-01 1.915276381910e-04 3.018500000000e-01
1.931507537688e-04 1.968500000000e-01 1.931507537688e-04 1.920109696937e-01 1.931507537688e-04 3.097129331726e-01 1.931507537688e-04 3.018500000000e-01
1.947738693467e-04 1.968500000000e-01 1.947738693467e-04 1.919529903427e-01 1.947738693467e-04 3.099124177647e-01 1.947738693467e-04 3.018500000000e-01
1.963969849246e-04 1.968500000000e-01 1.963969849246e-04 1.919109454603e-01 1.963969849246e-04 3.100717275916e-01 1.963969849246e-04 3.018500000000e-01
1.980201005025e-04 1.968500000000e-01 1.980201005025e-04 1.918804587376e-01 1.980201005025e-04 3.101988930180e-01 1.980201005025e-04 3.018500000000e-01
1.996432160804e-04 1.968500000000e-01 1.996432160804e-04 1.918583535185e-01 1.996432160804e-04 3.103003639525e-01 1.996432160804e-04 3.018500000000e-01
2.012663316583e-04 1.968500000000e-01 2.012663316583e-04 1.918423252678e-01 2.012663316583e-04 3.103813111619e-01 2.012663316583e-04 3.018500000000e-01
2.028894472362e-04 1.968500000000e-01 2.028894472362e-04 1.918307027655e-01 2.028894472362e-04 3.104458738999e-01 2.028894472362e-04 3.018500000000e-01
2.045125628141e-04 1.968500000000e-01 2.045125628141e-04 1.918222743449e-01 2.045125628141e-04 3.104973619675e-01 2.045125628141e-04 3.018500000000e-01
2.061356783920e-04 1.968500000000e-01 2.061356783920e-04 1.918161616365e-01 2.061356783920e-04 3.105384196694e-01 2.061356783920e-04 3.018500000000e-01
2.077587939698e-04 1.968500000000e-01 2.077587939698e-04 1.918117279219e-01 2.077587939698e-04 3.105711582739e-01 2.077587939698e-04 3.018500000000e-01
2.093819095477e-04 1.968500000000e-01 2.093819095477e-04 1.918085116517e-01 2.093819095477e-04 3.105972626656e-01 2.093819095477e-04 3.018500000000e-01
2.110050251256e-04 1.968500000000e-01 2.110050251256e-04 1.918061782419e-01 2.110050251256e-04 3.106180769944e-01 2.110050251256e-04 3.018500000000e-01
2.126281407035e-04 1.968500000000e-01 2.126281407035e-04 1.918044851311e-01 2.126281407035e-04 3.106346733226e-01 2.126281407035e-04 3.018500000000e-01
2.142512562814e-04 1.968500000000e-01 2.142512562814e-04 1.918032564556e-01 2.142512562814e-04 3.106479065579e-01 2.142512562814e-04 3.018500000000e-01
2.158743718593e-04 1.968500000000e-01 2.158743718593e-04 1.918023646965e-01 2.158743718593e-04 3.106584583658e-01 2.158743718593e-04 3.018500000000e-01
2.174974874372e-04 1.968500000000e-01 2.174974874372e-04 1.918017173790e-01 2.174974874372e-04 3.106668722397e-01 2.174974874372e-04 3.018500000000e-01
2.191206030151e-04 1.968500000000e-01 2.191206030151e-04 1.918012474340e-01 2.191206030151e-04 3.106735814925e-01 2.191206030151e-04 3.018500000000e-01
2.207437185930e-04 1.968500000000e-01 2.207437185930e-04 1.918009062119e-01 2.207437185930e-04 3.106789315890e-01 2.207437185930e-04 3.018500000000e-01
2.223668341709e-04 1.968500000000e-01 2.223668341709e-04 1.918006584196e-01 2.223668341709e-04 3.106831979569e-01 2.223668341709e-04 3.018500000000e-01
2.239899497487e-04 1.968500000000e-01 2.239899497487e-04 1.918004784500e-01 2.239899497487e-04 3.106866001885e-01 2.239899497487e-04 3.018500000000e-01
2.256130653266e-04 1.968500000000e-01 2.256130653266e-04 1.918003477211e-01 2.256130653266e-04 3.106893133640e-01 2.256130653266e-04 3.018500000000e-01
2.272361809045e-04 1.968500000000e-01 2.272361809045e-04 1.918002527471e-01 2.272361809045e-04 3.106914770774e-01 2.272361809045e-04 3.018500000000e-01
2.288592964824e-04 1.968500000000e-01 2.288592964824e-04 1.918001837392e-01 2.288592964824e-04 3.106932026326e-01 2.288592964824e-04 3.018500000000e-01
2.304824120603e-04 1.968500000000e-01 2.304824120603e-04 1.918001335911e-01 2.304824120603e-04 3.106945787787e-01 2.304824120603e-04 3.018500000000e-01
2.321055276382e-04 1.968500000000e-01 2.321055276382e-04 1.918000971435e-01 2.321055276382e-04 3.106956762830e-01 2.321055276382e-04 3.018500000000e-01
2.337286432161e-04 1.968500000000e-01 2.337286432161e-04 1.918000706496e-01 2.337286432161e-04 3.106965515757e-01 2.337286432161e-04 3.018500000000e-01
2.353517587940e-04 1.968500000000e-01 2.353517587940e-04 1.918000513884e-01 2.353517587940e-04 3.106972496557e-01 2.353517587940e-04 3.018500000000e-01
2.369748743719e-04 1.968500000000e-01 2.369748743719e-04 1.918000373836e-01 2.369748743719e-04 3.106978064072e-01 2.369748743719e-04 3.018500000000e-01
2.385979899497e-04 1.968500000000e-01 2.385979899497e-04 1.918000271991e-01 2.385979899497e-04 3.106982504464e-01 2.385979899497e-04 3.018500000000e-01
2.402211055276e-04 1.968500000000e-01 2.402211055276e-04 1.918000197919e-01 2.402211055276e-04 3.106986045944e-01 2.402211055276e-04 3.018500000000e-01
2.418442211055e-04 1.968500000000e-01 2.418442211055e-04 1.918000144039e-01 2.418442211055e-04 3.106988870506e-01 2.418442211055e-04 3.018500000000e-01
2.434673366834e-04 1.968500000000e-01 2.434673366834e-04 1.918000104841e-01 2.434673366834e-04 3.106991123293e-01 2.434673366834e-04 3.018500000000e-01
2.450904522613e-04 1.968500000000e-01 2.450904522613e-04 1.918000076320e-01 2.450904522613e-04 3.106992920058e-01 2.450904522613e-04 3.018500000000e-01
2.467135678392e-04 1.968500000000e-01 2.467135678392e-04 1.918000055566e-01 2.467135678392e-04 3.106994353119e-01 2.467135678392e-04 3.018500000000e-01
2.483366834171e-04 1.968500000000e-01 2.483366834171e-04 1.918000040460e-01 2.483366834171e-04 3.106995496101e-01 2.483366834171e-04 3.018500000000e-01
2.499597989950e-04 1.968500000000e-01 2.499597989950e-04 1.918000029465e-01 2.499597989950e-04 3.106996407726e-01 2.499597989950e-04 3.018500000000e-01
2.515829145729e-04 1.968500000000e-01 2.515829145729e-04 1.918000021461e-01 2.515829145729e-04 3.106997134825e-01 2.515829145729e-04 3.018500000000e-01
2.532060301508e-04 1.968500000000e-01 2.532060301508e-04 1.918000015633e-01 2.532060301508e-04 3.106997714752e-01 2.532060301508e-04 3.018500000000e-01
2.548291457286e-04 1.968500000000e-01 2.548291457286e-04 1.918000011389e-01 2.548291457286e-04 3.106998177296e-01 2.548291457286e-04 3.018500000000e-01
2.564522613065e-04 1.968500000000e-01 2.564522613065e-04 1.918000008298e-01 2.564522613065e-04 3.106998546217e-01 2.564522613065e-04 3.018500000000e-01
2.580753768844e-04 1.968500000000e-01 2.580753768844e-04 1.918000006047e-01 2.580753768844e-04 3.106998840467e-01 2.580753768844e-04 3.018500000000e-01
2.596984924623e-04 1.968500000000e-01 2.596984924623e-04 1.918000004407e-01 2.596984924623e-04 3.106999075158e-01 2.596984924623e-04 3.018500000000e-01
2.613216080402e-04 1.968500000000e-01 2.613216080402e-04 1.918000003212e-01 2.613216080402e-04 3.106999262348e-01 2.613216080402e-04 3.018500000000e-01
2.629447236181e-04 1.968500000000e-01 2.629447236181e-04 1.918000002342e-01 2.629447236181e-04 3.106999411649e-01 2.629447236181e-04 3.018500000000e-01
2.645678391960e-04 1.968500000000e-01 2.645678391960e-04 1.918000001707e-01 2.645678391960e-04 3.106999530731e-01 2.645678391960e-04 3.018500000000e-01
2.661909547739e-04 1.968500000000e-01 2.661909547739e-04 1.918000001245e-01 2.661909547739e-04 3.106999625711e-01 2.661909547739e-04 3.018500000000e-01
2.678140703518e-04 1.968500000000e-01 2.678140703518e-04 1.918000000908e-01 2.678140703518e-04 3.106999701467e-01 2.678140703518e-04 3.018500000000e-01
2.694371859296e-04 1.968500000000e-01 2.694371859296e-04 1.918000000662e-01 2.694371859296e-04 3.106999761890e-01 2.694371859296e-04 3.018500000000e-01
2.710603015075e-04 1.968500000000e-01 2.710603015075e-04 1.918000000483e-01 2.710603015075e-04 3.106999810083e-01 2.710603015075e-04 3.018500000000e-01
2.726834170854e-04 1.968500000000e-01 2.726834170854e-04 1.918000000352e-01 2.726834170854e-04 3.106999848522e-01 2.726834170854e-04 3.018500000000e-01
2.743065326633e-04 1.968500000000e-01 2.743065326633e-04 1.918000000257e-01 2.743065326633e-04 3.106999879181e-01 2.743065326633e-04 3.018500000000e-01
2.759296482412e-04 1.968500000000e-01 2.759296482412e-04 1.918000000188e-01 2.759296482412e-04 3.106999903635e-01 2.759296482412e-04 3.018500000000e-01
2.775527638191e-04 1.968500000000e-01 2.775527638191e-04 1.918000000137e-01 2.775527638191e-04 3.106999923139e-01 2.775527638191e-04 3.018500000000e-01
2.791758793970e-04 1.968500000000e-01 2.791758793970e-04 1.918000000100e-01 2.791758793970e-04 3.106999938695e-01 2.791758793970e-04 3.018500000000e-01
2.807989949749e-04 1.968500000000e-01 2.807989949749e-04 1.918000000073e-01 2.807989949749e-04 3.106999951103e-01 2.807989949749e-04 3.018500000000e-01
2.824221105528e-04 1.968500000000e-01 2.824221105528e-04 1.918000000053e-01 2.824221105528e-04 3.106999961000e-01 2.824221105528e-04 3.018500000000e-01
2.840452261307e-04 1.968500000000e-01 2.840452261307e-04 1.918000000039e-01 2.840452261307e-04 3.106999968894e-01 2.840452261307e-04 3.018500000000e-01
2.856683417085e-04 1.968500000000e-01 2.856683417085e-04 1.918000000028e-01 2.856683417085e-04 3.106999975189e-01 2.856683417085e-04 3.018500000000e-01
2.872914572864e-04 1.968500000000e-01 2.872914572864e-04 1.918000000021e-01 2.872914572864e-04 3.106999980211e-01 2.872914572864e-04 3.018500000000e-01
2.889145728643e-04 1.968500000000e-01 2.889145728643e-04 1.918000000015e-01 2.889145728643e-04 3.106999984216e-01 2.889145728643e-04 3.018500000000e-01
2.905376884422e-04 1.968500000000e-01 2.905376884422e-04 1.918000000011e-01 2.905376884422e-04 3.106999987411e-01 2.905376884422e-04 3.018500000000e-01
2.921608040201e-04 1.968500000000e-01 2.921608040201e-04 1.918000000008e-01 2.921608040201e-04 3.106999989959e-01 2.921608040201e-04 3.018500000000e-01
2.937839195980e-04 1.968500000000e-01 2.937839195980e-04 1.918000000006e-01 2.937839195980e-04 3.106999991991e-01 2.937839195980e-04 3.018500000000e-01
2.954070351759e-04 1.968500000000e-01 2.954070351759e-04 1.918000000004e-01 2.954070351759e-04 3.106999993612e-01 2.954070351759e-04 3.018500000000e-01
2.970301507538e-04 1.968500000000e-01 2.970301507538e-04 1.918000000003e-01 2.970301507538e-04 3.106999994905e-01 2.970301507538e-04 3.018500000000e-01
2.986532663317e-04 1.968500000000e-01 2.986532663317e-04 1.918000000002e-01 2.986532663317e-04 3.106999995936e-01 2.986532663317e-04 3.018500000000e-01
3.002763819095e-04 1.968500000000e-01 3.002763819095e-04 1.918000000002e-01 3.002763819095e-04 3.106999996759e-01 3.002763819095e-04 3.018500000000e-01
3.018994974874e-04 1.968500000000e-01 3.018994974874e-04 1.918000000001e-01 3.018994974874e-04 3.106999997415e-01 3.018994974874e-04 3.018500000000e-01
3.035226130653e-04 1.968500000000e-01 3.035226130653e-04 1.918000000001e-01 3.035226130653e-04 3.106999997938e-01 3.035226130653e-04 3.018500000000e-01
3.051457286432e-04 1.968500000000e-01 3.051457286432e-04 1.918000000001e-01 3.051457286432e-04 3.106999998355e-01 3.051457286432e-04 3.018500000000e-01
3.067688442211e-04 1.968500000000e-01 3.067688442211e-04 1.918000000000e-01 3.067688442211e-04 3.106999998688e-01 3.067688442211e-04 3.018500000000e-01
3.083919597990e-04 1.968500000000e-01 3.083919597990e-04 1.918000000000e-01 3.083919597990e-04 3.106999998954e-01 3.083919597990e-04 3.018500000000e-01
3.100150753769e-04 1.968500000000e-01 3.100150753769e-04 1.918000000000e-01 3.100150753769e-04 3.106999999165e-01 3.100150753769e-04 3.018500000000e-01
3.116381909548e-04 1.968500000000e-01 3.116381909548e-04 1.918000000000e-01 3.116381909548e-04 3.106999999334e-01 3.116381909548e-04 3.018500000000e-01
3.132613065327e-04 1.968500000000e-01 3.132613065327e-04 1.918000000000e-01 3.132613065327e-04 3.106999999469e-01 3.132613065327e-04 3.018500000000e-01
3.148844221106e-04 1.968500000000e-01 3.148844221106e-04 1.918000000000e-01 3.148844221106e-04 3.106999999577e-01 3.148844221106e-04 3.018500000000e-01
3.165075376884e-04 1.968500000000e-01 3.165075376884e-04 1.918000000000e-01 3.165075376884e-04 3.106999999662e-01 3.165075376884e-04 3.018500000000e-01
3.181306532663e-04 1.968500000000e-01 3.181306532663e-04 1.918000000000e-01 3.181306532663e-04 3.106999999731e-01 3.181306532663e-04 3.018500000000e-01
3.197537688442e-04 1.968500000000e-01 3.197537688442e-04 1.918000000000e-01 3.197537688442e-04 3.106999999785e-01 3.197537688442e-04 3.018500000000e-01
3.213768844221e-04 1.968500000000e-01 3.213768844221e-04 1.918000000000e-01 3.213768844221e-04 3.106999999829e-01 3.213768844221e-04 3.018500000000e-01
3.230000000000e-04 1.968500000000e-01 3.230000000000e-04 1.918000000000e-01 3.230000000000e-04 3.106999999863e-01 3.230000000000e-04 3.018500000000e-01
