0.000000000000e+00 3.486000000000e-01 0.000000000000e+00 1.461984339741e-01 0.000000000000e+00 2.635792791118e-01 0.000000000000e+00 2.415000000000e-01
2.090452261307e-06 3.486000000000e-01 2.090452261307e-06 1.461982336497e-01 2.090452261307e-06 2.635777582980e-01 2.090452261307e-06 2.415000000000e-01
4.180904522613e-06 3.486000000000e-01 4.180904522613e-06 1.461980079930e-01 4.180904522613e-06 2.635761260078e-01 4.180904522613e-06 2.415000000000e-01
6.271356783920e-06 3.486000000000e-01 6.271356783920e-06 1.461977538466e-01 6.271356783920e-06 2.635743740922e-01 6.271356783920e-06 2.415000000000e-01
8.361809045226e-06 3.486000000000e-01 8.361809045226e-06 1.461974676669e-01 8.361809045226e-06 2.635724938092e-01 8.361809045226e-06 2.415000000000e-01
1.045226130653e-05 3.486000000000e-01 1.045226130653e-05 1.461971454780e-01 1.045226130653e-05 2.635704757823e-01 1.045226130653e-05 2.415000000000e-01
1.254271356784e-05 3.486000000000e-01 1.254271356784e-05 1.461967828203e-01 1.254271356784e-05 2.635683099543e-01 1.254271356784e-05 2.415000000000e-01
1.463316582915e-05 3.486000000000e-01 1.463316582915e-05 1.461963746934e-01 1.463316582915e-05 2.635659855387e-01 1.463316582915e-05 2.415000000000e-01
1.672361809045e-05 3.486000000000e-01 1.672361809045e-05 1.461959154924e-01 1.672361809045e-05 2.635634909679e-01 1.672361809045e-05 2.415000000000e-01
1.881407035176e-05 3.486000000000e-01 1.881407035176e-05 1.461953989367e-01 1.881407035176e-05 2.635608138372e-01 1.881407035176e-05 2.415000000000e-01
2.090452261307e-05 3.486000000000e-01 2.090452261307e-05 1.461948179914e-01 2.090452261307e-05 2.635579408453e-01 2.090452261307e-05 2.415000000000e-01
2.299497487437e-05 3.486000000000e-01 2.299497487437e-05 1.461941647794e-01 2.299497487437e-05 2.635548577308e-01 2.299497487437e-05 2.415000000000e-01
2.508542713568e-05 3.486000000000e-01 2.508542713568e-05 1.461934304845e-01 2.508542713568e-05 2.635515492041e-01 2.508542713568e-05 2.415000000000e-01
2.717587939698e-05 3.486000000000e-01 2.717587939698e-05 1.461926052426e-01 2.717587939698e-05 2.635479988751e-01 2.717587939698e-05 2.415000000000e-01
2.926633165829e-05 3.486000000000e-01 2.926633165829e-05 1.461916780227e-01 2.926633165829e-05 2.635441891756e-01 2.926633165829e-05 2.415000000000e-01
3.135678391960e-05 3.486000000000e-01 3.135678391960e-05 1.461906364939e-01 3.135678391960e-05 2.635401012766e-01 3.135678391960e-05 2.415000000000e-01
3.344723618090e-05 3.486000000000e-01 3.344723618090e-05 1.461894668786e-01 3.344723618090e-05 2.635357150005e-01 3.344723618090e-05 2.415000000000e-01
3.553768844221e-05 3.486000000000e-01 3.553768844221e-05 1.461881537905e-01 3.553768844221e-05 2.635310087269e-01 3.553768844221e-05 2.415000000001e-01
3.762814070352e-05 3.486000000000e-01 3.762814070352e-05 1.461866800553e-01 3.762814070352e-05 2.635259592931e-01 3.762814070352e-05 2.415000000001e-01
3.971859296482e-05 3.486000000000e-01 3.971859296482e-05 1.461850265134e-01 3.971859296482e-05 2.635205418872e-01 3.971859296482e-05 2.415000000001e-01
4.180904522613e-05 3.486000000000e-01 4.180904522613e-05 1.461831718025e-01 4.180904522613e-05 2.635147299352e-01 4.180904522613e-05 2.415000000002e-01
4.389949748744e-05 3.486000000000e-01 4.389949748744e-05 1.461810921184e-01 4.389949748744e-05 2.635084949807e-01 4.389949748744e-05 2.415000000002e-01
4.598994974874e-05 3.486000000000e-01 4.598994974874e-05 1.461787609528e-01 4.598994974874e-05 2.635018065567e-01 4.598994974874e-05 2.415000000003e-01
4.808040201005e-05 3.486000000000e-01 4.808040201005e-05 1.461761488053e-01 4.808040201005e-05 2.634946320506e-01 4.808040201005e-05 2.415000000004e-01
5.017085427136e-05 3.486000000000e-01 5.017085427136e-05 1.461732228694e-01 5.017085427136e-05 2.634869365598e-01 5.017085427136e-05 2.415000000006e-01
5.226130653266e-05 3.486000000000e-01 5.226130653266e-05 1.461699466889e-01 5.226130653266e-05 2.634786827398e-01 5.226130653266e-05 2.415000000008e-01
5.435175879397e-05 3.486000000000e-01 5.435175879397e-05 1.461662797843e-01 5.435175879397e-05 2.634698306428e-01 5.435175879397e-05 2.415000000011e-01
5.644221105528e-05 3.486000000000e-01 5.644221105528e-05 1.461621772468e-01 5.644221105528e-05 2.634603375475e-01 5.644221105528e-05 2.415000000016e-01
5.853266331658e-05 3.486000000000e-01 5.853266331658e-05 1.461575892987e-01 5.853266331658e-05 2.634501577794e-01 5.853266331658e-05 2.415000000021e-01
6.062311557789e-05 3.486000000000e-01 6.062311557789e-05 1.461524608194e-01 6.062311557789e-05 2.634392425213e-01 6.062311557789e-05 2.415000000029e-01
6.271356783920e-05 3.486000000000e-01 6.271356783920e-05 1.461467308354e-01 6.271356783920e-05 2.634275396139e-01 6.271356783920e-05 2.415000000040e-01
6.480402010050e-05 3.486000000000e-01 6.480402010050e-05 1.461403319742e-01 6.480402010050e-05 2.634149933465e-01 6.480402010050e-05 2.415000000055e-01
6.689447236181e-05 3.486000000000e-01 6.689447236181e-05 1.461331898834e-01 6.689447236181e-05 2.634015442379e-01 6.689447236181e-05 2.415000000075e-01
6.898492462312e-05 3.486000000000e-01 6.898492462312e-05 1.461252226147e-01 6.898492462312e-05 2.633871288062e-01 6.898492462312e-05 2.415000000102e-01
7.107537688442e-05 3.486000000000e-01 7.107537688442e-05 1.461163399773e-01 7.107537688442e-05 2.633716793294e-01 7.107537688442e-05 2.415000000140e-01
7.316582914573e-05 3.486000000000e-01 7.316582914573e-05 1.461064428625e-01 7.316582914573e-05 2.633551235959e-01 7.316582914573e-05 2.415000000192e-01
7.525628140704e-05 3.486000000000e-01 7.525628140704e-05 1.460954225474e-01 7.525628140704e-05 2.633373846457e-01 7.525628140704e-05 2.415000000263e-01
7.734673366834e-05 3.486000000000e-01 7.734673366834e-05 1.460831599851e-01 7.734673366834e-05 2.633183805023e-01 7.734673366834e-05 2.415000000361e-01
7.943718592965e-05 3.486000000000e-01 7.943718592965e-05 1.460695250928e-01 7.943718592965e-05 2.632980238964e-01 7.943718592965e-05 2.415000000494e-01
8.152763819095e-05 3.486000000000e-01 8.152763819095e-05 1.460543760540e-01 8.152763819095e-05 2.632762219829e-01 8.152763819095e-05 2.415000000678e-01
8.361809045226e-05 3.485999999999e-01 8.361809045226e-05 1.460375586533e-01 8.361809045226e-05 2.632528760508e-01 8.361809045226e-05 2.415000000929e-01
8.570854271357e-05 3.485999999999e-01 8.570854271357e-05 1.460189056701e-01 8.570854271357e-05 2.632278812292e-01 8.570854271357e-05 2.415000001275e-01
8.779899497487e-05 3.485999999998e-01 8.779899497487e-05 1.459982363647e-01 8.779899497487e-05 2.632011261900e-01 8.779899497487e-05 2.415000001750e-01
8.988944723618e-05 3.485999999997e-01 8.988944723618e-05 1.459753560963e-01 8.988944723618e-05 2.631724928507e-01 8.988944723618e-05 2.415000002403e-01
9.197989949749e-05 3.485999999996e-01 9.197989949749e-05 1.459500561263e-01 9.197989949749e-05 2.631418560781e-01 9.197989949749e-05 2.415000003302e-01
9.407035175879e-05 3.485999999994e-01 9.407035175879e-05 1.459221136698e-01 9.407035175879e-05 2.631090833982e-01 9.407035175879e-05 2.415000004539e-01
9.616080402010e-05 3.485999999991e-01 9.616080402010e-05 1.458912922750e-01 9.616080402010e-05 2.630740347145e-01 9.616080402010e-05 2.415000006243e-01
9.825125628141e-05 3.485999999986e-01 9.825125628141e-05 1.458573426287e-01 9.825125628141e-05 2.630365620390e-01 9.825125628141e-05 2.415000008592e-01
1.003417085427e-04 3.485999999978e-01 1.003417085427e-04 1.458200039048e-01 1.003417085427e-04 2.629965092420e-01 1.003417085427e-04 2.415000011833e-01
1.024321608040e-04 3.485999999967e-01 1.024321608040e-04 1.457790058018e-01 1.024321608040e-04 2.629537118247e-01 1.024321608040e-04 2.415000016310e-01
1.045226130653e-04 3.485999999949e-01 1.045226130653e-04 1.457340714416e-01 1.045226130653e-04 2.629079967226e-01 1.045226130653e-04 2.415000022500e-01
1.066130653266e-04 3.485999999923e-01 1.066130653266e-04 1.456849213388e-01 1.066130653266e-04 2.628591821456e-01 1.066130653266e-04 2.415000031068e-01
1.087035175879e-04 3.485999999882e-01 1.087035175879e-04 1.456312786878e-01 1.087035175879e-04 2.628070774642e-01 1.087035175879e-04 2.415000042943e-01
1.107939698492e-04 3.485999999819e-01 1.107939698492e-04 1.455728762600e-01 1.107939698492e-04 2.627514831496e-01 1.107939698492e-04 2.415000059424e-01
1.128844221106e-04 3.485999999724e-01 1.128844221106e-04 1.455094652557e-01 1.128844221106e-04 2.626921907790e-01 1.128844221106e-04 2.415000082330e-01
1.149748743719e-04 3.485999999577e-01 1.149748743719e-04 1.454408265059e-01 1.149748743719e-04 2.626289831165e-01 1.149748743719e-04 2.415000114218e-01
1.170653266332e-04 3.485999999354e-01 1.170653266332e-04 1.453667844816e-01 1.170653266332e-04 2.625616342817e-01 1.170653266332e-04 2.415000158684e-01
1.191557788945e-04 3.485999999012e-01 1.191557788945e-04 1.452872246237e-01 1.191557788945e-04 2.624899100189e-01 1.191557788945e-04 2.415000220803e-01
1.212462311558e-04 3.485999998488e-01 1.212462311558e-04 1.452021145654e-01 1.212462311558e-04 2.624135680812e-01 1.212462311558e-04 2.415000307753e-01
1.233366834171e-04 3.485999997685e-01 1.233366834171e-04 1.451115298621e-01 1.233366834171e-04 2.623323587439e-01 1.233366834171e-04 2.415000429714e-01
1.254271356784e-04 3.485999996456e-01 1.254271356784e-04 1.450156848773e-01 1.254271356784e-04 2.622460254628e-01 1.254271356784e-04 2.415000601158e-01
1.275175879397e-04 3.485999994570e-01 1.275175879397e-04 1.449149694684e-01 1.275175879397e-04 2.621543056927e-01 1.275175879397e-04 2.415000842725e-01
1.296080402010e-04 3.485999991676e-01 1.296080402010e-04 1.448099920692e-01 1.296080402010e-04 2.620569318826e-01 1.296080402010e-04 2.415001183926e-01
1.316984924623e-04 3.485999987229e-01 1.316984924623e-04 1.447016296442e-01 1.316984924623e-04 2.619536326634e-01 1.316984924623e-04 2.415001667084e-01
1.337889447236e-04 3.485999980388e-01 1.337889447236e-04 1.445910847684e-01 1.337889447236e-04 2.618441342427e-01 1.337889447236e-04 2.415002353078e-01
1.358793969849e-04 3.485999969848e-01 1.358793969849e-04 1.444799497206e-01 1.358793969849e-04 2.617281620218e-01 1.358793969849e-04 2.415003329734e-01
1.379698492462e-04 3.485999953579e-01 1.379698492462e-04 1.443702769240e-01 1.379698492462e-04 2.616054424469e-01 1.379698492462e-04 2.415004724135e-01
1.400603015075e-04 3.485999928413e-01 1.400603015075e-04 1.442646542647e-01 1.400603015075e-04 2.614757051042e-01 1.400603015075e-04 2.415006720714e-01
1.421507537688e-04 3.485999889388e-01 1.421507537688e-04 1.441662827015e-01 1.421507537688e-04 2.613386850668e-01 1.421507537688e-04 2.415009587918e-01
1.442412060302e-04 3.485999828686e-01 1.442412060302e-04 1.440790520895e-01 1.442412060302e-04 2.611941254956e-01 1.442412060302e-04 2.415013717617e-01
1.463316582915e-04 3.485999733933e-01 1.463316582915e-04 1.440076092108e-01 1.463316582915e-04 2.610417804933e-01 1.463316582915e-04 2.415019683461e-01
1.484221105528e-04 3.485999585414e-01 1.484221105528e-04 1.439574096145e-01 1.484221105528e-04 2.608814182024e-01 1.484221105528e-04 2.415028327508e-01
1.505125628141e-04 3.485999351507e-01 1.505125628141e-04 1.439347420309e-01 1.505125628141e-04 2.607128241345e-01 1.505125628141e-04 2.415040889098e-01
1.526030150754e-04 3.485998981094e-01 1.526030150754e-04 1.439467109552e-01 1.526030150754e-04 2.605358047073e-01 1.526030150754e-04 2.415059196912e-01
1.546934673367e-04 3.485998390862e-01 1.546934673367e-04 1.440011597353e-01 1.546934673367e-04 2.603501909595e-01 1.546934673367e-04 2.415085955757e-01
1.567839195980e-04 3.485997443800e-01 1.567839195980e-04 1.441065135849e-01 1.567839195980e-04 2.601558424028e-01 1.567839195980e-04 2.415125175426e-01
1.588743718593e-04 3.485995912485e-01 1.588743718593e-04 1.442715200652e-01 1.588743718593e-04 2.599526509629e-01 1.588743718593e-04 2.415182812938e-01
1.609648241206e-04 3.485993415746e-01 1.609648241206e-04 1.445048647157e-01 1.609648241206e-04 2.597405449478e-01 1.609648241206e-04 2.415267735366e-01
1.630552763819e-04 3.485989308474e-01 1.630552763819e-04 1.448146429295e-01 1.630552763819e-04 2.595194929754e-01 1.630552763819e-04 2.415393164368e-01
1.651457286432e-04 3.485982488221e-01 1.651457286432e-04 1.452076773494e-01 1.651457286432e-04 2.592895077817e-01 1.651457286432e-04 2.415578844033e-01
1.672361809045e-04 3.485971053148e-01 1.672361809045e-04 1.456886844599e-01 1.672361809045e-04 2.590506498210e-01 1.672361809045e-04 2.415854293021e-01
1.693266331658e-04 3.485951692774e-01 1.693266331658e-04 1.462593157547e-01 1.693266331658e-04 2.588030305671e-01 1.693266331658e-04 2.416263676882e-01
1.714170854271e-04 3.485918596012e-01 1.714170854271e-04 1.469171279395e-01 1.714170854271e-04 2.585468154139e-01 1.714170854271e-04 2.416873087822e-01
1.735075376884e-04 3.485861483570e-01 1.735075376884e-04 1.476545714617e-01 1.735075376884e-04 2.582822260785e-01 1.735075376884e-04 2.417781368645e-01
1.755979899497e-04 3.485762046984e-01 1.755979899497e-04 1.484581231449e-01 1.755979899497e-04 2.580095424054e-01 1.755979899497e-04 2.419136075382e-01
1.776884422111e-04 3.485587483216e-01 1.776884422111e-04 1.493077198507e-01 1.776884422111e-04 2.577291034787e-01 1.776884422111e-04 2.421156704847e-01
1.797788944724e-04 3.485278736143e-01 1.797788944724e-04 1.501766662382e-01 1.797788944724e-04 2.574413079566e-01 1.797788944724e-04 2.424167760691e-01
1.818693467337e-04 3.484729124885e-01 1.818693467337e-04 1.510321798805e-01 1.818693467337e-04 2.571466135558e-01 1.818693467337e-04 2.428644139953e-01
1.839597989950e-04 3.483745671555e-01 1.839597989950e-04 1.518366916985e-01 1.839597989950e-04 2.568455356295e-01 1.839597989950e-04 2.435269610838e-01
1.860502512563e-04 3.481979904205e-01 1.860502512563e-04 1.525499346002e-01 1.860502512563e-04 2.565386448032e-01 1.860502512563e-04 2.445003604123e-01
1.881407035176e-04 3.478806979798e-01 1.881407035176e-04 1.531317333400e-01 1.881407035176e-04 2.562265636575e-01 1.881407035176e-04 2.459138398473e-01
1.902311557789e-04 3.473124767295e-01 1.902311557789e-04 1.535452707121e-01 1.902311557789e-04 2.559099624707e-01 1.902311557789e-04 2.479303797654e-01
1.923216080402e-04 3.463053748732e-01 1.923216080402e-04 1.537604770630e-01 1.923216080402e-04 2.555895540643e-01 1.923216080402e-04 2.507340939701e-01
1.944120603015e-04 3.445594880108e-01 1.944120603015e-04 1.537571052562e-01 1.944120603015e-04 2.552660878188e-01 1.944120603015e-04 2.544943953606e-01
1.965025125628e-04 3.416554768888e-01 1.965025125628e-04 1.535270415422e-01 1.965025125628e-04 2.549403429587e-01 1.965025125628e-04 2.593021915364e-01
1.985929648241e-04 3.371530095074e-01 1.985929648241e-04 1.530754797873e-01 1.985929648241e-04 2.546131212256e-01 1.985929648241e-04 2.650943264460e-01
2.006834170854e-04 3.308842689137e-01 2.006834170854e-04 1.524207453830e-01 2.006834170854e-04 2.542852390822e-01 2.006834170854e-04 2.716135926768e-01
2.027738693467e-04 3.233209069582e-01 2.027738693467e-04 1.515927656448e-01 2.027738693467e-04 2.539575196062e-01 2.027738693467e-04 2.784576576247e-01
2.048643216080e-04 3.155243611829e-01 2.048643216080e-04 1.506303991860e-01 2.048643216080e-04 2.536307842444e-01 2.048643216080e-04 2.852153135138e-01
2.069547738693e-04 3.084674108594e-01 2.069547738693e-04 1.495780086750e-01 2.069547738693e-04 2.533058446003e-01 2.069547738693e-04 2.916095813409e-01
2.090452261307e-04 3.024388882032e-01 2.090452261307e-04 1.484817530098e-01 2.090452261307e-04 2.529834944313e-01 2.090452261307e-04 2.975573372766e-01
2.111356783920e-04 2.971289707656e-01 2.111356783920e-04 1.473860724206e-01 2.111356783920e-04 2.526645020195e-01 2.111356783920e-04 3.031277701087e-01
2.132261306533e-04 2.920696753283e-01 2.132261306533e-04 1.463307542756e-01 2.132261306533e-04 2.523496030710e-01 2.132261306533e-04 3.084497608276e-01
2.153165829146e-04 2.869661028844e-01 2.153165829146e-04 1.453488279104e-01 2.153165829146e-04 2.520394942755e-01 2.153165829146e-04 3.136259856663e-01
2.174070351759e-04 2.818094528275e-01 2.174070351759e-04 1.444653806476e-01 2.174070351759e-04 2.517348276408e-01 2.174070351759e-04 3.186841844906e-01
2.194974874372e-04 2.768227660644e-01 2.194974874372e-04 1.436972476339e-01 2.194974874372e-04 2.514362056852e-01 2.194974874372e-04 3.235706109981e-01
2.215879396985e-04 2.723112079600e-01 2.215879396985e-04 1.430534271977e-01 2.215879396985e-04 2.511441775480e-01 2.215879396985e-04 3.281762119040e-01
2.236783919598e-04 2.685096543588e-01 2.236783919598e-04 1.425360193600e-01 2.236783919598e-04 2.508592360488e-01 2.236783919598e-04 3.323783970330e-01
2.257688442211e-04 2.655067728633e-01 2.257688442211e-04 1.421414743738e-01 2.257688442211e-04 2.505818156978e-01 2.257688442211e-04 3.360796125251e-01
2.278592964824e-04 2.632574952475e-01 2.278592964824e-04 1.418619598240e-01 2.278592964824e-04 2.503122916378e-01 2.278592964824e-04 3.392296402328e-01
2.299497487437e-04 2.616399902409e-01 2.299497487437e-04 1.416866954324e-01 2.299497487437e-04 2.500509794715e-01 2.299497487437e-04 3.418287109995e-01
2.320402010050e-04 2.605109158944e-01 2.320402010050e-04 1.416031519708e-01 2.320402010050e-04 2.497981359128e-01 2.320402010050e-04 3.439169280827e-01
2.341306532663e-04 2.597391450334e-01 2.341306532663e-04 1.415980554499e-01 2.341306532663e-04 2.495539601834e-01 2.341306532663e-04 3.455583349593e-01
2.362211055276e-04 2.592191622129e-01 2.362211055276e-04 1.416581746384e-01 2.362211055276e-04 2.493185960646e-01 2.362211055276e-04 3.468261167415e-01
2.383115577889e-04 2.588722218192e-01 2.383115577889e-04 1.417708968434e-01 2.383115577889e-04 2.490921345092e-01 2.383115577889e-04 3.477919942353e-01
2.404020100503e-04 2.586422405638e-01 2.404020100503e-04 1.419246139668e-01 2.404020100503e-04 2.488746167123e-01 2.404020100503e-04 3.485201576031e-01
2.424924623116e-04 2.584904457734e-01 2.424924623116e-04 1.421089496775e-01 2.424924623116e-04 2.486660375419e-01 2.424924623116e-04 3.490647502471e-01
2.445829145729e-04 2.583905405336e-01 2.445829145729e-04 1.423148611981e-01 2.445829145729e-04 2.484663492322e-01 2.445829145729e-04 3.494696214051e-01
2.466733668342e-04 2.583249091161e-01 2.466733668342e-04 1.425346477465e-01 2.466733668342e-04 2.482754652489e-01 2.466733668342e-04 3.497692817102e-01
2.487638190955e-04 2.582818457451e-01 2.487638190955e-04 1.427618938443e-01 2.487638190955e-04 2.480932642419e-01 2.487638190955e-04 3.499903431649e-01
2.508542713568e-04 2.582536124643e-01 2.508542713568e-04 1.429913708308e-01 2.508542713568e-04 2.479195940105e-01 2.508542713568e-04 3.501530277865e-01
2.529447236181e-04 2.582351115808e-01 2.529447236181e-04 1.432189148804e-01 2.529447236181e-04 2.477542754159e-01 2.529447236181e-04 3.502725397310e-01
2.550351758794e-04 2.582229922067e-01 2.550351758794e-04 1.434412951746e-01 2.550351758794e-04 2.475971061841e-01 2.550351758794e-04 3.503602228488e-01
2.571256281407e-04 2.582150548516e-01 2.571256281407e-04 1.436560818848e-01 2.571256281407e-04 2.474478645553e-01 2.571256281407e-04 3.504244937212e-01
2.592160804020e-04 2.582098571345e-01 2.592160804020e-04 1.438615203809e-01 2.592160804020e-04 2.473063127418e-01 2.592160804020e-04 3.504715718052e-01
2.613065326633e-04 2.582064537406e-01 2.613065326633e-04 1.440564155697e-01 2.613065326633e-04 2.471722001678e-01 2.613065326633e-04 3.505060395060e-01
2.633969849246e-04 2.582042253647e-01 2.633969849246e-04 1.442400284025e-01 2.633969849246e-04 2.470452664732e-01 2.633969849246e-04 3.505312658929e-01
2.654874371859e-04 2.582027663817e-01 2.654874371859e-04 1.444119852697e-01 2.654874371859e-04 2.469252442672e-01 2.654874371859e-04 3.505497241560e-01
2.675778894472e-04 2.582018111620e-01 2.675778894472e-04 1.445722001077e-01 2.675778894472e-04 2.468118616297e-01 2.675778894472e-04 3.505632278146e-01
2.696683417085e-04 2.582011857716e-01 2.696683417085e-04 1.447208084795e-01 2.696683417085e-04 2.467048443575e-01 2.696683417085e-04 3.505731056067e-01
2.717587939698e-04 2.582007763261e-01 2.717587939698e-04 1.448581125721e-01 2.717587939698e-04 2.466039179626e-01 2.717587939698e-04 3.505803305207e-01
2.738492462312e-04 2.582005082614e-01 2.738492462312e-04 1.449845358986e-01 2.738492462312e-04 2.465088094291e-01 2.738492462312e-04 3.505856147507e-01
2.759396984925e-04 2.582003327592e-01 2.759396984925e-04 1.451005864646e-01 2.759396984925e-04 2.464192487409e-01 2.759396984925e-04 3.505894794473e-01
2.780301507538e-04 2.582002178579e-01 2.780301507538e-04 1.452068271979e-01 2.780301507538e-04 2.463349701932e-01 2.780301507538e-04 3.505923058870e-01
2.801206030151e-04 2.582001426320e-01 2.801206030151e-04 1.453038525245e-01 2.801206030151e-04 2.462557135022e-01 2.801206030151e-04 3.505943729745e-01
2.822110552764e-04 2.582000933815e-01 2.822110552764e-04 1.453922700878e-01 2.822110552764e-04 2.461812247283e-01 2.822110552764e-04 3.505958847097e-01
2.843015075377e-04 2.582000611371e-01 2.843015075377e-04 1.454726867220e-01 2.843015075377e-04 2.461112570301e-01 2.843015075377e-04 3.505969902949e-01
2.863919597990e-04 2.582000400266e-01 2.863919597990e-04 1.455456979120e-01 2.863919597990e-04 2.460455712628e-01 2.863919597990e-04 3.505977988501e-01
2.884824120603e-04 2.582000262056e-01 2.884824120603e-04 1.456118800808e-01 2.884824120603e-04 2.459839364394e-01 2.884824120603e-04 3.505983901787e-01
2.905728643216e-04 2.582000171569e-01 2.905728643216e-04 1.456717851488e-01 2.905728643216e-04 2.459261300673e-01 2.905728643216e-04 3.505988226431e-01
2.926633165829e-04 2.582000112327e-01 2.926633165829e-04 1.457259369013e-01 2.926633165829e-04 2.458719383762e-01 2.926633165829e-04 3.505991389250e-01
2.947537688442e-04 2.582000073541e-01 2.947537688442e-04 1.457748287758e-01 2.947537688442e-04 2.458211564509e-01 2.947537688442e-04 3.505993702385e-01
2.968442211055e-04 2.582000048147e-01 2.968442211055e-04 1.458189227552e-01 2.968442211055e-04 2.457735882805e-01 2.968442211055e-04 3.505995394112e-01
2.989346733668e-04 2.582000031522e-01 2.989346733668e-04 1.458586491063e-01 2.989346733668e-04 2.457290467369e-01 2.989346733668e-04 3.505996631375e-01
3.010251256281e-04 2.582000020638e-01 3.010251256281e-04 1.458944067534e-01 3.010251256281e-04 2.456873534925e-01 3.010251256281e-04 3.505997536266e-01
3.031155778894e-04 2.582000013512e-01 3.031155778894e-04 1.459265641214e-01 3.031155778894e-04 2.456483388871e-01 3.031155778894e-04 3.505998198075e-01
3.052060301508e-04 2.582000008846e-01 3.052060301508e-04 1.459554603100e-01 3.052060301508e-04 2.456118417526e-01 3.052060301508e-04 3.505998682104e-01
3.072964824121e-04 2.582000005792e-01 3.072964824121e-04 1.459814064963e-01 3.072964824121e-04 2.455777092034e-01 3.072964824121e-04 3.505999036111e-01
3.093869346734e-04 2.582000003792e-01 3.093869346734e-04 1.460046874803e-01 3.093869346734e-04 2.455457963993e-01 3.093869346734e-04 3.505999295024e-01
3.114773869347e-04 2.582000002483e-01 3.114773869347e-04 1.460255633084e-01 3.114773869347e-04 2.455159662871e-01 3.114773869347e-04 3.505999484389e-01
3.135678391960e-04 2.582000001625e-01 3.135678391960e-04 1.460442709279e-01 3.135678391960e-04 2.454880893263e-01 3.135678391960e-04 3.505999622887e-01
3.156582914573e-04 2.582000001064e-01 3.156582914573e-04 1.460610258314e-01 3.156582914573e-04 2.454620432035e-01 3.156582914573e-04 3.505999724182e-01
3.177487437186e-04 2.582000000697e-01 3.177487437186e-04 1.460760236670e-01 3.177487437186e-04 2.454377125393e-01 3.177487437186e-04 3.505999798269e-01
3.198391959799e-04 2.582000000456e-01 3.198391959799e-04 1.460894417925e-01 3.198391959799e-04 2.454149885913e-01 3.198391959799e-04 3.505999852455e-01
3.219296482412e-04 2.582000000299e-01 3.219296482412e-04 1.461014407600e-01 3.219296482412e-04 2.453937689569e-01 3.219296482412e-04 3.505999892086e-01
3.240201005025e-04 2.582000000196e-01 3.240201005025e-04 1.461121657230e-01 3.240201005025e-04 2.453739572768e-01 3.240201005025e-04 3.505999921072e-01
3.261105527638e-04 2.582000000128e-01 3.261105527638e-04 1.461217477593e-01 3.261105527638e-04 2.453554629422e-01 3.261105527638e-04 3.505999942272e-01
3.282010050251e-04 2.582000000084e-01 3.282010050251e-04 1.461303051087e-01 3.282010050251e-04 2.453382008077e-01 3.282010050251e-04 3.505999957778e-01
3.302914572864e-04 2.582000000055e-01 3.302914572864e-04 1.461379443245e-01 3.302914572864e-04 2.453220909107e-01 3.302914572864e-04 3.505999969119e-01
3.323819095477e-04 2.582000000036e-01 3.323819095477e-04 1.461447613403e-01 3.323819095477e-04 2.453070581979e-01 3.323819095477e-04 3.505999977413e-01
3.344723618090e-04 2.582000000024e-01 3.344723618090e-04 1.461508424545e-01 3.344723618090e-04 2.452930322614e-01 3.344723618090e-04 3.505999983480e-01
3.365628140704e-04 2.582000000015e-01 3.365628140704e-04 1.461562652370e-01 3.365628140704e-04 2.452799470831e-01 3.365628140704e-04 3.505999987917e-01
3.386532663317e-04 2.582000000010e-01 3.386532663317e-04 1.461610993598e-01 3.386532663317e-04 2.452677407892e-01 3.386532663317e-04 3.505999991163e-01
3.407437185930e-04 2.582000000007e-01 3.407437185930e-04 1.461654073581e-01 3.407437185930e-04 2.452563554144e-01 3.407437185930e-04 3.505999993536e-01
3.428341708543e-04 2.582000000004e-01 3.428341708543e-04 1.461692453246e-01 3.428341708543e-04 2.452457366764e-01 3.428341708543e-04 3.505999995273e-01
3.449246231156e-04 2.582000000003e-01 3.449246231156e-04 1.461726635429e-01 3.449246231156e-04 2.452358337603e-01 3.449246231156e-04 3.505999996542e-01
3.470150753769e-04 2.582000000002e-01 3.470150753769e-04 1.461757070627e-01 3.470150753769e-04 2.452265991134e-01 3.470150753769e-04 3.505999997471e-01
3.491055276382e-04 2.582000000001e-01 3.491055276382e-04 1.461784162229e-01 3.491055276382e-04 2.452179882495e-01 3.491055276382e-04 3.505999998150e-01
3.511959798995e-04 2.582000000001e-01 3.511959798995e-04 1.461808271255e-01 3.511959798995e-04 2.452099595636e-01 3.511959798995e-04 3.505999998647e-01
3.532864321608e-04 2.582000000001e-01 3.532864321608e-04 1.461829720649e-01 3.532864321608e-04 2.452024741561e-01 3.532864321608e-04 3.505999999010e-01
3.553768844221e-04 2.582000000000e-01 3.553768844221e-04 1.461848799161e-01 3.553768844221e-04 2.451954956655e-01 3.553768844221e-04 3.505999999276e-01
3.574673366834e-04 2.582000000000e-01 3.574673366834e-04 1.461865764856e-01 3.574673366834e-04 2.451889901114e-01 3.574673366834e-04 3.505999999471e-01
3.595577889447e-04 2.582000000000e-01 3.595577889447e-04 1.461880848274e-01 3.595577889447e-04 2.451829257453e-01 3.595577889447e-04 3.505999999613e-01
3.616482412060e-04 2.582000000000e-01 3.616482412060e-04 1.461894255287e-01 3.616482412060e-04 2.451772729101e-01 3.616482412060e-04 3.505999999717e-01
3.637386934673e-04 2.582000000000e-01 3.637386934673e-04 1.461906169664e-01 3.637386934673e-04 2.451720039076e-01 3.637386934673e-04 3.505999999793e-01
3.658291457286e-04 2.582000000000e-01 3.658291457286e-04 1.461916755391e-01 3.658291457286e-04 2.451670928738e-01 3.658291457286e-04 3.505999999849e-01
3.679195979899e-04 2.582000000000e-01 3.679195979899e-04 1.461926158742e-01 3.679195979899e-04 2.451625156612e-01 3.679195979899e-04 3.505999999889e-01
3.700100502513e-04 2.582000000000e-01 3.700100502513e-04 1.461934510152e-01 3.700100502513e-04 2.451582497287e-01 3.700100502513e-04 3.505999999919e-01
3.721005025126e-04 2.582000000000e-01 3.721005025126e-04 1.461941925893e-01 3.721005025126e-04 2.451542740371e-01 3.721005025126e-04 3.505999999941e-01
3.741909547739e-04 2.582000000000e-01 3.741909547739e-04 1.461948509584e-01 3.741909547739e-04 2.451505689525e-01 3.741909547739e-04 3.505999999957e-01
3.762814070352e-04 2.582000000000e-01 3.762814070352e-04 1.461954353532e-01 3.762814070352e-04 2.451471161541e-01 3.762814070352e-04 3.505999999968e-01
3.783718592965e-04 2.582000000000e-01 3.783718592965e-04 1.461959539953e-01 3.783718592965e-04 2.451438985484e-01 3.783718592965e-04 3.505999999977e-01
3.804623115578e-04 2.582000000000e-01 3.804623115578e-04 1.461964142046e-01 3.804623115578e-04 2.451409001889e-01 3.804623115578e-04 3.505999999983e-01
3.825527638191e-04 2.582000000000e-01 3.825527638191e-04 1.461968224970e-01 3.825527638191e-04 2.451381062006e-01 3.825527638191e-04 3.505999999988e-01
3.846432160804e-04 2.582000000000e-01 3.846432160804e-04 1.461971846712e-01 3.846432160804e-04 2.451355027091e-01 3.846432160804e-04 3.505999999991e-01
3.867336683417e-04 2.582000000000e-01 3.867336683417e-04 1.461975058861e-01 3.867336683417e-04 2.451330767747e-01 3.867336683417e-04 3.505999999993e-01
3.888241206030e-04 2.582000000000e-01 3.888241206030e-04 1.461977907302e-01 3.888241206030e-04 2.451308163300e-01 3.888241206030e-04 3.505999999995e-01
3.909145728643e-04 2.582000000000e-01 3.909145728643e-04 1.461980432844e-01 3.909145728643e-04 2.451287101225e-01 3.909145728643e-04 3.505999999996e-01
3.930050251256e-04 2.582000000000e-01 3.930050251256e-04 1.461982671763e-01 3.930050251256e-04 2.451267476597e-01 3.930050251256e-04 3.505999999997e-01
3.950954773869e-04 2.582000000000e-01 3.950954773869e-04 1.461984656308e-01 3.950954773869e-04 2.451249191589e-01 3.950954773869e-04 3.505999999998e-01
3.971859296482e-04 2.582000000000e-01 3.971859296482e-04 1.461986415135e-01 3.971859296482e-04 2.451232154994e-01 3.971859296482e-04 3.505999999999e-01
3.992763819095e-04 2.582000000000e-01 3.992763819095e-04 1.461987973706e-01 3.992763819095e-04 2.451216281784e-01 3.992763819095e-04 3.505999999999e-01
4.013668341709e-04 2.582000000000e-01 4.013668341709e-04 1.461989354641e-01 4.013668341709e-04 2.451201492695e-01 4.013668341709e-04 3.505999999999e-01
4.034572864322e-04 2.582000000000e-01 4.034572864322e-04 1.461990578027e-01 4.034572864322e-04 2.451187713839e-01 4.034572864322e-04 3.505999999999e-01
4.055477386935e-04 2.582000000000e-01 4.055477386935e-04 1.461991661701e-01 4.055477386935e-04 2.451174876343e-01 4.055477386935e-04 3.506000000000e-01
4.076381909548e-04 2.582000000000e-01 4.076381909548e-04 1.461992621502e-01 4.076381909548e-04 2.451162916012e-01 4.076381909548e-04 3.506000000000e-01
4.097286432161e-04 2.582000000000e-01 4.097286432161e-04 1.461993471485e-01 4.097286432161e-04 2.451151773013e-01 4.097286432161e-04 3.506000000000e-01
4.118190954774e-04 2.582000000000e-01 4.118190954774e-04 1.461994224128e-01 4.118190954774e-04 2.451141391582e-01 4.118190954774e-04 3.506000000000e-01
4.139095477387e-04 2.582000000000e-01 4.139095477387e-04 1.461994890501e-01 4.139095477387e-04 2.451131719744e-01 4.139095477387e-04 3.506000000000e-01
4.160000000000e-04 2.582000000000e-01 4.160000000000e-04 1.461995480426e-01 4.160000000000e-04 2.451122709066e-01 4.160000000000e-04 3.506000000000e-01
