0.000000000000e+00 2.858761926290e-01 0.000000000000e+00 2.045997441913e-01 0.000000000000e+00 1.205000028841e-01 0.000000000000e+00 8.861731248403e-02 0.000000000000e+00 3.003992739799e-01
2.879396984925e-06 2.858740288294e-01 2.879396984925e-06 2.045997061520e-01 2.879396984925e-06 1.205000034801e-01 2.879396984925e-06 8.861886222900e-02 2.879396984925e-06 3.003992051221e-01
5.758793969849e-06 2.858716683305e-01 5.758793969849e-06 2.045996624560e-01 5.758793969849e-06 1.205000041992e-01 5.758793969849e-06 8.862055877819e-02 5.758793969849e-06 3.003991296982e-01
8.638190954774e-06 2.858690932471e-01 8.638190954774e-06 2.045996122623e-01 8.638190954774e-06 1.205000050671e-01 8.638190954774e-06 8.862241700640e-02 8.638190954774e-06 3.003990470735e-01
1.151758793970e-05 2.858662840678e-01 1.151758793970e-05 2.045995546044e-01 1.151758793970e-05 1.205000061143e-01 1.151758793970e-05 8.862445340522e-02 1.151758793970e-05 3.003989565504e-01
1.439698492462e-05 2.858632195064e-01 1.439698492462e-05 2.045994883725e-01 1.439698492462e-05 1.205000073781e-01 1.439698492462e-05 8.862668627025e-02 1.439698492462e-05 3.003988573609e-01
1.727638190955e-05 2.858598763412e-01 1.727638190955e-05 2.045994122914e-01 1.727638190955e-05 1.205000089031e-01 1.727638190955e-05 8.862913591129e-02 1.727638190955e-05 3.003987486592e-01
2.015577889447e-05 2.858562292385e-01 2.015577889447e-05 2.045993248967e-01 2.015577889447e-05 1.205000107434e-01 2.015577889447e-05 8.863182488808e-02 2.015577889447e-05 3.003986295138e-01
2.303517587940e-05 2.858522505607e-01 2.303517587940e-05 2.045992245058e-01 2.303517587940e-05 1.205000129642e-01 2.303517587940e-05 8.863477827514e-02 2.303517587940e-05 3.003984988966e-01
2.591457286432e-05 2.858479101572e-01 2.591457286432e-05 2.045991091861e-01 2.591457286432e-05 1.205000156442e-01 2.591457286432e-05 8.863802395912e-02 2.591457286432e-05 3.003983556732e-01
2.879396984925e-05 2.858431751357e-01 2.879396984925e-05 2.045989767177e-01 2.879396984925e-05 1.205000188784e-01 2.879396984925e-05 8.864159297304e-02 2.879396984925e-05 3.003981985898e-01
3.167336683417e-05 2.858380096130e-01 3.167336683417e-05 2.045988245505e-01 3.167336683417e-05 1.205000227814e-01 3.167336683417e-05 8.864551987188e-02 3.167336683417e-05 3.003980262592e-01
3.455276381910e-05 2.858323744438e-01 3.455276381910e-05 2.045986497551e-01 3.455276381910e-05 1.205000274914e-01 3.455276381910e-05 8.864984315505e-02 3.455276381910e-05 3.003978371446e-01
3.743216080402e-05 2.858262269238e-01 3.743216080402e-05 2.045984489668e-01 3.743216080402e-05 1.205000331755e-01 3.743216080402e-05 8.865460574144e-02 3.743216080402e-05 3.003976295415e-01
4.031155778894e-05 2.858195204672e-01 4.031155778894e-05 2.045982183202e-01 4.031155778894e-05 1.205000400352e-01 4.031155778894e-05 8.865985550407e-02 4.031155778894e-05 3.003974015558e-01
4.319095477387e-05 2.858122042539e-01 4.319095477387e-05 2.045979533756e-01 4.319095477387e-05 1.205000483135e-01 4.319095477387e-05 8.866564587171e-02 4.319095477387e-05 3.003971510797e-01
4.607035175879e-05 2.858042228458e-01 4.607035175879e-05 2.045976490329e-01 4.607035175879e-05 1.205000583041e-01 4.607035175879e-05 8.867203650626e-02 4.607035175879e-05 3.003968757628e-01
4.894974874372e-05 2.857955157678e-01 4.894974874372e-05 2.045972994338e-01 4.894974874372e-05 1.205000703610e-01 4.894974874372e-05 8.867909406542e-02 4.894974874372e-05 3.003965729792e-01
5.182914572864e-05 2.857860170516e-01 5.182914572864e-05 2.045968978490e-01 5.182914572864e-05 1.205000849119e-01 5.182914572864e-05 8.868689306174e-02 5.182914572864e-05 3.003962397885e-01
5.470854271357e-05 2.857756547377e-01 5.470854271357e-05 2.045964365489e-01 5.470854271357e-05 1.205001024728e-01 5.470854271357e-05 8.869551683028e-02 5.470854271357e-05 3.003958728905e-01
5.758793969849e-05 2.857643503337e-01 5.758793969849e-05 2.045959066547e-01 5.758793969849e-05 1.205001236662e-01 5.758793969849e-05 8.870505861889e-02 5.758793969849e-05 3.003954685717e-01
6.046733668342e-05 2.857520182232e-01 6.046733668342e-05 2.045952979679e-01 6.046733668342e-05 1.205001492440e-01 6.046733668342e-05 8.871562281669e-02 6.046733668342e-05 3.003950226418e-01
6.334673366834e-05 2.857385650220e-01 6.334673366834e-05 2.045945987739e-01 6.334673366834e-05 1.205001801133e-01 6.334673366834e-05 8.872732633857e-02 6.334673366834e-05 3.003945303592e-01
6.622613065327e-05 2.857238888769e-01 6.622613065327e-05 2.045937956173e-01 6.622613065327e-05 1.205002173691e-01 6.622613065327e-05 8.874030018544e-02 6.622613065327e-05 3.003939863415e-01
6.910552763819e-05 2.857078787024e-01 6.910552763819e-05 2.045928730428e-01 6.910552763819e-05 1.205002623329e-01 6.910552763819e-05 8.875469120276e-02 6.910552763819e-05 3.003933844595e-01
7.198492462312e-05 2.856904133485e-01 7.198492462312e-05 2.045918132986e-01 7.198492462312e-05 1.205003165999e-01 7.198492462312e-05 8.877066406235e-02 7.198492462312e-05 3.003927177095e-01
7.486432160804e-05 2.856713606963e-01 7.486432160804e-05 2.045905959956e-01 7.486432160804e-05 1.205003820953e-01 7.486432160804e-05 8.878840349589e-02 7.486432160804e-05 3.003919780610e-01
7.774371859296e-05 2.856505766721e-01 7.774371859296e-05 2.045891977154e-01 7.774371859296e-05 1.205004611430e-01 7.774371859296e-05 8.880811681155e-02 7.774371859296e-05 3.003911562724e-01
8.062311557789e-05 2.856279041763e-01 8.062311557789e-05 2.045875915614e-01 8.062311557789e-05 1.205005565477e-01 8.062311557789e-05 8.883003672946e-02 8.062311557789e-05 3.003902416694e-01
8.350251256281e-05 2.856031719175e-01 8.350251256281e-05 2.045857466431e-01 8.350251256281e-05 1.205006716951e-01 8.350251256281e-05 8.885442457544e-02 8.350251256281e-05 3.003892218761e-01
8.638190954774e-05 2.855761931450e-01 8.638190954774e-05 2.045836274832e-01 8.638190954774e-05 1.205008106712e-01 8.638190954774e-05 8.888157387724e-02 8.638190954774e-05 3.003880824900e-01
8.926130653266e-05 2.855467642718e-01 8.926130653266e-05 2.045811933388e-01 8.926130653266e-05 1.205009784084e-01 8.926130653266e-05 8.891181441265e-02 8.926130653266e-05 3.003868066863e-01
9.214070351759e-05 2.855146633787e-01 9.214070351759e-05 2.045783974211e-01 9.214070351759e-05 1.205011808599e-01 9.214070351759e-05 8.894551676383e-02 9.214070351759e-05 3.003853747368e-01
9.502010050251e-05 2.854796485892e-01 9.502010050251e-05 2.045751860011e-01 9.502010050251e-05 1.205014252116e-01 9.502010050251e-05 8.898309743858e-02 9.502010050251e-05 3.003837634233e-01
9.789949748744e-05 2.854414563074e-01 9.789949748744e-05 2.045714973825e-01 9.789949748744e-05 1.205017201369e-01 9.789949748744e-05 8.902502462496e-02 9.789949748744e-05 3.003819453216e-01
1.007788944724e-04 2.853997993059e-01 1.007788944724e-04 2.045672607251e-01 1.007788944724e-04 1.205020761049e-01 1.007788944724e-04 8.907182465243e-02 1.007788944724e-04 3.003798879255e-01
1.036582914573e-04 2.853543646537e-01 1.036582914573e-04 2.045623946947e-01 1.036582914573e-04 1.205025057524e-01 1.036582914573e-04 8.912408923936e-02 1.036582914573e-04 3.003775525755e-01
1.065376884422e-04 2.853048114721e-01 1.065376884422e-04 2.045568059154e-01 1.065376884422e-04 1.205030243322e-01 1.065376884422e-04 8.918248361324e-02 1.065376884422e-04 3.003748931448e-01
1.094170854271e-04 2.852507685061e-01 1.094170854271e-04 2.045503871973e-01 1.094170854271e-04 1.205036502552e-01 1.094170854271e-04 8.924775559681e-02 1.094170854271e-04 3.003718544286e-01
1.122964824121e-04 2.851918314981e-01 1.122964824121e-04 2.045430155040e-01 1.122964824121e-04 1.205044057439e-01 1.122964824121e-04 8.932074575894e-02 1.122964824121e-04 3.003683701662e-01
1.151758793970e-04 2.851275603512e-01 1.151758793970e-04 2.045345496275e-01 1.151758793970e-04 1.205053176216e-01 1.151758793970e-04 8.940239873469e-02 1.151758793970e-04 3.003643606109e-01
1.180552763819e-04 2.850574760677e-01 1.180552763819e-04 2.045248275254e-01 1.180552763819e-04 1.205064182646e-01 1.180552763819e-04 8.949377582205e-02 1.180552763819e-04 3.003597295439e-01
1.209346733668e-04 2.849810574486e-01 1.209346733668e-04 2.045136632762e-01 1.209346733668e-04 1.205077467515e-01 1.209346733668e-04 8.959606896447e-02 1.209346733668e-04 3.003543606006e-01
1.238140703518e-04 2.848977375411e-01 1.238140703518e-04 2.045008435976e-01 1.238140703518e-04 1.205093502505e-01 1.238140703518e-04 8.971061622646e-02 1.238140703518e-04 3.003481127522e-01
1.266934673367e-04 2.848068998180e-01 1.266934673367e-04 2.044861238705e-01 1.266934673367e-04 1.205112856925e-01 1.266934673367e-04 8.983891886263e-02 1.266934673367e-04 3.003408147450e-01
1.295728643216e-04 2.847078740764e-01 1.295728643216e-04 2.044692236003e-01 1.295728643216e-04 1.205136217914e-01 1.295728643216e-04 8.998266006811e-02 1.295728643216e-04 3.003322582583e-01
1.324522613065e-04 2.845999320409e-01 1.324522613065e-04 2.044498212418e-01 1.324522613065e-04 1.205164414801e-01 1.324522613065e-04 9.014372547748e-02 1.324522613065e-04 3.003221894838e-01
1.353316582915e-04 2.844822826594e-01 1.353316582915e-04 2.044275483066e-01 1.353316582915e-04 1.205198448502e-01 1.353316582915e-04 9.032422544712e-02 1.353316582915e-04 3.003102987666e-01
1.382110552764e-04 2.843540670776e-01 1.382110552764e-04 2.044019826593e-01 1.382110552764e-04 1.205239526978e-01 1.382110552764e-04 9.052651911075e-02 1.382110552764e-04 3.002962078673e-01
1.410904522613e-04 2.842143532833e-01 1.410904522613e-04 2.043726409059e-01 1.410904522613e-04 1.205289107994e-01 1.410904522613e-04 9.075324013400e-02 1.410904522613e-04 3.002794543062e-01
1.439698492462e-04 2.840621304087e-01 1.439698492462e-04 2.043389697648e-01 1.439698492462e-04 1.205348950679e-01 1.439698492462e-04 9.100732400878e-02 1.439698492462e-04 3.002594721416e-01
1.468492462312e-04 2.838963026861e-01 1.468492462312e-04 2.043003363062e-01 1.468492462312e-04 1.205421177679e-01 1.468492462312e-04 9.129203661467e-02 1.468492462312e-04 3.002355683979e-01
1.497286432161e-04 2.837156830491e-01 1.497286432161e-04 2.042560169370e-01 1.497286432161e-04 1.205508350058e-01 1.497286432161e-04 9.161100362891e-02 1.497286432161e-04 3.002068942049e-01
1.526080402010e-04 2.835189863790e-01 1.526080402010e-04 2.042051850070e-01 1.526080402010e-04 1.205613557524e-01 1.526080402010e-04 9.196824018043e-02 1.526080402010e-04 3.001724095369e-01
1.554874371859e-04 2.833048223961e-01 1.554874371859e-04 2.041468969096e-01 1.554874371859e-04 1.205740527076e-01 1.554874371859e-04 9.236817991177e-02 1.554874371859e-04 3.001308402487e-01
1.583668341709e-04 2.830716882005e-01 1.583668341709e-04 2.040800765563e-01 1.583668341709e-04 1.205893753751e-01 1.583668341709e-04 9.281570232908e-02 1.583668341709e-04 3.000806259043e-01
1.612462311558e-04 2.828179604694e-01 1.612462311558e-04 2.040034981156e-01 1.612462311558e-04 1.206078657874e-01 1.612462311558e-04 9.331615697948e-02 1.612462311558e-04 3.000198567092e-01
1.641256281407e-04 2.825418873235e-01 1.641256281407e-04 2.039157669292e-01 1.641256281407e-04 1.206301774016e-01 1.641256281407e-04 9.387538259541e-02 1.641256281407e-04 2.999461976962e-01
1.670050251256e-04 2.822415798754e-01 1.670050251256e-04 2.038152985554e-01 1.670050251256e-04 1.206570977846e-01 1.670050251256e-04 9.449971888919e-02 1.670050251256e-04 2.998567982561e-01
1.698844221106e-04 2.819150034797e-01 1.698844221106e-04 2.037002959397e-01 1.698844221106e-04 1.206895758155e-01 1.698844221106e-04 9.519600817645e-02 1.698844221106e-04 2.997481851920e-01
1.727638190955e-04 2.815599687046e-01 1.727638190955e-04 2.035687247948e-01 1.727638190955e-04 1.207287542547e-01 1.727638190955e-04 9.597158347423e-02 1.727638190955e-04 2.996161378551e-01
1.756432160804e-04 2.811741220446e-01 1.756432160804e-04 2.034182873724e-01 1.756432160804e-04 1.207760086743e-01 1.756432160804e-04 9.683423919018e-02 1.756432160804e-04 2.994555447421e-01
1.785226130653e-04 2.807549363986e-01 1.785226130653e-04 2.032463949570e-01 1.785226130653e-04 1.208329938875e-01 1.785226130653e-04 9.779218004457e-02 1.785226130653e-04 2.992602424575e-01
1.814020100503e-04 2.802997013288e-01 1.814020100503e-04 2.030501395964e-01 1.814020100503e-04 1.209016991781e-01 1.814020100503e-04 9.885394351703e-02 1.814020100503e-04 2.990228404990e-01
1.842814070352e-04 2.798055131161e-01 1.842814070352e-04 2.028262658265e-01 1.842814070352e-04 1.209845137850e-01 1.842814070352e-04 1.000282909835e-01 1.842814070352e-04 2.987345393415e-01
1.871608040201e-04 2.792692646163e-01 1.871608040201e-04 2.025711434466e-01 1.871608040201e-04 1.210843042349e-01 1.871608040201e-04 1.013240629232e-01 1.871608040201e-04 2.983849552841e-01
1.900402010050e-04 2.786876349136e-01 1.900402010050e-04 2.022807427733e-01 1.900402010050e-04 1.212045052190e-01 1.900402010050e-04 1.027499942749e-01 1.900402010050e-04 2.979619740071e-01
1.929195979899e-04 2.780570787526e-01 1.929195979899e-04 2.019506142355e-01 1.929195979899e-04 1.213492257280e-01 1.929195979899e-04 1.043144873560e-01 1.929195979899e-04 2.974516661030e-01
1.957989949749e-04 2.773738157160e-01 1.957989949749e-04 2.015758746757e-01 1.957989949749e-04 1.215233720581e-01 1.957989949749e-04 1.060253418693e-01 1.957989949749e-04 2.968383118967e-01
1.986783919598e-04 2.766338191025e-01 1.986783919598e-04 2.011512032723e-01 1.986783919598e-04 1.217327889846e-01 1.986783919598e-04 1.078894445144e-01 1.986783919598e-04 2.961045985004e-01
2.015577889447e-04 2.758328044500e-01 2.015577889447e-04 2.006708505677e-01 2.015577889447e-04 1.219844197772e-01 2.015577889447e-04 1.099124246175e-01 2.015577889447e-04 2.952320663756e-01
2.044371859296e-04 2.749662176495e-01 2.044371859296e-04 2.001286646168e-01 2.044371859296e-04 1.222864846445e-01 2.044371859296e-04 1.120982868898e-01 2.044371859296e-04 2.942018901634e-01
2.073165829146e-04 2.740292226213e-01 2.073165829146e-04 1.995181386917e-01 2.073165829146e-04 1.226486754670e-01 2.073165829146e-04 1.144490376442e-01 2.073165829146e-04 2.929960704729e-01
2.101959798995e-04 2.730166885728e-01 2.101959798995e-04 1.988324851684e-01 2.101959798995e-04 1.230823620643e-01 2.101959798995e-04 1.169643260547e-01 2.101959798995e-04 2.915990782856e-01
2.130753768844e-04 2.719231769698e-01 2.130753768844e-04 1.980647400432e-01 2.130753768844e-04 1.236008014722e-01 2.130753768844e-04 1.196411266373e-01 2.130753768844e-04 2.899999204449e-01
2.159547738693e-04 2.707429285233e-01 2.159547738693e-04 1.972079017997e-01 2.159547738693e-04 1.242193365028e-01 2.159547738693e-04 1.224734921964e-01 2.159547738693e-04 2.881944786119e-01
2.188341708543e-04 2.694698507780e-01 2.188341708543e-04 1.962551068985e-01 2.188341708543e-04 1.249555629907e-01 2.188341708543e-04 1.254524070938e-01 2.188341708543e-04 2.861878262477e-01
2.217135678392e-04 2.680975073016e-01 2.217135678392e-04 1.951998418123e-01 2.217135678392e-04 1.258294365324e-01 2.217135678392e-04 1.285657680532e-01 2.217135678392e-04 2.839960845226e-01
2.245929648241e-04 2.666191100617e-01 2.245929648241e-04 1.940361881921e-01 2.245929648241e-04 1.268632795005e-01 2.245929648241e-04 1.317985133108e-01 2.245929648241e-04 2.816472996563e-01
2.274723618090e-04 2.650275173784e-01 2.274723618090e-04 1.927590934446e-01 2.274723618090e-04 1.280816385777e-01 2.274723618090e-04 1.351329108188e-01 2.274723618090e-04 2.791808801470e-01
2.303517587940e-04 2.633152408857e-01 2.303517587940e-04 1.913646539732e-01 2.303517587940e-04 1.295109339068e-01 2.303517587940e-04 1.385490031191e-01 2.303517587940e-04 2.766453631225e-01
2.332311557789e-04 2.614744662405e-01 2.332311557789e-04 1.898503930645e-01 2.332311557789e-04 1.311788364107e-01 2.332311557789e-04 1.420251918298e-01 2.332311557789e-04 2.740946557055e-01
2.361105527638e-04 2.594970938710e-01 2.361105527638e-04 1.882155106896e-01 2.361105527638e-04 1.331133146237e-01 2.361105527638e-04 1.455389303727e-01 2.361105527638e-04 2.715833075265e-01
2.389899497487e-04 2.573748077886e-01 2.389899497487e-04 1.864610793588e-01 2.389899497487e-04 1.353413124328e-01 2.389899497487e-04 1.490674817377e-01 2.389899497487e-04 2.691616566479e-01
2.418693467337e-04 2.550991822546e-01 2.418693467337e-04 1.845901597650e-01 2.418693467337e-04 1.378870604322e-01 2.418693467337e-04 1.525886906372e-01 2.418693467337e-04 2.668717298554e-01
2.447487437186e-04 2.526618376421e-01 2.447487437186e-04 1.826078132766e-01 2.447487437186e-04 1.407700896942e-01 2.447487437186e-04 1.560817176093e-01 2.447487437186e-04 2.647445521907e-01
2.476281407035e-04 2.500546577764e-01 2.476281407035e-04 1.805209959568e-01 2.476281407035e-04 1.440031049991e-01 2.476281407035e-04 1.595276867774e-01 2.476281407035e-04 2.627991288980e-01
2.505075376884e-04 2.472700808391e-01 2.505075376884e-04 1.783383304794e-01 2.505075376884e-04 1.475899719392e-01 2.505075376884e-04 1.629102083801e-01 2.505075376884e-04 2.610429625866e-01
2.533869346734e-04 2.443014739138e-01 2.533869346734e-04 1.760697669291e-01 2.533869346734e-04 1.515241530314e-01 2.533869346734e-04 1.662157502647e-01 2.533869346734e-04 2.594736904759e-01
2.562663316583e-04 2.411435966852e-01 2.562663316583e-04 1.737261589106e-01 2.562663316583e-04 1.557879562585e-01 2.562663316583e-04 1.694338472707e-01 2.562663316583e-04 2.580813237728e-01
2.591457286432e-04 2.377931520105e-01 2.591457286432e-04 1.713187949717e-01 2.591457286432e-04 1.603528999274e-01 2.591457286432e-04 1.725571516944e-01 2.591457286432e-04 2.568506187930e-01
2.620251256281e-04 2.342494096626e-01 2.620251256281e-04 1.688589342973e-01 2.620251256281e-04 1.651813328343e-01 2.620251256281e-04 1.755813400835e-01 2.620251256281e-04 2.557632419272e-01
2.649045226131e-04 2.305148747023e-01 2.649045226131e-04 1.663573978582e-01 2.649045226131e-04 1.702291962928e-01 2.649045226131e-04 1.785049003171e-01 2.649045226131e-04 2.547995420350e-01
2.677839195980e-04 2.265959547707e-01 2.677839195980e-04 1.638242607452e-01 2.677839195980e-04 1.754495341906e-01 2.677839195980e-04 1.813288278409e-01 2.677839195980e-04 2.539398708267e-01
2.706633165829e-04 2.225035633995e-01 2.706633165829e-04 1.612686788261e-01 2.706633165829e-04 1.807961362300e-01 2.706633165829e-04 1.840562612479e-01 2.706633165829e-04 2.531654769494e-01
2.735427135678e-04 2.182535826851e-01 2.735427135678e-04 1.586988650045e-01 2.735427135678e-04 1.862266199489e-01 2.735427135678e-04 1.866920857545e-01 2.735427135678e-04 2.524590441570e-01
2.764221105528e-04 2.138671026479e-01 2.764221105528e-04 1.561222100608e-01 2.764221105528e-04 1.917043592057e-01 2.764221105528e-04 1.892425294104e-01 2.764221105528e-04 2.518049583121e-01
2.793015075377e-04 2.093703605066e-01 2.793015075377e-04 1.535455234539e-01 2.793015075377e-04 1.971989290659e-01 2.793015075377e-04 1.917147720098e-01 2.793015075377e-04 2.511893837923e-01
2.821809045226e-04 2.047943237354e-01 2.821809045226e-04 1.509753534410e-01 2.821809045226e-04 2.026850848664e-01 2.821809045226e-04 1.941165814397e-01 2.821809045226e-04 2.506002167599e-01
2.850603015075e-04 2.001738960958e-01 2.850603015075e-04 1.484183356432e-01 2.850603015075e-04 2.081406295265e-01 2.850603015075e-04 1.964559872359e-01 2.850603015075e-04 2.500269670791e-01
2.879396984925e-04 1.955467719907e-01 2.879396984925e-04 1.458815160202e-01 2.879396984925e-04 2.135437625924e-01 2.879396984925e-04 1.987409967964e-01 2.879396984925e-04 2.494606059738e-01
2.908190954774e-04 1.909520138971e-01 2.908190954774e-04 1.433725984214e-01 2.908190954774e-04 2.188705956618e-01 2.908190954774e-04 2.009793562391e-01 2.908190954774e-04 2.488934043526e-01
2.936984924623e-04 1.864284704202e-01 2.936984924623e-04 1.409000777748e-01 2.936984924623e-04 2.240934502162e-01 2.936984924623e-04 2.031783553183e-01 2.936984924623e-04 2.483187774136e-01
2.965778894472e-04 1.820131791257e-01 2.965778894472e-04 1.384732360130e-01 2.965778894472e-04 2.291803495521e-01 2.965778894472e-04 2.053446740657e-01 2.965778894472e-04 2.477311444320e-01
2.994572864322e-04 1.777399023908e-01 2.994572864322e-04 1.361019967333e-01 2.994572864322e-04 2.340958283637e-01 2.994572864322e-04 2.074842677739e-01 2.994572864322e-04 2.471258080131e-01
3.023366834171e-04 1.736379249719e-01 3.023366834171e-04 1.337966535980e-01 3.023366834171e-04 2.388028816201e-01 3.023366834171e-04 2.096022864310e-01 3.023366834171e-04 2.464988540581e-01
3.052160804020e-04 1.697312033816e-01 3.052160804020e-04 1.315675037799e-01 3.052160804020e-04 2.432656322323e-01 3.052160804020e-04 2.117030245970e-01 3.052160804020e-04 2.458470717750e-01
3.080954773869e-04 1.660379081884e-01 3.080954773869e-04 1.294244289475e-01 3.080954773869e-04 2.474521719588e-01 3.080954773869e-04 2.137898978442e-01 3.080954773869e-04 2.451678919167e-01
3.109748743719e-04 1.625703511538e-01 3.109748743719e-04 1.273764708564e-01 3.109748743719e-04 2.513370447303e-01 3.109748743719e-04 2.158654421598e-01 3.109748743719e-04 2.444593407822e-01
3.138542713568e-04 1.593352484483e-01 3.138542713568e-04 1.254314462796e-01 3.138542713568e-04 2.549029765225e-01 3.138542713568e-04 2.179313330352e-01 3.138542713568e-04 2.437200071857e-01
3.167336683417e-04 1.563342444380e-01 3.167336683417e-04 1.235956377171e-01 3.167336683417e-04 2.581416584675e-01 3.167336683417e-04 2.199884212938e-01 3.167336683417e-04 2.429490194680e-01
3.196130653266e-04 1.535646091634e-01 3.196130653266e-04 1.218735840336e-01 3.196130653266e-04 2.610535961802e-01 3.196130653266e-04 2.220367829961e-01 3.196130653266e-04 2.421460296192e-01
3.224924623116e-04 1.510200247571e-01 3.224924623116e-04 1.202679812862e-01 3.224924623116e-04 2.636471965574e-01 3.224924623116e-04 2.240757809936e-01 3.224924623116e-04 2.413112016616e-01
3.253718592965e-04 1.486913878163e-01 3.253718592965e-04 1.187796909070e-01 3.253718592965e-04 2.659373481209e-01 3.253718592965e-04 2.261041358764e-01 3.253718592965e-04 2.404452015871e-01
3.282512562814e-04 1.465675717214e-01 3.282512562814e-04 1.174078418796e-01 3.282512562814e-04 2.679437639625e-01 3.282512562814e-04 2.281200041812e-01 3.282512562814e-04 2.395491863523e-01
3.311306532663e-04 1.446361111587e-01 3.311306532663e-04 1.161500066325e-01 3.311306532663e-04 2.696893172056e-01 3.311306532663e-04 2.301210618140e-01 3.311306532663e-04 2.386247897060e-01
3.340100502513e-04 1.428837878568e-01 3.340100502513e-04 1.150024272275e-01 3.340100502513e-04 2.711985333368e-01 3.340100502513e-04 2.321045907035e-01 3.340100502513e-04 2.376741029606e-01
3.368894472362e-04 1.412971101747e-01 3.368894472362e-04 1.139602685997e-01 3.368894472362e-04 2.724963340839e-01 3.368894472362e-04 2.340675667658e-01 3.368894472362e-04 2.366996492260e-01
3.397688442211e-04 1.398626891302e-01 3.397688442211e-04 1.130178782284e-01 3.397688442211e-04 2.736070681526e-01 3.397688442211e-04 2.360067473330e-01 3.397688442211e-04 2.357043500900e-01
3.426482412060e-04 1.385675198997e-01 3.426482412060e-04 1.121690357071e-01 3.426482412060e-04 2.745538213921e-01 3.426482412060e-04 2.379187562989e-01 3.426482412060e-04 2.346914842442e-01
3.455276381910e-04 1.373991813095e-01 3.455276381910e-04 1.114071803174e-01 3.455276381910e-04 2.753579731566e-01 3.455276381910e-04 2.398001653655e-01 3.455276381910e-04 2.336646381024e-01
3.484070351759e-04 1.363459671158e-01 3.484070351759e-04 1.107256092122e-01 3.484070351759e-04 2.760389537613e-01 3.484070351759e-04 2.416475699442e-01 3.484070351759e-04 2.326276490009e-01
3.512864321608e-04 1.353969626160e-01 3.512864321608e-04 1.101176427017e-01 3.512864321608e-04 2.766141558844e-01 3.512864321608e-04 2.434576584705e-01 3.512864321608e-04 2.315845420906e-01
3.541658291457e-04 1.345420789647e-01 3.541658291457e-04 1.095767562100e-01 3.541658291457e-04 2.770989566448e-01 3.541658291457e-04 2.452272741252e-01 3.541658291457e-04 2.305394624795e-01
3.570452261307e-04 1.337720559227e-01 3.570452261307e-04 1.090966806660e-01 3.570452261307e-04 2.775068138582e-01 3.570452261307e-04 2.469534682129e-01 3.570452261307e-04 2.294966045468e-01
3.599246231156e-04 1.330784419754e-01 3.599246231156e-04 1.086714744936e-01 3.599246231156e-04 2.778494075760e-01 3.599246231156e-04 2.486335447210e-01 3.599246231156e-04 2.284601405808e-01
3.628040201005e-04 1.324535590199e-01 3.628040201005e-04 1.082955711082e-01 3.628040201005e-04 2.781368052156e-01 3.628040201005e-04 2.502650958489e-01 3.628040201005e-04 2.274341509967e-01
3.656834170854e-04 1.318904572461e-01 3.656834170854e-04 1.079638060582e-01 3.656834170854e-04 2.783776348009e-01 3.656834170854e-04 2.518460285572e-01 3.656834170854e-04 2.264225583429e-01
3.685628140704e-04 1.313828644892e-01 3.685628140704e-04 1.076714278408e-01 3.685628140704e-04 2.785792558410e-01 3.685628140704e-04 2.533745824258e-01 3.685628140704e-04 2.254290671266e-01
3.714422110553e-04 1.309251332125e-01 3.714422110553e-04 1.074140960812e-01 3.714422110553e-04 2.787479212166e-01 3.714422110553e-04 2.548493393138e-01 3.714422110553e-04 2.244571111873e-01
3.743216080402e-04 1.305121873806e-01 3.743216080402e-04 1.071878703094e-01 3.743216080402e-04 2.788889262691e-01 3.743216080402e-04 2.562692254873e-01 3.743216080402e-04 2.235098099598e-01
3.772010050251e-04 1.301394707795e-01 3.772010050251e-04 1.069891920726e-01 3.772010050251e-04 2.790067432828e-01 3.772010050251e-04 2.576335070097e-01 3.772010050251e-04 2.225899345194e-01
3.800804020101e-04 1.298028978040e-01 3.800804020101e-04 1.068148626209e-01 3.800804020101e-04 2.791051408979e-01 3.800804020101e-04 2.589417792789e-01 3.800804020101e-04 2.216998838311e-01
3.829597989950e-04 1.294988073302e-01 3.829597989950e-04 1.066620179547e-01 3.829597989950e-04 2.791872888587e-01 3.829597989950e-04 2.601939516459e-01 3.829597989950e-04 2.208416711694e-01
3.858391959799e-04 1.292239199951e-01 3.858391959799e-04 1.065281026128e-01 3.858391959799e-04 2.792558490227e-01 3.858391959799e-04 2.613902280585e-01 3.858391959799e-04 2.200169202605e-01
3.887185929648e-04 1.289752989985e-01 3.887185929648e-04 1.064108432405e-01 3.887185929648e-04 2.793130538317e-01 3.887185929648e-04 2.625310846551e-01 3.887185929648e-04 2.192268703503e-01
3.915979899497e-04 1.287503143984e-01 3.915979899497e-04 1.063082226914e-01 3.915979899497e-04 2.793607735573e-01 3.915979899497e-04 2.636172451852e-01 3.915979899497e-04 2.184723891324e-01
3.944773869347e-04 1.285466107708e-01 3.944773869347e-04 1.062184551860e-01 3.944773869347e-04 2.794005736425e-01 3.944773869347e-04 2.646496550652e-01 3.944773869347e-04 2.177539922902e-01
3.973567839196e-04 1.283620780513e-01 3.973567839196e-04 1.061399628734e-01 3.973567839196e-04 2.794337633998e-01 3.973567839196e-04 2.656294547920e-01 3.973567839196e-04 2.170718683129e-01
4.002361809045e-04 1.281948253350e-01 4.002361809045e-04 1.060713539983e-01 4.002361809045e-04 2.794614372328e-01 4.002361809045e-04 2.665579533487e-01 4.002361809045e-04 2.164259072266e-01
4.031155778894e-04 1.280431574023e-01 4.031155778894e-04 1.060114027749e-01 4.031155778894e-04 2.794845094347e-01 4.031155778894e-04 2.674366021329e-01 4.031155778894e-04 2.158157319321e-01
4.059949748744e-04 1.279055537299e-01 4.059949748744e-04 1.059590309899e-01 4.059949748744e-04 2.795037434979e-01 4.059949748744e-04 2.682669698475e-01 4.059949748744e-04 2.152407309455e-01
4.088743718593e-04 1.277806497544e-01 4.088743718593e-04 1.059132913037e-01 4.088743718593e-04 2.795197767567e-01 4.088743718593e-04 2.690507186961e-01 4.088743718593e-04 2.147000914738e-01
4.117537688442e-04 1.276672201677e-01 4.117537688442e-04 1.058733521811e-01 4.117537688442e-04 2.795331410735e-01 4.117537688442e-04 2.697895821410e-01 4.117537688442e-04 2.141928319218e-01
4.146331658291e-04 1.275641640359e-01 4.146331658291e-04 1.058384843584e-01 4.146331658291e-04 2.795442801823e-01 4.146331658291e-04 2.704853443993e-01 4.146331658291e-04 2.137178330965e-01
4.175125628141e-04 1.274704915500e-01 4.175125628141e-04 1.058080487412e-01 4.175125628141e-04 2.795535642143e-01 4.175125628141e-04 2.711398217889e-01 4.175125628141e-04 2.132738675450e-01
4.203919597990e-04 1.273853122334e-01 4.203919597990e-04 1.057814856184e-01 4.203919597990e-04 2.795613018533e-01 4.203919597990e-04 2.717548459695e-01 4.203919597990e-04 2.128596266209e-01
4.232713567839e-04 1.273078244477e-01 4.232713567839e-04 1.057583050793e-01 4.232713567839e-04 2.795677505000e-01 4.232713567839e-04 2.723322490800e-01 4.232713567839e-04 2.124737450191e-01
4.261507537688e-04 1.272373060522e-01 4.261507537688e-04 1.057380785199e-01 4.261507537688e-04 2.795731247662e-01 4.261507537688e-04 2.728738507299e-01 4.261507537688e-04 2.121148226427e-01
4.290301507538e-04 1.271731060906e-01 4.290301507538e-04 1.057204311321e-01 4.290301507538e-04 2.795776035703e-01 4.290301507538e-04 2.733814467713e-01 4.290301507538e-04 2.117814437701e-01
4.319095477387e-04 1.271146373879e-01 4.319095477387e-04 1.057050352747e-01 4.319095477387e-04 2.795813360614e-01 4.319095477387e-04 2.738567997559e-01 4.319095477387e-04 2.114721935735e-01
4.347889447236e-04 1.270613699561e-01 4.347889447236e-04 1.056916046306e-01 4.347889447236e-04 2.795844465642e-01 4.347889447236e-04 2.743016309624e-01 4.347889447236e-04 2.111856721038e-01
4.376683417085e-04 1.270128251172e-01 4.376683417085e-04 1.056798890665e-01 4.376683417085e-04 2.795870387049e-01 4.376683417085e-04 2.747176138721e-01 4.376683417085e-04 2.109205059033e-01
4.405477386935e-04 1.269685702632e-01 4.405477386935e-04 1.056696701142e-01 4.405477386935e-04 2.795891988531e-01 4.405477386935e-04 2.751063689613e-01 4.405477386935e-04 2.106753574354e-01
4.434271356784e-04 1.269282141805e-01 4.434271356784e-04 1.056607570029e-01 4.434271356784e-04 2.795909989933e-01 4.434271356784e-04 2.754694596816e-01 4.434271356784e-04 2.104489325428e-01
4.463065326633e-04 1.268914028753e-01 4.463065326633e-04 1.056529831796e-01 4.463065326633e-04 2.795924991183e-01 4.463065326633e-04 2.758083894982e-01 4.463065326633e-04 2.102399861477e-01
4.491859296482e-04 1.268578158442e-01 4.491859296482e-04 1.056462032586e-01 4.491859296482e-04 2.795937492261e-01 4.491859296482e-04 2.761245998608e-01 4.491859296482e-04 2.100473264082e-01
4.520653266332e-04 1.268271627400e-01 4.520653266332e-04 1.056402903491e-01 4.520653266332e-04 2.795947909840e-01 4.520653266332e-04 2.764194689903e-01 4.520653266332e-04 2.098698175396e-01
4.549447236181e-04 1.267991803885e-01 4.549447236181e-04 1.056351337168e-01 4.549447236181e-04 2.795956591160e-01 4.549447236181e-04 2.766943113688e-01 4.549447236181e-04 2.097063814930e-01
4.578241206030e-04 1.267736301171e-01 4.578241206030e-04 1.056306367368e-01 4.578241206030e-04 2.795963825596e-01 4.578241206030e-04 2.769503778311e-01 4.578241206030e-04 2.095559986733e-01
4.607035175879e-04 1.267502953619e-01 4.607035175879e-04 1.056267151041e-01 4.607035175879e-04 2.795969854298e-01 4.607035175879e-04 2.771888561628e-01 4.607035175879e-04 2.094177078605e-01
4.635829145729e-04 1.267289795209e-01 4.635829145729e-04 1.056232952689e-01 4.635829145729e-04 2.795974878225e-01 4.635829145729e-04 2.774108721208e-01 4.635829145729e-04 2.092906054801e-01
4.664623115578e-04 1.267095040284e-01 4.664623115578e-04 1.056203130689e-01 4.664623115578e-04 2.795979064843e-01 4.664623115578e-04 2.776174907996e-01 4.664623115578e-04 2.091738443542e-01
4.693417085427e-04 1.266917066247e-01 4.693417085427e-04 1.056177125350e-01 4.693417085427e-04 2.795982553707e-01 4.693417085427e-04 2.778097182738e-01 4.693417085427e-04 2.090666320449e-01
4.722211055276e-04 1.266754398018e-01 4.722211055276e-04 1.056154448474e-01 4.722211055276e-04 2.795985461113e-01 4.722211055276e-04 2.779885034601e-01 4.722211055276e-04 2.089682288909e-01
4.751005025126e-04 1.266605694045e-01 4.751005025126e-04 1.056134674245e-01 4.751005025126e-04 2.795987883971e-01 4.751005025126e-04 2.781547401420e-01 4.751005025126e-04 2.088779458187e-01
4.779798994975e-04 1.266469733722e-01 4.779798994975e-04 1.056117431276e-01 4.779798994975e-04 2.795989903041e-01 4.779798994975e-04 2.783092691160e-01 4.779798994975e-04 2.087951420003e-01
4.808592964824e-04 1.266345406044e-01 4.808592964824e-04 1.056102395659e-01 4.808592964824e-04 2.795991585622e-01 4.808592964824e-04 2.784528804170e-01 4.808592964824e-04 2.087192224164e-01
4.837386934673e-04 1.266231699393e-01 4.837386934673e-04 1.056089284907e-01 4.837386934673e-04 2.795992987794e-01 4.837386934673e-04 2.785863155905e-01 4.837386934673e-04 2.086496353736e-01
4.866180904523e-04 1.266127692309e-01 4.866180904523e-04 1.056077852664e-01 4.866180904523e-04 2.795994156292e-01 4.866180904523e-04 2.787102699838e-01 4.866180904523e-04 2.085858700165e-01
4.894974874372e-04 1.266032545177e-01 4.894974874372e-04 1.056067884087e-01 4.894974874372e-04 2.795995130061e-01 4.894974874372e-04 2.788253950324e-01 4.894974874372e-04 2.085274538639e-01
4.923768844221e-04 1.265945492698e-01 4.923768844221e-04 1.056059191821e-01 4.923768844221e-04 2.795995941554e-01 4.923768844221e-04 2.789323005215e-01 4.923768844221e-04 2.084739503974e-01
4.952562814070e-04 1.265865837104e-01 4.952562814070e-04 1.056051612482e-01 4.952562814070e-04 2.795996617816e-01 4.952562814070e-04 2.790315568076e-01 4.952562814070e-04 2.084249567186e-01
4.981356783920e-04 1.265792942004e-01 4.981356783920e-04 1.056045003598e-01 4.981356783920e-04 2.795997181383e-01 4.981356783920e-04 2.791236969866e-01 4.981356783920e-04 2.083801012917e-01
5.010150753769e-04 1.265726226823e-01 5.010150753769e-04 1.056039240926e-01 5.010150753769e-04 2.795997651038e-01 5.010150753769e-04 2.792092189996e-01 5.010150753769e-04 2.083390417803e-01
5.038944723618e-04 1.265665161768e-01 5.038944723618e-04 1.056034216128e-01 5.038944723618e-04 2.795998042431e-01 5.038944723618e-04 2.792885876674e-01 5.038944723618e-04 2.083014629858e-01
5.067738693467e-04 1.265609263259e-01 5.067738693467e-04 1.056029834733e-01 5.067738693467e-04 2.795998368604e-01 5.067738693467e-04 2.793622366489e-01 5.067738693467e-04 2.082670748918e-01
5.096532663317e-04 1.265558089794e-01 5.096532663317e-04 1.056026014362e-01 5.096532663317e-04 2.795998640425e-01 5.096532663317e-04 2.794305703201e-01 5.096532663317e-04 2.082356108162e-01
5.125326633166e-04 1.265511238194e-01 5.125326633166e-04 1.056022683182e-01 5.125326633166e-04 2.795998866953e-01 5.125326633166e-04 2.794939655693e-01 5.125326633166e-04 2.082068256712e-01
5.154120603015e-04 1.265468340199e-01 5.154120603015e-04 1.056019778558e-01 5.154120603015e-04 2.795999055735e-01 5.154120603015e-04 2.795527735098e-01 5.154120603015e-04 2.081804943293e-01
5.182914572864e-04 1.265429059369e-01 5.182914572864e-04 1.056017245871e-01 5.182914572864e-04 2.795999213061e-01 5.182914572864e-04 2.796073211075e-01 5.182914572864e-04 2.081564100945e-01
5.211708542714e-04 1.265393088281e-01 5.211708542714e-04 1.056015037497e-01 5.211708542714e-04 2.795999344172e-01 5.211708542714e-04 2.796579127264e-01 5.211708542714e-04 2.081343832738e-01
5.240502512563e-04 1.265360145970e-01 5.240502512563e-04 1.056013111908e-01 5.240502512563e-04 2.795999453438e-01 5.240502512563e-04 2.797048315904e-01 5.240502512563e-04 2.081142398459e-01
5.269296482412e-04 1.265329975610e-01 5.269296482412e-04 1.056011432895e-01 5.269296482412e-04 2.795999544498e-01 5.269296482412e-04 2.797483411668e-01 5.269296482412e-04 2.080958202229e-01
5.298090452261e-04 1.265302342398e-01 5.298090452261e-04 1.056009968884e-01 5.298090452261e-04 2.795999620386e-01 5.298090452261e-04 2.797886864696e-01 5.298090452261e-04 2.080789781004e-01
5.326884422111e-04 1.265277031636e-01 5.326884422111e-04 1.056008692343e-01 5.326884422111e-04 2.795999683630e-01 5.326884422111e-04 2.798260952894e-01 5.326884422111e-04 2.080635793918e-01
5.355678391960e-04 1.265253846975e-01 5.355678391960e-04 1.056007579266e-01 5.355678391960e-04 2.795999736337e-01 5.355678391960e-04 2.798607793489e-01 5.355678391960e-04 2.080495012401e-01
5.384472361809e-04 1.265232608829e-01 5.384472361809e-04 1.056006608723e-01 5.384472361809e-04 2.795999780262e-01 5.384472361809e-04 2.798929353895e-01 5.384472361809e-04 2.080366311061e-01
5.413266331658e-04 1.265213152914e-01 5.413266331658e-04 1.056005762460e-01 5.413266331658e-04 2.795999816869e-01 5.413266331658e-04 2.799227461913e-01 5.413266331658e-04 2.080248659243e-01
5.442060301508e-04 1.265195328933e-01 5.442060301508e-04 1.056005024564e-01 5.442060301508e-04 2.795999847377e-01 5.442060301508e-04 2.799503815286e-01 5.442060301508e-04 2.080141113247e-01
5.470854271357e-04 1.265178999365e-01 5.470854271357e-04 1.056004381159e-01 5.470854271357e-04 2.795999872802e-01 5.470854271357e-04 2.799759990662e-01 5.470854271357e-04 2.080042809159e-01
5.499648241206e-04 1.265164038364e-01 5.499648241206e-04 1.056003820143e-01 5.499648241206e-04 2.795999893992e-01 5.499648241206e-04 2.799997451969e-01 5.499648241206e-04 2.079952956234e-01
5.528442211055e-04 1.265150330759e-01 5.528442211055e-04 1.056003330967e-01 5.528442211055e-04 2.795999911651e-01 5.528442211055e-04 2.800217558257e-01 5.528442211055e-04 2.079870830813e-01
5.557236180905e-04 1.265137771135e-01 5.557236180905e-04 1.056002904431e-01 5.557236180905e-04 2.795999926369e-01 5.557236180905e-04 2.800421571022e-01 5.557236180905e-04 2.079795770728e-01
5.586030150754e-04 1.265126263002e-01 5.586030150754e-04 1.056002532515e-01 5.586030150754e-04 2.795999938634e-01 5.586030150754e-04 2.800610661045e-01 5.586030150754e-04 2.079727170155e-01
5.614824120603e-04 1.265115718026e-01 5.614824120603e-04 1.056002208224e-01 5.614824120603e-04 2.795999948856e-01 5.614824120603e-04 2.800785914778e-01 5.614824120603e-04 2.079664474884e-01
5.643618090452e-04 1.265106055336e-01 5.643618090452e-04 1.056001925459e-01 5.643618090452e-04 2.795999957376e-01 5.643618090452e-04 2.800948340295e-01 5.643618090452e-04 2.079607177975e-01
5.672412060302e-04 1.265097200888e-01 5.672412060302e-04 1.056001678902e-01 5.672412060302e-04 2.795999964476e-01 5.672412060302e-04 2.801098872849e-01 5.672412060302e-04 2.079554815779e-01
5.701206030151e-04 1.265089086884e-01 5.701206030151e-04 1.056001463918e-01 5.701206030151e-04 2.795999970393e-01 5.701206030151e-04 2.801238380037e-01 5.701206030151e-04 2.079506964270e-01
5.730000000000e-04 1.265081651238e-01 5.730000000000e-04 1.056001276463e-01 5.730000000000e-04 2.795999975325e-01 5.730000000000e-04 2.801367666624e-01 5.730000000000e-04 2.079463235699e-01
