0.000000000000e+00 2.013000000000e-01 0.000000000000e+00 1.898000000001e-01 0.000000000000e+00 3.034999998097e-01 0.000000000000e+00 3.054000000000e-01
2.045226130653e-06 2.013000000000e-01 2.045226130653e-06 1.898000000002e-01 2.045226130653e-06 3.034999997707e-01 2.045226130653e-06 3.054000000000e-01
4.090452261307e-06 2.013000000000e-01 4.090452261307e-06 1.898000000002e-01 4.090452261307e-06 3.034999997236e-01 4.090452261307e-06 3.054000000000e-01
6.135678391960e-06 2.013000000000e-01 6.135678391960e-06 1.898000000003e-01 6.135678391960e-06 3.034999996669e-01 6.135678391960e-06 3.054000000000e-01
8.180904522613e-06 2.013000000000e-01 8.180904522613e-06 1.898000000004e-01 8.180904522613e-06 3.034999995985e-01 8.180904522613e-06 3.054000000000e-01
1.022613065327e-05 2.013000000000e-01 1.022613065327e-05 1.898000000005e-01 1.022613065327e-05 3.034999995161e-01 1.022613065327e-05 3.054000000000e-01
1.227135678392e-05 2.013000000000e-01 1.227135678392e-05 1.898000000006e-01 1.227135678392e-05 3.034999994168e-01 1.227135678392e-05 3.054000000000e-01
1.431658291457e-05 2.013000000000e-01 1.431658291457e-05 1.898000000008e-01 1.431658291457e-05 3.034999992972e-01 1.431658291457e-05 3.054000000000e-01
1.636180904523e-05 2.013000000000e-01 1.636180904523e-05 1.898000000010e-01 1.636180904523e-05 3.034999991530e-01 1.636180904523e-05 3.054000000000e-01
1.840703517588e-05 2.013000000000e-01 1.840703517588e-05 1.898000000013e-01 1.840703517588e-05 3.034999989791e-01 1.840703517588e-05 3.054000000000e-01
2.045226130653e-05 2.013000000000e-01 2.045226130653e-05 1.898000000016e-01 2.045226130653e-05 3.034999987697e-01 2.045226130653e-05 3.054000000000e-01
2.249748743719e-05 2.013000000000e-01 2.249748743719e-05 1.898000000021e-01 2.249748743719e-05 3.034999985172e-01 2.249748743719e-05 3.054000000000e-01
2.454271356784e-05 2.013000000000e-01 2.454271356784e-05 1.898000000027e-01 2.454271356784e-05 3.034999982129e-01 2.454271356784e-05 3.054000000000e-01
2.658793969849e-05 2.013000000000e-01 2.658793969849e-05 1.898000000035e-01 2.658793969849e-05 3.034999978462e-01 2.658793969849e-05 3.054000000000e-01
2.863316582915e-05 2.013000000000e-01 2.863316582915e-05 1.898000000046e-01 2.863316582915e-05 3.034999974042e-01 2.863316582915e-05 3.054000000000e-01
3.067839195980e-05 2.013000000000e-01 3.067839195980e-05 1.898000000059e-01 3.067839195980e-05 3.034999968716e-01 3.067839195980e-05 3.054000000000e-01
3.272361809045e-05 2.013000000000e-01 3.272361809045e-05 1.898000000077e-01 3.272361809045e-05 3.034999962296e-01 3.272361809045e-05 3.054000000000e-01
3.476884422111e-05 2.013000000000e-01 3.476884422111e-05 1.898000000099e-01 3.476884422111e-05 3.034999954558e-01 3.476884422111e-05 3.054000000000e-01
3.681407035176e-05 2.013000000000e-01 3.681407035176e-05 1.898000000128e-01 3.681407035176e-05 3.034999945233e-01 3.681407035176e-05 3.054000000000e-01
3.885929648241e-05 2.013000000000e-01 3.885929648241e-05 1.898000000166e-01 3.885929648241e-05 3.034999933994e-01 3.885929648241e-05 3.054000000000e-01
4.090452261307e-05 2.013000000000e-01 4.090452261307e-05 1.898000000215e-01 4.090452261307e-05 3.034999920448e-01 4.090452261307e-05 3.054000000000e-01
4.294974874372e-05 2.013000000000e-01 4.294974874372e-05 1.898000000278e-01 4.294974874372e-05 3.034999904121e-01 4.294974874372e-05 3.054000000000e-01
4.499497487437e-05 2.013000000000e-01 4.499497487437e-05 1.898000000359e-01 4.499497487437e-05 3.034999884444e-01 4.499497487437e-05 3.054000000000e-01
4.704020100503e-05 2.013000000000e-01 4.704020100503e-05 1.898000000464e-01 4.704020100503e-05 3.034999860728e-01 4.704020100503e-05 3.054000000000e-01
4.908542713568e-05 2.013000000000e-01 4.908542713568e-05 1.898000000601e-01 4.908542713568e-05 3.034999832143e-01 4.908542713568e-05 3.054000000000e-01
5.113065326633e-05 2.013000000000e-01 5.113065326633e-05 1.898000000777e-01 5.113065326633e-05 3.034999797690e-01 5.113065326633e-05 3.054000000000e-01
5.317587939698e-05 2.013000000001e-01 5.317587939698e-05 1.898000001005e-01 5.317587939698e-05 3.034999756164e-01 5.317587939698e-05 3.054000000000e-01
5.522110552764e-05 2.013000000001e-01 5.522110552764e-05 1.898000001300e-01 5.522110552764e-05 3.034999706112e-01 5.522110552764e-05 3.054000000000e-01
5.726633165829e-05 2.013000000001e-01 5.726633165829e-05 1.898000001682e-01 5.726633165829e-05 3.034999645782e-01 5.726633165829e-05 3.054000000000e-01
5.931155778894e-05 2.013000000002e-01 5.931155778894e-05 1.898000002176e-01 5.931155778894e-05 3.034999573063e-01 5.931155778894e-05 3.054000000000e-01
6.135678391960e-05 2.013000000003e-01 6.135678391960e-05 1.898000002816e-01 6.135678391960e-05 3.034999485409e-01 6.135678391960e-05 3.054000000000e-01
6.340201005025e-05 2.013000000004e-01 6.340201005025e-05 1.898000003645e-01 6.340201005025e-05 3.034999379749e-01 6.340201005025e-05 3.054000000000e-01
6.544723618090e-05 2.013000000006e-01 6.544723618090e-05 1.898000004718e-01 6.544723618090e-05 3.034999252383e-01 6.544723618090e-05 3.054000000000e-01
6.749246231156e-05 2.013000000008e-01 6.749246231156e-05 1.898000006107e-01 6.749246231156e-05 3.034999098845e-01 6.749246231156e-05 3.054000000000e-01
6.953768844221e-05 2.013000000012e-01 6.953768844221e-05 1.898000007907e-01 6.953768844221e-05 3.034998913751e-01 6.953768844221e-05 3.054000000000e-01
7.158291457286e-05 2.013000000017e-01 7.158291457286e-05 1.898000010239e-01 7.158291457286e-05 3.034998690606e-01 7.158291457286e-05 3.054000000000e-01
7.362814070352e-05 2.013000000024e-01 7.362814070352e-05 1.898000013262e-01 7.362814070352e-05 3.034998421576e-01 7.362814070352e-05 3.054000000000e-01
7.567336683417e-05 2.013000000034e-01 7.567336683417e-05 1.898000017182e-01 7.567336683417e-05 3.034998097206e-01 7.567336683417e-05 3.054000000000e-01
7.771859296482e-05 2.013000000048e-01 7.771859296482e-05 1.898000022266e-01 7.771859296482e-05 3.034997706090e-01 7.771859296482e-05 3.054000000000e-01
7.976381909548e-05 2.013000000069e-01 7.976381909548e-05 1.898000028863e-01 7.976381909548e-05 3.034997234456e-01 7.976381909548e-05 3.054000000000e-01
8.180904522613e-05 2.013000000098e-01 8.180904522613e-05 1.898000037427e-01 8.180904522613e-05 3.034996665684e-01 8.180904522613e-05 3.054000000000e-01
8.385427135678e-05 2.013000000140e-01 8.385427135678e-05 1.898000048552e-01 8.385427135678e-05 3.034995979699e-01 8.385427135678e-05 3.054000000000e-01
8.589949748744e-05 2.013000000200e-01 8.589949748744e-05 1.898000063012e-01 8.589949748744e-05 3.034995152256e-01 8.589949748744e-05 3.054000000000e-01
8.794472361809e-05 2.013000000284e-01 8.794472361809e-05 1.898000081818e-01 8.794472361809e-05 3.034994154056e-01 8.794472361809e-05 3.054000000000e-01
8.998994974874e-05 2.013000000405e-01 8.998994974874e-05 1.898000106298e-01 8.998994974874e-05 3.034992949686e-01 8.998994974874e-05 3.054000000000e-01
9.203517587940e-05 2.013000000576e-01 9.203517587940e-05 1.898000138189e-01 9.203517587940e-05 3.034991496319e-01 9.203517587940e-05 3.054000000000e-01
9.408040201005e-05 2.013000000821e-01 9.408040201005e-05 1.898000179776e-01 9.408040201005e-05 3.034989742137e-01 9.408040201005e-05 3.054000000000e-01
9.612562814070e-05 2.013000001169e-01 9.612562814070e-05 1.898000234067e-01 9.612562814070e-05 3.034987624410e-01 9.612562814070e-05 3.054000000000e-01
9.817085427136e-05 2.013000001665e-01 9.817085427136e-05 1.898000305027e-01 9.817085427136e-05 3.034985067147e-01 9.817085427136e-05 3.054000000000e-01
1.002160804020e-04 2.013000002372e-01 1.002160804020e-04 1.898000397902e-01 1.002160804020e-04 3.034981978221e-01 1.002160804020e-04 3.054000000000e-01
1.022613065327e-04 2.013000003378e-01 1.022613065327e-04 1.898000519639e-01 1.022613065327e-04 3.034978245852e-01 1.022613065327e-04 3.054000000000e-01
1.043065326633e-04 2.013000004811e-01 1.043065326633e-04 1.898000679476e-01 1.043065326633e-04 3.034973734281e-01 1.043065326633e-04 3.054000000000e-01
1.063517587940e-04 2.013000006852e-01 1.063517587940e-04 1.898000889721e-01 1.063517587940e-04 3.034968278449e-01 1.063517587940e-04 3.054000000000e-01
1.083969849246e-04 2.013000009759e-01 1.083969849246e-04 1.898001166829e-01 1.083969849246e-04 3.034961677419e-01 1.083969849246e-04 3.054000000000e-01
1.104422110553e-04 2.013000013898e-01 1.104422110553e-04 1.898001532870e-01 1.104422110553e-04 3.034953686241e-01 1.104422110553e-04 3.054000000000e-01
1.124874371859e-04 2.013000019794e-01 1.124874371859e-04 1.898002017551e-01 1.124874371859e-04 3.034944005842e-01 1.124874371859e-04 3.053999999999e-01
1.145326633166e-04 2.013000028191e-01 1.145326633166e-04 1.898002661002e-01 1.145326633166e-04 3.034932270420e-01 1.145326633166e-04 3.053999999999e-01
1.165778894472e-04 2.013000040151e-01 1.165778894472e-04 1.898003517641e-01 1.165778894472e-04 3.034918031677e-01 1.165778894472e-04 3.053999999998e-01
1.186231155779e-04 2.013000057183e-01 1.186231155779e-04 1.898004661550e-01 1.186231155779e-04 3.034900739009e-01 1.186231155779e-04 3.053999999997e-01
1.206683417085e-04 2.013000081442e-01 1.206683417085e-04 1.898006193996e-01 1.206683417085e-04 3.034879714512e-01 1.206683417085e-04 3.053999999994e-01
1.227135678392e-04 2.013000115991e-01 1.227135678392e-04 1.898008253972e-01 1.227135678392e-04 3.034854121318e-01 1.227135678392e-04 3.053999999989e-01
1.247587939698e-04 2.013000165196e-01 1.247587939698e-04 1.898011033043e-01 1.247587939698e-04 3.034822923277e-01 1.247587939698e-04 3.053999999981e-01
1.268040201005e-04 2.013000235276e-01 1.268040201005e-04 1.898014796340e-01 1.268040201005e-04 3.034784833389e-01 1.268040201005e-04 3.053999999967e-01
1.288492462312e-04 2.013000335085e-01 1.288492462312e-04 1.898019912322e-01 1.288492462312e-04 3.034738247521e-01 1.288492462312e-04 3.053999999941e-01
1.308944723618e-04 2.013000477234e-01 1.308944723618e-04 1.898026895133e-01 1.308944723618e-04 3.034681158796e-01 1.308944723618e-04 3.053999999896e-01
1.329396984925e-04 2.013000679686e-01 1.329396984925e-04 1.898036465054e-01 1.329396984925e-04 3.034611046462e-01 1.329396984925e-04 3.053999999816e-01
1.349849246231e-04 2.013000968023e-01 1.349849246231e-04 1.898049635035e-01 1.349849246231e-04 3.034524730959e-01 1.349849246231e-04 3.053999999676e-01
1.370301507538e-04 2.013001378679e-01 1.370301507538e-04 1.898067834868e-01 1.370301507538e-04 3.034418183991e-01 1.370301507538e-04 3.053999999429e-01
1.390753768844e-04 2.013001963546e-01 1.390753768844e-04 1.898093089813e-01 1.390753768844e-04 3.034286278509e-01 1.390753768844e-04 3.053999998993e-01
1.411206030151e-04 2.013002796530e-01 1.411206030151e-04 1.898128278088e-01 1.411206030151e-04 3.034122458193e-01 1.411206030151e-04 3.053999998223e-01
1.431658291457e-04 2.013003982898e-01 1.431658291457e-04 1.898177502742e-01 1.431658291457e-04 3.033918298755e-01 1.431658291457e-04 3.053999996866e-01
1.452110552764e-04 2.013005672584e-01 1.452110552764e-04 1.898246629562e-01 1.452110552764e-04 3.033662923551e-01 1.452110552764e-04 3.053999994472e-01
1.472562814070e-04 2.013008079160e-01 1.472562814070e-04 1.898344066109e-01 1.472562814070e-04 3.033342222627e-01 1.472562814070e-04 3.053999990249e-01
1.493015075377e-04 2.013011506877e-01 1.493015075377e-04 1.898481890934e-01 1.493015075377e-04 3.032937806322e-01 1.493015075377e-04 3.053999982800e-01
1.513467336683e-04 2.013016389244e-01 1.513467336683e-04 1.898677490965e-01 1.513467336683e-04 3.032425600386e-01 1.513467336683e-04 3.053999969661e-01
1.533919597990e-04 2.013023344127e-01 1.533919597990e-04 1.898955935102e-01 1.533919597990e-04 3.031773957497e-01 1.533919597990e-04 3.053999946486e-01
1.554371859296e-04 2.013033252594e-01 1.554371859296e-04 1.899353411031e-01 1.554371859296e-04 3.030941118229e-01 1.554371859296e-04 3.053999905607e-01
1.574824120603e-04 2.013047372096e-01 1.574824120603e-04 1.899922189710e-01 1.574824120603e-04 3.029871801179e-01 1.574824120603e-04 3.053999833500e-01
1.595276381910e-04 2.013067499793e-01 1.595276381910e-04 1.900737766793e-01 1.595276381910e-04 3.028492636751e-01 1.595276381910e-04 3.053999706301e-01
1.615728643216e-04 2.013096210243e-01 1.615728643216e-04 1.901909066249e-01 1.615728643216e-04 3.026706084751e-01 1.615728643216e-04 3.053999481898e-01
1.636180904523e-04 2.013137206050e-01 1.636180904523e-04 1.903592863464e-01 1.636180904523e-04 3.024382402550e-01 1.636180904523e-04 3.053999085904e-01
1.656633165829e-04 2.013195846199e-01 1.656633165829e-04 1.906013831250e-01 1.656633165829e-04 3.021349182823e-01 1.656633165829e-04 3.053998386697e-01
1.677085427136e-04 2.013279967464e-01 1.677085427136e-04 1.909491663538e-01 1.677085427136e-04 3.017378010530e-01 1.677085427136e-04 3.053997150404e-01
1.697537688442e-04 2.013401218567e-01 1.697537688442e-04 1.914476202703e-01 1.697537688442e-04 3.012167999779e-01 1.697537688442e-04 3.053994957449e-01
1.717989949749e-04 2.013577351504e-01 1.717989949749e-04 1.921589607268e-01 1.717989949749e-04 3.005326544236e-01 1.717989949749e-04 3.053991038732e-01
1.738442211055e-04 2.013836415940e-01 1.738442211055e-04 1.931669968005e-01 1.738442211055e-04 2.996348843121e-01 1.738442211055e-04 3.053983918129e-01
1.758894472362e-04 2.014224946877e-01 1.758894472362e-04 1.945801449672e-01 1.758894472362e-04 2.984600056445e-01 1.758894472362e-04 3.053970499778e-01
1.779346733668e-04 2.014824882264e-01 1.779346733668e-04 1.965300462298e-01 1.779346733668e-04 2.969307711389e-01 1.779346733668e-04 3.053943296552e-01
1.799798994975e-04 2.015790097648e-01 1.799798994975e-04 1.991607998584e-01 1.799798994975e-04 2.949577255256e-01 1.799798994975e-04 3.053880759674e-01
1.820251256281e-04 2.017427662426e-01 1.820251256281e-04 2.026029034919e-01 1.820251256281e-04 2.924449175287e-01 1.820251256281e-04 3.053710550354e-01
1.840703517588e-04 2.020381006696e-01 1.840703517588e-04 2.069293230101e-01 1.840703517588e-04 2.893017923480e-01 1.840703517588e-04 3.053164048940e-01
1.861155778894e-04 2.026039759402e-01 1.861155778894e-04 2.121024435254e-01 1.861155778894e-04 2.854623376555e-01 1.861155778894e-04 3.051192220132e-01
1.881608040201e-04 2.037416222207e-01 1.881608040201e-04 2.179379452109e-01 1.881608040201e-04 2.809095988659e-01 1.881608040201e-04 3.043666117937e-01
1.902060301508e-04 2.060779508865e-01 1.902060301508e-04 2.241195997693e-01 1.902060301508e-04 2.756987359847e-01 1.902060301508e-04 3.015326227981e-01
1.922512562814e-04 2.107560287309e-01 1.922512562814e-04 2.302774131470e-01 1.922512562814e-04 2.699672854629e-01 1.922512562814e-04 2.923990865477e-01
1.942964824121e-04 2.192207860914e-01 1.942964824121e-04 2.360965103208e-01 1.942964824121e-04 2.639220676549e-01 1.942964824121e-04 2.739510069463e-01
1.963417085427e-04 2.316899327420e-01 1.963417085427e-04 2.413981878615e-01 1.963417085427e-04 2.578015524698e-01 1.963417085427e-04 2.570742517173e-01
1.983869346734e-04 2.453646899910e-01 1.983869346734e-04 2.461571054312e-01 1.983869346734e-04 2.518263822548e-01 1.983869346734e-04 2.494081237733e-01
2.004321608040e-04 2.565880444852e-01 2.004321608040e-04 2.504638485136e-01 2.004321608040e-04 2.461584328365e-01 2.004321608040e-04 2.463486052993e-01
2.024773869347e-04 2.644801472387e-01 2.024773869347e-04 2.544662956627e-01 2.024773869347e-04 2.408833507705e-01 2.024773869347e-04 2.441309250794e-01
2.045226130653e-04 2.702883631065e-01 2.045226130653e-04 2.583172612746e-01 2.045226130653e-04 2.360178215177e-01 2.045226130653e-04 2.412524192388e-01
2.065678391960e-04 2.753348689140e-01 2.065678391960e-04 2.621392085605e-01 2.065678391960e-04 2.315318842311e-01 2.065678391960e-04 2.370043639624e-01
2.086130653266e-04 2.803388938362e-01 2.086130653266e-04 2.660056259399e-01 2.086130653266e-04 2.273742214516e-01 2.086130653266e-04 2.310547202418e-01
2.106582914573e-04 2.855112579484e-01 2.106582914573e-04 2.699354275875e-01 2.106582914573e-04 2.234922787318e-01 2.106582914573e-04 2.236036418218e-01
2.127035175879e-04 2.907556362653e-01 2.127035175879e-04 2.738973770204e-01 2.127035175879e-04 2.198443191084e-01 2.127035175879e-04 2.155210375575e-01
2.147487437186e-04 2.958330576357e-01 2.147487437186e-04 2.778222956462e-01 2.147487437186e-04 2.164040868378e-01 2.147487437186e-04 2.080177184327e-01
2.167939698492e-04 3.004885732547e-01 2.167939698492e-04 2.816203830675e-01 2.167939698492e-04 2.131602309508e-01 2.167939698492e-04 2.019950797968e-01
2.188391959799e-04 3.045355018925e-01 2.188391959799e-04 2.851999369046e-01 2.188391959799e-04 2.101127734022e-01 2.188391959799e-04 1.977006824985e-01
2.208844221106e-04 3.078895103697e-01 2.208844221106e-04 2.884833845041e-01 2.208844221106e-04 2.072684687837e-01 2.208844221106e-04 1.948904600292e-01
2.229296482412e-04 3.105599103376e-01 2.229296482412e-04 2.914175561482e-01 2.229296482412e-04 2.046363300031e-01 2.229296482412e-04 1.931533530950e-01
2.249748743719e-04 3.126185835924e-01 2.249748743719e-04 2.939771848747e-01 2.249748743719e-04 2.022240631052e-01 2.249748743719e-04 1.921171472576e-01
2.270201005025e-04 3.141664639379e-01 2.270201005025e-04 2.961626732390e-01 2.270201005025e-04 2.000357205912e-01 2.270201005025e-04 1.915121220337e-01
2.290653266332e-04 3.153085117029e-01 2.290653266332e-04 2.979943473353e-01 2.290653266332e-04 1.980705639954e-01 2.290653266332e-04 1.911632619204e-01
2.311105527638e-04 3.161394309685e-01 2.311105527638e-04 2.995055207472e-01 2.311105527638e-04 1.963229268449e-01 2.311105527638e-04 1.909635617014e-01
2.331557788945e-04 3.167378489791e-01 2.331557788945e-04 3.007360763240e-01 2.331557788945e-04 1.947827785413e-01 2.331557788945e-04 1.908497205071e-01
2.352010050251e-04 3.171656633029e-01 2.352010050251e-04 3.017274532578e-01 2.352010050251e-04 1.934366846422e-01 2.352010050251e-04 1.907849779705e-01
2.372462311558e-04 3.174699050426e-01 2.372462311558e-04 3.025192542294e-01 2.372462311558e-04 1.922689082067e-01 2.372462311558e-04 1.907482079774e-01
2.392914572864e-04 3.176854581095e-01 2.392914572864e-04 3.031472857095e-01 2.392914572864e-04 1.912624698516e-01 2.392914572864e-04 1.907273407750e-01
2.413366834171e-04 3.178377705456e-01 2.413366834171e-04 3.036426825360e-01 2.413366834171e-04 1.904000577855e-01 2.413366834171e-04 1.907155036615e-01
2.433819095477e-04 3.179451943456e-01 2.433819095477e-04 3.040317586696e-01 2.433819095477e-04 1.896647398067e-01 2.433819095477e-04 1.907087906079e-01
2.454271356784e-04 3.180208584560e-01 2.454271356784e-04 3.043362888119e-01 2.454271356784e-04 1.890404720921e-01 2.454271356784e-04 1.907049840400e-01
2.474723618090e-04 3.180741028307e-01 2.474723618090e-04 3.045740073240e-01 2.474723618090e-04 1.885124252947e-01 2.474723618090e-04 1.907028257364e-01
2.495175879397e-04 3.181115459517e-01 2.495175879397e-04 3.047591848296e-01 2.495175879397e-04 1.880671605932e-01 2.495175879397e-04 1.907016020450e-01
2.515628140704e-04 3.181378649625e-01 2.515628140704e-04 3.049031996301e-01 2.515628140704e-04 1.876926912023e-01 2.515628140704e-04 1.907009082674e-01
2.536080402010e-04 3.181563587527e-01 2.536080402010e-04 3.050150602986e-01 2.536080402010e-04 1.873784622613e-01 2.536080402010e-04 1.907005149327e-01
2.556532663317e-04 3.181693509647e-01 2.556532663317e-04 3.051018608154e-01 2.556532663317e-04 1.871152768149e-01 2.556532663317e-04 1.907002919349e-01
2.576984924623e-04 3.181784767571e-01 2.576984924623e-04 3.051691643479e-01 2.576984924623e-04 1.868951896582e-01 2.576984924623e-04 1.907001655087e-01
2.597437185930e-04 3.181848860352e-01 2.597437185930e-04 3.052213196820e-01 2.597437185930e-04 1.867113851914e-01 2.597437185930e-04 1.907000938329e-01
2.617889447236e-04 3.181893870792e-01 2.617889447236e-04 3.052617179638e-01 2.617889447236e-04 1.865580506278e-01 2.617889447236e-04 1.907000531972e-01
2.638341708543e-04 3.181925478519e-01 2.638341708543e-04 3.052929985787e-01 2.638341708543e-04 1.864302520745e-01 2.638341708543e-04 1.907000301594e-01
2.658793969849e-04 3.181947673578e-01 2.658793969849e-04 3.053172128097e-01 2.658793969849e-04 1.863238181153e-01 2.658793969849e-04 1.907000170985e-01
2.679246231156e-04 3.181963258601e-01 2.679246231156e-04 3.053359530865e-01 2.679246231156e-04 1.862352334338e-01 2.679246231156e-04 1.907000096937e-01
2.699698492462e-04 3.181974201950e-01 2.699698492462e-04 3.053504545566e-01 2.699698492462e-04 1.861615435699e-01 2.699698492462e-04 1.907000054957e-01
2.720150753769e-04 3.181981885946e-01 2.720150753769e-04 3.053616746076e-01 2.720150753769e-04 1.861002709460e-01 2.720150753769e-04 1.907000031157e-01
2.740603015075e-04 3.181987281300e-01 2.740603015075e-04 3.053703549484e-01 2.740603015075e-04 1.860493417052e-01 2.740603015075e-04 1.907000017664e-01
2.761055276382e-04 3.181991069647e-01 2.761055276382e-04 3.053770699700e-01 2.761055276382e-04 1.860070225586e-01 2.761055276382e-04 1.907000010014e-01
2.781507537688e-04 3.181993729623e-01 2.781507537688e-04 3.053822643545e-01 2.781507537688e-04 1.859718666758e-01 2.781507537688e-04 1.907000005678e-01
2.801959798995e-04 3.181995597310e-01 2.801959798995e-04 3.053862822856e-01 2.801959798995e-04 1.859426675965e-01 2.801959798995e-04 1.907000003219e-01
2.822412060302e-04 3.181996908693e-01 2.822412060302e-04 3.053893901132e-01 2.822412060302e-04 1.859184201604e-01 2.822412060302e-04 1.907000001825e-01
2.842864321608e-04 3.181997829469e-01 2.842864321608e-04 3.053917939266e-01 2.842864321608e-04 1.858982875149e-01 2.842864321608e-04 1.907000001035e-01
2.863316582915e-04 3.181998475984e-01 2.863316582915e-04 3.053936531713e-01 2.863316582915e-04 1.858815733428e-01 2.863316582915e-04 1.907000000587e-01
2.883768844221e-04 3.181998929928e-01 2.883768844221e-04 3.053950911956e-01 2.883768844221e-04 1.858676985432e-01 2.883768844221e-04 1.907000000333e-01
2.904221105528e-04 3.181999248661e-01 2.904221105528e-04 3.053962034173e-01 2.904221105528e-04 1.858561816935e-01 2.904221105528e-04 1.907000000189e-01
2.924673366834e-04 3.181999472455e-01 2.924673366834e-04 3.053970636442e-01 2.924673366834e-04 1.858466227066e-01 2.924673366834e-04 1.907000000107e-01
2.945125628141e-04 3.181999629590e-01 2.945125628141e-04 3.053977289666e-01 2.945125628141e-04 1.858386891809e-01 2.945125628141e-04 1.907000000061e-01
2.965577889447e-04 3.181999739921e-01 2.965577889447e-04 3.053982435424e-01 2.965577889447e-04 1.858321050124e-01 2.965577889447e-04 1.907000000034e-01
2.986030150754e-04 3.181999817388e-01 2.986030150754e-04 3.053986415261e-01 2.986030150754e-04 1.858266409027e-01 2.986030150754e-04 1.907000000019e-01
3.006482412060e-04 3.181999871781e-01 3.006482412060e-04 3.053989493342e-01 3.006482412060e-04 1.858221064540e-01 3.006482412060e-04 1.907000000011e-01
3.026934673367e-04 3.181999909973e-01 3.026934673367e-04 3.053991873984e-01 3.026934673367e-04 1.858183435900e-01 3.026934673367e-04 1.907000000006e-01
3.047386934673e-04 3.181999936788e-01 3.047386934673e-04 3.053993715212e-01 3.047386934673e-04 1.858152210828e-01 3.047386934673e-04 1.907000000004e-01
3.067839195980e-04 3.181999955617e-01 3.067839195980e-04 3.053995139248e-01 3.067839195980e-04 1.858126300026e-01 3.067839195980e-04 1.907000000002e-01
3.088291457286e-04 3.181999968837e-01 3.088291457286e-04 3.053996240620e-01 3.088291457286e-04 1.858104799352e-01 3.088291457286e-04 1.907000000001e-01
3.108743718593e-04 3.181999978119e-01 3.108743718593e-04 3.053997092438e-01 3.108743718593e-04 1.858086958393e-01 3.108743718593e-04 1.907000000001e-01
3.129195979899e-04 3.181999984636e-01 3.129195979899e-04 3.053997751246e-01 3.129195979899e-04 1.858072154358e-01 3.129195979899e-04 1.907000000000e-01
3.149648241206e-04 3.181999989213e-01 3.149648241206e-04 3.053998260779e-01 3.149648241206e-04 1.858059870393e-01 3.149648241206e-04 1.907000000000e-01
3.170100502513e-04 3.181999992426e-01 3.170100502513e-04 3.053998654860e-01 3.170100502513e-04 1.858049677577e-01 3.170100502513e-04 1.907000000000e-01
3.190552763819e-04 3.181999994682e-01 3.190552763819e-04 3.053998959648e-01 3.190552763819e-04 1.858041219970e-01 3.190552763819e-04 1.907000000000e-01
3.211005025126e-04 3.181999996266e-01 3.211005025126e-04 3.053999195375e-01 3.211005025126e-04 1.858034202205e-01 3.211005025126e-04 1.907000000000e-01
3.231457286432e-04 3.181999997378e-01 3.231457286432e-04 3.053999377691e-01 3.231457286432e-04 1.858028379181e-01 3.231457286432e-04 1.907000000000e-01
3.251909547739e-04 3.181999998159e-01 3.251909547739e-04 3.053999518696e-01 3.251909547739e-04 1.858023547512e-01 3.251909547739e-04 1.907000000000e-01
3.272361809045e-04 3.181999998707e-01 3.272361809045e-04 3.053999627752e-01 3.272361809045e-04 1.858019538434e-01 3.272361809045e-04 1.907000000000e-01
3.292814070352e-04 3.181999999092e-01 3.292814070352e-04 3.053999712097e-01 3.292814070352e-04 1.858016211907e-01 3.292814070352e-04 1.907000000000e-01
3.313266331658e-04 3.181999999363e-01 3.313266331658e-04 3.053999777332e-01 3.313266331658e-04 1.858013451730e-01 3.313266331658e-04 1.907000000000e-01
3.333718592965e-04 3.181999999553e-01 3.333718592965e-04 3.053999827785e-01 3.333718592965e-04 1.858011161483e-01 3.333718592965e-04 1.907000000000e-01
3.354170854271e-04 3.181999999686e-01 3.354170854271e-04 3.053999866806e-01 3.354170854271e-04 1.858009261162e-01 3.354170854271e-04 1.907000000000e-01
3.374623115578e-04 3.181999999779e-01 3.374623115578e-04 3.053999896986e-01 3.374623115578e-04 1.858007684381e-01 3.374623115578e-04 1.907000000000e-01
3.395075376884e-04 3.181999999845e-01 3.395075376884e-04 3.053999920327e-01 3.395075376884e-04 1.858006376057e-01 3.395075376884e-04 1.907000000000e-01
3.415527638191e-04 3.181999999891e-01 3.415527638191e-04 3.053999938380e-01 3.415527638191e-04 1.858005290483e-01 3.415527638191e-04 1.907000000000e-01
3.435979899497e-04 3.181999999924e-01 3.435979899497e-04 3.053999952342e-01 3.435979899497e-04 1.858004389736e-01 3.435979899497e-04 1.907000000000e-01
3.456432160804e-04 3.181999999946e-01 3.456432160804e-04 3.053999963140e-01 3.456432160804e-04 1.858003642348e-01 3.456432160804e-04 1.907000000000e-01
3.476884422111e-04 3.181999999962e-01 3.476884422111e-04 3.053999971492e-01 3.476884422111e-04 1.858003022208e-01 3.476884422111e-04 1.907000000000e-01
3.497336683417e-04 3.181999999974e-01 3.497336683417e-04 3.053999977952e-01 3.497336683417e-04 1.858002507652e-01 3.497336683417e-04 1.907000000000e-01
3.517788944724e-04 3.181999999981e-01 3.517788944724e-04 3.053999982947e-01 3.517788944724e-04 1.858002080703e-01 3.517788944724e-04 1.907000000000e-01
3.538241206030e-04 3.181999999987e-01 3.538241206030e-04 3.053999986811e-01 3.538241206030e-04 1.858001726446e-01 3.538241206030e-04 1.907000000000e-01
3.558693467337e-04 3.181999999991e-01 3.558693467337e-04 3.053999989800e-01 3.558693467337e-04 1.858001432504e-01 3.558693467337e-04 1.907000000000e-01
3.579145728643e-04 3.181999999994e-01 3.579145728643e-04 3.053999992111e-01 3.579145728643e-04 1.858001188608e-01 3.579145728643e-04 1.907000000000e-01
3.599597989950e-04 3.181999999995e-01 3.599597989950e-04 3.053999993898e-01 3.599597989950e-04 1.858000986237e-01 3.599597989950e-04 1.907000000000e-01
3.620050251256e-04 3.181999999997e-01 3.620050251256e-04 3.053999995281e-01 3.620050251256e-04 1.858000818322e-01 3.620050251256e-04 1.907000000000e-01
3.640502512563e-04 3.181999999998e-01 3.640502512563e-04 3.053999996350e-01 3.640502512563e-04 1.858000678995e-01 3.640502512563e-04 1.907000000000e-01
3.660954773869e-04 3.181999999998e-01 3.660954773869e-04 3.053999997177e-01 3.660954773869e-04 1.858000563391e-01 3.660954773869e-04 1.907000000000e-01
3.681407035176e-04 3.181999999999e-01 3.681407035176e-04 3.053999997817e-01 3.681407035176e-04 1.858000467468e-01 3.681407035176e-04 1.907000000000e-01
3.701859296482e-04 3.181999999999e-01 3.701859296482e-04 3.053999998311e-01 3.701859296482e-04 1.858000387878e-01 3.701859296482e-04 1.907000000000e-01
3.722311557789e-04 3.181999999999e-01 3.722311557789e-04 3.053999998694e-01 3.722311557789e-04 1.858000321838e-01 3.722311557789e-04 1.907000000000e-01
3.742763819095e-04 3.182000000000e-01 3.742763819095e-04 3.053999998990e-01 3.742763819095e-04 1.858000267043e-01 3.742763819095e-04 1.907000000000e-01
3.763216080402e-04 3.182000000000e-01 3.763216080402e-04 3.053999999219e-01 3.763216080402e-04 1.858000221576e-01 3.763216080402e-04 1.907000000000e-01
3.783668341709e-04 3.182000000000e-01 3.783668341709e-04 3.053999999396e-01 3.783668341709e-04 1.858000183851e-01 3.783668341709e-04 1.907000000000e-01
3.804120603015e-04 3.182000000000e-01 3.804120603015e-04 3.053999999533e-01 3.804120603015e-04 1.858000152549e-01 3.804120603015e-04 1.907000000000e-01
3.824572864322e-04 3.182000000000e-01 3.824572864322e-04 3.053999999639e-01 3.824572864322e-04 1.858000126576e-01 3.824572864322e-04 1.907000000000e-01
3.845025125628e-04 3.182000000000e-01 3.845025125628e-04 3.053999999720e-01 3.845025125628e-04 1.858000105025e-01 3.845025125628e-04 1.907000000000e-01
3.865477386935e-04 3.182000000000e-01 3.865477386935e-04 3.053999999784e-01 3.865477386935e-04 1.858000087144e-01 3.865477386935e-04 1.907000000000e-01
3.885929648241e-04 3.182000000000e-01 3.885929648241e-04 3.053999999833e-01 3.885929648241e-04 1.858000072307e-01 3.885929648241e-04 1.907000000000e-01
3.906381909548e-04 3.182000000000e-01 3.906381909548e-04 3.053999999871e-01 3.906381909548e-04 1.858000059996e-01 3.906381909548e-04 1.907000000000e-01
3.926834170854e-04 3.182000000000e-01 3.926834170854e-04 3.053999999900e-01 3.926834170854e-04 1.858000049781e-01 3.926834170854e-04 1.907000000000e-01
3.947286432161e-04 3.182000000000e-01 3.947286432161e-04 3.053999999923e-01 3.947286432161e-04 1.858000041305e-01 3.947286432161e-04 1.907000000000e-01
3.967738693467e-04 3.182000000000e-01 3.967738693467e-04 3.053999999940e-01 3.967738693467e-04 1.858000034273e-01 3.967738693467e-04 1.907000000000e-01
3.988190954774e-04 3.182000000000e-01 3.988190954774e-04 3.053999999954e-01 3.988190954774e-04 1.858000028438e-01 3.988190954774e-04 1.907000000000e-01
4.008643216080e-04 3.182000000000e-01 4.008643216080e-04 3.053999999964e-01 4.008643216080e-04 1.858000023596e-01 4.008643216080e-04 1.907000000000e-01
4.029095477387e-04 3.182000000000e-01 4.029095477387e-04 3.053999999972e-01 4.029095477387e-04 1.858000019578e-01 4.029095477387e-04 1.907000000000e-01
4.049547738693e-04 3.182000000000e-01 4.049547738693e-04 3.053999999979e-01 4.049547738693e-04 1.858000016245e-01 4.049547738693e-04 1.907000000000e-01
4.070000000000e-04 3.182000000000e-01 4.070000000000e-04 3.053999999983e-01 4.070000000000e-04 1.858000013479e-01 4.070000000000e-04 1.907000000000e-01
