0.000000000000e+00 1.966500000000e-01 0.000000000000e+00 1.899058472057e-01 0.000000000000e+00 3.053999962294e-01 0.000000000000e+00 3.040500000000e-01
2.035175879397e-06 1.966500000000e-01 2.035175879397e-06 1.899064448950e-01 2.035175879397e-06 3.053999954937e-01 2.035175879397e-06 3.040500000000e-01
4.070351758794e-06 1.966500000000e-01 4.070351758794e-06 1.899071039285e-01 4.070351758794e-06 3.053999946141e-01 4.070351758794e-06 3.040500000000e-01
6.105527638191e-06 1.966500000000e-01 6.105527638191e-06 1.899078306333e-01 6.105527638191e-06 3.053999935623e-01 6.105527638191e-06 3.040500000000e-01
8.140703517588e-06 1.966500000000e-01 8.140703517588e-06 1.899086319927e-01 8.140703517588e-06 3.053999923048e-01 8.140703517588e-06 3.040500000000e-01
1.017587939698e-05 1.966500000000e-01 1.017587939698e-05 1.899095157150e-01 1.017587939698e-05 3.053999908010e-01 1.017587939698e-05 3.040500000000e-01
1.221105527638e-05 1.966500000000e-01 1.221105527638e-05 1.899104903092e-01 1.221105527638e-05 3.053999890026e-01 1.221105527638e-05 3.040500000000e-01
1.424623115578e-05 1.966500000000e-01 1.424623115578e-05 1.899115651684e-01 1.424623115578e-05 3.053999868520e-01 1.424623115578e-05 3.040500000000e-01
1.628140703518e-05 1.966500000000e-01 1.628140703518e-05 1.899127506628e-01 1.628140703518e-05 3.053999842798e-01 1.628140703518e-05 3.040500000000e-01
1.831658291457e-05 1.966500000000e-01 1.831658291457e-05 1.899140582417e-01 1.831658291457e-05 3.053999812033e-01 1.831658291457e-05 3.040500000000e-01
2.035175879397e-05 1.966500000000e-01 2.035175879397e-05 1.899155005466e-01 2.035175879397e-05 3.053999775234e-01 2.035175879397e-05 3.040500000000e-01
2.238693467337e-05 1.966500000000e-01 2.238693467337e-05 1.899170915361e-01 2.238693467337e-05 3.053999731215e-01 2.238693467337e-05 3.040500000000e-01
2.442211055276e-05 1.966500000000e-01 2.442211055276e-05 1.899188466246e-01 2.442211055276e-05 3.053999678557e-01 2.442211055276e-05 3.040500000000e-01
2.645728643216e-05 1.966500000000e-01 2.645728643216e-05 1.899207828342e-01 2.645728643216e-05 3.053999615560e-01 2.645728643216e-05 3.040500000000e-01
2.849246231156e-05 1.966500000000e-01 2.849246231156e-05 1.899229189646e-01 2.849246231156e-05 3.053999540191e-01 2.849246231156e-05 3.040500000000e-01
3.052763819095e-05 1.966500000000e-01 3.052763819095e-05 1.899252757791e-01 3.052763819095e-05 3.053999450014e-01 3.052763819095e-05 3.040500000000e-01
3.256281407035e-05 1.966500000000e-01 3.256281407035e-05 1.899278762116e-01 3.256281407035e-05 3.053999342114e-01 3.256281407035e-05 3.040500000000e-01
3.459798994975e-05 1.966500000000e-01 3.459798994975e-05 1.899307455950e-01 3.459798994975e-05 3.053999213001e-01 3.459798994975e-05 3.040500000000e-01
3.663316582915e-05 1.966500000000e-01 3.663316582915e-05 1.899339119135e-01 3.663316582915e-05 3.053999058497e-01 3.663316582915e-05 3.040500000000e-01
3.866834170854e-05 1.966500000000e-01 3.866834170854e-05 1.899374060822e-01 3.866834170854e-05 3.053998873597e-01 3.866834170854e-05 3.040500000000e-01
4.070351758794e-05 1.966500000000e-01 4.070351758794e-05 1.899412622560e-01 4.070351758794e-05 3.053998652311e-01 4.070351758794e-05 3.040500000000e-01
4.273869346734e-05 1.966500000000e-01 4.273869346734e-05 1.899455181712e-01 4.273869346734e-05 3.053998387463e-01 4.273869346734e-05 3.040500000000e-01
4.477386934673e-05 1.966500000000e-01 4.477386934673e-05 1.899502155230e-01 4.477386934673e-05 3.053998070463e-01 4.477386934673e-05 3.040500000000e-01
4.680904522613e-05 1.966500000000e-01 4.680904522613e-05 1.899554003838e-01 4.680904522613e-05 3.053997691019e-01 4.680904522613e-05 3.040500000000e-01
4.884422110553e-05 1.966500000000e-01 4.884422110553e-05 1.899611236653e-01 4.884422110553e-05 3.053997236808e-01 4.884422110553e-05 3.040500000000e-01
5.087939698492e-05 1.966500000000e-01 5.087939698492e-05 1.899674416290e-01 5.087939698492e-05 3.053996693070e-01 5.087939698492e-05 3.040500000000e-01
5.291457286432e-05 1.966500000000e-01 5.291457286432e-05 1.899744164518e-01 5.291457286432e-05 3.053996042126e-01 5.291457286432e-05 3.040500000000e-01
5.494974874372e-05 1.966500000000e-01 5.494974874372e-05 1.899821168505e-01 5.494974874372e-05 3.053995262799e-01 5.494974874372e-05 3.040500000000e-01
5.698492462312e-05 1.966500000000e-01 5.698492462312e-05 1.899906187731e-01 5.698492462312e-05 3.053994329721e-01 5.698492462312e-05 3.040500000000e-01
5.902010050251e-05 1.966500000000e-01 5.902010050251e-05 1.900000061622e-01 5.902010050251e-05 3.053993212504e-01 5.902010050251e-05 3.040500000000e-01
6.105527638191e-05 1.966500000000e-01 6.105527638191e-05 1.900103717999e-01 6.105527638191e-05 3.053991874742e-01 6.105527638191e-05 3.040500000000e-01
6.309045226131e-05 1.966500000000e-01 6.309045226131e-05 1.900218182410e-01 6.309045226131e-05 3.053990272821e-01 6.309045226131e-05 3.040500000000e-01
6.512562814070e-05 1.966500000000e-01 6.512562814070e-05 1.900344588447e-01 6.512562814070e-05 3.053988354486e-01 6.512562814070e-05 3.040500000000e-01
6.716080402010e-05 1.966500000000e-01 6.716080402010e-05 1.900484189145e-01 6.716080402010e-05 3.053986057129e-01 6.716080402010e-05 3.040500000000e-01
6.919597989950e-05 1.966500000000e-01 6.919597989950e-05 1.900638369576e-01 6.919597989950e-05 3.053983305733e-01 6.919597989950e-05 3.040500000000e-01
7.123115577889e-05 1.966500000000e-01 7.123115577889e-05 1.900808660760e-01 7.123115577889e-05 3.053980010411e-01 7.123115577889e-05 3.040500000000e-01
7.326633165829e-05 1.966500000000e-01 7.326633165829e-05 1.900996755026e-01 7.326633165829e-05 3.053976063452e-01 7.326633165829e-05 3.040500000000e-01
7.530150753769e-05 1.966500000000e-01 7.530150753769e-05 1.901204522969e-01 7.530150753769e-05 3.053971335782e-01 7.530150753769e-05 3.040500000000e-01
7.733668341709e-05 1.966500000000e-01 7.733668341709e-05 1.901434032159e-01 7.733668341709e-05 3.053965672723e-01 7.733668341709e-05 3.040500000000e-01
7.937185929648e-05 1.966500000000e-01 7.937185929648e-05 1.901687567784e-01 7.937185929648e-05 3.053958888909e-01 7.937185929648e-05 3.040500000000e-01
8.140703517588e-05 1.966500000000e-01 8.140703517588e-05 1.901967655409e-01 8.140703517588e-05 3.053950762186e-01 8.140703517588e-05 3.040500000000e-01
8.344221105528e-05 1.966500000000e-01 8.344221105528e-05 1.902277086052e-01 8.344221105528e-05 3.053941026306e-01 8.344221105528e-05 3.040500000000e-01
8.547738693467e-05 1.966500000000e-01 8.547738693467e-05 1.902618943811e-01 8.547738693467e-05 3.053929362165e-01 8.547738693467e-05 3.040500000000e-01
8.751256281407e-05 1.966500000000e-01 8.751256281407e-05 1.902996636267e-01 8.751256281407e-05 3.053915387307e-01 8.751256281407e-05 3.040500000000e-01
8.954773869347e-05 1.966500000000e-01 8.954773869347e-05 1.903413927922e-01 8.954773869347e-05 3.053898643326e-01 8.954773869347e-05 3.040500000000e-01
9.158291457286e-05 1.966500000000e-01 9.158291457286e-05 1.903874976953e-01 9.158291457286e-05 3.053878580788e-01 9.158291457286e-05 3.040500000000e-01
9.361809045226e-05 1.966500000000e-01 9.361809045226e-05 1.904384375564e-01 9.361809045226e-05 3.053854541137e-01 9.361809045226e-05 3.040500000000e-01
9.565326633166e-05 1.966500000000e-01 9.565326633166e-05 1.904947194237e-01 9.565326633166e-05 3.053825735032e-01 9.565326633166e-05 3.040500000000e-01
9.768844221106e-05 1.966500000000e-01 9.768844221106e-05 1.905569030227e-01 9.768844221106e-05 3.053791216366e-01 9.768844221106e-05 3.040500000000e-01
9.972361809045e-05 1.966500000000e-01 9.972361809045e-05 1.906256060605e-01 9.972361809045e-05 3.053749851157e-01 9.972361809045e-05 3.040500000000e-01
1.017587939698e-04 1.966500000000e-01 1.017587939698e-04 1.907015100212e-01 1.017587939698e-04 3.053700280264e-01 1.017587939698e-04 3.040500000000e-01
1.037939698492e-04 1.966500000000e-01 1.037939698492e-04 1.907853664870e-01 1.037939698492e-04 3.053640874751e-01 1.037939698492e-04 3.040500000000e-01
1.058291457286e-04 1.966500000000e-01 1.058291457286e-04 1.908780040186e-01 1.058291457286e-04 3.053569682427e-01 1.058291457286e-04 3.040500000000e-01
1.078643216080e-04 1.966500000000e-01 1.078643216080e-04 1.909803356296e-01 1.078643216080e-04 3.053484363868e-01 1.078643216080e-04 3.040500000000e-01
1.098994974874e-04 1.966500000000e-01 1.098994974874e-04 1.910933668853e-01 1.098994974874e-04 3.053382115866e-01 1.098994974874e-04 3.040500000000e-01
1.119346733668e-04 1.966500000000e-01 1.119346733668e-04 1.912182046551e-01 1.119346733668e-04 3.053259579897e-01 1.119346733668e-04 3.040500000000e-01
1.139698492462e-04 1.966500000000e-01 1.139698492462e-04 1.913560665403e-01 1.139698492462e-04 3.053112732722e-01 1.139698492462e-04 3.040500000000e-01
1.160050251256e-04 1.966500000000e-01 1.160050251256e-04 1.915082909937e-01 1.160050251256e-04 3.052936755753e-01 1.160050251256e-04 3.040500000000e-01
1.180402010050e-04 1.966500000000e-01 1.180402010050e-04 1.916763481353e-01 1.180402010050e-04 3.052725879194e-01 1.180402010050e-04 3.040500000000e-01
1.200753768844e-04 1.966500000000e-01 1.200753768844e-04 1.918618512583e-01 1.200753768844e-04 3.052473196307e-01 1.200753768844e-04 3.040500000000e-01
1.221105527638e-04 1.966500000000e-01 1.221105527638e-04 1.920665689982e-01 1.221105527638e-04 3.052170442361e-01 1.221105527638e-04 3.040500000000e-01
1.241457286432e-04 1.966500000000e-01 1.241457286432e-04 1.922924381206e-01 1.241457286432e-04 3.051807732003e-01 1.241457286432e-04 3.040500000000e-01
1.261809045226e-04 1.966500000000e-01 1.261809045226e-04 1.925415768521e-01 1.261809045226e-04 3.051373247862e-01 1.261809045226e-04 3.040500000000e-01
1.282160804020e-04 1.966500000000e-01 1.282160804020e-04 1.928162986465e-01 1.282160804020e-04 3.050852872236e-01 1.282160804020e-04 3.040500000000e-01
1.302512562814e-04 1.966500000000e-01 1.302512562814e-04 1.931191262365e-01 1.302512562814e-04 3.050229752802e-01 1.302512562814e-04 3.040500000000e-01
1.322864321608e-04 1.966500000000e-01 1.322864321608e-04 1.934528057699e-01 1.322864321608e-04 3.049483792409e-01 1.322864321608e-04 3.040500000000e-01
1.343216080402e-04 1.966500000000e-01 1.343216080402e-04 1.938203207693e-01 1.343216080402e-04 3.048591052476e-01 1.343216080402e-04 3.040500000000e-01
1.363567839196e-04 1.966500000000e-01 1.363567839196e-04 1.942249055815e-01 1.363567839196e-04 3.047523059284e-01 1.363567839196e-04 3.040500000000e-01
1.383919597990e-04 1.966500000000e-01 1.383919597990e-04 1.946700578982e-01 1.383919597990e-04 3.046246003115e-01 1.383919597990e-04 3.040500000000e-01
1.404271356784e-04 1.966500000000e-01 1.404271356784e-04 1.951595498306e-01 1.404271356784e-04 3.044719821876e-01 1.404271356784e-04 3.040500000000e-01
1.424623115578e-04 1.966500000000e-01 1.424623115578e-04 1.956974369097e-01 1.424623115578e-04 3.042897164412e-01 1.424623115578e-04 3.040500000000e-01
1.444974874372e-04 1.966500000000e-01 1.444974874372e-04 1.962880642550e-01 1.444974874372e-04 3.040722234777e-01 1.444974874372e-04 3.040500000000e-01
1.465326633166e-04 1.966500000000e-01 1.465326633166e-04 1.969360690136e-01 1.465326633166e-04 3.038129528438e-01 1.465326633166e-04 3.040500000000e-01
1.485678391960e-04 1.966500000000e-01 1.485678391960e-04 1.976463780195e-01 1.485678391960e-04 3.035042486005e-01 1.485678391960e-04 3.040500000000e-01
1.506030150754e-04 1.966500000000e-01 1.506030150754e-04 1.984241994599e-01 1.506030150754e-04 3.031372111176e-01 1.506030150754e-04 3.040500000000e-01
1.526381909548e-04 1.966500000000e-01 1.526381909548e-04 1.992750071698e-01 1.526381909548e-04 3.027015628753e-01 1.526381909548e-04 3.040500000000e-01
1.546733668342e-04 1.966500000000e-01 1.546733668342e-04 2.002045160140e-01 1.546733668342e-04 3.021855297358e-01 1.546733668342e-04 3.040500000000e-01
1.567085427136e-04 1.966500000000e-01 1.567085427136e-04 2.012186466726e-01 1.567085427136e-04 3.015757540580e-01 1.567085427136e-04 3.040500000000e-01
1.587437185930e-04 1.966500000000e-01 1.587437185930e-04 2.023234780292e-01 1.587437185930e-04 3.008572618878e-01 1.587437185930e-04 3.040500000000e-01
1.607788944724e-04 1.966500000000e-01 1.607788944724e-04 2.035251853008e-01 1.607788944724e-04 3.000135128970e-01 1.607788944724e-04 3.040500000000e-01
1.628140703518e-04 1.966500000000e-01 1.628140703518e-04 2.048299620650e-01 1.628140703518e-04 2.990265679077e-01 1.628140703518e-04 3.040500000000e-01
1.648492462312e-04 1.966500000000e-01 1.648492462312e-04 2.062439244669e-01 1.648492462312e-04 2.978774132268e-01 1.648492462312e-04 3.040500000000e-01
1.668844221106e-04 1.966500000000e-01 1.668844221106e-04 2.077729961601e-01 1.668844221106e-04 2.965464812803e-01 1.668844221106e-04 3.040500000000e-01
1.689195979899e-04 1.966500000000e-01 1.689195979899e-04 2.094227730049e-01 1.689195979899e-04 2.950144000376e-01 1.689195979899e-04 3.040500000000e-01
1.709547738693e-04 1.966500000000e-01 1.709547738693e-04 2.111983672387e-01 1.709547738693e-04 2.932629858797e-01 1.709547738693e-04 3.040500000000e-01
1.729899497487e-04 1.966500000000e-01 1.729899497487e-04 2.131042318047e-01 1.729899497487e-04 2.912764628727e-01 1.729899497487e-04 3.040500000000e-01
1.750251256281e-04 1.966500000000e-01 1.750251256281e-04 2.151439667959e-01 1.750251256281e-04 2.890428450972e-01 1.750251256281e-04 3.040500000000e-01
1.770603015075e-04 1.966500000000e-01 1.770603015075e-04 2.173201115496e-01 1.770603015075e-04 2.865553615108e-01 1.770603015075e-04 3.040500000000e-01
1.790954773869e-04 1.966500000000e-01 1.790954773869e-04 2.196339277921e-01 1.790954773869e-04 2.838137451298e-01 1.790954773869e-04 3.040500000000e-01
1.811306532663e-04 1.966500000000e-01 1.811306532663e-04 2.220851813103e-01 1.811306532663e-04 2.808251674191e-01 1.811306532663e-04 3.040500000000e-01
1.831658291457e-04 1.966500000000e-01 1.831658291457e-04 2.246719317851e-01 1.831658291457e-04 2.776045960115e-01 1.831658291457e-04 3.040500000000e-01
1.852010050251e-04 1.966500000000e-01 1.852010050251e-04 2.273903424547e-01 1.852010050251e-04 2.741744072783e-01 1.852010050251e-04 3.040500000000e-01
1.872361809045e-04 1.966500000000e-01 1.872361809045e-04 2.302345229316e-01 1.872361809045e-04 2.705631995299e-01 1.872361809045e-04 3.040500000000e-01
1.892713567839e-04 1.966500000000e-01 1.892713567839e-04 2.331964194361e-01 1.892713567839e-04 2.668039106360e-01 1.892713567839e-04 3.040500000000e-01
1.913065326633e-04 1.966500000000e-01 1.913065326633e-04 2.362657666168e-01 1.913065326633e-04 2.629315061886e-01 1.913065326633e-04 3.040500000000e-01
1.933417085427e-04 1.966500000000e-01 1.933417085427e-04 2.394301136880e-01 1.933417085427e-04 2.589806201721e-01 1.933417085427e-04 3.040500000000e-01
1.953768844221e-04 1.966500000000e-01 1.953768844221e-04 2.426749346457e-01 1.953768844221e-04 2.549835569185e-01 1.953768844221e-04 3.040500000000e-01
1.974120603015e-04 1.966500000000e-01 1.974120603015e-04 2.459838278011e-01 1.974120603015e-04 2.509689857404e-01 1.974120603015e-04 3.040500000000e-01
1.994472361809e-04 1.966500000000e-01 1.994472361809e-04 2.493388040148e-01 1.994472361809e-04 2.469614980131e-01 1.994472361809e-04 3.040500000000e-01
2.014824120603e-04 1.966500000000e-01 2.014824120603e-04 2.527206562981e-01 2.014824120603e-04 2.429819978449e-01 2.014824120603e-04 3.040500000000e-01
2.035175879397e-04 1.966500000000e-01 2.035175879397e-04 2.561093965741e-01 2.035175879397e-04 2.390487174563e-01 2.035175879397e-04 3.040500000000e-01
2.055527638191e-04 1.966500000000e-01 2.055527638191e-04 2.594847391938e-01 2.055527638191e-04 2.351785315417e-01 2.055527638191e-04 3.040500000000e-01
2.075879396985e-04 1.966500000000e-01 2.075879396985e-04 2.628266061367e-01 2.075879396985e-04 2.313882131145e-01 2.075879396985e-04 3.040500000000e-01
2.096231155779e-04 1.966500000000e-01 2.096231155779e-04 2.661156263756e-01 2.096231155779e-04 2.276953242985e-01 2.096231155779e-04 3.040500000000e-01
2.116582914573e-04 1.966500000000e-01 2.116582914573e-04 2.693336020524e-01 2.116582914573e-04 2.241185481483e-01 2.116582914573e-04 3.040500000000e-01
2.136934673367e-04 1.966500000000e-01 2.136934673367e-04 2.724639169120e-01 2.136934673367e-04 2.206774099770e-01 2.136934673367e-04 3.040500000000e-01
2.157286432161e-04 1.966500000000e-01 2.157286432161e-04 2.754918675000e-01 2.157286432161e-04 2.173914743059e-01 2.157286432161e-04 3.040500000000e-01
2.177638190955e-04 1.966500000000e-01 2.177638190955e-04 2.784049042469e-01 2.177638190955e-04 2.142792065421e-01 2.177638190955e-04 3.040500000000e-01
2.197989949749e-04 1.966500000000e-01 2.197989949749e-04 2.811927768747e-01 2.197989949749e-04 2.113567379519e-01 2.197989949749e-04 3.040500000000e-01
2.218341708543e-04 1.966500000000e-01 2.218341708543e-04 2.838475856634e-01 2.218341708543e-04 2.086367643797e-01 2.218341708543e-04 3.040500000000e-01
2.238693467337e-04 1.966500000000e-01 2.238693467337e-04 2.863637462524e-01 2.238693467337e-04 2.061277540965e-01 2.238693467337e-04 3.040500000000e-01
2.259045226131e-04 1.966500000000e-01 2.259045226131e-04 2.887378803003e-01 2.259045226131e-04 2.038335588788e-01 2.259045226131e-04 3.040500000000e-01
2.279396984925e-04 1.966500000000e-01 2.279396984925e-04 2.909686472256e-01 2.279396984925e-04 2.017534383799e-01 2.279396984925e-04 3.040500000000e-01
2.299748743719e-04 1.966500000000e-01 2.299748743719e-04 2.930565334374e-01 2.299748743719e-04 1.998824400944e-01 2.299748743719e-04 3.040500000000e-01
2.320100502513e-04 1.966500000000e-01 2.320100502513e-04 2.950036151447e-01 2.320100502513e-04 1.982120360477e-01 2.320100502513e-04 3.040500000000e-01
2.340452261307e-04 1.966500000000e-01 2.340452261307e-04 2.968133093658e-01 2.340452261307e-04 1.967309038879e-01 2.340452261307e-04 3.040500000000e-01
2.360804020101e-04 1.966500000000e-01 2.360804020101e-04 2.984901255384e-01 2.360804020101e-04 1.954257487125e-01 2.360804020101e-04 3.040500000000e-01
2.381155778894e-04 1.966500000000e-01 2.381155778894e-04 3.000394275355e-01 2.381155778894e-04 1.942820840933e-01 2.381155778894e-04 3.040500000000e-01
2.401507537688e-04 1.966500000000e-01 2.401507537688e-04 3.014672132417e-01 2.401507537688e-04 1.932849179175e-01 2.401507537688e-04 3.040500000000e-01
2.421859296482e-04 1.966500000000e-01 2.421859296482e-04 3.027799163676e-01 2.421859296482e-04 1.924193144828e-01 2.421859296482e-04 3.040500000000e-01
2.442211055276e-04 1.966500000000e-01 2.442211055276e-04 3.039842330335e-01 2.442211055276e-04 1.916708251530e-01 2.442211055276e-04 3.040500000000e-01
2.462562814070e-04 1.966500000000e-01 2.462562814070e-04 3.050869739039e-01 2.462562814070e-04 1.910257944783e-01 2.462562814070e-04 3.040500000000e-01
2.482914572864e-04 1.966500000000e-01 2.482914572864e-04 3.060949413226e-01 2.482914572864e-04 1.904715573616e-01 2.482914572864e-04 3.040500000000e-01
2.503266331658e-04 1.966500000000e-01 2.503266331658e-04 3.070148299517e-01 2.503266331658e-04 1.899965467373e-01 2.503266331658e-04 3.040500000000e-01
2.523618090452e-04 1.966500000000e-01 2.523618090452e-04 3.078531488118e-01 2.523618090452e-04 1.895903317469e-01 2.523618090452e-04 3.040500000000e-01
2.543969849246e-04 1.966500000000e-01 2.543969849246e-04 3.086161622902e-01 2.543969849246e-04 1.892436048179e-01 2.543969849246e-04 3.040500000000e-01
2.564321608040e-04 1.966500000000e-01 2.564321608040e-04 3.093098475656e-01 2.564321608040e-04 1.889481334154e-01 2.564321608040e-04 3.040500000000e-01
2.584673366834e-04 1.966500000000e-01 2.584673366834e-04 3.099398659362e-01 2.584673366834e-04 1.886966892430e-01 2.584673366834e-04 3.040500000000e-01
2.605025125628e-04 1.966500000000e-01 2.605025125628e-04 3.105115456824e-01 2.605025125628e-04 1.884829647664e-01 2.605025125628e-04 3.040500000000e-01
2.625376884422e-04 1.966500000000e-01 2.625376884422e-04 3.110298742999e-01 2.625376884422e-04 1.883014843649e-01 2.625376884422e-04 3.040500000000e-01
2.645728643216e-04 1.966500000000e-01 2.645728643216e-04 3.114994981849e-01 2.645728643216e-04 1.881475152750e-01 2.645728643216e-04 3.040500000000e-01
2.666080402010e-04 1.966500000000e-01 2.666080402010e-04 3.119247281001e-01 2.666080402010e-04 1.880169817870e-01 2.666080402010e-04 3.040500000000e-01
2.686432160804e-04 1.966500000000e-01 2.686432160804e-04 3.123095490021e-01 2.686432160804e-04 1.879063848544e-01 2.686432160804e-04 3.040500000000e-01
2.706783919598e-04 1.966500000000e-01 2.706783919598e-04 3.126576330375e-01 2.706783919598e-04 1.878127283165e-01 2.706783919598e-04 3.040500000000e-01
2.727135678392e-04 1.966500000000e-01 2.727135678392e-04 3.129723547286e-01 2.727135678392e-04 1.877334522505e-01 2.727135678392e-04 3.040500000000e-01
2.747487437186e-04 1.966500000000e-01 2.747487437186e-04 3.132568075542e-01 2.747487437186e-04 1.876663735025e-01 2.747487437186e-04 3.040500000000e-01
2.767839195980e-04 1.966500000000e-01 2.767839195980e-04 3.135138212914e-01 2.767839195980e-04 1.876096331394e-01 2.767839195980e-04 3.040500000000e-01
2.788190954774e-04 1.966500000000e-01 2.788190954774e-04 3.137459796236e-01 2.788190954774e-04 1.875616503828e-01 2.788190954774e-04 3.040500000000e-01
2.808542713568e-04 1.966500000000e-01 2.808542713568e-04 3.139556376343e-01 2.808542713568e-04 1.875210824795e-01 2.808542713568e-04 3.040500000000e-01
2.828894472362e-04 1.966500000000e-01 2.828894472362e-04 3.141449389019e-01 2.828894472362e-04 1.874867899288e-01 2.828894472362e-04 3.040500000000e-01
2.849246231156e-04 1.966500000000e-01 2.849246231156e-04 3.143158319886e-01 2.849246231156e-04 1.874578064784e-01 2.849246231156e-04 3.040500000000e-01
2.869597989950e-04 1.966500000000e-01 2.869597989950e-04 3.144700861802e-01 2.869597989950e-04 1.874333133284e-01 2.869597989950e-04 3.040500000000e-01
2.889949748744e-04 1.966500000000e-01 2.889949748744e-04 3.146093063833e-01 2.889949748744e-04 1.874126170175e-01 2.889949748744e-04 3.040500000000e-01
2.910301507538e-04 1.966500000000e-01 2.910301507538e-04 3.147349471250e-01 2.910301507538e-04 1.873951305134e-01 2.910301507538e-04 3.040500000000e-01
2.930653266332e-04 1.966500000000e-01 2.930653266332e-04 3.148483256332e-01 2.930653266332e-04 1.873803570746e-01 2.930653266332e-04 3.040500000000e-01
2.951005025126e-04 1.966500000000e-01 2.951005025126e-04 3.149506339954e-01 2.951005025126e-04 1.873678765030e-01 2.951005025126e-04 3.040500000000e-01
2.971356783920e-04 1.966500000000e-01 2.971356783920e-04 3.150429504139e-01 2.971356783920e-04 1.873573334477e-01 2.971356783920e-04 3.040500000000e-01
2.991708542714e-04 1.966500000000e-01 2.991708542714e-04 3.151262495862e-01 2.991708542714e-04 1.873484274679e-01 2.991708542714e-04 3.040500000000e-01
3.012060301508e-04 1.966500000000e-01 3.012060301508e-04 3.152014122490e-01 3.012060301508e-04 1.873409045972e-01 3.012060301508e-04 3.040500000000e-01
3.032412060302e-04 1.966500000000e-01 3.032412060302e-04 3.152692339293e-01 3.032412060302e-04 1.873345501897e-01 3.032412060302e-04 3.040500000000e-01
3.052763819095e-04 1.966500000000e-01 3.052763819095e-04 3.153304329497e-01 3.052763819095e-04 1.873291828565e-01 3.052763819095e-04 3.040500000000e-01
3.073115577889e-04 1.966500000000e-01 3.073115577889e-04 3.153856577360e-01 3.073115577889e-04 1.873246493301e-01 3.073115577889e-04 3.040500000000e-01
3.093467336683e-04 1.966500000000e-01 3.093467336683e-04 3.154354934770e-01 3.093467336683e-04 1.873208201168e-01 3.093467336683e-04 3.040500000000e-01
3.113819095477e-04 1.966500000000e-01 3.113819095477e-04 3.154804681836e-01 3.113819095477e-04 1.873175858171e-01 3.113819095477e-04 3.040500000000e-01
3.134170854271e-04 1.966500000000e-01 3.134170854271e-04 3.155210581949e-01 3.134170854271e-04 1.873148540137e-01 3.134170854271e-04 3.040500000000e-01
3.154522613065e-04 1.966500000000e-01 3.154522613065e-04 3.155576931740e-01 3.154522613065e-04 1.873125466388e-01 3.154522613065e-04 3.040500000000e-01
3.174874371859e-04 1.966500000000e-01 3.174874371859e-04 3.155907606388e-01 3.174874371859e-04 1.873105977491e-01 3.174874371859e-04 3.040500000000e-01
3.195226130653e-04 1.966500000000e-01 3.195226130653e-04 3.156206100646e-01 3.195226130653e-04 1.873089516446e-01 3.195226130653e-04 3.040500000000e-01
3.215577889447e-04 1.966500000000e-01 3.215577889447e-04 3.156475565979e-01 3.215577889447e-04 1.873075612781e-01 3.215577889447e-04 3.040500000000e-01
3.235929648241e-04 1.966500000000e-01 3.235929648241e-04 3.156718844152e-01 3.235929648241e-04 1.873063869127e-01 3.235929648241e-04 3.040500000000e-01
3.256281407035e-04 1.966500000000e-01 3.256281407035e-04 3.156938497587e-01 3.256281407035e-04 1.873053949854e-01 3.256281407035e-04 3.040500000000e-01
3.276633165829e-04 1.966500000000e-01 3.276633165829e-04 3.157136836788e-01 3.276633165829e-04 1.873045571488e-01 3.276633165829e-04 3.040500000000e-01
3.296984924623e-04 1.966500000000e-01 3.296984924623e-04 3.157315945112e-01 3.296984924623e-04 1.873038494606e-01 3.296984924623e-04 3.040500000000e-01
3.317336683417e-04 1.966500000000e-01 3.317336683417e-04 3.157477701117e-01 3.317336683417e-04 1.873032516991e-01 3.317336683417e-04 3.040500000000e-01
3.337688442211e-04 1.966500000000e-01 3.337688442211e-04 3.157623798740e-01 3.337688442211e-04 1.873027467851e-01 3.337688442211e-04 3.040500000000e-01
3.358040201005e-04 1.966500000000e-01 3.358040201005e-04 3.157755765484e-01 3.358040201005e-04 1.873023202932e-01 3.358040201005e-04 3.040500000000e-01
3.378391959799e-04 1.966500000000e-01 3.378391959799e-04 3.157874978836e-01 3.378391959799e-04 1.873019600401e-01 3.378391959799e-04 3.040500000000e-01
3.398743718593e-04 1.966500000000e-01 3.398743718593e-04 3.157982681060e-01 3.398743718593e-04 1.873016557355e-01 3.398743718593e-04 3.040500000000e-01
3.419095477387e-04 1.966500000000e-01 3.419095477387e-04 3.158079992530e-01 3.419095477387e-04 1.873013986879e-01 3.419095477387e-04 3.040500000000e-01
3.439447236181e-04 1.966500000000e-01 3.439447236181e-04 3.158167923762e-01 3.439447236181e-04 1.873011815567e-01 3.439447236181e-04 3.040500000000e-01
3.459798994975e-04 1.966500000000e-01 3.459798994975e-04 3.158247386241e-01 3.459798994975e-04 1.873009981417e-01 3.459798994975e-04 3.040500000000e-01
3.480150753769e-04 1.966500000000e-01 3.480150753769e-04 3.158319202191e-01 3.480150753769e-04 1.873008432059e-01 3.480150753769e-04 3.040500000000e-01
3.500502512563e-04 1.966500000000e-01 3.500502512563e-04 3.158384113372e-01 3.500502512563e-04 1.873007123261e-01 3.500502512563e-04 3.040500000000e-01
3.520854271357e-04 1.966500000000e-01 3.520854271357e-04 3.158442789008e-01 3.520854271357e-04 1.873006017663e-01 3.520854271357e-04 3.040500000000e-01
3.541206030151e-04 1.966500000000e-01 3.541206030151e-04 3.158495832933e-01 3.541206030151e-04 1.873005083708e-01 3.541206030151e-04 3.040500000000e-01
3.561557788945e-04 1.966500000000e-01 3.561557788945e-04 3.158543790026e-01 3.561557788945e-04 1.873004294742e-01 3.561557788945e-04 3.040500000000e-01
3.581909547739e-04 1.966500000000e-01 3.581909547739e-04 3.158587152015e-01 3.581909547739e-04 1.873003628250e-01 3.581909547739e-04 3.040500000000e-01
3.602261306533e-04 1.966500000000e-01 3.602261306533e-04 3.158626362695e-01 3.602261306533e-04 1.873003065214e-01 3.602261306533e-04 3.040500000000e-01
3.622613065327e-04 1.966500000000e-01 3.622613065327e-04 3.158661822645e-01 3.622613065327e-04 1.873002589573e-01 3.622613065327e-04 3.040500000000e-01
3.642964824121e-04 1.966500000000e-01 3.642964824121e-04 3.158693893469e-01 3.642964824121e-04 1.873002187756e-01 3.642964824121e-04 3.040500000000e-01
3.663316582915e-04 1.966500000000e-01 3.663316582915e-04 3.158722901615e-01 3.663316582915e-04 1.873001848303e-01 3.663316582915e-04 3.040500000000e-01
3.683668341709e-04 1.966500000000e-01 3.683668341709e-04 3.158749141828e-01 3.683668341709e-04 1.873001561532e-01 3.683668341709e-04 3.040500000000e-01
3.704020100503e-04 1.966500000000e-01 3.704020100503e-04 3.158772880250e-01 3.704020100503e-04 1.873001319264e-01 3.704020100503e-04 3.040500000000e-01
3.724371859296e-04 1.966500000000e-01 3.724371859296e-04 3.158794357221e-01 3.724371859296e-04 1.873001114593e-01 3.724371859296e-04 3.040500000000e-01
3.744723618090e-04 1.966500000000e-01 3.744723618090e-04 3.158813789802e-01 3.744723618090e-04 1.873000941681e-01 3.744723618090e-04 3.040500000000e-01
3.765075376884e-04 1.966500000000e-01 3.765075376884e-04 3.158831374050e-01 3.765075376884e-04 1.873000795600e-01 3.765075376884e-04 3.040500000000e-01
3.785427135678e-04 1.966500000000e-01 3.785427135678e-04 3.158847287066e-01 3.785427135678e-04 1.873000672185e-01 3.785427135678e-04 3.040500000000e-01
3.805778894472e-04 1.966500000000e-01 3.805778894472e-04 3.158861688843e-01 3.805778894472e-04 1.873000567919e-01 3.805778894472e-04 3.040500000000e-01
3.826130653266e-04 1.966500000000e-01 3.826130653266e-04 3.158874723937e-01 3.826130653266e-04 1.873000479829e-01 3.826130653266e-04 3.040500000000e-01
3.846482412060e-04 1.966500000000e-01 3.846482412060e-04 3.158886522963e-01 3.846482412060e-04 1.873000405406e-01 3.846482412060e-04 3.040500000000e-01
3.866834170854e-04 1.966500000000e-01 3.866834170854e-04 3.158897203957e-01 3.866834170854e-04 1.873000342528e-01 3.866834170854e-04 3.040500000000e-01
3.887185929648e-04 1.966500000000e-01 3.887185929648e-04 3.158906873595e-01 3.887185929648e-04 1.873000289405e-01 3.887185929648e-04 3.040500000000e-01
3.907537688442e-04 1.966500000000e-01 3.907537688442e-04 3.158915628294e-01 3.907537688442e-04 1.873000244522e-01 3.907537688442e-04 3.040500000000e-01
3.927889447236e-04 1.966500000000e-01 3.927889447236e-04 3.158923555209e-01 3.927889447236e-04 1.873000206601e-01 3.927889447236e-04 3.040500000000e-01
3.948241206030e-04 1.966500000000e-01 3.948241206030e-04 3.158930733132e-01 3.948241206030e-04 1.873000174563e-01 3.948241206030e-04 3.040500000000e-01
3.968592964824e-04 1.966500000000e-01 3.968592964824e-04 3.158937233295e-01 3.968592964824e-04 1.873000147493e-01 3.968592964824e-04 3.040500000000e-01
3.988944723618e-04 1.966500000000e-01 3.988944723618e-04 3.158943120110e-01 3.988944723618e-04 1.873000124622e-01 3.988944723618e-04 3.040500000000e-01
4.009296482412e-04 1.966500000000e-01 4.009296482412e-04 3.158948451819e-01 4.009296482412e-04 1.873000105298e-01 4.009296482412e-04 3.040500000000e-01
4.029648241206e-04 1.966500000000e-01 4.029648241206e-04 3.158953281094e-01 4.029648241206e-04 1.873000088971e-01 4.029648241206e-04 3.040500000000e-01
4.050000000000e-04 1.966500000000e-01 4.050000000000e-04 3.158957655576e-01 4.050000000000e-04 1.873000075176e-01 4.050000000000e-04 3.040500000000e-01
