0.000000000000e+00 2.891000000000e-01 0.000000000000e+00 2.853999886841e-01 0.000000000000e+00 2.021000000000e-01 0.000000000000e+00 9.115000000000e-02 0.000000000000e+00 1.255000000000e-01
2.346733668342e-06 2.891000000000e-01 2.346733668342e-06 2.853999868709e-01 2.346733668342e-06 2.021000000000e-01 2.346733668342e-06 9.115000000000e-02 2.346733668342e-06 1.255000000000e-01
4.693467336683e-06 2.891000000000e-01 4.693467336683e-06 2.853999847671e-01 4.693467336683e-06 2.021000000000e-01 4.693467336683e-06 9.115000000000e-02 4.693467336683e-06 1.255000000001e-01
7.040201005025e-06 2.891000000000e-01 7.040201005025e-06 2.853999823263e-01 7.040201005025e-06 2.021000000000e-01 7.040201005025e-06 9.115000000000e-02 7.040201005025e-06 1.255000000001e-01
9.386934673367e-06 2.891000000000e-01 9.386934673367e-06 2.853999794944e-01 9.386934673367e-06 2.021000000000e-01 9.386934673367e-06 9.115000000000e-02 9.386934673367e-06 1.255000000001e-01
1.173366834171e-05 2.891000000000e-01 1.173366834171e-05 2.853999762087e-01 1.173366834171e-05 2.021000000000e-01 1.173366834171e-05 9.115000000000e-02 1.173366834171e-05 1.255000000001e-01
1.408040201005e-05 2.891000000000e-01 1.408040201005e-05 2.853999723966e-01 1.408040201005e-05 2.021000000000e-01 1.408040201005e-05 9.115000000000e-02 1.408040201005e-05 1.255000000002e-01
1.642713567839e-05 2.891000000000e-01 1.642713567839e-05 2.853999679736e-01 1.642713567839e-05 2.021000000000e-01 1.642713567839e-05 9.115000000000e-02 1.642713567839e-05 1.255000000003e-01
1.877386934673e-05 2.891000000000e-01 1.877386934673e-05 2.853999628419e-01 1.877386934673e-05 2.021000000000e-01 1.877386934673e-05 9.115000000000e-02 1.877386934673e-05 1.255000000003e-01
2.112060301508e-05 2.891000000000e-01 2.112060301508e-05 2.853999568879e-01 2.112060301508e-05 2.021000000000e-01 2.112060301508e-05 9.115000000000e-02 2.112060301508e-05 1.255000000005e-01
2.346733668342e-05 2.891000000000e-01 2.346733668342e-05 2.853999499799e-01 2.346733668342e-05 2.021000000000e-01 2.346733668342e-05 9.115000000000e-02 2.346733668342e-05 1.255000000006e-01
2.581407035176e-05 2.891000000000e-01 2.581407035176e-05 2.853999419650e-01 2.581407035176e-05 2.021000000000e-01 2.581407035176e-05 9.115000000000e-02 2.581407035176e-05 1.255000000008e-01
2.816080402010e-05 2.891000000000e-01 2.816080402010e-05 2.853999326659e-01 2.816080402010e-05 2.021000000000e-01 2.816080402010e-05 9.115000000000e-02 2.816080402010e-05 1.255000000011e-01
3.050753768844e-05 2.891000000000e-01 3.050753768844e-05 2.853999218767e-01 3.050753768844e-05 2.021000000000e-01 3.050753768844e-05 9.115000000000e-02 3.050753768844e-05 1.255000000015e-01
3.285427135678e-05 2.891000000000e-01 3.285427135678e-05 2.853999093588e-01 3.285427135678e-05 2.021000000000e-01 3.285427135678e-05 9.115000000000e-02 3.285427135678e-05 1.255000000020e-01
3.520100502513e-05 2.891000000000e-01 3.520100502513e-05 2.853998948351e-01 3.520100502513e-05 2.021000000000e-01 3.520100502513e-05 9.115000000000e-02 3.520100502513e-05 1.255000000026e-01
3.754773869347e-05 2.891000000000e-01 3.754773869347e-05 2.853998779842e-01 3.754773869347e-05 2.021000000000e-01 3.754773869347e-05 9.115000000000e-02 3.754773869347e-05 1.255000000035e-01
3.989447236181e-05 2.891000000000e-01 3.989447236181e-05 2.853998584332e-01 3.989447236181e-05 2.021000000000e-01 3.989447236181e-05 9.115000000000e-02 3.989447236181e-05 1.255000000047e-01
4.224120603015e-05 2.891000000000e-01 4.224120603015e-05 2.853998357496e-01 4.224120603015e-05 2.021000000000e-01 4.224120603015e-05 9.115000000000e-02 4.224120603015e-05 1.255000000063e-01
4.458793969849e-05 2.891000000000e-01 4.458793969849e-05 2.853998094313e-01 4.458793969849e-05 2.021000000000e-01 4.458793969849e-05 9.115000000000e-02 4.458793969849e-05 1.255000000085e-01
4.693467336683e-05 2.891000000000e-01 4.693467336683e-05 2.853997788960e-01 4.693467336683e-05 2.021000000000e-01 4.693467336683e-05 9.115000000000e-02 4.693467336683e-05 1.255000000113e-01
4.928140703518e-05 2.891000000000e-01 4.928140703518e-05 2.853997434679e-01 4.928140703518e-05 2.021000000000e-01 4.928140703518e-05 9.115000000000e-02 4.928140703518e-05 1.255000000151e-01
5.162814070352e-05 2.891000000000e-01 5.162814070352e-05 2.853997023632e-01 5.162814070352e-05 2.021000000000e-01 5.162814070352e-05 9.115000000000e-02 5.162814070352e-05 1.255000000202e-01
5.397487437186e-05 2.891000000000e-01 5.397487437186e-05 2.853996546722e-01 5.397487437186e-05 2.021000000000e-01 5.397487437186e-05 9.115000000000e-02 5.397487437186e-05 1.255000000270e-01
5.632160804020e-05 2.891000000000e-01 5.632160804020e-05 2.853995993397e-01 5.632160804020e-05 2.021000000000e-01 5.632160804020e-05 9.115000000000e-02 5.632160804020e-05 1.255000000361e-01
5.866834170854e-05 2.891000000000e-01 5.866834170854e-05 2.853995351412e-01 5.866834170854e-05 2.021000000000e-01 5.866834170854e-05 9.115000000000e-02 5.866834170854e-05 1.255000000482e-01
6.101507537688e-05 2.891000000000e-01 6.101507537688e-05 2.853994606562e-01 6.101507537688e-05 2.021000000000e-01 6.101507537688e-05 9.115000000000e-02 6.101507537688e-05 1.255000000645e-01
6.336180904523e-05 2.891000000000e-01 6.336180904523e-05 2.853993742366e-01 6.336180904523e-05 2.021000000000e-01 6.336180904523e-05 9.115000000000e-02 6.336180904523e-05 1.255000000862e-01
6.570854271357e-05 2.891000000000e-01 6.570854271357e-05 2.853992739701e-01 6.570854271357e-05 2.021000000000e-01 6.570854271357e-05 9.115000000000e-02 6.570854271357e-05 1.255000001153e-01
6.805527638191e-05 2.891000000000e-01 6.805527638191e-05 2.853991576382e-01 6.805527638191e-05 2.021000000000e-01 6.805527638191e-05 9.115000000000e-02 6.805527638191e-05 1.255000001541e-01
7.040201005025e-05 2.891000000000e-01 7.040201005025e-05 2.853990226669e-01 7.040201005025e-05 2.021000000000e-01 7.040201005025e-05 9.115000000000e-02 7.040201005025e-05 1.255000002060e-01
7.274874371859e-05 2.891000000000e-01 7.274874371859e-05 2.853988660698e-01 7.274874371859e-05 2.021000000000e-01 7.274874371859e-05 9.115000000000e-02 7.274874371859e-05 1.255000002754e-01
7.509547738693e-05 2.891000000000e-01 7.509547738693e-05 2.853986843820e-01 7.509547738693e-05 2.021000000000e-01 7.509547738693e-05 9.115000000000e-02 7.509547738693e-05 1.255000003681e-01
7.744221105528e-05 2.891000000000e-01 7.744221105528e-05 2.853984735838e-01 7.744221105528e-05 2.021000000000e-01 7.744221105528e-05 9.115000000000e-02 7.744221105528e-05 1.255000004922e-01
7.978894472362e-05 2.891000000000e-01 7.978894472362e-05 2.853982290114e-01 7.978894472362e-05 2.020999999999e-01 7.978894472362e-05 9.115000000000e-02 7.978894472362e-05 1.255000006579e-01
8.213567839196e-05 2.891000000000e-01 8.213567839196e-05 2.853979452540e-01 8.213567839196e-05 2.020999999999e-01 8.213567839196e-05 9.115000000000e-02 8.213567839196e-05 1.255000008796e-01
8.448241206030e-05 2.891000000000e-01 8.448241206030e-05 2.853976160340e-01 8.448241206030e-05 2.020999999998e-01 8.448241206030e-05 9.115000000000e-02 8.448241206030e-05 1.255000011758e-01
8.682914572864e-05 2.891000000000e-01 8.682914572864e-05 2.853972340687e-01 8.682914572864e-05 2.020999999998e-01 8.682914572864e-05 9.115000000000e-02 8.682914572864e-05 1.255000015719e-01
8.917587939698e-05 2.891000000000e-01 8.917587939698e-05 2.853967909086e-01 8.917587939698e-05 2.020999999996e-01 8.917587939698e-05 9.115000000000e-02 8.917587939698e-05 1.255000021014e-01
9.152261306533e-05 2.891000000000e-01 9.152261306533e-05 2.853962767515e-01 9.152261306533e-05 2.020999999994e-01 9.152261306533e-05 9.115000000000e-02 9.152261306533e-05 1.255000028093e-01
9.386934673367e-05 2.891000000000e-01 9.386934673367e-05 2.853956802255e-01 9.386934673367e-05 2.020999999991e-01 9.386934673367e-05 9.115000000000e-02 9.386934673367e-05 1.255000037557e-01
9.621608040201e-05 2.891000000000e-01 9.621608040201e-05 2.853949881377e-01 9.621608040201e-05 2.020999999987e-01 9.621608040201e-05 9.115000000000e-02 9.621608040201e-05 1.255000050208e-01
9.856281407035e-05 2.891000000000e-01 9.856281407035e-05 2.853941851837e-01 9.856281407035e-05 2.020999999980e-01 9.856281407035e-05 9.115000000000e-02 9.856281407035e-05 1.255000067121e-01
1.009095477387e-04 2.891000000000e-01 1.009095477387e-04 2.853932536091e-01 1.009095477387e-04 2.020999999969e-01 1.009095477387e-04 9.115000000000e-02 1.009095477387e-04 1.255000089730e-01
1.032562814070e-04 2.891000000000e-01 1.032562814070e-04 2.853921728183e-01 1.032562814070e-04 2.020999999952e-01 1.032562814070e-04 9.115000000000e-02 1.032562814070e-04 1.255000119957e-01
1.056030150754e-04 2.891000000000e-01 1.056030150754e-04 2.853909189201e-01 1.056030150754e-04 2.020999999926e-01 1.056030150754e-04 9.115000000000e-02 1.056030150754e-04 1.255000160364e-01
1.079497487437e-04 2.891000000000e-01 1.079497487437e-04 2.853894642018e-01 1.079497487437e-04 2.020999999887e-01 1.079497487437e-04 9.115000000000e-02 1.079497487437e-04 1.255000214384e-01
1.102964824121e-04 2.891000000000e-01 1.102964824121e-04 2.853877765187e-01 1.102964824121e-04 2.020999999827e-01 1.102964824121e-04 9.115000000000e-02 1.102964824121e-04 1.255000286600e-01
1.126432160804e-04 2.891000000000e-01 1.126432160804e-04 2.853858185867e-01 1.126432160804e-04 2.020999999735e-01 1.126432160804e-04 9.115000000000e-02 1.126432160804e-04 1.255000383143e-01
1.149899497487e-04 2.891000000000e-01 1.149899497487e-04 2.853835471635e-01 1.149899497487e-04 2.020999999594e-01 1.149899497487e-04 9.115000000000e-02 1.149899497487e-04 1.255000512206e-01
1.173366834171e-04 2.891000000000e-01 1.173366834171e-04 2.853809120985e-01 1.173366834171e-04 2.020999999377e-01 1.173366834171e-04 9.115000000000e-02 1.173366834171e-04 1.255000684745e-01
1.196834170854e-04 2.891000000000e-01 1.196834170854e-04 2.853778552334e-01 1.196834170854e-04 2.020999999045e-01 1.196834170854e-04 9.115000000000e-02 1.196834170854e-04 1.255000915405e-01
1.220301507538e-04 2.891000000000e-01 1.220301507538e-04 2.853743091290e-01 1.220301507538e-04 2.020999998537e-01 1.220301507538e-04 9.115000000000e-02 1.220301507538e-04 1.255001223762e-01
1.243768844221e-04 2.891000000000e-01 1.243768844221e-04 2.853701955909e-01 1.243768844221e-04 2.020999997757e-01 1.243768844221e-04 9.115000000000e-02 1.243768844221e-04 1.255001635992e-01
1.267236180905e-04 2.891000000000e-01 1.267236180905e-04 2.853654239637e-01 1.267236180905e-04 2.020999996562e-01 1.267236180905e-04 9.115000000000e-02 1.267236180905e-04 1.255002187082e-01
1.290703517588e-04 2.891000000000e-01 1.290703517588e-04 2.853598891582e-01 1.290703517588e-04 2.020999994730e-01 1.290703517588e-04 9.115000000000e-02 1.290703517588e-04 1.255002923808e-01
1.314170854271e-04 2.891000000000e-01 1.314170854271e-04 2.853534693700e-01 1.314170854271e-04 2.020999991921e-01 1.314170854271e-04 9.115000000000e-02 1.314170854271e-04 1.255003908703e-01
1.337638190955e-04 2.891000000000e-01 1.337638190955e-04 2.853460234443e-01 1.337638190955e-04 2.020999987616e-01 1.337638190955e-04 9.115000000000e-02 1.337638190955e-04 1.255005225360e-01
1.361105527638e-04 2.891000000000e-01 1.361105527638e-04 2.853373878326e-01 1.361105527638e-04 2.020999981017e-01 1.361105527638e-04 9.115000000000e-02 1.361105527638e-04 1.255006985532e-01
1.384572864322e-04 2.891000000000e-01 1.384572864322e-04 2.853273730816e-01 1.384572864322e-04 2.020999970902e-01 1.384572864322e-04 9.115000000000e-02 1.384572864322e-04 1.255009338617e-01
1.408040201005e-04 2.891000000000e-01 1.408040201005e-04 2.853157597859e-01 1.408040201005e-04 2.020999955396e-01 1.408040201005e-04 9.115000000000e-02 1.408040201005e-04 1.255012484329e-01
1.431507537688e-04 2.891000000000e-01 1.431507537688e-04 2.853022939280e-01 1.431507537688e-04 2.020999931628e-01 1.431507537688e-04 9.115000000000e-02 1.431507537688e-04 1.255016689653e-01
1.454974874372e-04 2.891000000000e-01 1.454974874372e-04 2.852866815192e-01 1.454974874372e-04 2.020999895195e-01 1.454974874372e-04 9.115000000000e-02 1.454974874372e-04 1.255022311497e-01
1.478442211055e-04 2.891000000000e-01 1.478442211055e-04 2.852685824454e-01 1.478442211055e-04 2.020999839348e-01 1.478442211055e-04 9.115000000000e-02 1.478442211055e-04 1.255029826972e-01
1.501909547739e-04 2.891000000000e-01 1.501909547739e-04 2.852476034128e-01 1.501909547739e-04 2.020999753741e-01 1.501909547739e-04 9.115000000000e-02 1.501909547739e-04 1.255039873867e-01
1.525376884422e-04 2.891000000000e-01 1.525376884422e-04 2.852232898769e-01 1.525376884422e-04 2.020999622518e-01 1.525376884422e-04 9.115000000000e-02 1.525376884422e-04 1.255053304743e-01
1.548844221106e-04 2.891000000000e-01 1.548844221106e-04 2.851951168319e-01 1.548844221106e-04 2.020999421371e-01 1.548844221106e-04 9.115000000000e-02 1.548844221106e-04 1.255071259226e-01
1.572311557789e-04 2.891000000000e-01 1.572311557789e-04 2.851624783279e-01 1.572311557789e-04 2.020999113039e-01 1.572311557789e-04 9.115000000000e-02 1.572311557789e-04 1.255095260602e-01
1.595778894472e-04 2.891000000000e-01 1.595778894472e-04 2.851246755800e-01 1.595778894472e-04 2.020998640408e-01 1.595778894472e-04 9.115000000000e-02 1.595778894472e-04 1.255127344887e-01
1.619246231156e-04 2.891000000000e-01 1.619246231156e-04 2.850809035340e-01 1.619246231156e-04 2.020997915929e-01 1.619246231156e-04 9.115000000000e-02 1.619246231156e-04 1.255170233222e-01
1.642713567839e-04 2.891000000000e-01 1.642713567839e-04 2.850302357582e-01 1.642713567839e-04 2.020996805404e-01 1.642713567839e-04 9.115000000000e-02 1.642713567839e-04 1.255227562104e-01
1.666180904523e-04 2.891000000000e-01 1.666180904523e-04 2.849716075485e-01 1.666180904523e-04 2.020995103128e-01 1.666180904523e-04 9.115000000000e-02 1.666180904523e-04 1.255304190730e-01
1.689648241206e-04 2.891000000000e-01 1.689648241206e-04 2.849037971617e-01 1.689648241206e-04 2.020992493794e-01 1.689648241206e-04 9.115000000000e-02 1.689648241206e-04 1.255406611102e-01
1.713115577889e-04 2.891000000000e-01 1.713115577889e-04 2.848254051336e-01 1.713115577889e-04 2.020988494098e-01 1.713115577889e-04 9.115000000000e-02 1.713115577889e-04 1.255543494904e-01
1.736582914573e-04 2.891000000000e-01 1.736582914573e-04 2.847348317058e-01 1.736582914573e-04 2.020982363251e-01 1.736582914573e-04 9.115000000000e-02 1.736582914573e-04 1.255726422201e-01
1.760050251256e-04 2.891000000000e-01 1.760050251256e-04 2.846302524632e-01 1.760050251256e-04 2.020972965846e-01 1.760050251256e-04 9.115000000000e-02 1.760050251256e-04 1.255970851381e-01
1.783517587940e-04 2.891000000000e-01 1.783517587940e-04 2.845095923844e-01 1.783517587940e-04 2.020958561740e-01 1.783517587940e-04 9.115000000000e-02 1.783517587940e-04 1.256297408541e-01
1.806984924623e-04 2.891000000000e-01 1.806984924623e-04 2.843704986001e-01 1.806984924623e-04 2.020936484196e-01 1.806984924623e-04 9.115000000000e-02 1.806984924623e-04 1.256733598728e-01
1.830452261307e-04 2.891000000000e-01 1.830452261307e-04 2.842103121976e-01 1.830452261307e-04 2.020902647028e-01 1.830452261307e-04 9.115000000000e-02 1.830452261307e-04 1.257316072701e-01
1.853919597990e-04 2.891000000000e-01 1.853919597990e-04 2.840260392917e-01 1.853919597990e-04 2.020850790317e-01 1.853919597990e-04 9.115000000000e-02 1.853919597990e-04 1.258093623301e-01
1.877386934673e-04 2.891000000000e-01 1.877386934673e-04 2.838143210704e-01 1.877386934673e-04 2.020771326946e-01 1.877386934673e-04 9.115000000000e-02 1.877386934673e-04 1.259131138876e-01
1.900854271357e-04 2.891000000000e-01 1.900854271357e-04 2.835714011261e-01 1.900854271357e-04 2.020649580792e-01 1.900854271357e-04 9.115000000000e-02 1.900854271357e-04 1.260514815807e-01
1.924321608040e-04 2.891000000000e-01 1.924321608040e-04 2.832930850954e-01 1.924321608040e-04 2.020463100324e-01 1.924321608040e-04 9.115000000000e-02 1.924321608040e-04 1.262359048382e-01
1.947788944724e-04 2.891000000000e-01 1.947788944724e-04 2.829746804039e-01 1.947788944724e-04 2.020177571998e-01 1.947788944724e-04 9.115000000000e-02 1.947788944724e-04 1.264815625808e-01
1.971256281407e-04 2.891000000000e-01 1.971256281407e-04 2.826108886248e-01 1.971256281407e-04 2.019740622257e-01 1.971256281407e-04 9.115000000000e-02 1.971256281407e-04 1.268086314801e-01
1.994723618090e-04 2.891000000000e-01 1.994723618090e-04 2.821955913108e-01 1.994723618090e-04 2.019072446690e-01 1.994723618090e-04 9.115000000000e-02 1.994723618090e-04 1.272440963318e-01
2.018190954774e-04 2.891000000000e-01 2.018190954774e-04 2.817214055946e-01 2.018190954774e-04 2.018051661055e-01 2.018190954774e-04 9.115000000000e-02 2.018190954774e-04 1.278245885082e-01
2.041658291457e-04 2.891000000000e-01 2.041658291457e-04 2.811787557156e-01 2.041658291457e-04 2.016493803899e-01 2.041658291457e-04 9.115000000000e-02 2.041658291457e-04 1.286013905916e-01
2.065125628141e-04 2.891000000000e-01 2.065125628141e-04 2.805539479689e-01 2.065125628141e-04 2.014117733021e-01 2.065125628141e-04 9.115000000000e-02 2.065125628141e-04 1.296504087553e-01
2.088592964824e-04 2.891000000000e-01 2.088592964824e-04 2.798252343654e-01 2.088592964824e-04 2.010488751327e-01 2.088592964824e-04 9.115000000000e-02 2.088592964824e-04 1.310940032653e-01
2.112060301508e-04 2.891000000000e-01 2.112060301508e-04 2.789549200801e-01 2.112060301508e-04 2.004905550247e-01 2.112060301508e-04 9.115000000000e-02 2.112060301508e-04 1.331511030269e-01
2.135527638191e-04 2.891000000000e-01 2.135527638191e-04 2.778740257417e-01 2.135527638191e-04 1.996121244703e-01 2.135527638191e-04 9.115000000000e-02 2.135527638191e-04 1.362513790465e-01
2.158994974874e-04 2.891000000000e-01 2.158994974874e-04 2.764541766506e-01 2.158994974874e-04 1.981527968046e-01 2.158994974874e-04 9.115000000000e-02 2.158994974874e-04 1.412721839993e-01
2.182462311558e-04 2.891000000000e-01 2.182462311558e-04 2.744622245574e-01 2.182462311558e-04 1.954700273900e-01 2.182462311558e-04 9.115000000000e-02 2.182462311558e-04 1.498931150281e-01
2.205929648241e-04 2.891000000000e-01 2.205929648241e-04 2.715085800360e-01 2.205929648241e-04 1.899616635066e-01 2.205929648241e-04 9.115000000000e-02 2.205929648241e-04 1.645328042839e-01
2.229396984925e-04 2.891000000000e-01 2.229396984925e-04 2.670589620787e-01 2.229396984925e-04 1.790277865435e-01 2.229396984925e-04 9.115000000000e-02 2.229396984925e-04 1.861845930992e-01
2.252864321608e-04 2.891000000000e-01 2.252864321608e-04 2.606843610864e-01 2.252864321608e-04 1.636308492546e-01 2.252864321608e-04 9.115000000000e-02 2.252864321608e-04 2.107217829101e-01
2.276331658291e-04 2.891000000000e-01 2.276331658291e-04 2.526428488812e-01 2.276331658291e-04 1.507486465468e-01 2.276331658291e-04 9.115000000000e-02 2.276331658291e-04 2.314720073162e-01
2.299798994975e-04 2.891000000000e-01 2.299798994975e-04 2.442150222437e-01 2.299798994975e-04 1.427351099468e-01 2.299798994975e-04 9.115000000000e-02 2.299798994975e-04 2.461834025773e-01
2.323266331658e-04 2.891000000000e-01 2.323266331658e-04 2.369317449539e-01 2.323266331658e-04 1.375052163940e-01 2.323266331658e-04 9.115000000000e-02 2.323266331658e-04 2.565248399030e-01
2.346733668342e-04 2.891000000000e-01 2.346733668342e-04 2.314695830617e-01 2.346733668342e-04 1.336679871695e-01 2.346733668342e-04 9.115000000000e-02 2.346733668342e-04 2.644164626075e-01
2.370201005025e-04 2.891000000000e-01 2.370201005025e-04 2.276003389819e-01 2.370201005025e-04 1.307570515136e-01 2.370201005025e-04 9.115000000000e-02 2.370201005025e-04 2.708936480870e-01
2.393668341709e-04 2.891000000000e-01 2.393668341709e-04 2.247947543732e-01 2.393668341709e-04 1.285910927042e-01 2.393668341709e-04 9.115000000000e-02 2.393668341709e-04 2.763728481047e-01
2.417135678392e-04 2.891000000000e-01 2.417135678392e-04 2.226132296684e-01 2.417135678392e-04 1.270301060487e-01 2.417135678392e-04 9.115000000000e-02 2.417135678392e-04 2.810056447751e-01
2.440603015075e-04 2.891000000000e-01 2.440603015075e-04 2.207843663215e-01 2.440603015075e-04 1.259371099157e-01 2.440603015075e-04 9.115000000000e-02 2.440603015075e-04 2.848669838197e-01
2.464070351759e-04 2.891000000000e-01 2.464070351759e-04 2.191633751376e-01 2.464070351759e-04 1.251885618431e-01 2.464070351759e-04 9.115000000000e-02 2.464070351759e-04 2.880269813562e-01
2.487537688442e-04 2.891000000000e-01 2.487537688442e-04 2.176800730775e-01 2.487537688442e-04 1.246839734602e-01 2.487537688442e-04 9.115000000000e-02 2.487537688442e-04 2.905676034262e-01
2.511005025126e-04 2.891000000000e-01 2.511005025126e-04 2.163034280603e-01 2.511005025126e-04 1.243475355423e-01 2.511005025126e-04 9.115000000000e-02 2.511005025126e-04 2.925789536306e-01
2.534472361809e-04 2.891000000000e-01 2.534472361809e-04 2.150213287542e-01 2.534472361809e-04 1.241248648678e-01 2.534472361809e-04 9.115000000000e-02 2.534472361809e-04 2.941511100369e-01
2.557939698492e-04 2.891000000000e-01 2.557939698492e-04 2.138299170959e-01 2.557939698492e-04 1.239782156624e-01 2.557939698492e-04 9.115000000000e-02 2.557939698492e-04 2.953674861728e-01
2.581407035176e-04 2.891000000000e-01 2.581407035176e-04 2.127282344472e-01 2.581407035176e-04 1.238819483100e-01 2.581407035176e-04 9.115000000000e-02 2.581407035176e-04 2.963010796371e-01
2.604874371859e-04 2.891000000000e-01 2.604874371859e-04 2.117156795602e-01 2.604874371859e-04 1.238188896207e-01 2.604874371859e-04 9.115000000000e-02 2.604874371859e-04 2.970131953936e-01
2.628341708543e-04 2.891000000000e-01 2.628341708543e-04 2.107909219049e-01 2.628341708543e-04 1.237776420689e-01 2.628341708543e-04 9.115000000000e-02 2.628341708543e-04 2.975537927448e-01
2.651809045226e-04 2.891000000000e-01 2.651809045226e-04 2.099515548132e-01 2.651809045226e-04 1.237506864001e-01 2.651809045226e-04 9.115000000000e-02 2.651809045226e-04 2.979626954608e-01
2.675276381910e-04 2.891000000000e-01 2.675276381910e-04 2.091941120559e-01 2.675276381910e-04 1.237330812569e-01 2.675276381910e-04 9.115000000000e-02 2.675276381910e-04 2.982711348660e-01
2.698743718593e-04 2.891000000000e-01 2.698743718593e-04 2.085142485331e-01 2.698743718593e-04 1.237215876199e-01 2.698743718593e-04 9.115000000000e-02 2.698743718593e-04 2.985033100049e-01
2.722211055276e-04 2.891000000000e-01 2.722211055276e-04 2.079069791212e-01 2.722211055276e-04 1.237140858566e-01 2.722211055276e-04 9.115000000000e-02 2.722211055276e-04 2.986778038847e-01
2.745678391960e-04 2.891000000000e-01 2.745678391960e-04 2.073669201138e-01 2.745678391960e-04 1.237091903674e-01 2.745678391960e-04 9.115000000000e-02 2.745678391960e-04 2.988087920671e-01
2.769145728643e-04 2.891000000000e-01 2.769145728643e-04 2.068885056659e-01 2.769145728643e-04 1.237059960277e-01 2.769145728643e-04 9.115000000000e-02 2.769145728643e-04 2.989070344768e-01
2.792613065327e-04 2.891000000000e-01 2.792613065327e-04 2.064661674820e-01 2.792613065327e-04 1.237039118490e-01 2.792613065327e-04 9.115000000000e-02 2.792613065327e-04 2.989806682383e-01
2.816080402010e-04 2.891000000000e-01 2.816080402010e-04 2.060944749672e-01 2.816080402010e-04 1.237025520696e-01 2.816080402010e-04 9.115000000000e-02 2.816080402010e-04 2.990358300283e-01
2.839547738693e-04 2.891000000000e-01 2.839547738693e-04 2.057682379698e-01 2.839547738693e-04 1.237016649366e-01 2.839547738693e-04 9.115000000000e-02 2.839547738693e-04 2.990771383357e-01
2.863015075377e-04 2.891000000000e-01 2.863015075377e-04 2.054825766978e-01 2.863015075377e-04 1.237010861742e-01 2.863015075377e-04 9.115000000000e-02 2.863015075377e-04 2.991080637038e-01
2.886482412060e-04 2.891000000000e-01 2.886482412060e-04 2.052329643385e-01 2.886482412060e-04 1.237007085965e-01 2.886482412060e-04 9.115000000000e-02 2.886482412060e-04 2.991312110564e-01
2.909949748744e-04 2.891000000000e-01 2.909949748744e-04 2.050152479616e-01 2.909949748744e-04 1.237004622715e-01 2.909949748744e-04 9.115000000000e-02 2.909949748744e-04 2.991485339182e-01
2.933417085427e-04 2.891000000000e-01 2.933417085427e-04 2.048256528493e-01 2.933417085427e-04 1.237003015743e-01 2.933417085427e-04 9.115000000000e-02 2.933417085427e-04 2.991614963640e-01
2.956884422111e-04 2.891000000000e-01 2.956884422111e-04 2.046607747107e-01 2.956884422111e-04 1.237001967392e-01 2.956884422111e-04 9.115000000000e-02 2.956884422111e-04 2.991711951216e-01
2.980351758794e-04 2.891000000000e-01 2.980351758794e-04 2.045175634822e-01 2.980351758794e-04 1.237001283474e-01 2.980351758794e-04 9.115000000000e-02 2.980351758794e-04 2.991784514462e-01
3.003819095477e-04 2.891000000000e-01 3.003819095477e-04 2.043933016773e-01 3.003819095477e-04 1.237000837303e-01 3.003819095477e-04 9.115000000000e-02 3.003819095477e-04 2.991838801474e-01
3.027286432161e-04 2.891000000000e-01 3.027286432161e-04 2.042855795816e-01 3.027286432161e-04 1.237000546234e-01 3.027286432161e-04 9.115000000000e-02 3.027286432161e-04 2.991879413924e-01
3.050753768844e-04 2.891000000000e-01 3.050753768844e-04 2.041922690158e-01 3.050753768844e-04 1.237000356348e-01 3.050753768844e-04 9.115000000000e-02 3.050753768844e-04 2.991909795512e-01
3.074221105528e-04 2.891000000000e-01 3.074221105528e-04 2.041114969181e-01 3.074221105528e-04 1.237000232471e-01 3.074221105528e-04 9.115000000000e-02 3.074221105528e-04 2.991932523073e-01
3.097688442211e-04 2.891000000000e-01 3.097688442211e-04 2.040416196202e-01 3.097688442211e-04 1.237000151658e-01 3.097688442211e-04 9.115000000000e-02 3.097688442211e-04 2.991949524621e-01
3.121155778894e-04 2.891000000000e-01 3.121155778894e-04 2.039811983935e-01 3.121155778894e-04 1.237000098937e-01 3.121155778894e-04 9.115000000000e-02 3.121155778894e-04 2.991962242630e-01
3.144623115578e-04 2.891000000000e-01 3.144623115578e-04 2.039289766209e-01 3.144623115578e-04 1.237000064544e-01 3.144623115578e-04 9.115000000000e-02 3.144623115578e-04 2.991971756255e-01
3.168090452261e-04 2.891000000000e-01 3.168090452261e-04 2.038838587830e-01 3.168090452261e-04 1.237000042107e-01 3.168090452261e-04 9.115000000000e-02 3.168090452261e-04 2.991978872816e-01
3.191557788945e-04 2.891000000000e-01 3.191557788945e-04 2.038448913276e-01 3.191557788945e-04 1.237000027469e-01 3.191557788945e-04 9.115000000000e-02 3.191557788945e-04 2.991984196253e-01
3.215025125628e-04 2.891000000000e-01 3.215025125628e-04 2.038112454092e-01 3.215025125628e-04 1.237000017920e-01 3.215025125628e-04 9.115000000000e-02 3.215025125628e-04 2.991988178357e-01
3.238492462312e-04 2.891000000000e-01 3.238492462312e-04 2.037822014276e-01 3.238492462312e-04 1.237000011691e-01 3.238492462312e-04 9.115000000000e-02 3.238492462312e-04 2.991991157092e-01
3.261959798995e-04 2.891000000000e-01 3.261959798995e-04 2.037571352611e-01 3.261959798995e-04 1.237000007627e-01 3.261959798995e-04 9.115000000000e-02 3.261959798995e-04 2.991993385272e-01
3.285427135678e-04 2.891000000000e-01 3.285427135678e-04 2.037355060693e-01 3.285427135678e-04 1.237000004975e-01 3.285427135678e-04 9.115000000000e-02 3.285427135678e-04 2.991995052012e-01
3.308894472362e-04 2.891000000000e-01 3.308894472362e-04 2.037168455320e-01 3.308894472362e-04 1.237000003246e-01 3.308894472362e-04 9.115000000000e-02 3.308894472362e-04 2.991996298779e-01
3.332361809045e-04 2.891000000000e-01 3.332361809045e-04 2.037007483857e-01 3.332361809045e-04 1.237000002117e-01 3.332361809045e-04 9.115000000000e-02 3.332361809045e-04 2.991997231393e-01
3.355829145729e-04 2.891000000000e-01 3.355829145729e-04 2.036868641287e-01 3.355829145729e-04 1.237000001381e-01 3.355829145729e-04 9.115000000000e-02 3.355829145729e-04 2.991997929013e-01
3.379296482412e-04 2.891000000000e-01 3.379296482412e-04 2.036748897657e-01 3.379296482412e-04 1.237000000901e-01 3.379296482412e-04 9.115000000000e-02 3.379296482412e-04 2.991998450850e-01
3.402763819095e-04 2.891000000000e-01 3.402763819095e-04 2.036645634772e-01 3.402763819095e-04 1.237000000588e-01 3.402763819095e-04 9.115000000000e-02 3.402763819095e-04 2.991998841197e-01
3.426231155779e-04 2.891000000000e-01 3.426231155779e-04 2.036556591033e-01 3.426231155779e-04 1.237000000384e-01 3.426231155779e-04 9.115000000000e-02 3.426231155779e-04 2.991999133187e-01
3.449698492462e-04 2.891000000000e-01 3.449698492462e-04 2.036479813472e-01 3.449698492462e-04 1.237000000250e-01 3.449698492462e-04 9.115000000000e-02 3.449698492462e-04 2.991999351603e-01
3.473165829146e-04 2.891000000000e-01 3.473165829146e-04 2.036413616075e-01 3.473165829146e-04 1.237000000163e-01 3.473165829146e-04 9.115000000000e-02 3.473165829146e-04 2.991999514983e-01
3.496633165829e-04 2.891000000000e-01 3.496633165829e-04 2.036356543622e-01 3.496633165829e-04 1.237000000106e-01 3.496633165829e-04 9.115000000000e-02 3.496633165829e-04 2.991999637195e-01
3.520100502513e-04 2.891000000000e-01 3.520100502513e-04 2.036307340337e-01 3.520100502513e-04 1.237000000069e-01 3.520100502513e-04 9.115000000000e-02 3.520100502513e-04 2.991999728613e-01
3.543567839196e-04 2.891000000000e-01 3.543567839196e-04 2.036264922741e-01 3.543567839196e-04 1.237000000045e-01 3.543567839196e-04 9.115000000000e-02 3.543567839196e-04 2.991999796996e-01
3.567035175879e-04 2.891000000000e-01 3.567035175879e-04 2.036228356141e-01 3.567035175879e-04 1.237000000030e-01 3.567035175879e-04 9.115000000000e-02 3.567035175879e-04 2.991999848148e-01
3.590502512563e-04 2.891000000000e-01 3.590502512563e-04 2.036196834303e-01 3.590502512563e-04 1.237000000019e-01 3.590502512563e-04 9.115000000000e-02 3.590502512563e-04 2.991999886411e-01
3.613969849246e-04 2.891000000000e-01 3.613969849246e-04 2.036169661872e-01 3.613969849246e-04 1.237000000013e-01 3.613969849246e-04 9.115000000000e-02 3.613969849246e-04 2.991999915033e-01
3.637437185930e-04 2.891000000000e-01 3.637437185930e-04 2.036146239179e-01 3.637437185930e-04 1.237000000008e-01 3.637437185930e-04 9.115000000000e-02 3.637437185930e-04 2.991999936442e-01
3.660904522613e-04 2.891000000000e-01 3.660904522613e-04 2.036126049112e-01 3.660904522613e-04 1.237000000005e-01 3.660904522613e-04 9.115000000000e-02 3.660904522613e-04 2.991999952457e-01
3.684371859296e-04 2.891000000000e-01 3.684371859296e-04 2.036108645784e-01 3.684371859296e-04 1.237000000003e-01 3.684371859296e-04 9.115000000000e-02 3.684371859296e-04 2.991999964437e-01
3.707839195980e-04 2.891000000000e-01 3.707839195980e-04 2.036093644745e-01 3.707839195980e-04 1.237000000002e-01 3.707839195980e-04 9.115000000000e-02 3.707839195980e-04 2.991999973398e-01
3.731306532663e-04 2.891000000000e-01 3.731306532663e-04 2.036080714535e-01 3.731306532663e-04 1.237000000001e-01 3.731306532663e-04 9.115000000000e-02 3.731306532663e-04 2.991999980101e-01
3.754773869347e-04 2.891000000000e-01 3.754773869347e-04 2.036069569389e-01 3.754773869347e-04 1.237000000001e-01 3.754773869347e-04 9.115000000000e-02 3.754773869347e-04 2.991999985115e-01
3.778241206030e-04 2.891000000000e-01 3.778241206030e-04 2.036059962951e-01 3.778241206030e-04 1.237000000001e-01 3.778241206030e-04 9.115000000000e-02 3.778241206030e-04 2.991999988866e-01
3.801708542714e-04 2.891000000000e-01 3.801708542714e-04 2.036051682843e-01 3.801708542714e-04 1.237000000000e-01 3.801708542714e-04 9.115000000000e-02 3.801708542714e-04 2.991999991671e-01
3.825175879397e-04 2.891000000000e-01 3.825175879397e-04 2.036044545986e-01 3.825175879397e-04 1.237000000000e-01 3.825175879397e-04 9.115000000000e-02 3.825175879397e-04 2.991999993770e-01
3.848643216080e-04 2.891000000000e-01 3.848643216080e-04 2.036038394561e-01 3.848643216080e-04 1.237000000000e-01 3.848643216080e-04 9.115000000000e-02 3.848643216080e-04 2.991999995340e-01
3.872110552764e-04 2.891000000000e-01 3.872110552764e-04 2.036033092528e-01 3.872110552764e-04 1.237000000000e-01 3.872110552764e-04 9.115000000000e-02 3.872110552764e-04 2.991999996514e-01
3.895577889447e-04 2.891000000000e-01 3.895577889447e-04 2.036028522619e-01 3.895577889447e-04 1.237000000000e-01 3.895577889447e-04 9.115000000000e-02 3.895577889447e-04 2.991999997392e-01
3.919045226131e-04 2.891000000000e-01 3.919045226131e-04 2.036024583753e-01 3.919045226131e-04 1.237000000000e-01 3.919045226131e-04 9.115000000000e-02 3.919045226131e-04 2.991999998049e-01
3.942512562814e-04 2.891000000000e-01 3.942512562814e-04 2.036021188802e-01 3.942512562814e-04 1.237000000000e-01 3.942512562814e-04 9.115000000000e-02 3.942512562814e-04 2.991999998541e-01
3.965979899497e-04 2.891000000000e-01 3.965979899497e-04 2.036018262663e-01 3.965979899497e-04 1.237000000000e-01 3.965979899497e-04 9.115000000000e-02 3.965979899497e-04 2.991999998909e-01
3.989447236181e-04 2.891000000000e-01 3.989447236181e-04 2.036015740604e-01 3.989447236181e-04 1.237000000000e-01 3.989447236181e-04 9.115000000000e-02 3.989447236181e-04 2.991999999184e-01
4.012914572864e-04 2.891000000000e-01 4.012914572864e-04 2.036013566827e-01 4.012914572864e-04 1.237000000000e-01 4.012914572864e-04 9.115000000000e-02 4.012914572864e-04 2.991999999389e-01
4.036381909548e-04 2.891000000000e-01 4.036381909548e-04 2.036011693241e-01 4.036381909548e-04 1.237000000000e-01 4.036381909548e-04 9.115000000000e-02 4.036381909548e-04 2.991999999543e-01
4.059849246231e-04 2.891000000000e-01 4.059849246231e-04 2.036010078391e-01 4.059849246231e-04 1.237000000000e-01 4.059849246231e-04 9.115000000000e-02 4.059849246231e-04 2.991999999658e-01
4.083316582915e-04 2.891000000000e-01 4.083316582915e-04 2.036008686549e-01 4.083316582915e-04 1.237000000000e-01 4.083316582915e-04 9.115000000000e-02 4.083316582915e-04 2.991999999744e-01
4.106783919598e-04 2.891000000000e-01 4.106783919598e-04 2.036007486920e-01 4.106783919598e-04 1.237000000000e-01 4.106783919598e-04 9.115000000000e-02 4.106783919598e-04 2.991999999809e-01
4.130251256281e-04 2.891000000000e-01 4.130251256281e-04 2.036006452958e-01 4.130251256281e-04 1.237000000000e-01 4.130251256281e-04 9.115000000000e-02 4.130251256281e-04 2.991999999857e-01
4.153718592965e-04 2.891000000000e-01 4.153718592965e-04 2.036005561788e-01 4.153718592965e-04 1.237000000000e-01 4.153718592965e-04 9.115000000000e-02 4.153718592965e-04 2.991999999893e-01
4.177185929648e-04 2.891000000000e-01 4.177185929648e-04 2.036004793689e-01 4.177185929648e-04 1.237000000000e-01 4.177185929648e-04 9.115000000000e-02 4.177185929648e-04 2.991999999920e-01
4.200653266332e-04 2.891000000000e-01 4.200653266332e-04 2.036004131665e-01 4.200653266332e-04 1.237000000000e-01 4.200653266332e-04 9.115000000000e-02 4.200653266332e-04 2.991999999940e-01
4.224120603015e-04 2.891000000000e-01 4.224120603015e-04 2.036003561069e-01 4.224120603015e-04 1.237000000000e-01 4.224120603015e-04 9.115000000000e-02 4.224120603015e-04 2.991999999955e-01
4.247587939698e-04 2.891000000000e-01 4.247587939698e-04 2.036003069273e-01 4.247587939698e-04 1.237000000000e-01 4.247587939698e-04 9.115000000000e-02 4.247587939698e-04 2.991999999967e-01
4.271055276382e-04 2.891000000000e-01 4.271055276382e-04 2.036002645395e-01 4.271055276382e-04 1.237000000000e-01 4.271055276382e-04 9.115000000000e-02 4.271055276382e-04 2.991999999975e-01
4.294522613065e-04 2.891000000000e-01 4.294522613065e-04 2.036002280056e-01 4.294522613065e-04 1.237000000000e-01 4.294522613065e-04 9.115000000000e-02 4.294522613065e-04 2.991999999981e-01
4.317989949749e-04 2.891000000000e-01 4.317989949749e-04 2.036001965172e-01 4.317989949749e-04 1.237000000000e-01 4.317989949749e-04 9.115000000000e-02 4.317989949749e-04 2.991999999986e-01
4.341457286432e-04 2.891000000000e-01 4.341457286432e-04 2.036001693774e-01 4.341457286432e-04 1.237000000000e-01 4.341457286432e-04 9.115000000000e-02 4.341457286432e-04 2.991999999990e-01
4.364924623116e-04 2.891000000000e-01 4.364924623116e-04 2.036001459857e-01 4.364924623116e-04 1.237000000000e-01 4.364924623116e-04 9.115000000000e-02 4.364924623116e-04 2.991999999992e-01
4.388391959799e-04 2.891000000000e-01 4.388391959799e-04 2.036001258244e-01 4.388391959799e-04 1.237000000000e-01 4.388391959799e-04 9.115000000000e-02 4.388391959799e-04 2.991999999994e-01
4.411859296482e-04 2.891000000000e-01 4.411859296482e-04 2.036001084476e-01 4.411859296482e-04 1.237000000000e-01 4.411859296482e-04 9.115000000000e-02 4.411859296482e-04 2.991999999996e-01
4.435326633166e-04 2.891000000000e-01 4.435326633166e-04 2.036000934705e-01 4.435326633166e-04 1.237000000000e-01 4.435326633166e-04 9.115000000000e-02 4.435326633166e-04 2.991999999997e-01
4.458793969849e-04 2.891000000000e-01 4.458793969849e-04 2.036000805618e-01 4.458793969849e-04 1.237000000000e-01 4.458793969849e-04 9.115000000000e-02 4.458793969849e-04 2.991999999998e-01
4.482261306533e-04 2.891000000000e-01 4.482261306533e-04 2.036000694359e-01 4.482261306533e-04 1.237000000000e-01 4.482261306533e-04 9.115000000000e-02 4.482261306533e-04 2.991999999998e-01
4.505728643216e-04 2.891000000000e-01 4.505728643216e-04 2.036000598465e-01 4.505728643216e-04 1.237000000000e-01 4.505728643216e-04 9.115000000000e-02 4.505728643216e-04 2.991999999999e-01
4.529195979899e-04 2.891000000000e-01 4.529195979899e-04 2.036000515814e-01 4.529195979899e-04 1.237000000000e-01 4.529195979899e-04 9.115000000000e-02 4.529195979899e-04 2.991999999999e-01
4.552663316583e-04 2.891000000000e-01 4.552663316583e-04 2.036000444578e-01 4.552663316583e-04 1.237000000000e-01 4.552663316583e-04 9.115000000000e-02 4.552663316583e-04 2.991999999999e-01
4.576130653266e-04 2.891000000000e-01 4.576130653266e-04 2.036000383180e-01 4.576130653266e-04 1.237000000000e-01 4.576130653266e-04 9.115000000000e-02 4.576130653266e-04 2.991999999999e-01
4.599597989950e-04 2.891000000000e-01 4.599597989950e-04 2.036000330261e-01 4.599597989950e-04 1.237000000000e-01 4.599597989950e-04 9.115000000000e-02 4.599597989950e-04 2.992000000000e-01
4.623065326633e-04 2.891000000000e-01 4.623065326633e-04 2.036000284651e-01 4.623065326633e-04 1.237000000000e-01 4.623065326633e-04 9.115000000000e-02 4.623065326633e-04 2.992000000000e-01
4.646532663317e-04 2.891000000000e-01 4.646532663317e-04 2.036000245339e-01 4.646532663317e-04 1.237000000000e-01 4.646532663317e-04 9.115000000000e-02 4.646532663317e-04 2.992000000000e-01
4.670000000000e-04 2.891000000000e-01 4.670000000000e-04 2.036000211457e-01 4.670000000000e-04 1.237000000000e-01 4.670000000000e-04 9.115000000000e-02 4.670000000000e-04 2.992000000000e-01
