0.000000000000e+00 2.554000000000e-01 0.000000000000e+00 1.469000003752e-01 0.000000000000e+00 2.463515739581e-01 0.000000000000e+00 3.513490757270e-01
1.984924623116e-06 2.554000000000e-01 1.984924623116e-06 1.469000004561e-01 1.984924623116e-06 2.463583078687e-01 1.984924623116e-06 3.513451027379e-01
3.969849246231e-06 2.554000000000e-01 3.969849246231e-06 1.469000005544e-01 3.969849246231e-06 2.463659173209e-01 3.969849246231e-06 3.513408200388e-01
5.954773869347e-06 2.554000000000e-01 5.954773869347e-06 1.469000006740e-01 5.954773869347e-06 2.463745151268e-01 5.954773869347e-06 3.513362035279e-01
7.939698492462e-06 2.554000000000e-01 7.939698492462e-06 1.469000008194e-01 7.939698492462e-06 2.463842283494e-01 7.939698492462e-06 3.513312272340e-01
9.924623115578e-06 2.554000000000e-01 9.924623115578e-06 1.469000009961e-01 9.924623115578e-06 2.463952000240e-01 9.924623115578e-06 3.513258631734e-01
1.190954773869e-05 2.554000000000e-01 1.190954773869e-05 1.469000012110e-01 1.190954773869e-05 2.464075910651e-01 1.190954773869e-05 3.513200811943e-01
1.389447236181e-05 2.554000000000e-01 1.389447236181e-05 1.469000014722e-01 1.389447236181e-05 2.464215823731e-01 1.389447236181e-05 3.513138488114e-01
1.587939698492e-05 2.554000000000e-01 1.587939698492e-05 1.469000017898e-01 1.587939698492e-05 2.464373771534e-01 1.587939698492e-05 3.513071310261e-01
1.786432160804e-05 2.554000000000e-01 1.786432160804e-05 1.469000021758e-01 1.786432160804e-05 2.464552034583e-01 1.786432160804e-05 3.512998901341e-01
1.984924623116e-05 2.554000000000e-01 1.984924623116e-05 1.469000026451e-01 1.984924623116e-05 2.464753169614e-01 1.984924623116e-05 3.512920855192e-01
2.183417085427e-05 2.554000000000e-01 2.183417085427e-05 1.469000032156e-01 2.183417085427e-05 2.464980039668e-01 2.183417085427e-05 3.512836734303e-01
2.381909547739e-05 2.554000000000e-01 2.381909547739e-05 1.469000039092e-01 2.381909547739e-05 2.465235846533e-01 2.381909547739e-05 3.512746067427e-01
2.580402010050e-05 2.554000000000e-01 2.580402010050e-05 1.469000047524e-01 2.580402010050e-05 2.465524165411e-01 2.580402010050e-05 3.512648347019e-01
2.778894472362e-05 2.554000000000e-01 2.778894472362e-05 1.469000057774e-01 2.778894472362e-05 2.465848981625e-01 2.778894472362e-05 3.512543026479e-01
2.977386934673e-05 2.554000000000e-01 2.977386934673e-05 1.469000070235e-01 2.977386934673e-05 2.466214729002e-01 2.977386934673e-05 3.512429517192e-01
3.175879396985e-05 2.554000000000e-01 3.175879396985e-05 1.469000085385e-01 3.175879396985e-05 2.466626329400e-01 3.175879396985e-05 3.512307185360e-01
3.374371859296e-05 2.554000000000e-01 3.374371859296e-05 1.469000103801e-01 3.374371859296e-05 2.467089232616e-01 3.374371859296e-05 3.512175348597e-01
3.572864321608e-05 2.554000000000e-01 3.572864321608e-05 1.469000126191e-01 3.572864321608e-05 2.467609455614e-01 3.572864321608e-05 3.512033272277e-01
3.771356783920e-05 2.554000000000e-01 3.771356783920e-05 1.469000153409e-01 3.771356783920e-05 2.468193619680e-01 3.771356783920e-05 3.511880165625e-01
3.969849246231e-05 2.554000000000e-01 3.969849246231e-05 1.469000186498e-01 3.969849246231e-05 2.468848983669e-01 3.969849246231e-05 3.511715177527e-01
4.168341708543e-05 2.554000000000e-01 4.168341708543e-05 1.469000226724e-01 4.168341708543e-05 2.469583471020e-01 4.168341708543e-05 3.511537392042e-01
4.366834170854e-05 2.554000000000e-01 4.366834170854e-05 1.469000275626e-01 4.366834170854e-05 2.470405687672e-01 4.366834170854e-05 3.511345823604e-01
4.565326633166e-05 2.554000000000e-01 4.565326633166e-05 1.469000335076e-01 4.565326633166e-05 2.471324927335e-01 4.565326633166e-05 3.511139411889e-01
4.763819095477e-05 2.554000000000e-01 4.763819095477e-05 1.469000407349e-01 4.763819095477e-05 2.472351159946e-01 4.763819095477e-05 3.510917016326e-01
4.962311557789e-05 2.554000000000e-01 4.962311557789e-05 1.469000495211e-01 4.962311557789e-05 2.473494998423e-01 4.962311557789e-05 3.510677410238e-01
5.160804020101e-05 2.554000000000e-01 5.160804020101e-05 1.469000602024e-01 5.160804020101e-05 2.474767638178e-01 5.160804020101e-05 3.510419274594e-01
5.359296482412e-05 2.554000000000e-01 5.359296482412e-05 1.469000731875e-01 5.359296482412e-05 2.476180763356e-01 5.359296482412e-05 3.510141191342e-01
5.557788944724e-05 2.554000000000e-01 5.557788944724e-05 1.469000889734e-01 5.557788944724e-05 2.477746413405e-01 5.557788944724e-05 3.509841636308e-01
5.756281407035e-05 2.554000000000e-01 5.756281407035e-05 1.469001081641e-01 5.756281407035e-05 2.479476803672e-01 5.756281407035e-05 3.509518971646e-01
5.954773869347e-05 2.554000000000e-01 5.954773869347e-05 1.469001314941e-01 5.954773869347e-05 2.481384094234e-01 5.954773869347e-05 3.509171437805e-01
6.153266331658e-05 2.554000000000e-01 6.153266331658e-05 1.469001598560e-01 6.153266331658e-05 2.483480102451e-01 6.153266331658e-05 3.508797145011e-01
6.351758793970e-05 2.554000000000e-01 6.351758793970e-05 1.469001943354e-01 6.351758793970e-05 2.485775956828e-01 6.351758793970e-05 3.508394064232e-01
6.550251256281e-05 2.554000000000e-01 6.550251256281e-05 1.469002362515e-01 6.550251256281e-05 2.488281692920e-01 6.550251256281e-05 3.507960017614e-01
6.748743718593e-05 2.554000000000e-01 6.748743718593e-05 1.469002872084e-01 6.748743718593e-05 2.491005796311e-01 6.748743718593e-05 3.507492668379e-01
6.947236180905e-05 2.554000000000e-01 6.947236180905e-05 1.469003491560e-01 6.947236180905e-05 2.493954703069e-01 6.947236180905e-05 3.506989510167e-01
7.145728643216e-05 2.554000000000e-01 7.145728643216e-05 1.469004244648e-01 7.145728643216e-05 2.497132274386e-01 7.145728643216e-05 3.506447855814e-01
7.344221105528e-05 2.554000000000e-01 7.344221105528e-05 1.469005160165e-01 7.344221105528e-05 2.500539268933e-01 7.344221105528e-05 3.505864825573e-01
7.542713567839e-05 2.554000000000e-01 7.542713567839e-05 1.469006273141e-01 7.542713567839e-05 2.504172843115e-01 7.542713567839e-05 3.505237334760e-01
7.741206030151e-05 2.554000000000e-01 7.741206030151e-05 1.469007626164e-01 7.741206030151e-05 2.508026115065e-01 7.741206030151e-05 3.504562080866e-01
7.939698492462e-05 2.554000000000e-01 7.939698492462e-05 1.469009271004e-01 7.939698492462e-05 2.512087831644e-01 7.939698492462e-05 3.503835530115e-01
8.138190954774e-05 2.554000000000e-01 8.138190954774e-05 1.469011270592e-01 8.138190954774e-05 2.516342178031e-01 8.138190954774e-05 3.503053903524e-01
8.336683417085e-05 2.554000000000e-01 8.336683417085e-05 1.469013701432e-01 8.336683417085e-05 2.520768765490e-01 8.336683417085e-05 3.502213162494e-01
8.535175879397e-05 2.554000000000e-01 8.535175879397e-05 1.469016656521e-01 8.535175879397e-05 2.525342824274e-01 8.535175879397e-05 3.501308993974e-01
8.733668341709e-05 2.554000000000e-01 8.733668341709e-05 1.469020248904e-01 8.733668341709e-05 2.530035615345e-01 8.733668341709e-05 3.500336795285e-01
8.932160804020e-05 2.554000000000e-01 8.932160804020e-05 1.469024615996e-01 8.932160804020e-05 2.534815057659e-01 8.932160804020e-05 3.499291658676e-01
9.130653266332e-05 2.554000000000e-01 9.130653266332e-05 1.469029924828e-01 9.130653266332e-05 2.539646548867e-01 9.130653266332e-05 3.498168355712e-01
9.329145728643e-05 2.554000000000e-01 9.329145728643e-05 1.469036378428e-01 9.329145728643e-05 2.544493938770e-01 9.329145728643e-05 3.496961321650e-01
9.527638190955e-05 2.554000000000e-01 9.527638190955e-05 1.469044223570e-01 9.527638190955e-05 2.549320599379e-01 9.527638190955e-05 3.495664639930e-01
9.726130653266e-05 2.554000000000e-01 9.726130653266e-05 1.469053760182e-01 9.726130653266e-05 2.554090525211e-01 9.726130653266e-05 3.494272026982e-01
9.924623115578e-05 2.554000000000e-01 9.924623115578e-05 1.469065352786e-01 9.924623115578e-05 2.558769394223e-01 9.924623115578e-05 3.492776817576e-01
1.012311557789e-04 2.554000000000e-01 1.012311557789e-04 1.469079444376e-01 1.012311557789e-04 2.563325524009e-01 1.012311557789e-04 3.491171950956e-01
1.032160804020e-04 2.554000000001e-01 1.032160804020e-04 1.469096573273e-01 1.032160804020e-04 2.567730668876e-01 1.032160804020e-04 3.489449958066e-01
1.052010050251e-04 2.554000000001e-01 1.052010050251e-04 1.469117393581e-01 1.052010050251e-04 2.571960619485e-01 1.052010050251e-04 3.487602950209e-01
1.071859296482e-04 2.554000000002e-01 1.071859296482e-04 1.469142700003e-01 1.071859296482e-04 2.575995585431e-01 1.071859296482e-04 3.485622609524e-01
1.091708542714e-04 2.554000000004e-01 1.091708542714e-04 1.469173457934e-01 1.091708542714e-04 2.579820359917e-01 1.091708542714e-04 3.483500181715e-01
1.111557788945e-04 2.554000000006e-01 1.111557788945e-04 1.469210839938e-01 1.111557788945e-04 2.583424282176e-01 1.111557788945e-04 3.481226471524e-01
1.131407035176e-04 2.554000000012e-01 1.131407035176e-04 1.469256269925e-01 1.131407035176e-04 2.586801026042e-01 1.131407035176e-04 3.478791841474e-01
1.151256281407e-04 2.554000000022e-01 1.151256281407e-04 1.469311476619e-01 1.151256281407e-04 2.589948251028e-01 1.151256281407e-04 3.476186214458e-01
1.171105527638e-04 2.554000000040e-01 1.171105527638e-04 1.469378558205e-01 1.171105527638e-04 2.592867155689e-01 1.171105527638e-04 3.473399080799e-01
1.190954773869e-04 2.554000000073e-01 1.190954773869e-04 1.469460060396e-01 1.190954773869e-04 2.595561972243e-01 1.190954773869e-04 3.470419510407e-01
1.210804020101e-04 2.554000000134e-01 1.210804020101e-04 1.469559070566e-01 1.210804020101e-04 2.598039437640e-01 1.210804020101e-04 3.467236170686e-01
1.230653266332e-04 2.554000000247e-01 1.230653266332e-04 1.469679331063e-01 1.230653266332e-04 2.600308270417e-01 1.230653266332e-04 3.463837350818e-01
1.250502512563e-04 2.554000000453e-01 1.250502512563e-04 1.469825375288e-01 1.250502512563e-04 2.602378675970e-01 1.250502512563e-04 3.460210992978e-01
1.270351758794e-04 2.554000000831e-01 1.270351758794e-04 1.470002690689e-01 1.270351758794e-04 2.604261896063e-01 1.270351758794e-04 3.456344730927e-01
1.290201005025e-04 2.554000001525e-01 1.290201005025e-04 1.470217913323e-01 1.290201005025e-04 2.605969812233e-01 1.290201005025e-04 3.452225936223e-01
1.310050251256e-04 2.554000002799e-01 1.310050251256e-04 1.470479059134e-01 1.310050251256e-04 2.607514607452e-01 1.310050251256e-04 3.447841771974e-01
1.329899497487e-04 2.554000005137e-01 1.329899497487e-04 1.470795797448e-01 1.329899497487e-04 2.608908486331e-01 1.329899497487e-04 3.443179253588e-01
1.349748743719e-04 2.554000009428e-01 1.349748743719e-04 1.471179772284e-01 1.349748743719e-04 2.610163451112e-01 1.349748743719e-04 3.438225315274e-01
1.369597989950e-04 2.554000017305e-01 1.369597989950e-04 1.471644976719e-01 1.369597989950e-04 2.611291128713e-01 1.369597989950e-04 3.432966880066e-01
1.389447236181e-04 2.554000031763e-01 1.389447236181e-04 1.472208184503e-01 1.389447236181e-04 2.612302642943e-01 1.389447236181e-04 3.427390929698e-01
1.409296482412e-04 2.554000058300e-01 1.409296482412e-04 1.472889440873e-01 1.409296482412e-04 2.613208525531e-01 1.409296482412e-04 3.421484568681e-01
1.429145728643e-04 2.554000107009e-01 1.429145728643e-04 1.473712610689e-01 1.429145728643e-04 2.614018659632e-01 1.429145728643e-04 3.415235074046e-01
1.448994974874e-04 2.554000196417e-01 1.448994974874e-04 1.474705975688e-01 1.448994974874e-04 2.614742249799e-01 1.448994974874e-04 3.408629918287e-01
1.468844221106e-04 2.554000360534e-01 1.468844221106e-04 1.475902863055e-01 1.468844221106e-04 2.615387813000e-01 1.468844221106e-04 3.401656747361e-01
1.488693467337e-04 2.554000661793e-01 1.488693467337e-04 1.477342273391e-01 1.488693467337e-04 2.615963185871e-01 1.488693467337e-04 3.394303287784e-01
1.508542713568e-04 2.554001214806e-01 1.508542713568e-04 1.479069456463e-01 1.508542713568e-04 2.616475544118e-01 1.508542713568e-04 3.386557145718e-01
1.528391959799e-04 2.554002229988e-01 1.528391959799e-04 1.481136356695e-01 1.528391959799e-04 2.616931430640e-01 1.528391959799e-04 3.378405445436e-01
1.548241206030e-04 2.554004093637e-01 1.548241206030e-04 1.483601816909e-01 1.548241206030e-04 2.617336789569e-01 1.548241206030e-04 3.369834232720e-01
1.568090452261e-04 2.554007514989e-01 1.568090452261e-04 1.486531389342e-01 1.568090452261e-04 2.617697003981e-01 1.568090452261e-04 3.360827538195e-01
1.587939698492e-04 2.554013796201e-01 1.587939698492e-04 1.489996561142e-01 1.587939698492e-04 2.618016935530e-01 1.587939698492e-04 3.351365953174e-01
1.607788944724e-04 2.554025328052e-01 1.607788944724e-04 1.494073165273e-01 1.607788944724e-04 2.618300964642e-01 1.607788944724e-04 3.341424511873e-01
1.627638190955e-04 2.554046499856e-01 1.627638190955e-04 1.498838731085e-01 1.627638190955e-04 2.618553030294e-01 1.627638190955e-04 3.330969593877e-01
1.647487437186e-04 2.554085369114e-01 1.647487437186e-04 1.504368552555e-01 1.647487437186e-04 2.618776668641e-01 1.647487437186e-04 3.319954453941e-01
1.667336683417e-04 2.554156722847e-01 1.667336683417e-04 1.510730344081e-01 1.667336683417e-04 2.618975050017e-01 1.667336683417e-04 3.308312848260e-01
1.687185929648e-04 2.554287682175e-01 1.687185929648e-04 1.517977542486e-01 1.687185929648e-04 2.619151013989e-01 1.687185929648e-04 3.295950058407e-01
1.707035175879e-04 2.554527933621e-01 1.707035175879e-04 1.526141620343e-01 1.707035175879e-04 2.619307102321e-01 1.707035175879e-04 3.282730431467e-01
1.726884422111e-04 2.554968306296e-01 1.726884422111e-04 1.535224196033e-01 1.726884422111e-04 2.619445589779e-01 1.726884422111e-04 3.268460405431e-01
1.746733668342e-04 2.555774163632e-01 1.746733668342e-04 1.545190216552e-01 1.746733668342e-04 2.619568512824e-01 1.746733668342e-04 3.252865988363e-01
1.766582914573e-04 2.557244289790e-01 1.766582914573e-04 1.555963962350e-01 1.766582914573e-04 2.619677696286e-01 1.766582914573e-04 3.235564052835e-01
1.786432160804e-04 2.559911001706e-01 1.786432160804e-04 1.567429973809e-01 1.786432160804e-04 2.619774778182e-01 1.786432160804e-04 3.216028061353e-01
1.806281407035e-04 2.564698324791e-01 1.806281407035e-04 1.579441171827e-01 1.806281407035e-04 2.619861232875e-01 1.806281407035e-04 3.193551751515e-01
1.826130653266e-04 2.573134548126e-01 1.826130653266e-04 1.591836544094e-01 1.826130653266e-04 2.619938392801e-01 1.826130653266e-04 3.167220022913e-01
1.845979899497e-04 2.587527329592e-01 1.845979899497e-04 1.604471155481e-01 1.845979899497e-04 2.620007469037e-01 1.845979899497e-04 3.135905874529e-01
1.865829145729e-04 2.610788456512e-01 1.865829145729e-04 1.617262529044e-01 1.865829145729e-04 2.620069571003e-01 1.865829145729e-04 3.098325327333e-01
1.885678391960e-04 2.645334856216e-01 1.885678391960e-04 1.630260182073e-01 1.885678391960e-04 2.620125725631e-01 1.885678391960e-04 3.053193577981e-01
1.905527638191e-04 2.690913607508e-01 1.905527638191e-04 1.643748600490e-01 1.905527638191e-04 2.620176896386e-01 1.905527638191e-04 2.999520464759e-01
1.925376884422e-04 2.743217262513e-01 1.925376884422e-04 1.658392767979e-01 1.925376884422e-04 2.620224002539e-01 1.925376884422e-04 2.937037599106e-01
1.945226130653e-04 2.796409157210e-01 1.945226130653e-04 1.675410711067e-01 1.945226130653e-04 2.620267939202e-01 1.945226130653e-04 2.866648340545e-01
1.965075376884e-04 2.848395398929e-01 1.965075376884e-04 1.696664707117e-01 1.965075376884e-04 2.620309598650e-01 1.965075376884e-04 2.790673384145e-01
1.984924623116e-04 2.902739491766e-01 1.984924623116e-04 1.724354507750e-01 1.984924623116e-04 2.620349893605e-01 1.984924623116e-04 2.712646330438e-01
2.004773869347e-04 2.963888920852e-01 2.004773869347e-04 1.759824940343e-01 2.004773869347e-04 2.620389783225e-01 2.004773869347e-04 2.636605052843e-01
2.024623115578e-04 3.029178172444e-01 2.024623115578e-04 1.801594893821e-01 2.024623115578e-04 2.620430302712e-01 2.024623115578e-04 2.566147067874e-01
2.044472361809e-04 3.087745404299e-01 2.044472361809e-04 1.844529926538e-01 2.044472361809e-04 2.620472597594e-01 2.044472361809e-04 2.503690775915e-01
2.064321608040e-04 3.130449669232e-01 2.064321608040e-04 1.882306560618e-01 2.064321608040e-04 2.620517963989e-01 2.064321608040e-04 2.450232300778e-01
2.084170854271e-04 3.156721779631e-01 2.084170854271e-04 1.911197592232e-01 2.084170854271e-04 2.620567896369e-01 2.084170854271e-04 2.405565592431e-01
2.104020100503e-04 3.171183785456e-01 2.104020100503e-04 1.931141882397e-01 2.104020100503e-04 2.620624144660e-01 2.104020100503e-04 2.368726508811e-01
2.123869346734e-04 3.178659009930e-01 2.123869346734e-04 1.944115541212e-01 2.123869346734e-04 2.620688782893e-01 2.123869346734e-04 2.338427102144e-01
2.143718592965e-04 3.182399192499e-01 2.143718592965e-04 1.952369249966e-01 2.143718592965e-04 2.620764291998e-01 2.143718592965e-04 2.313362185882e-01
2.163567839196e-04 3.184241308053e-01 2.163567839196e-04 1.957649960792e-01 2.163567839196e-04 2.620853659854e-01 2.163567839196e-04 2.292374961046e-01
2.183417085427e-04 3.185142160592e-01 2.183417085427e-04 1.961112203751e-01 2.183417085427e-04 2.620960502204e-01 2.183417085427e-04 2.274518112363e-01
2.203266331658e-04 3.185581489795e-01 2.203266331658e-04 1.963463357620e-01 2.203266331658e-04 2.621089208647e-01 2.203266331658e-04 2.259054044302e-01
2.223115577889e-04 3.185795617981e-01 2.223115577889e-04 1.965123102444e-01 2.223115577889e-04 2.621245118482e-01 2.223115577889e-04 2.245427186246e-01
2.242964824121e-04 3.185900040718e-01 2.242964824121e-04 1.966338836235e-01 2.242964824121e-04 2.621434731703e-01 2.242964824121e-04 2.233228074702e-01
2.262814070352e-04 3.185951023633e-01 2.262814070352e-04 1.967258012068e-01 2.262814070352e-04 2.621665960820e-01 2.262814070352e-04 2.222159011535e-01
2.282663316583e-04 3.185975954092e-01 2.282663316583e-04 1.967970661115e-01 2.282663316583e-04 2.621948429223e-01 2.282663316583e-04 2.212005130721e-01
2.302512562814e-04 3.185988167366e-01 2.302512562814e-04 1.968533666974e-01 2.302512562814e-04 2.622293821264e-01 2.302512562814e-04 2.202611631219e-01
2.322361809045e-04 3.185994162916e-01 2.322361809045e-04 1.968984470014e-01 2.322361809045e-04 2.622716287761e-01 2.322361809045e-04 2.193866590706e-01
2.342211055276e-04 3.185997112844e-01 2.342211055276e-04 1.969348806991e-01 2.342211055276e-04 2.623232907589e-01 2.342211055276e-04 2.185688339408e-01
2.362060301508e-04 3.185998567852e-01 2.362060301508e-04 1.969645122155e-01 2.362060301508e-04 2.623864200741e-01 2.362060301508e-04 2.178016356493e-01
2.381909547739e-04 3.185999287427e-01 2.381909547739e-04 1.969887125173e-01 2.381909547739e-04 2.624634679592e-01 2.381909547739e-04 2.170804796102e-01
2.401758793970e-04 3.185999644309e-01 2.401758793970e-04 1.970085312824e-01 2.401758793970e-04 2.625573411841e-01 2.401758793970e-04 2.164017933276e-01
2.421608040201e-04 3.185999821849e-01 2.421608040201e-04 1.970247905266e-01 2.421608040201e-04 2.626714549222e-01 2.421608040201e-04 2.157626990462e-01
2.441457286432e-04 3.185999910455e-01 2.441457286432e-04 1.970381445906e-01 2.441457286432e-04 2.628097749172e-01 2.441457286432e-04 2.151607945869e-01
2.461306532663e-04 3.185999954826e-01 2.461306532663e-04 1.970491203224e-01 2.461306532663e-04 2.629768381389e-01 2.461306532663e-04 2.145940034163e-01
2.481155778894e-04 3.185999977124e-01 2.481155778894e-04 1.970581452186e-01 2.481155778894e-04 2.631777368484e-01 2.481155778894e-04 2.140604731767e-01
2.501005025126e-04 3.185999988371e-01 2.501005025126e-04 1.970655679503e-01 2.501005025126e-04 2.634180463651e-01 2.501005025126e-04 2.135585078992e-01
2.520854271357e-04 3.185999994065e-01 2.520854271357e-04 1.970716738549e-01 2.520854271357e-04 2.637036727934e-01 2.520854271357e-04 2.130865234536e-01
2.540703517588e-04 3.185999996959e-01 2.540703517588e-04 1.970766969438e-01 2.540703517588e-04 2.640405952354e-01 2.540703517588e-04 2.126430188900e-01
2.560552763819e-04 3.185999998436e-01 2.560552763819e-04 1.970808293961e-01 2.560552763819e-04 2.644344802075e-01 2.560552763819e-04 2.122265585296e-01
2.580402010050e-04 3.185999999192e-01 2.580402010050e-04 1.970842291698e-01 2.580402010050e-04 2.648901573872e-01 2.580402010050e-04 2.118357612246e-01
2.600251256281e-04 3.185999999581e-01 2.600251256281e-04 1.970870261604e-01 2.600251256281e-04 2.654109685728e-01 2.600251256281e-04 2.114692943058e-01
2.620100502513e-04 3.185999999782e-01 2.620100502513e-04 1.970893272180e-01 2.620100502513e-04 2.659980368843e-01 2.620100502513e-04 2.111258705119e-01
2.639949748744e-04 3.185999999886e-01 2.639949748744e-04 1.970912202499e-01 2.639949748744e-04 2.666495471931e-01 2.639949748744e-04 2.108042467372e-01
2.659798994975e-04 3.185999999940e-01 2.659798994975e-04 1.970927775842e-01 2.659798994975e-04 2.673601708597e-01 2.659798994975e-04 2.105032238137e-01
2.679648241206e-04 3.185999999969e-01 2.679648241206e-04 1.970940587323e-01 2.679648241206e-04 2.681207904343e-01 2.679648241206e-04 2.102216468077e-01
2.699497487437e-04 3.185999999983e-01 2.699497487437e-04 1.970951126603e-01 2.699497487437e-04 2.689186633237e-01 2.699497487437e-04 2.099584054968e-01
2.719346733668e-04 3.185999999991e-01 2.719346733668e-04 1.970959796564e-01 2.719346733668e-04 2.697380959726e-01 2.719346733668e-04 2.097124348157e-01
2.739195979899e-04 3.185999999995e-01 2.739195979899e-04 1.970966928685e-01 2.739195979899e-04 2.705615897307e-01 2.739195979899e-04 2.094827151490e-01
2.759045226131e-04 3.185999999998e-01 2.759045226131e-04 1.970972795686e-01 2.759045226131e-04 2.713712976992e-01 2.759045226131e-04 2.092682724062e-01
2.778894472362e-04 3.185999999999e-01 2.778894472362e-04 1.970977621940e-01 2.778894472362e-04 2.721505434224e-01 2.778894472362e-04 2.090681778506e-01
2.798743718593e-04 3.185999999999e-01 2.798743718593e-04 1.970981592039e-01 2.798743718593e-04 2.728851340384e-01 2.798743718593e-04 2.088815476839e-01
2.818592964824e-04 3.186000000000e-01 2.818592964824e-04 1.970984857842e-01 2.818592964824e-04 2.735642603319e-01 2.818592964824e-04 2.087075423967e-01
2.838442211055e-04 3.186000000000e-01 2.838442211055e-04 1.970987544278e-01 2.838442211055e-04 2.741808885159e-01 2.838442211055e-04 2.085453659114e-01
2.858291457286e-04 3.186000000000e-01 2.858291457286e-04 1.970989754121e-01 2.858291457286e-04 2.747316692647e-01 2.858291457286e-04 2.083942645421e-01
2.878140703518e-04 3.186000000000e-01 2.878140703518e-04 1.970991571915e-01 2.878140703518e-04 2.752164788402e-01 2.878140703518e-04 2.082535258025e-01
2.897989949749e-04 3.186000000000e-01 2.897989949749e-04 1.970993067210e-01 2.897989949749e-04 2.756377463111e-01 2.897989949749e-04 2.081224770899e-01
2.917839195980e-04 3.186000000000e-01 2.917839195980e-04 1.970994297219e-01 2.917839195980e-04 2.759997138124e-01 2.917839195980e-04 2.080004842723e-01
2.937688442211e-04 3.186000000000e-01 2.937688442211e-04 1.970995309005e-01 2.937688442211e-04 2.763077410403e-01 2.937688442211e-04 2.078869502053e-01
2.957537688442e-04 3.186000000000e-01 2.957537688442e-04 1.970996141282e-01 2.957537688442e-04 2.765677202829e-01 2.957537688442e-04 2.077813131992e-01
2.977386934673e-04 3.186000000000e-01 2.977386934673e-04 1.970996825899e-01 2.977386934673e-04 2.767856283132e-01 2.977386934673e-04 2.076830454582e-01
2.997236180905e-04 3.186000000000e-01 2.997236180905e-04 1.970997389052e-01 2.997236180905e-04 2.769672130322e-01 2.997236180905e-04 2.075916515086e-01
3.017085427136e-04 3.186000000000e-01 3.017085427136e-04 1.970997852290e-01 3.017085427136e-04 2.771177965172e-01 3.017085427136e-04 2.075066666300e-01
3.036934673367e-04 3.186000000000e-01 3.036934673367e-04 1.970998233340e-01 3.036934673367e-04 2.772421696482e-01 3.036934673367e-04 2.074276553029e-01
3.056783919598e-04 3.186000000000e-01 3.056783919598e-04 1.970998546785e-01 3.056783919598e-04 2.773445533645e-01 3.056783919598e-04 2.073542096830e-01
3.076633165829e-04 3.186000000000e-01 3.076633165829e-04 1.970998804617e-01 3.076633165829e-04 2.774286048610e-01 3.076633165829e-04 2.072859481104e-01
3.096482412060e-04 3.186000000000e-01 3.096482412060e-04 1.970999016705e-01 3.096482412060e-04 2.774974515527e-01 3.096482412060e-04 2.072225136598e-01
3.116331658291e-04 3.186000000000e-01 3.116331658291e-04 1.970999191163e-01 3.116331658291e-04 2.775537401419e-01 3.116331658291e-04 2.071635727382e-01
3.136180904523e-04 3.186000000000e-01 3.136180904523e-04 1.970999334669e-01 3.136180904523e-04 2.775996920162e-01 3.136180904523e-04 2.071088137328e-01
3.156030150754e-04 3.186000000000e-01 3.156030150754e-04 1.970999452714e-01 3.156030150754e-04 2.776371592661e-01 3.156030150754e-04 2.070579457129e-01
3.175879396985e-04 3.186000000000e-01 3.175879396985e-04 1.970999549815e-01 3.175879396985e-04 2.776676778777e-01 3.175879396985e-04 2.070106971862e-01
3.195728643216e-04 3.186000000000e-01 3.195728643216e-04 1.970999629688e-01 3.195728643216e-04 2.776925162366e-01 3.195728643216e-04 2.069668149122e-01
3.215577889447e-04 3.186000000000e-01 3.215577889447e-04 1.970999695390e-01 3.215577889447e-04 2.777127181390e-01 3.215577889447e-04 2.069260627716e-01
3.235427135678e-04 3.186000000000e-01 3.235427135678e-04 1.970999749435e-01 3.235427135678e-04 2.777291401686e-01 3.235427135678e-04 2.068882206919e-01
3.255276381910e-04 3.186000000000e-01 3.255276381910e-04 1.970999793891e-01 3.255276381910e-04 2.777424836933e-01 3.255276381910e-04 2.068530836290e-01
3.275125628141e-04 3.186000000000e-01 3.275125628141e-04 1.970999830459e-01 3.275125628141e-04 2.777533219468e-01 3.275125628141e-04 2.068204606031e-01
3.294974874372e-04 3.186000000000e-01 3.294974874372e-04 1.970999860540e-01 3.294974874372e-04 2.777621227482e-01 3.294974874372e-04 2.067901737869e-01
3.314824120603e-04 3.186000000000e-01 3.314824120603e-04 1.970999885283e-01 3.314824120603e-04 2.777692674324e-01 3.314824120603e-04 2.067620576469e-01
3.334673366834e-04 3.186000000000e-01 3.334673366834e-04 1.970999905636e-01 3.334673366834e-04 2.777750665385e-01 3.334673366834e-04 2.067359581323e-01
3.354522613065e-04 3.186000000000e-01 3.354522613065e-04 1.970999922379e-01 3.354522613065e-04 2.777797727557e-01 3.354522613065e-04 2.067117319135e-01
3.374371859296e-04 3.186000000000e-01 3.374371859296e-04 1.970999936151e-01 3.374371859296e-04 2.777835915697e-01 3.374371859296e-04 2.066892456654e-01
3.394221105528e-04 3.186000000000e-01 3.394221105528e-04 1.970999947479e-01 3.394221105528e-04 2.777866899951e-01 3.394221105528e-04 2.066683753942e-01
3.414070351759e-04 3.186000000000e-01 3.414070351759e-04 1.970999956797e-01 3.414070351759e-04 2.777892037215e-01 3.414070351759e-04 2.066490058066e-01
3.433919597990e-04 3.186000000000e-01 3.433919597990e-04 1.970999964462e-01 3.433919597990e-04 2.777912429515e-01 3.433919597990e-04 2.066310297184e-01
3.453768844221e-04 3.186000000000e-01 3.453768844221e-04 1.970999970768e-01 3.453768844221e-04 2.777928971639e-01 3.453768844221e-04 2.066143475000e-01
3.473618090452e-04 3.186000000000e-01 3.473618090452e-04 1.970999975954e-01 3.473618090452e-04 2.777942389945e-01 3.473618090452e-04 2.065988665583e-01
3.493467336683e-04 3.186000000000e-01 3.493467336683e-04 1.970999980220e-01 3.493467336683e-04 2.777953273960e-01 3.493467336683e-04 2.065845008517e-01
3.513316582915e-04 3.186000000000e-01 3.513316582915e-04 1.970999983730e-01 3.513316582915e-04 2.777962102089e-01 3.513316582915e-04 2.065711704370e-01
3.533165829146e-04 3.186000000000e-01 3.533165829146e-04 1.970999986616e-01 3.533165829146e-04 2.777969262512e-01 3.533165829146e-04 2.065588010462e-01
3.553015075377e-04 3.186000000000e-01 3.553015075377e-04 1.970999988991e-01 3.553015075377e-04 2.777975070173e-01 3.553015075377e-04 2.065473236915e-01
3.572864321608e-04 3.186000000000e-01 3.572864321608e-04 1.970999990944e-01 3.572864321608e-04 2.777979780575e-01 3.572864321608e-04 2.065366742959e-01
3.592713567839e-04 3.186000000000e-01 3.592713567839e-04 1.970999992551e-01 3.592713567839e-04 2.777983600988e-01 3.592713567839e-04 2.065267933504e-01
3.612562814070e-04 3.186000000000e-01 3.612562814070e-04 1.970999993873e-01 3.612562814070e-04 2.777986699543e-01 3.612562814070e-04 2.065176255922e-01
3.632412060302e-04 3.186000000000e-01 3.632412060302e-04 1.970999994960e-01 3.632412060302e-04 2.777989212620e-01 3.632412060302e-04 2.065091197068e-01
3.652261306533e-04 3.186000000000e-01 3.652261306533e-04 1.970999995854e-01 3.652261306533e-04 2.777991250839e-01 3.652261306533e-04 2.065012280491e-01
3.672110552764e-04 3.186000000000e-01 3.672110552764e-04 1.970999996590e-01 3.672110552764e-04 2.777992903922e-01 3.672110552764e-04 2.064939063845e-01
3.691959798995e-04 3.186000000000e-01 3.691959798995e-04 1.970999997195e-01 3.691959798995e-04 2.777994244643e-01 3.691959798995e-04 2.064871136471e-01
3.711809045226e-04 3.186000000000e-01 3.711809045226e-04 1.970999997692e-01 3.711809045226e-04 2.777995332026e-01 3.711809045226e-04 2.064808117154e-01
3.731658291457e-04 3.186000000000e-01 3.731658291457e-04 1.970999998102e-01 3.731658291457e-04 2.777996213941e-01 3.731658291457e-04 2.064749652028e-01
3.751507537688e-04 3.186000000000e-01 3.751507537688e-04 1.970999998439e-01 3.751507537688e-04 2.777996929214e-01 3.751507537688e-04 2.064695412637e-01
3.771356783920e-04 3.186000000000e-01 3.771356783920e-04 1.970999998716e-01 3.771356783920e-04 2.777997509335e-01 3.771356783920e-04 2.064645094121e-01
3.791206030151e-04 3.186000000000e-01 3.791206030151e-04 1.970999998944e-01 3.791206030151e-04 2.777997979844e-01 3.791206030151e-04 2.064598413532e-01
3.811055276382e-04 3.186000000000e-01 3.811055276382e-04 1.970999999131e-01 3.811055276382e-04 2.777998361453e-01 3.811055276382e-04 2.064555108276e-01
3.830904522613e-04 3.186000000000e-01 3.830904522613e-04 1.970999999285e-01 3.830904522613e-04 2.777998670960e-01 3.830904522613e-04 2.064514934655e-01
3.850753768844e-04 3.186000000000e-01 3.850753768844e-04 1.970999999412e-01 3.850753768844e-04 2.777998921991e-01 3.850753768844e-04 2.064477666512e-01
3.870603015075e-04 3.186000000000e-01 3.870603015075e-04 1.970999999516e-01 3.870603015075e-04 2.777999125595e-01 3.870603015075e-04 2.064443093984e-01
3.890452261307e-04 3.186000000000e-01 3.890452261307e-04 1.970999999602e-01 3.890452261307e-04 2.777999290733e-01 3.890452261307e-04 2.064411022325e-01
3.910301507538e-04 3.186000000000e-01 3.910301507538e-04 1.970999999673e-01 3.910301507538e-04 2.777999424675e-01 3.910301507538e-04 2.064381270829e-01
3.930150753769e-04 3.186000000000e-01 3.930150753769e-04 1.970999999731e-01 3.930150753769e-04 2.777999533314e-01 3.930150753769e-04 2.064353671818e-01
3.950000000000e-04 3.186000000000e-01 3.950000000000e-04 1.970999999779e-01 3.950000000000e-04 2.777999621431e-01 3.950000000000e-04 2.064328069709e-01
