0.000000000000e+00 3.454999926595e-01 0.000000000000e+00 1.442038152536e-01 0.000000000000e+00 2.762301814290e-01 0.000000000000e+00 2.340082493762e-01
2.321608040201e-06 3.454999912900e-01 2.321608040201e-06 1.442042523523e-01 2.321608040201e-06 2.762244674295e-01 2.321608040201e-06 2.340090878022e-01
4.643216080402e-06 3.454999896651e-01 4.643216080402e-06 1.442047395282e-01 4.643216080402e-06 2.762182864924e-01 4.643216080402e-06 2.340100114245e-01
6.964824120603e-06 3.454999877370e-01 6.964824120603e-06 1.442052825181e-01 6.964824120603e-06 2.762116005830e-01 6.964824120603e-06 2.340110288965e-01
9.286432160804e-06 3.454999854492e-01 9.286432160804e-06 1.442058877160e-01 9.286432160804e-06 2.762043685896e-01 9.286432160804e-06 2.340121497499e-01
1.160804020101e-05 3.454999827346e-01 1.160804020101e-05 1.442065622484e-01 1.160804020101e-05 2.761965460788e-01 1.160804020101e-05 2.340133844835e-01
1.392964824121e-05 3.454999795135e-01 1.392964824121e-05 1.442073140577e-01 1.392964824121e-05 2.761880850308e-01 1.392964824121e-05 2.340147446609e-01
1.625125628141e-05 3.454999756915e-01 1.625125628141e-05 1.442081519958e-01 1.625125628141e-05 2.761789335552e-01 1.625125628141e-05 2.340162430189e-01
1.857286432161e-05 3.454999711565e-01 1.857286432161e-05 1.442090859285e-01 1.857286432161e-05 2.761690355853e-01 1.857286432161e-05 2.340178935855e-01
2.089447236181e-05 3.454999657755e-01 2.089447236181e-05 1.442101268508e-01 2.089447236181e-05 2.761583305484e-01 2.089447236181e-05 2.340197118108e-01
2.321608040201e-05 3.454999593905e-01 2.321608040201e-05 1.442112870167e-01 2.321608040201e-05 2.761467530121e-01 2.321608040201e-05 2.340217147107e-01
2.553768844221e-05 3.454999518144e-01 2.553768844221e-05 1.442125800826e-01 2.553768844221e-05 2.761342323040e-01 2.553768844221e-05 2.340239210250e-01
2.785929648241e-05 3.454999428248e-01 2.785929648241e-05 1.442140212681e-01 2.785929648241e-05 2.761206921028e-01 2.785929648241e-05 2.340263513915e-01
3.018090452261e-05 3.454999321581e-01 3.018090452261e-05 1.442156275342e-01 3.018090452261e-05 2.761060500005e-01 3.018090452261e-05 2.340290285372e-01
3.250251256281e-05 3.454999195015e-01 3.250251256281e-05 1.442174177823e-01 3.250251256281e-05 2.760902170315e-01 3.250251256281e-05 2.340319774891e-01
3.482412060302e-05 3.454999044836e-01 3.482412060302e-05 1.442194130757e-01 3.482412060302e-05 2.760730971693e-01 3.482412060302e-05 2.340352258057e-01
3.714572864322e-05 3.454998866640e-01 3.714572864322e-05 1.442216368866e-01 3.714572864322e-05 2.760545867866e-01 3.714572864322e-05 2.340388038317e-01
3.946733668342e-05 3.454998655200e-01 3.946733668342e-05 1.442241153702e-01 3.946733668342e-05 2.760345740781e-01 3.946733668342e-05 2.340427449776e-01
4.178894472362e-05 3.454998404313e-01 4.178894472362e-05 1.442268776709e-01 4.178894472362e-05 2.760129384441e-01 4.178894472362e-05 2.340470860281e-01
4.411055276382e-05 3.454998106621e-01 4.411055276382e-05 1.442299562625e-01 4.411055276382e-05 2.759895498317e-01 4.411055276382e-05 2.340518674797e-01
4.643216080402e-05 3.454997753392e-01 4.643216080402e-05 1.442333873273e-01 4.643216080402e-05 2.759642680329e-01 4.643216080402e-05 2.340571339126e-01
4.875376884422e-05 3.454997334264e-01 4.875376884422e-05 1.442372111773e-01 4.875376884422e-05 2.759369419374e-01 4.875376884422e-05 2.340629343984e-01
5.107537688442e-05 3.454996836944e-01 5.107537688442e-05 1.442414727236e-01 5.107537688442e-05 2.759074087382e-01 5.107537688442e-05 2.340693229484e-01
5.339698492462e-05 3.454996246845e-01 5.339698492462e-05 1.442462219977e-01 5.339698492462e-05 2.758754930881e-01 5.339698492462e-05 2.340763590056e-01
5.571859296482e-05 3.454995546659e-01 5.571859296482e-05 1.442515147318e-01 5.571859296482e-05 2.758410062061e-01 5.571859296482e-05 2.340841079837e-01
5.804020100503e-05 3.454994715847e-01 5.804020100503e-05 1.442574130037e-01 5.804020100503e-05 2.758037449339e-01 5.804020100503e-05 2.340926418592e-01
6.036180904523e-05 3.454993730042e-01 6.036180904523e-05 1.442639859533e-01 6.036180904523e-05 2.757634907383e-01 6.036180904523e-05 2.341020398204e-01
6.268341708543e-05 3.454992560328e-01 6.268341708543e-05 1.442713105788e-01 6.268341708543e-05 2.757200086637e-01 6.268341708543e-05 2.341123889775e-01
6.500502512563e-05 3.454991172399e-01 6.500502512563e-05 1.442794726206e-01 6.500502512563e-05 2.756730462318e-01 6.500502512563e-05 2.341237851415e-01
6.732663316583e-05 3.454989525546e-01 6.732663316583e-05 1.442885675425e-01 6.732663316583e-05 2.756223322907e-01 6.732663316583e-05 2.341363336754e-01
6.964824120603e-05 3.454987571468e-01 6.964824120603e-05 1.442987016202e-01 6.964824120603e-05 2.755675758161e-01 6.964824120603e-05 2.341501504259e-01
7.196984924623e-05 3.454985252855e-01 7.196984924623e-05 1.443099931481e-01 7.196984924623e-05 2.755084646661e-01 7.196984924623e-05 2.341653627409e-01
7.429145728643e-05 3.454982501706e-01 7.429145728643e-05 1.443225737760e-01 7.429145728643e-05 2.754446642949e-01 7.429145728643e-05 2.341821105807e-01
7.661306532663e-05 3.454979237340e-01 7.661306532663e-05 1.443365899899e-01 7.661306532663e-05 2.753758164311e-01 7.661306532663e-05 2.342005477296e-01
7.893467336683e-05 3.454975364024e-01 7.893467336683e-05 1.443522047488e-01 7.893467336683e-05 2.753015377266e-01 7.893467336683e-05 2.342208431161e-01
8.125628140704e-05 3.454970768177e-01 8.125628140704e-05 1.443695992950e-01 8.125628140704e-05 2.752214183874e-01 8.125628140704e-05 2.342431822496e-01
8.357788944724e-05 3.454965315033e-01 8.357788944724e-05 1.443889751520e-01 8.357788944724e-05 2.751350207962e-01 8.357788944724e-05 2.342677687818e-01
8.589949748744e-05 3.454958844698e-01 8.589949748744e-05 1.444105563274e-01 8.589949748744e-05 2.750418781411e-01 8.589949748744e-05 2.342948262002e-01
8.822110552764e-05 3.454951167467e-01 8.822110552764e-05 1.444345917395e-01 8.822110552764e-05 2.749414930682e-01 8.822110552764e-05 2.343245996635e-01
9.054271356784e-05 3.454942058270e-01 9.054271356784e-05 1.444613578847e-01 9.054271356784e-05 2.748333363774e-01 9.054271356784e-05 2.343573579856e-01
9.286432160804e-05 3.454931250081e-01 9.286432160804e-05 1.444911617663e-01 9.286432160804e-05 2.747168457854e-01 9.286432160804e-05 2.343933957758e-01
9.518592964824e-05 3.454918426112e-01 9.518592964824e-05 1.445243441025e-01 9.518592964824e-05 2.745914247839e-01 9.518592964824e-05 2.344330357425e-01
9.750753768844e-05 3.454903210542e-01 9.750753768844e-05 1.445612828332e-01 9.750753768844e-05 2.744564416246e-01 9.750753768844e-05 2.344766311662e-01
9.982914572864e-05 3.454885157542e-01 9.982914572864e-05 1.446023969439e-01 9.982914572864e-05 2.743112284687e-01 9.982914572864e-05 2.345245685446e-01
1.021507537688e-04 3.454863738247e-01 1.021507537688e-04 1.446481506230e-01 1.021507537688e-04 2.741550807409e-01 1.021507537688e-04 2.345772704139e-01
1.044723618090e-04 3.454838325327e-01 1.044723618090e-04 1.446990577665e-01 1.044723618090e-04 2.739872567374e-01 1.044723618090e-04 2.346351983437e-01
1.067939698492e-04 3.454808174701e-01 1.067939698492e-04 1.447556868411e-01 1.067939698492e-04 2.738069775376e-01 1.067939698492e-04 2.346988561030e-01
1.091155778894e-04 3.454772403865e-01 1.091155778894e-04 1.448186661103e-01 1.091155778894e-04 2.736134272782e-01 1.091155778894e-04 2.347687929873e-01
1.114371859296e-04 3.454729966232e-01 1.114371859296e-04 1.448886892229e-01 1.114371859296e-04 2.734057538528e-01 1.114371859296e-04 2.348456072942e-01
1.137587939698e-04 3.454679620746e-01 1.137587939698e-04 1.449665211510e-01 1.137587939698e-04 2.731830701032e-01 1.137587939698e-04 2.349299499251e-01
1.160804020101e-04 3.454619895926e-01 1.160804020101e-04 1.450530044573e-01 1.160804020101e-04 2.729444555746e-01 1.160804020101e-04 2.350225280856e-01
1.184020100503e-04 3.454549047318e-01 1.184020100503e-04 1.451490658505e-01 1.184020100503e-04 2.726889589073e-01 1.184020100503e-04 2.351241090434e-01
1.207236180905e-04 3.454465007208e-01 1.207236180905e-04 1.452557229740e-01 1.207236180905e-04 2.724156009430e-01 1.207236180905e-04 2.352355238952e-01
1.230452261307e-04 3.454365325201e-01 1.230452261307e-04 1.453740913460e-01 1.230452261307e-04 2.721233786173e-01 1.230452261307e-04 2.353576712750e-01
1.253668341709e-04 3.454247098071e-01 1.253668341709e-04 1.455053913419e-01 1.253668341709e-04 2.718112697121e-01 1.253668341709e-04 2.354915209249e-01
1.276884422111e-04 3.454106887037e-01 1.276884422111e-04 1.456509550742e-01 1.276884422111e-04 2.714782385329e-01 1.276884422111e-04 2.356381170261e-01
1.300100502513e-04 3.453940620315e-01 1.300100502513e-04 1.458122329878e-01 1.300100502513e-04 2.711232425650e-01 1.300100502513e-04 2.357985811692e-01
1.323316582915e-04 3.453743478474e-01 1.323316582915e-04 1.459907999366e-01 1.323316582915e-04 2.707452401507e-01 1.323316582915e-04 2.359741148182e-01
1.346532663317e-04 3.453509759812e-01 1.346532663317e-04 1.461883604577e-01 1.346532663317e-04 2.703431992068e-01 1.346532663317e-04 2.361660010944e-01
1.369748743719e-04 3.453232722559e-01 1.369748743719e-04 1.464067528960e-01 1.369748743719e-04 2.699161069779e-01 1.369748743719e-04 2.363756056791e-01
1.392964824121e-04 3.452904400373e-01 1.392964824121e-04 1.466479519688e-01 1.392964824121e-04 2.694629807906e-01 1.392964824121e-04 2.366043766028e-01
1.416180904523e-04 3.452515387231e-01 1.416180904523e-04 1.469140692872e-01 1.416180904523e-04 2.689828797310e-01 1.416180904523e-04 2.368538426563e-01
1.439396984925e-04 3.452054587501e-01 1.439396984925e-04 1.472073512852e-01 1.439396984925e-04 2.684749171292e-01 1.439396984925e-04 2.371256101293e-01
1.462613065327e-04 3.451508926809e-01 1.462613065327e-04 1.475301739349e-01 1.462613065327e-04 2.679382736790e-01 1.462613065327e-04 2.374213575522e-01
1.485829145729e-04 3.450863019248e-01 1.485829145729e-04 1.478850335738e-01 1.485829145729e-04 2.673722109673e-01 1.485829145729e-04 2.377428280926e-01
1.509045226131e-04 3.450098786780e-01 1.509045226131e-04 1.482745331274e-01 1.509045226131e-04 2.667760851257e-01 1.509045226131e-04 2.380918192428e-01
1.532261306533e-04 3.449195027373e-01 1.532261306533e-04 1.487013629972e-01 1.532261306533e-04 2.661493602565e-01 1.532261306533e-04 2.384701694274e-01
1.555477386935e-04 3.448126929734e-01 1.555477386935e-04 1.491682759142e-01 1.555477386935e-04 2.654916212211e-01 1.555477386935e-04 2.388797411733e-01
1.578693467337e-04 3.446865534821e-01 1.578693467337e-04 1.496780551381e-01 1.578693467337e-04 2.648025853203e-01 1.578693467337e-04 2.393224005151e-01
1.601909547739e-04 3.445377147783e-01 1.601909547739e-04 1.502334755340e-01 1.601909547739e-04 2.640821123453e-01 1.601909547739e-04 2.397999923726e-01
1.625125628141e-04 3.443622709266e-01 1.625125628141e-04 1.508372572986e-01 1.625125628141e-04 2.633302124371e-01 1.625125628141e-04 2.403143117296e-01
1.648341708543e-04 3.441557142482e-01 1.648341708543e-04 1.514920124413e-01 1.648341708543e-04 2.625470511661e-01 1.648341708543e-04 2.408670705837e-01
1.671557788945e-04 3.439128702724e-01 1.671557788945e-04 1.522001845782e-01 1.671557788945e-04 2.617329512409e-01 1.671557788945e-04 2.414598608267e-01
1.694773869347e-04 3.436278369714e-01 1.694773869347e-04 1.529639831515e-01 1.694773869347e-04 2.608883902735e-01 1.694773869347e-04 2.420941134642e-01
1.717989949749e-04 3.432939340701e-01 1.717989949749e-04 1.537853138518e-01 1.717989949749e-04 2.600139940760e-01 1.717989949749e-04 2.427710549017e-01
1.741206030151e-04 3.429036703766e-01 1.741206030151e-04 1.546657077589e-01 1.741206030151e-04 2.591105250404e-01 1.741206030151e-04 2.434916614311e-01
1.764422110553e-04 3.424487395695e-01 1.764422110553e-04 1.556062524944e-01 1.764422110553e-04 2.581788652656e-01 1.764422110553e-04 2.442566135517e-01
1.787638190955e-04 3.419200575329e-01 1.787638190955e-04 1.566075294266e-01 1.787638190955e-04 2.572199942336e-01 1.787638190955e-04 2.450662523941e-01
1.810854271357e-04 3.413078567908e-01 1.810854271357e-04 1.576695616059e-01 1.810854271357e-04 2.562349610102e-01 1.810854271357e-04 2.459205413180e-01
1.834070351759e-04 3.406018552158e-01 1.834070351759e-04 1.587917775426e-01 1.834070351759e-04 2.552248511445e-01 1.834070351759e-04 2.468190368122e-01
1.857286432161e-04 3.397915160145e-01 1.857286432161e-04 1.599729960533e-01 1.857286432161e-04 2.541907486593e-01 1.857286432161e-04 2.477608742569e-01
1.880502512563e-04 3.388664126343e-01 1.880502512563e-04 1.612114371155e-01 1.880502512563e-04 2.531336937641e-01 1.880502512563e-04 2.487447761442e-01
1.903718592965e-04 3.378167039763e-01 1.903718592965e-04 1.625047628903e-01 1.903718592965e-04 2.520546371711e-01 1.903718592965e-04 2.497690933383e-01
1.926934673367e-04 3.366337102123e-01 1.926934673367e-04 1.638501517691e-01 1.926934673367e-04 2.509543921452e-01 1.926934673367e-04 2.508318944827e-01
1.950150753769e-04 3.353105558765e-01 1.950150753769e-04 1.652444064892e-01 1.950150753769e-04 2.498335856766e-01 1.950150753769e-04 2.519311256230e-01
1.973366834171e-04 3.338428138140e-01 1.973366834171e-04 1.666840951042e-01 1.973366834171e-04 2.486926104125e-01 1.973366834171e-04 2.530648729112e-01
1.996582914573e-04 3.322290415714e-01 1.996582914573e-04 1.681657210354e-01 1.996582914573e-04 2.475315792249e-01 1.996582914573e-04 2.542317779493e-01
2.019798994975e-04 3.304710535380e-01 2.019798994975e-04 1.696859157284e-01 2.019798994975e-04 2.463502845286e-01 2.019798994975e-04 2.554316808215e-01
2.043015075377e-04 3.285737222593e-01 2.043015075377e-04 1.712416448015e-01 2.043015075377e-04 2.451481646769e-01 2.043015075377e-04 2.566666038379e-01
2.066231155779e-04 3.265440569068e-01 2.066231155779e-04 1.728304161887e-01 2.066231155779e-04 2.439242799641e-01 2.066231155779e-04 2.579422431860e-01
2.089447236181e-04 3.243892724743e-01 2.089447236181e-04 1.744504768073e-01 2.089447236181e-04 2.426773009319e-01 2.089447236181e-04 2.592702068803e-01
2.112663316583e-04 3.221135482624e-01 2.112663316583e-04 1.761009828372e-01 2.112663316583e-04 2.414055117980e-01 2.112663316583e-04 2.606713154543e-01
2.135879396985e-04 3.197131977485e-01 2.135879396985e-04 1.777821278567e-01 2.135879396985e-04 2.401068318662e-01 2.135879396985e-04 2.621803253141e-01
2.159095477387e-04 3.171700897432e-01 2.159095477387e-04 1.794952128815e-01 2.159095477387e-04 2.387788577054e-01 2.159095477387e-04 2.638523264547e-01
2.182311557789e-04 3.144435194037e-01 2.182311557789e-04 1.812426428801e-01 2.182311557789e-04 2.374189286361e-01 2.182311557789e-04 2.657705309662e-01
2.205527638191e-04 3.114616464753e-01 2.205527638191e-04 1.830278357273e-01 2.205527638191e-04 2.360242175714e-01 2.205527638191e-04 2.680536685553e-01
2.228743718593e-04 3.081156299794e-01 2.228743718593e-04 1.848550320854e-01 2.228743718593e-04 2.345918484518e-01 2.228743718593e-04 2.708579778626e-01
2.251959798995e-04 3.042631612051e-01 2.251959798995e-04 1.867289987726e-01 2.251959798995e-04 2.331190403103e-01 2.251959798995e-04 2.743635983808e-01
2.275175879397e-04 2.997523771368e-01 2.275175879397e-04 1.886546243142e-01 2.275175879397e-04 2.316032763479e-01 2.275175879397e-04 2.787308798643e-01
2.298391959799e-04 2.944772121885e-01 2.298391959799e-04 1.906364140446e-01 2.298391959799e-04 2.300424942787e-01 2.298391959799e-04 2.840186075235e-01
2.321608040201e-04 2.884606974703e-01 2.321608040201e-04 1.926779035955e-01 2.321608040201e-04 2.284352916591e-01 2.321608040201e-04 2.900871811851e-01
2.344824120603e-04 2.819278237801e-01 2.344824120603e-04 1.947810235195e-01 2.344824120603e-04 2.267811370934e-01 2.344824120603e-04 2.965566884093e-01
2.368040201005e-04 2.753000298037e-01 2.368040201005e-04 1.969454629427e-01 2.368040201005e-04 2.250805753706e-01 2.368040201005e-04 3.028918684567e-01
2.391256281407e-04 2.690757136133e-01 2.391256281407e-04 1.991680941397e-01 2.391256281407e-04 2.233354120974e-01 2.391256281407e-04 3.085915212582e-01
2.414472361809e-04 2.636576888227e-01 2.414472361809e-04 2.014425293667e-01 2.414472361809e-04 2.215488617353e-01 2.414472361809e-04 3.133542035434e-01
2.437688442211e-04 2.592422073074e-01 2.437688442211e-04 2.037588821809e-01 2.437688442211e-04 2.197256426174e-01 2.437688442211e-04 3.171174724643e-01
2.460904522613e-04 2.558222524786e-01 2.460904522613e-04 2.061037944004e-01 2.460904522613e-04 2.178720039738e-01 2.460904522613e-04 3.199881406323e-01
2.484120603015e-04 2.532636902523e-01 2.484120603015e-04 2.084607652843e-01 2.484120603015e-04 2.159956734894e-01 2.484120603015e-04 3.221447927367e-01
2.507336683417e-04 2.513873198863e-01 2.507336683417e-04 2.108107831965e-01 2.507336683417e-04 2.141057194443e-01 2.507336683417e-04 3.237680325961e-01
2.530552763819e-04 2.500219131726e-01 2.530552763819e-04 2.131332174328e-01 2.530552763819e-04 2.122123286303e-01 2.530552763819e-04 3.250081766064e-01
2.553768844221e-04 2.490268517805e-01 2.553768844221e-04 2.154068875108e-01 2.553768844221e-04 2.103265092231e-01 2.553768844221e-04 3.259781421718e-01
2.576984924623e-04 2.482958047912e-01 2.576984924623e-04 2.176111982936e-01 2.576984924623e-04 2.084597355416e-01 2.576984924623e-04 3.267579320977e-01
2.600201005025e-04 2.477520442896e-01 2.600201005025e-04 2.197272190143e-01 2.600201005025e-04 2.066235579658e-01 2.600201005025e-04 3.274023772714e-01
2.623417085427e-04 2.473415940933e-01 2.623417085427e-04 2.217385951873e-01 2.623417085427e-04 2.048292051780e-01 2.623417085427e-04 3.279484260426e-01
2.646633165829e-04 2.470269214800e-01 2.646633165829e-04 2.236322116460e-01 2.646633165829e-04 2.030872066717e-01 2.646633165829e-04 3.284208463981e-01
2.669849246231e-04 2.467819833744e-01 2.669849246231e-04 2.253985651865e-01 2.669849246231e-04 2.014070610027e-01 2.669849246231e-04 3.288363116122e-01
2.693065326633e-04 2.465886246009e-01 2.693065326633e-04 2.270318472172e-01 2.693065326633e-04 1.997969699853e-01 2.693065326633e-04 3.292061898824e-01
2.716281407035e-04 2.464340657337e-01 2.716281407035e-04 2.285297720625e-01 2.716281407035e-04 1.982636518377e-01 2.716281407035e-04 3.295383958004e-01
2.739497487437e-04 2.463091903805e-01 2.739497487437e-04 2.298932098331e-01 2.739497487437e-04 1.968122383145e-01 2.739497487437e-04 3.298385980778e-01
2.762713567839e-04 2.462073909671e-01 2.762713567839e-04 2.311256925436e-01 2.762713567839e-04 1.954462532737e-01 2.762713567839e-04 3.301109989320e-01
2.785929648241e-04 2.461237942353e-01 2.785929648241e-04 2.322328601058e-01 2.785929648241e-04 1.941676638429e-01 2.785929648241e-04 3.303588337541e-01
2.809145728643e-04 2.460547410591e-01 2.809145728643e-04 2.332219025432e-01 2.809145728643e-04 1.929769909545e-01 2.809145728643e-04 3.305846902750e-01
2.832361809045e-04 2.459974353274e-01 2.832361809045e-04 2.341010403022e-01 2.832361809045e-04 1.918734637049e-01 2.832361809045e-04 3.307907121826e-01
2.855577889447e-04 2.459497049512e-01 2.855577889447e-04 2.348790693701e-01 2.855577889447e-04 1.908552016046e-01 2.855577889447e-04 3.309787291856e-01
2.878793969849e-04 2.459098373354e-01 2.878793969849e-04 2.355649844316e-01 2.878793969849e-04 1.899194099386e-01 2.878793969849e-04 3.311503404580e-01
2.902010050251e-04 2.458764645245e-01 2.902010050251e-04 2.361676827559e-01 2.902010050251e-04 1.890625756587e-01 2.902010050251e-04 3.313069686389e-01
2.925226130653e-04 2.458484817261e-01 2.925226130653e-04 2.366957442035e-01 2.925226130653e-04 1.882806539736e-01 2.925226130653e-04 3.314498952902e-01
2.948442211055e-04 2.458249884809e-01 2.948442211055e-04 2.371572783907e-01 2.948442211055e-04 1.875692386685e-01 2.948442211055e-04 3.315802847041e-01
2.971658291457e-04 2.458052453880e-01 2.971658291457e-04 2.375598280477e-01 2.971658291457e-04 1.869237118546e-01 2.971658291457e-04 3.316992004023e-01
2.994874371859e-04 2.457886416714e-01 2.994874371859e-04 2.379103172787e-01 2.994874371859e-04 1.863393711215e-01 2.994874371859e-04 3.318076170471e-01
3.018090452261e-04 2.457746704272e-01 3.018090452261e-04 2.382150341743e-01 3.018090452261e-04 1.858115338619e-01 3.018090452261e-04 3.319064294648e-01
3.041306532663e-04 2.457629094103e-01 3.041306532663e-04 2.384796385420e-01 3.041306532663e-04 1.853356198356e-01 3.041306532663e-04 3.319964598335e-01
3.064522613065e-04 2.457530058945e-01 3.064522613065e-04 2.387091870665e-01 3.064522613065e-04 1.849072138933e-01 3.064522613065e-04 3.320784636848e-01
3.087738693467e-04 2.457446645819e-01 3.087738693467e-04 2.389081697528e-01 3.087738693467e-04 1.845221112615e-01 3.087738693467e-04 3.321531351152e-01
3.110954773869e-04 2.457376378399e-01 3.110954773869e-04 2.390805529142e-01 3.110954773869e-04 1.841763479765e-01 3.110954773869e-04 3.322211114492e-01
3.134170854271e-04 2.457317177435e-01 3.134170854271e-04 2.392298251802e-01 3.134170854271e-04 1.838662190344e-01 3.134170854271e-04 3.322829774955e-01
3.157386934673e-04 2.457267295404e-01 3.157386934673e-04 2.393590439958e-01 3.157386934673e-04 1.835882866614e-01 3.157386934673e-04 3.323392694843e-01
3.180603015075e-04 2.457225262528e-01 3.180603015075e-04 2.394708808763e-01 3.180603015075e-04 1.833393808687e-01 3.180603015075e-04 3.323904787350e-01
3.203819095477e-04 2.457189841952e-01 3.203819095477e-04 2.395676642915e-01 3.203819095477e-04 1.831165941687e-01 3.203819095477e-04 3.324370550855e-01
3.227035175879e-04 2.457159992417e-01 3.227035175879e-04 2.396514195105e-01 3.227035175879e-04 1.829172720426e-01 3.227035175879e-04 3.324794101023e-01
3.250251256281e-04 2.457134837056e-01 3.250251256281e-04 2.397239050686e-01 3.250251256281e-04 1.827390004666e-01 3.250251256281e-04 3.325179200835e-01
3.273467336683e-04 2.457113637281e-01 3.273467336683e-04 2.397866457538e-01 3.273467336683e-04 1.825795915531e-01 3.273467336683e-04 3.325529288650e-01
3.296683417085e-04 2.457095770873e-01 3.296683417085e-04 2.398409621678e-01 3.296683417085e-04 1.824370681360e-01 3.296683417085e-04 3.325847504373e-01
3.319899497487e-04 2.457080713583e-01 3.319899497487e-04 2.398879970195e-01 3.319899497487e-04 1.823096479384e-01 3.319899497487e-04 3.326136713827e-01
3.343115577889e-04 2.457068023669e-01 3.343115577889e-04 2.399287383713e-01 3.343115577889e-04 1.821957278013e-01 3.343115577889e-04 3.326399531375e-01
3.366331658291e-04 2.457057328886e-01 3.366331658291e-04 2.399640400886e-01 3.366331658291e-04 1.820938683197e-01 3.366331658291e-04 3.326638340915e-01
3.389547738693e-04 2.457048315539e-01 3.389547738693e-04 2.399946397578e-01 3.389547738693e-04 1.820027791272e-01 3.389547738693e-04 3.326855315291e-01
3.412763819095e-04 2.457040719268e-01 3.412763819095e-04 2.400211743320e-01 3.412763819095e-04 1.819213049893e-01 3.412763819095e-04 3.327052434238e-01
3.435979899497e-04 2.457034317278e-01 3.435979899497e-04 2.400441937563e-01 3.435979899497e-04 1.818484127986e-01 3.435979899497e-04 3.327231500920e-01
3.459195979899e-04 2.457028921808e-01 3.459195979899e-04 2.400641728067e-01 3.459195979899e-04 1.817831795171e-01 3.459195979899e-04 3.327394157170e-01
3.482412060302e-04 2.457024374615e-01 3.482412060302e-04 2.400815213563e-01 3.482412060302e-04 1.817247810785e-01 3.482412060302e-04 3.327541897495e-01
3.505628140704e-04 2.457020542336e-01 3.505628140704e-04 2.400965932667e-01 3.505628140704e-04 1.816724822303e-01 3.505628140704e-04 3.327676081952e-01
3.528844221106e-04 2.457017312573e-01 3.528844221106e-04 2.401096940758e-01 3.528844221106e-04 1.816256272844e-01 3.528844221106e-04 3.327797947945e-01
3.552060301508e-04 2.457014590601e-01 3.552060301508e-04 2.401210876415e-01 3.552060301508e-04 1.815836317286e-01 3.552060301508e-04 3.327908621054e-01
3.575276381910e-04 2.457012296586e-01 3.575276381910e-04 2.401310018763e-01 3.575276381910e-04 1.815459746454e-01 3.575276381910e-04 3.328009124938e-01
3.598492462312e-04 2.457010363243e-01 3.598492462312e-04 2.401396336941e-01 3.598492462312e-04 1.815121918808e-01 3.598492462312e-04 3.328100390402e-01
3.621708542714e-04 2.457008733869e-01 3.621708542714e-04 2.401471532773e-01 3.621708542714e-04 1.814818699043e-01 3.621708542714e-04 3.328183263688e-01
3.644924623116e-04 2.457007360673e-01 3.644924623116e-04 2.401537077530e-01 3.644924623116e-04 1.814546403016e-01 3.644924623116e-04 3.328258514038e-01
3.668140703518e-04 2.457006203377e-01 3.668140703518e-04 2.401594243630e-01 3.668140703518e-04 1.814301748442e-01 3.668140703518e-04 3.328326840619e-01
3.691356783920e-04 2.457005228039e-01 3.691356783920e-04 2.401644131932e-01 3.691356783920e-04 1.814081810816e-01 3.691356783920e-04 3.328388878822e-01
3.714572864322e-04 2.457004406048e-01 3.714572864322e-04 2.401687695262e-01 3.714572864322e-04 1.813883984061e-01 3.714572864322e-04 3.328445206022e-01
3.737788944724e-04 2.457003713297e-01 3.737788944724e-04 2.401725758677e-01 3.737788944724e-04 1.813705945438e-01 3.737788944724e-04 3.328496346824e-01
3.761005025126e-04 2.457003129464e-01 3.761005025126e-04 2.401759036926e-01 3.761005025126e-04 1.813545624276e-01 3.761005025126e-04 3.328542777840e-01
3.784221105528e-04 2.457002637426e-01 3.784221105528e-04 2.401788149484e-01 3.784221105528e-04 1.813401174130e-01 3.784221105528e-04 3.328584932049e-01
3.807437185930e-04 2.457002222749e-01 3.807437185930e-04 2.401813633523e-01 3.807437185930e-04 1.813270948012e-01 3.807437185930e-04 3.328623202757e-01
3.830653266332e-04 2.457001873271e-01 3.830653266332e-04 2.401835955081e-01 3.830653266332e-04 1.813153476360e-01 3.830653266332e-04 3.328657947216e-01
3.853869346734e-04 2.457001578740e-01 3.853869346734e-04 2.401855518691e-01 3.853869346734e-04 1.813047447455e-01 3.853869346734e-04 3.328689489904e-01
3.877085427136e-04 2.457001330518e-01 3.877085427136e-04 2.401872675688e-01 3.877085427136e-04 1.812951690015e-01 3.877085427136e-04 3.328718125514e-01
3.900301507538e-04 2.457001121323e-01 3.900301507538e-04 2.401887731373e-01 3.900301507538e-04 1.812865157730e-01 3.900301507538e-04 3.328744121682e-01
3.923517587940e-04 2.457000945019e-01 3.923517587940e-04 2.401900951189e-01 3.923517587940e-04 1.812786915523e-01 3.923517587940e-04 3.328767721453e-01
3.946733668342e-04 2.457000796436e-01 3.946733668342e-04 2.401912566063e-01 3.946733668342e-04 1.812716127347e-01 3.946733668342e-04 3.328789145536e-01
3.969949748744e-04 2.457000671214e-01 3.969949748744e-04 2.401922777004e-01 3.969949748744e-04 1.812652045344e-01 3.969949748744e-04 3.328808594345e-01
3.993165829146e-04 2.457000565680e-01 3.993165829146e-04 2.401931759085e-01 3.993165829146e-04 1.812594000216e-01 3.993165829146e-04 3.328826249864e-01
4.016381909548e-04 2.457000476739e-01 4.016381909548e-04 2.401939664881e-01 4.016381909548e-04 1.812541392668e-01 4.016381909548e-04 3.328842277334e-01
4.039597989950e-04 2.457000401782e-01 4.039597989950e-04 2.401946627437e-01 4.039597989950e-04 1.812493685808e-01 4.039597989950e-04 3.328856826788e-01
4.062814070352e-04 2.457000338611e-01 4.062814070352e-04 2.401952762842e-01 4.062814070352e-04 1.812450398392e-01 4.062814070352e-04 3.328870034450e-01
4.086030150754e-04 2.457000285371e-01 4.086030150754e-04 2.401958172450e-01 4.086030150754e-04 1.812411098823e-01 4.086030150754e-04 3.328882024003e-01
4.109246231156e-04 2.457000240503e-01 4.109246231156e-04 2.401962944804e-01 4.109246231156e-04 1.812375399813e-01 4.109246231156e-04 3.328892907738e-01
4.132462311558e-04 2.457000202689e-01 4.132462311558e-04 2.401967157304e-01 4.132462311558e-04 1.812342953637e-01 4.132462311558e-04 3.328902787604e-01
4.155678391960e-04 2.457000170821e-01 4.155678391960e-04 2.401970877653e-01 4.155678391960e-04 1.812313447912e-01 4.155678391960e-04 3.328911756159e-01
4.178894472362e-04 2.457000143963e-01 4.178894472362e-04 2.401974165105e-01 4.178894472362e-04 1.812286601845e-01 4.178894472362e-04 3.328919897433e-01
4.202110552764e-04 2.457000121328e-01 4.202110552764e-04 2.401977071557e-01 4.202110552764e-04 1.812262162885e-01 4.202110552764e-04 3.328927287714e-01
4.225326633166e-04 2.457000102251e-01 4.225326633166e-04 2.401979642483e-01 4.225326633166e-04 1.812239903754e-01 4.225326633166e-04 3.328933996256e-01
4.248542713568e-04 2.457000086175e-01 4.248542713568e-04 2.401981917761e-01 4.248542713568e-04 1.812219619789e-01 4.248542713568e-04 3.328940085934e-01
4.271758793970e-04 2.457000072626e-01 4.271758793970e-04 2.401983932381e-01 4.271758793970e-04 1.812201126586e-01 4.271758793970e-04 3.328945613824e-01
4.294974874372e-04 2.457000061207e-01 4.294974874372e-04 2.401985717059e-01 4.294974874372e-04 1.812184257892e-01 4.294974874372e-04 3.328950631741e-01
4.318190954774e-04 2.457000051583e-01 4.318190954774e-04 2.401987298782e-01 4.318190954774e-04 1.812168863729e-01 4.318190954774e-04 3.328955186725e-01
4.341407035176e-04 2.457000043473e-01 4.341407035176e-04 2.401988701271e-01 4.341407035176e-04 1.812154808718e-01 4.341407035176e-04 3.328959321475e-01
4.364623115578e-04 2.457000036638e-01 4.364623115578e-04 2.401989945390e-01 4.364623115578e-04 1.812141970585e-01 4.364623115578e-04 3.328963074757e-01
4.387839195980e-04 2.457000030877e-01 4.387839195980e-04 2.401991049498e-01 4.387839195980e-04 1.812130238823e-01 4.387839195980e-04 3.328966481758e-01
4.411055276382e-04 2.457000026022e-01 4.411055276382e-04 2.401992029767e-01 4.411055276382e-04 1.812119513504e-01 4.411055276382e-04 3.328969574423e-01
4.434271356784e-04 2.457000021931e-01 4.434271356784e-04 2.401992900442e-01 4.434271356784e-04 1.812109704209e-01 4.434271356784e-04 3.328972381749e-01
4.457487437186e-04 2.457000018483e-01 4.457487437186e-04 2.401993674082e-01 4.457487437186e-04 1.812100729074e-01 4.457487437186e-04 3.328974930060e-01
4.480703517588e-04 2.457000015577e-01 4.480703517588e-04 2.401994361767e-01 4.480703517588e-04 1.812092513940e-01 4.480703517588e-04 3.328977243252e-01
4.503919597990e-04 2.457000013128e-01 4.503919597990e-04 2.401994973276e-01 4.503919597990e-04 1.812084991584e-01 4.503919597990e-04 3.328979343016e-01
4.527135678392e-04 2.457000011064e-01 4.527135678392e-04 2.401995517242e-01 4.527135678392e-04 1.812078101039e-01 4.527135678392e-04 3.328981249042e-01
4.550351758794e-04 2.457000009324e-01 4.550351758794e-04 2.401996001296e-01 4.550351758794e-04 1.812071786977e-01 4.550351758794e-04 3.328982979204e-01
4.573567839196e-04 2.457000007858e-01 4.573567839196e-04 2.401996432181e-01 4.573567839196e-04 1.812065999162e-01 4.573567839196e-04 3.328984549728e-01
4.596783919598e-04 2.457000006623e-01 4.596783919598e-04 2.401996815864e-01 4.596783919598e-04 1.812060691954e-01 4.596783919598e-04 3.328985975343e-01
4.620000000000e-04 2.457000005581e-01 4.620000000000e-04 2.401997157624e-01 4.620000000000e-04 1.812055823863e-01 4.620000000000e-04 3.328987269418e-01
