0.000000000000e+00 2.470000000025e-01 0.000000000000e+00 2.396999817518e-01 0.000000000000e+00 1.801021334908e-01 0.000000000000e+00 3.331410147111e-01
2.361809045226e-06 2.470000000032e-01 2.361809045226e-06 2.396999783230e-01 2.361809045226e-06 1.801023984470e-01 2.361809045226e-06 3.331367280326e-01
4.723618090452e-06 2.470000000041e-01 4.723618090452e-06 2.396999742500e-01 4.723618090452e-06 1.801026967223e-01 4.723618090452e-06 3.331321302297e-01
7.085427135678e-06 2.470000000054e-01 7.085427135678e-06 2.396999694116e-01 7.085427135678e-06 1.801030325531e-01 7.085427135678e-06 3.331271987821e-01
9.447236180905e-06 2.470000000069e-01 9.447236180905e-06 2.396999636640e-01 9.447236180905e-06 1.801034107201e-01 9.447236180905e-06 3.331219095486e-01
1.180904522613e-05 2.470000000090e-01 1.180904522613e-05 2.396999568364e-01 1.180904522613e-05 1.801038366178e-01 1.180904522613e-05 3.331162366516e-01
1.417085427136e-05 2.470000000116e-01 1.417085427136e-05 2.396999487258e-01 1.417085427136e-05 1.801043163350e-01 1.417085427136e-05 3.331101523541e-01
1.653266331658e-05 2.470000000151e-01 1.653266331658e-05 2.396999390911e-01 1.653266331658e-05 1.801048567438e-01 1.653266331658e-05 3.331036269280e-01
1.889447236181e-05 2.470000000195e-01 1.889447236181e-05 2.396999276459e-01 1.889447236181e-05 1.801054656016e-01 1.889447236181e-05 3.330966285127e-01
2.125628140704e-05 2.470000000253e-01 2.125628140704e-05 2.396999140499e-01 2.125628140704e-05 1.801061516662e-01 2.125628140704e-05 3.330891229652e-01
2.361809045226e-05 2.470000000328e-01 2.361809045226e-05 2.396998978990e-01 2.361809045226e-05 1.801069248251e-01 2.361809045226e-05 3.330810736990e-01
2.597989949749e-05 2.470000000425e-01 2.597989949749e-05 2.396998787131e-01 2.597989949749e-05 1.801077962427e-01 2.597989949749e-05 3.330724415124e-01
2.834170854271e-05 2.470000000550e-01 2.834170854271e-05 2.396998559216e-01 2.834170854271e-05 1.801087785262e-01 2.834170854271e-05 3.330631844056e-01
3.070351758794e-05 2.470000000713e-01 3.070351758794e-05 2.396998288472e-01 3.070351758794e-05 1.801098859128e-01 3.070351758794e-05 3.330532573846e-01
3.306532663317e-05 2.470000000923e-01 3.306532663317e-05 2.396997966848e-01 3.306532663317e-05 1.801111344822e-01 3.306532663317e-05 3.330426122532e-01
3.542713567839e-05 2.470000001196e-01 3.542713567839e-05 2.396997584782e-01 3.542713567839e-05 1.801125423962e-01 3.542713567839e-05 3.330311973905e-01
3.778894472362e-05 2.470000001550e-01 3.778894472362e-05 2.396997130916e-01 3.778894472362e-05 1.801141301695e-01 3.778894472362e-05 3.330189575136e-01
4.015075376884e-05 2.470000002008e-01 4.015075376884e-05 2.396996591756e-01 4.015075376884e-05 1.801159209766e-01 4.015075376884e-05 3.330058334257e-01
4.251256281407e-05 2.470000002601e-01 4.251256281407e-05 2.396995951272e-01 4.251256281407e-05 1.801179409977e-01 4.251256281407e-05 3.329917617471e-01
4.487437185930e-05 2.470000003370e-01 4.487437185930e-05 2.396995190422e-01 4.487437185930e-05 1.801202198106e-01 4.487437185930e-05 3.329766746298e-01
4.723618090452e-05 2.470000004366e-01 4.723618090452e-05 2.396994286585e-01 4.723618090452e-05 1.801227908330e-01 4.723618090452e-05 3.329604994530e-01
4.959798994975e-05 2.470000005656e-01 4.959798994975e-05 2.396993212887e-01 4.959798994975e-05 1.801256918231e-01 4.959798994975e-05 3.329431585010e-01
5.195979899497e-05 2.470000007328e-01 5.195979899497e-05 2.396991937407e-01 5.195979899497e-05 1.801289654446e-01 5.195979899497e-05 3.329245686198e-01
5.432160804020e-05 2.470000009493e-01 5.432160804020e-05 2.396990422223e-01 5.432160804020e-05 1.801326599061e-01 5.432160804020e-05 3.329046408540e-01
5.668341708543e-05 2.470000012299e-01 5.668341708543e-05 2.396988622285e-01 5.668341708543e-05 1.801368296825e-01 5.668341708543e-05 3.328832800612e-01
5.904522613065e-05 2.470000015935e-01 5.904522613065e-05 2.396986484078e-01 5.904522613065e-05 1.801415363309e-01 5.904522613065e-05 3.328603845044e-01
6.140703517588e-05 2.470000020645e-01 6.140703517588e-05 2.396983944033e-01 6.140703517588e-05 1.801468494115e-01 6.140703517588e-05 3.328358454201e-01
6.376884422111e-05 2.470000026747e-01 6.376884422111e-05 2.396980926631e-01 6.376884422111e-05 1.801528475279e-01 6.376884422111e-05 3.328095465631e-01
6.613065326633e-05 2.470000034654e-01 6.613065326633e-05 2.396977342165e-01 6.613065326633e-05 1.801596195012e-01 6.613065326633e-05 3.327813637251e-01
6.849246231156e-05 2.470000044897e-01 6.849246231156e-05 2.396973084071e-01 6.849246231156e-05 1.801672656953e-01 6.849246231156e-05 3.327511642280e-01
7.085427135678e-05 2.470000058169e-01 7.085427135678e-05 2.396968025763e-01 7.085427135678e-05 1.801758995119e-01 7.085427135678e-05 3.327188063917e-01
7.321608040201e-05 2.470000075364e-01 7.321608040201e-05 2.396962016872e-01 7.321608040201e-05 1.801856490761e-01 7.321608040201e-05 3.326841389732e-01
7.557788944724e-05 2.470000097643e-01 7.557788944724e-05 2.396954878781e-01 7.557788944724e-05 1.801966591367e-01 7.557788944724e-05 3.326470005804e-01
7.793969849246e-05 2.470000126508e-01 7.793969849246e-05 2.396946399321e-01 7.793969849246e-05 1.802090932065e-01 7.793969849246e-05 3.326072190584e-01
8.030150753769e-05 2.470000163906e-01 8.030150753769e-05 2.396936326473e-01 8.030150753769e-05 1.802231359715e-01 8.030150753769e-05 3.325646108477e-01
8.266331658291e-05 2.470000212362e-01 8.266331658291e-05 2.396924360889e-01 8.266331658291e-05 1.802389960013e-01 8.266331658291e-05 3.325189803179e-01
8.502512562814e-05 2.470000275144e-01 8.502512562814e-05 2.396910147017e-01 8.502512562814e-05 1.802569087948e-01 8.502512562814e-05 3.324701190740e-01
8.738693467337e-05 2.470000356487e-01 8.738693467337e-05 2.396893262557e-01 8.738693467337e-05 1.802771401996e-01 8.738693467337e-05 3.324178052396e-01
8.974874371859e-05 2.470000461882e-01 8.974874371859e-05 2.396873205954e-01 8.974874371859e-05 1.802999902472e-01 8.974874371859e-05 3.323618027167e-01
9.211055276382e-05 2.470000598438e-01 9.211055276382e-05 2.396849381549e-01 9.211055276382e-05 1.803257974471e-01 9.211055276382e-05 3.323018604257e-01
9.447236180905e-05 2.470000775372e-01 9.447236180905e-05 2.396821081964e-01 9.447236180905e-05 1.803549435895e-01 9.447236180905e-05 3.322377115273e-01
9.683417085427e-05 2.470001004622e-01 9.683417085427e-05 2.396787467198e-01 9.683417085427e-05 1.803878591044e-01 9.683417085427e-05 3.321690726312e-01
9.919597989950e-05 2.470001301659e-01 9.919597989950e-05 2.396747539847e-01 9.919597989950e-05 1.804250290326e-01 9.919597989950e-05 3.320956429955e-01
1.015577889447e-04 2.470001686528e-01 1.015577889447e-04 2.396700115714e-01 1.015577889447e-04 1.804669996593e-01 1.015577889447e-04 3.320171037216e-01
1.039195979899e-04 2.470002185204e-01 1.039195979899e-04 2.396643788987e-01 1.039195979899e-04 1.805143858653e-01 1.039195979899e-04 3.319331169525e-01
1.062814070352e-04 2.470002831341e-01 1.062814070352e-04 2.396576890980e-01 1.062814070352e-04 1.805678792463e-01 1.062814070352e-04 3.318433250807e-01
1.086432160804e-04 2.470003668550e-01 1.086432160804e-04 2.396497441291e-01 1.086432160804e-04 1.806282570462e-01 1.086432160804e-04 3.317473499756e-01
1.110050251256e-04 2.470004753338e-01 1.110050251256e-04 2.396403090014e-01 1.110050251256e-04 1.806963919436e-01 1.110050251256e-04 3.316447922402e-01
1.133668341709e-04 2.470006158922e-01 1.133668341709e-04 2.396291049412e-01 1.133668341709e-04 1.807732627135e-01 1.133668341709e-04 3.315352305092e-01
1.157286432161e-04 2.470007980177e-01 1.157286432161e-04 2.396158013216e-01 1.157286432161e-04 1.808599657727e-01 1.157286432161e-04 3.314182208014e-01
1.180904522613e-04 2.470010340038e-01 1.180904522613e-04 2.396000061411e-01 1.180904522613e-04 1.809577275861e-01 1.180904522613e-04 3.312932959427e-01
1.204522613065e-04 2.470013397795e-01 1.204522613065e-04 2.395812548041e-01 1.204522613065e-04 1.810679178766e-01 1.204522613065e-04 3.311599650740e-01
1.228140703518e-04 2.470017359854e-01 1.228140703518e-04 2.395589969224e-01 1.228140703518e-04 1.811920635320e-01 1.228140703518e-04 3.310177132655e-01
1.251758793970e-04 2.470022493659e-01 1.251758793970e-04 2.395325808179e-01 1.251758793970e-04 1.813318630417e-01 1.251758793970e-04 3.308660012540e-01
1.275376884422e-04 2.470029145751e-01 1.275376884422e-04 2.395012353674e-01 1.275376884422e-04 1.814892012102e-01 1.275376884422e-04 3.307042653260e-01
1.298994974874e-04 2.470037765146e-01 1.298994974874e-04 2.394640487939e-01 1.298994974874e-04 1.816661638013e-01 1.298994974874e-04 3.305319173675e-01
1.322613065327e-04 2.470048933632e-01 1.322613065327e-04 2.394199439723e-01 1.322613065327e-04 1.818650516347e-01 1.322613065327e-04 3.303483451009e-01
1.346231155779e-04 2.470063405011e-01 1.346231155779e-04 2.393676497943e-01 1.346231155779e-04 1.820883935126e-01 1.346231155779e-04 3.301529125308e-01
1.369849246231e-04 2.470082155917e-01 1.369849246231e-04 2.393056681295e-01 1.369849246231e-04 1.823389571736e-01 1.369849246231e-04 3.299449606131e-01
1.393467336683e-04 2.470106451640e-01 1.393467336683e-04 2.392322359364e-01 1.393467336683e-04 1.826197572687e-01 1.393467336683e-04 3.297238081600e-01
1.417085427136e-04 2.470137931333e-01 1.417085427136e-04 2.391452821401e-01 1.417085427136e-04 1.829340591230e-01 1.417085427136e-04 3.294887529826e-01
1.440703517588e-04 2.470178718309e-01 1.440703517588e-04 2.390423790154e-01 1.440703517588e-04 1.832853768042e-01 1.440703517588e-04 3.292390732590e-01
1.464321608040e-04 2.470231562764e-01 1.464321608040e-04 2.389206880296e-01 1.464321608040e-04 1.836774637656e-01 1.464321608040e-04 3.289740290937e-01
1.487939698492e-04 2.470300026352e-01 1.487939698492e-04 2.387769004350e-01 1.487939698492e-04 1.841142940970e-01 1.487939698492e-04 3.286928642047e-01
1.511557788945e-04 2.470388720779e-01 1.511557788945e-04 2.386071734161e-01 1.511557788945e-04 1.846000322257e-01 1.511557788945e-04 3.283948076292e-01
1.535175879397e-04 2.470503615959e-01 1.535175879397e-04 2.384070633285e-01 1.535175879397e-04 1.851389887993e-01 1.535175879397e-04 3.280790752741e-01
1.558793969849e-04 2.470652437653e-01 1.558793969849e-04 2.381714585970e-01 1.558793969849e-04 1.857355605139e-01 1.558793969849e-04 3.277448710482e-01
1.582412060302e-04 2.470845179880e-01 1.582412060302e-04 2.378945162158e-01 1.582412060302e-04 1.863941518692e-01 1.582412060302e-04 3.273913871839e-01
1.606030150754e-04 2.471094764140e-01 1.606030150754e-04 2.375696075886e-01 1.606030150754e-04 1.871190773237e-01 1.606030150754e-04 3.270178031770e-01
1.629648241206e-04 2.471417885672e-01 1.629648241206e-04 2.371892816781e-01 1.629648241206e-04 1.879144431448e-01 1.629648241206e-04 3.266232825198e-01
1.653266331658e-04 2.471836096668e-01 1.653266331658e-04 2.367452560769e-01 1.653266331658e-04 1.887840094596e-01 1.653266331658e-04 3.262069660485e-01
1.676884422111e-04 2.472377187655e-01 1.676884422111e-04 2.362284495239e-01 1.676884422111e-04 1.897310346470e-01 1.676884422111e-04 3.257679602308e-01
1.700502512563e-04 2.473076940416e-01 1.700502512563e-04 2.356290722762e-01 1.700502512563e-04 1.907581062469e-01 1.700502512563e-04 3.253053180259e-01
1.724120603015e-04 2.473981337929e-01 1.724120603015e-04 2.349367930362e-01 1.724120603015e-04 1.918669649077e-01 1.724120603015e-04 3.248180089858e-01
1.747738693467e-04 2.475149326392e-01 1.747738693467e-04 2.341410019977e-01 1.747738693467e-04 1.930583303784e-01 1.747738693467e-04 3.243048739214e-01
1.771356783920e-04 2.476656227163e-01 1.771356783920e-04 2.332311877960e-01 1.771356783920e-04 1.943317408896e-01 1.771356783920e-04 3.237645576025e-01
1.794974874372e-04 2.478597884984e-01 1.794974874372e-04 2.321974402951e-01 1.794974874372e-04 1.956854190977e-01 1.794974874372e-04 3.231954104002e-01
1.818592964824e-04 2.481095600983e-01 1.818592964824e-04 2.310310797242e-01 1.818592964824e-04 1.971161786700e-01 1.818592964824e-04 3.225953462981e-01
1.842211055276e-04 2.484301816028e-01 1.842211055276e-04 2.297253946668e-01 1.842211055276e-04 1.986193851437e-01 1.842211055276e-04 3.219616400160e-01
1.865829145729e-04 2.488406355058e-01 1.865829145729e-04 2.282764469624e-01 1.865829145729e-04 2.001889825946e-01 1.865829145729e-04 3.212906398354e-01
1.889447236181e-04 2.493642781060e-01 1.889447236181e-04 2.266838728766e-01 1.889447236181e-04 2.018175937793e-01 1.889447236181e-04 3.205773649151e-01
1.913065326633e-04 2.500293999824e-01 1.913065326633e-04 2.249515818581e-01 1.913065326633e-04 2.034966959298e-01 1.913065326633e-04 3.198149465684e-01
1.936683417085e-04 2.508695676737e-01 1.936683417085e-04 2.230882344461e-01 1.936683417085e-04 2.052168677671e-01 1.936683417085e-04 3.189938630960e-01
1.960301507538e-04 2.519235293019e-01 1.960301507538e-04 2.211073785109e-01 1.960301507538e-04 2.069680963405e-01 1.960301507538e-04 3.181009100185e-01
1.983919597990e-04 2.532343904541e-01 1.983919597990e-04 2.190271457953e-01 1.983919597990e-04 2.087401259342e-01 1.983919597990e-04 3.171178481296e-01
2.007537688442e-04 2.548477183786e-01 2.007537688442e-04 2.168694614567e-01 2.007537688442e-04 2.105228265022e-01 2.007537688442e-04 3.160196934140e-01
2.031155778894e-04 2.568082695442e-01 2.031155778894e-04 2.146587925415e-01 2.031155778894e-04 2.123065566378e-01 2.031155778894e-04 3.147726792272e-01
2.054773869347e-04 2.591552366427e-01 2.054773869347e-04 2.124205426398e-01 2.054773869347e-04 2.140824963928e-01 2.054773869347e-04 3.133320720004e-01
2.078391959799e-04 2.619163443968e-01 2.078391959799e-04 2.101792692300e-01 2.078391959799e-04 2.158429282609e-01 2.078391959799e-04 3.116403141130e-01
2.102010050251e-04 2.651017733934e-01 2.102010050251e-04 2.079569381585e-01 2.102010050251e-04 2.175814498415e-01 2.102010050251e-04 3.096264596811e-01
2.125628140704e-04 2.686995625057e-01 2.125628140704e-04 2.057714253325e-01 2.125628140704e-04 2.192931082801e-01 2.125628140704e-04 3.072085591176e-01
2.149246231156e-04 2.726744248135e-01 2.149246231156e-04 2.036354308633e-01 2.149246231156e-04 2.209744535542e-01 2.149246231156e-04 3.043013307250e-01
2.172864321608e-04 2.769713412715e-01 2.172864321608e-04 2.015558994057e-01 2.172864321608e-04 2.226235141406e-01 2.172864321608e-04 3.008315017061e-01
2.196482412060e-04 2.815237161193e-01 2.196482412060e-04 1.995339624236e-01 2.196482412060e-04 2.242397038272e-01 2.196482412060e-04 2.967614541612e-01
2.220100502513e-04 2.862638032259e-01 2.220100502513e-04 1.975653523975e-01 2.220100502513e-04 2.258236720465e-01 2.220100502513e-04 2.921171864411e-01
2.243718592965e-04 2.911316463663e-01 2.243718592965e-04 1.956411971549e-01 2.243718592965e-04 2.273771119991e-01 2.243718592965e-04 2.870099067152e-01
2.267336683417e-04 2.960789459503e-01 2.267336683417e-04 1.937490868032e-01 2.267336683417e-04 2.289025411872e-01 2.267336683417e-04 2.816365433088e-01
2.290954773869e-04 3.010662505533e-01 2.290954773869e-04 1.918743106819e-01 2.290954773869e-04 2.304030681313e-01 2.290954773869e-04 2.762499553198e-01
2.314572864322e-04 3.060548174307e-01 2.314572864322e-04 1.900011777960e-01 2.314572864322e-04 2.318821574062e-01 2.314572864322e-04 2.711056407404e-01
2.338190954774e-04 3.109970076675e-01 2.338190954774e-04 1.881143515626e-01 2.338190954774e-04 2.333434030992e-01 2.338190954774e-04 2.664072772069e-01
2.361809045226e-04 3.158299752325e-01 2.361809045226e-04 1.862001411586e-01 2.361809045226e-04 2.347903186927e-01 2.361809045226e-04 2.622742537983e-01
2.385427135678e-04 3.204761537221e-01 2.385427135678e-04 1.842476940181e-01 2.385427135678e-04 2.362261494174e-01 2.385427135678e-04 2.587396509285e-01
2.409045226131e-04 3.248510818460e-01 2.409045226131e-04 1.822500280626e-01 2.409045226131e-04 2.376537114326e-01 2.409045226131e-04 2.557705407236e-01
2.432663316583e-04 3.288758279391e-01 2.432663316583e-04 1.802048327837e-01 2.432663316583e-04 2.390752607953e-01 2.432663316583e-04 2.532959101000e-01
2.456281407035e-04 3.324893888618e-01 2.456281407035e-04 1.781149625706e-01 2.456281407035e-04 2.404923940444e-01 2.456281407035e-04 2.512309487333e-01
2.479899497487e-04 3.356568842816e-01 2.479899497487e-04 1.759885515374e-01 2.479899497487e-04 2.419059812710e-01 2.479899497487e-04 2.494931554595e-01
2.503517587940e-04 3.383716216026e-01 2.503517587940e-04 1.738387023780e-01 2.503517587940e-04 2.433161317040e-01 2.503517587940e-04 2.480106090559e-01
2.527135678392e-04 3.406516709022e-01 2.527135678392e-04 1.716827436412e-01 2.527135678392e-04 2.447221910206e-01 2.527135678392e-04 2.467247221011e-01
2.550753768844e-04 3.425331611518e-01 2.550753768844e-04 1.695411050246e-01 2.550753768844e-04 2.461227687596e-01 2.550753768844e-04 2.455898601007e-01
2.574371859296e-04 3.440627324842e-01 2.574371859296e-04 1.674359175337e-01 2.574371859296e-04 2.475157933581e-01 2.574371859296e-04 2.445715492297e-01
2.597989949749e-04 3.452908993003e-01 2.597989949749e-04 1.653894902140e-01 2.597989949749e-04 2.488985914610e-01 2.597989949749e-04 2.436442935592e-01
2.621608040201e-04 3.462671529962e-01 2.621608040201e-04 1.634228349590e-01 2.621608040201e-04 2.502679873321e-01 2.621608040201e-04 2.427895109036e-01
2.645226130653e-04 3.470369002501e-01 2.645226130653e-04 1.615543994131e-01 2.645226130653e-04 2.516204174818e-01 2.645226130653e-04 2.419937881736e-01
2.668844221106e-04 3.476399283800e-01 2.668844221106e-04 1.597991279973e-01 2.668844221106e-04 2.529520551091e-01 2.668844221106e-04 2.412474960487e-01
2.692462311558e-04 3.481099580133e-01 2.692462311558e-04 1.581679132061e-01 2.692462311558e-04 2.542589386880e-01 2.692462311558e-04 2.405437307113e-01
2.716080402010e-04 3.484748723803e-01 2.716080402010e-04 1.566674380639e-01 2.716080402010e-04 2.555370990722e-01 2.716080402010e-04 2.398775258992e-01
2.739698492462e-04 3.487573065411e-01 2.739698492462e-04 1.553003593036e-01 2.739698492462e-04 2.567826798420e-01 2.739698492462e-04 2.392452766983e-01
2.763316582915e-04 3.489753815850e-01 2.763316582915e-04 1.540657478351e-01 2.763316582915e-04 2.579920462783e-01 2.763316582915e-04 2.386443238118e-01
2.786934673367e-04 3.491434529746e-01 2.786934673367e-04 1.529596905568e-01 2.786934673367e-04 2.591618792432e-01 2.786934673367e-04 2.380726568734e-01
2.810552763819e-04 3.492728025560e-01 2.810552763819e-04 1.519759624781e-01 2.810552763819e-04 2.602892513186e-01 2.810552763819e-04 2.375287047829e-01
2.834170854271e-04 3.493722429130e-01 2.834170854271e-04 1.511066945626e-01 2.834170854271e-04 2.613716836988e-01 2.834170854271e-04 2.370111889956e-01
2.857788944724e-04 3.494486260149e-01 2.857788944724e-04 1.503429842885e-01 2.857788944724e-04 2.624071834610e-01 2.857788944724e-04 2.365190219871e-01
2.881407035176e-04 3.495072606378e-01 2.881407035176e-04 1.496754174871e-01 2.881407035176e-04 2.633942618652e-01 2.881407035176e-04 2.360512379222e-01
2.905025125628e-04 3.495522488605e-01 2.905025125628e-04 1.490944882816e-01 2.905025125628e-04 2.643319351969e-01 2.905025125628e-04 2.356069461341e-01
2.928643216080e-04 3.495867538440e-01 2.928643216080e-04 1.485909174613e-01 2.928643216080e-04 2.652197103160e-01 2.928643216080e-04 2.351853006542e-01
2.952261306533e-04 3.496132109188e-01 2.952261306533e-04 1.481558783344e-01 2.952261306533e-04 2.660575575035e-01 2.952261306533e-04 2.347854809441e-01
2.975879396985e-04 3.496334928139e-01 2.975879396985e-04 1.477811437088e-01 2.975879396985e-04 2.668458734009e-01 2.975879396985e-04 2.344066803714e-01
2.999497487437e-04 3.496490383148e-01 2.999497487437e-04 1.474591692107e-01 2.999497487437e-04 2.675854368506e-01 2.999497487437e-04 2.340480999618e-01
3.023115577889e-04 3.496609520469e-01 3.023115577889e-04 1.471831276913e-01 3.023115577889e-04 2.682773602911e-01 3.023115577889e-04 2.337089456831e-01
3.046733668342e-04 3.496700816360e-01 3.046733668342e-04 1.469469078623e-01 3.046733668342e-04 2.689230390934e-01 3.046733668342e-04 2.333884280240e-01
3.070351758794e-04 3.496770772390e-01 3.070351758794e-04 1.467450881770e-01 3.070351758794e-04 2.695241008789e-01 3.070351758794e-04 2.330857630048e-01
3.093969849246e-04 3.496824373951e-01 3.093969849246e-04 1.465728947594e-01 3.093969849246e-04 2.700823564760e-01 3.093969849246e-04 2.328001740150e-01
3.117587939698e-04 3.496865442947e-01 3.117587939698e-04 1.464261501274e-01 3.117587939698e-04 2.705997537841e-01 3.117587939698e-04 2.325308940650e-01
3.141206030151e-04 3.496896908815e-01 3.141206030151e-04 1.463012176821e-01 3.141206030151e-04 2.710783354472e-01 3.141206030151e-04 2.322771681710e-01
3.164824120603e-04 3.496921016629e-01 3.164824120603e-04 1.461949454764e-01 3.164824120603e-04 2.715202009084e-01 3.164824120603e-04 2.320382556890e-01
3.188442211055e-04 3.496939486809e-01 3.188442211055e-04 1.461046116347e-01 3.188442211055e-04 2.719274731343e-01 3.188442211055e-04 2.318134324803e-01
3.212060301508e-04 3.496953637632e-01 3.212060301508e-04 1.460278729174e-01 3.212060301508e-04 2.723022700673e-01 3.212060301508e-04 2.316019928403e-01
3.235678391960e-04 3.496964479177e-01 3.235678391960e-04 1.459627172902e-01 3.235678391960e-04 2.726466806856e-01 3.235678391960e-04 2.314032511539e-01
3.259296482412e-04 3.496972785344e-01 3.259296482412e-04 1.459074208938e-01 3.259296482412e-04 2.729627454169e-01 3.259296482412e-04 2.312165432650e-01
3.282914572864e-04 3.496979149066e-01 3.282914572864e-04 1.458605095000e-01 3.282914572864e-04 2.732524405655e-01 3.282914572864e-04 2.310412275622e-01
3.306532663317e-04 3.496984024614e-01 3.306532663317e-04 1.458207243302e-01 3.306532663317e-04 2.735176663554e-01 3.306532663317e-04 2.308766857934e-01
3.330150753769e-04 3.496987760023e-01 3.330150753769e-04 1.457869919858e-01 3.330150753769e-04 2.737602381701e-01 3.330150753769e-04 2.307223236287e-01
3.353768844221e-04 3.496990621930e-01 3.353768844221e-04 1.457583981670e-01 3.353768844221e-04 2.739818805644e-01 3.353768844221e-04 2.305775709935e-01
3.377386934673e-04 3.496992814613e-01 3.377386934673e-04 1.457341648245e-01 3.377386934673e-04 2.741842236387e-01 3.377386934673e-04 2.304418821960e-01
3.401005025126e-04 3.496994494576e-01 3.401005025126e-04 1.457136303823e-01 3.401005025126e-04 2.743688013906e-01 3.401005025126e-04 2.303147358736e-01
3.424623115578e-04 3.496995781720e-01 3.424623115578e-04 1.456962326809e-01 3.424623115578e-04 2.745370516909e-01 3.424623115578e-04 2.301956347834e-01
3.448241206030e-04 3.496996767905e-01 3.448241206030e-04 1.456814943091e-01 3.448241206030e-04 2.746903175665e-01 3.448241206030e-04 2.300841054568e-01
3.471859296482e-04 3.496997523507e-01 3.471859296482e-04 1.456690100240e-01 3.471859296482e-04 2.748298495116e-01 3.471859296482e-04 2.299796977427e-01
3.495477386935e-04 3.496998102446e-01 3.495477386935e-04 1.456584359809e-01 3.495477386935e-04 2.749568085835e-01 3.495477386935e-04 2.298819842563e-01
3.519095477387e-04 3.496998546029e-01 3.519095477387e-04 1.456494805320e-01 3.519095477387e-04 2.750722700765e-01 3.519095477387e-04 2.297905597533e-01
3.542713567839e-04 3.496998885907e-01 3.542713567839e-04 1.456418963750e-01 3.542713567839e-04 2.751772275979e-01 3.542713567839e-04 2.297050404435e-01
3.566331658291e-04 3.496999146326e-01 3.566331658291e-04 1.456354738615e-01 3.566331658291e-04 2.752725974026e-01 3.566331658291e-04 2.296250632598e-01
3.589949748744e-04 3.496999345866e-01 3.589949748744e-04 1.456300353014e-01 3.589949748744e-04 2.753592228658e-01 3.589949748744e-04 2.295502850929e-01
3.613567839196e-04 3.496999498760e-01 3.613567839196e-04 1.456254301179e-01 3.613567839196e-04 2.754378789984e-01 3.613567839196e-04 2.294803820057e-01
3.637185929648e-04 3.496999615913e-01 3.637185929648e-04 1.456215307291e-01 3.637185929648e-04 2.755092769304e-01 3.637185929648e-04 2.294150484327e-01
3.660804020101e-04 3.496999705681e-01 3.660804020101e-04 1.456182290503e-01 3.660804020101e-04 2.755740683023e-01 3.660804020101e-04 2.293539963768e-01
3.684422110553e-04 3.496999774467e-01 3.684422110553e-04 1.456154335242e-01 3.684422110553e-04 2.756328495203e-01 3.684422110553e-04 2.292969546067e-01
3.708040201005e-04 3.496999827174e-01 3.708040201005e-04 1.456130666006e-01 3.708040201005e-04 2.756861658439e-01 3.708040201005e-04 2.292436678624e-01
3.731658291457e-04 3.496999867563e-01 3.731658291457e-04 1.456110625987e-01 3.731658291457e-04 2.757345152822e-01 3.731658291457e-04 2.291938960743e-01
3.755276381910e-04 3.496999898511e-01 3.755276381910e-04 1.456093658936e-01 3.755276381910e-04 2.757783522852e-01 3.755276381910e-04 2.291474135973e-01
3.778894472362e-04 3.496999922227e-01 3.778894472362e-04 1.456079293798e-01 3.778894472362e-04 2.758180912221e-01 3.778894472362e-04 2.291040084656e-01
3.802512562814e-04 3.496999940400e-01 3.802512562814e-04 1.456067131680e-01 3.802512562814e-04 2.758541096432e-01 3.802512562814e-04 2.290634816689e-01
3.826130653266e-04 3.496999954326e-01 3.826130653266e-04 1.456056834809e-01 3.826130653266e-04 2.758867513269e-01 3.826130653266e-04 2.290256464531e-01
3.849748743719e-04 3.496999964998e-01 3.849748743719e-04 1.456048117177e-01 3.849748743719e-04 2.759163291166e-01 3.849748743719e-04 2.289903276457e-01
3.873366834171e-04 3.496999973176e-01 3.873366834171e-04 1.456040736615e-01 3.873366834171e-04 2.759431275530e-01 3.873366834171e-04 2.289573610079e-01
3.896984924623e-04 3.496999979443e-01 3.896984924623e-04 1.456034488076e-01 3.896984924623e-04 2.759674053099e-01 3.896984924623e-04 2.289265926134e-01
3.920603015075e-04 3.496999984246e-01 3.920603015075e-04 1.456029197953e-01 3.920603015075e-04 2.759893974444e-01 3.920603015075e-04 2.288978782540e-01
3.944221105528e-04 3.496999987926e-01 3.944221105528e-04 1.456024719254e-01 3.944221105528e-04 2.760093174687e-01 3.944221105528e-04 2.288710828727e-01
3.967839195980e-04 3.496999990747e-01 3.967839195980e-04 1.456020927529e-01 3.967839195980e-04 2.760273592569e-01 3.967839195980e-04 2.288460800236e-01
3.991457286432e-04 3.496999992908e-01 3.991457286432e-04 1.456017717411e-01 3.991457286432e-04 2.760436987946e-01 3.991457286432e-04 2.288227513579e-01
4.015075376884e-04 3.496999994565e-01 4.015075376884e-04 1.456014999693e-01 4.015075376884e-04 2.760584957836e-01 4.015075376884e-04 2.288009861365e-01
4.038693467337e-04 3.496999995834e-01 4.038693467337e-04 1.456012698849e-01 4.038693467337e-04 2.760718951107e-01 4.038693467337e-04 2.287806807669e-01
4.062311557789e-04 3.496999996807e-01 4.062311557789e-04 1.456010750936e-01 4.062311557789e-04 2.760840281914e-01 4.062311557789e-04 2.287617383661e-01
4.085929648241e-04 3.496999997553e-01 4.085929648241e-04 1.456009101818e-01 4.085929648241e-04 2.760950141971e-01 4.085929648241e-04 2.287440683454e-01
4.109547738693e-04 3.496999998125e-01 4.109547738693e-04 1.456007705664e-01 4.109547738693e-04 2.761049611748e-01 4.109547738693e-04 2.287275860200e-01
4.133165829146e-04 3.496999998563e-01 4.133165829146e-04 1.456006523670e-01 4.133165829146e-04 2.761139670693e-01 4.133165829146e-04 2.287122122392e-01
4.156783919598e-04 3.496999998898e-01 4.156783919598e-04 1.456005522987e-01 4.156783919598e-04 2.761221206533e-01 4.156783919598e-04 2.286978730381e-01
4.180402010050e-04 3.496999999156e-01 4.180402010050e-04 1.456004675802e-01 4.180402010050e-04 2.761295023752e-01 4.180402010050e-04 2.286844993095e-01
4.204020100503e-04 3.496999999353e-01 4.204020100503e-04 1.456003958570e-01 4.204020100503e-04 2.761361851308e-01 4.204020100503e-04 2.286720264951e-01
4.227638190955e-04 3.496999999504e-01 4.227638190955e-04 1.456003351357e-01 4.227638190955e-04 2.761422349642e-01 4.227638190955e-04 2.286603942951e-01
4.251256281407e-04 3.496999999620e-01 4.251256281407e-04 1.456002837287e-01 4.251256281407e-04 2.761477117060e-01 4.251256281407e-04 2.286495463945e-01
4.274874371859e-04 3.496999999709e-01 4.274874371859e-04 1.456002402071e-01 4.274874371859e-04 2.761526695528e-01 4.274874371859e-04 2.286394302067e-01
4.298492462312e-04 3.496999999777e-01 4.298492462312e-04 1.456002033615e-01 4.298492462312e-04 2.761571575937e-01 4.298492462312e-04 2.286299966325e-01
4.322110552764e-04 3.496999999829e-01 4.322110552764e-04 1.456001721677e-01 4.322110552764e-04 2.761612202880e-01 4.322110552764e-04 2.286211998338e-01
4.345728643216e-04 3.496999999869e-01 4.345728643216e-04 1.456001457589e-01 4.345728643216e-04 2.761648978996e-01 4.345728643216e-04 2.286129970214e-01
4.369346733668e-04 3.496999999899e-01 4.369346733668e-04 1.456001234009e-01 4.369346733668e-04 2.761682268902e-01 4.369346733668e-04 2.286053482560e-01
4.392964824121e-04 3.496999999923e-01 4.392964824121e-04 1.456001044725e-01 4.392964824121e-04 2.761712402769e-01 4.392964824121e-04 2.285982162619e-01
4.416582914573e-04 3.496999999941e-01 4.416582914573e-04 1.456000884475e-01 4.416582914573e-04 2.761739679559e-01 4.416582914573e-04 2.285915662520e-01
4.440201005025e-04 3.496999999955e-01 4.440201005025e-04 1.456000748807e-01 4.440201005025e-04 2.761764369964e-01 4.440201005025e-04 2.285853657642e-01
4.463819095477e-04 3.496999999965e-01 4.463819095477e-04 1.456000633948e-01 4.463819095477e-04 2.761786719072e-01 4.463819095477e-04 2.285795845084e-01
4.487437185930e-04 3.496999999973e-01 4.487437185930e-04 1.456000536708e-01 4.487437185930e-04 2.761806948775e-01 4.487437185930e-04 2.285741942228e-01
4.511055276382e-04 3.496999999980e-01 4.511055276382e-04 1.456000454384e-01 4.511055276382e-04 2.761825259965e-01 4.511055276382e-04 2.285691685399e-01
4.534673366834e-04 3.496999999984e-01 4.534673366834e-04 1.456000384687e-01 4.534673366834e-04 2.761841834511e-01 4.534673366834e-04 2.285644828611e-01
4.558291457286e-04 3.496999999988e-01 4.558291457286e-04 1.456000325681e-01 4.558291457286e-04 2.761856837058e-01 4.558291457286e-04 2.285601142388e-01
4.581909547739e-04 3.496999999991e-01 4.581909547739e-04 1.456000275726e-01 4.581909547739e-04 2.761870416656e-01 4.581909547739e-04 2.285560412673e-01
4.605527638191e-04 3.496999999993e-01 4.605527638191e-04 1.456000233433e-01 4.605527638191e-04 2.761882708233e-01 4.605527638191e-04 2.285522439795e-01
4.629145728643e-04 3.496999999995e-01 4.629145728643e-04 1.456000197628e-01 4.629145728643e-04 2.761893833931e-01 4.629145728643e-04 2.285487037517e-01
4.652763819095e-04 3.496999999996e-01 4.652763819095e-04 1.456000167315e-01 4.652763819095e-04 2.761903904316e-01 4.652763819095e-04 2.285454032134e-01
4.676381909548e-04 3.496999999997e-01 4.676381909548e-04 1.456000141651e-01 4.676381909548e-04 2.761913019473e-01 4.676381909548e-04 2.285423261638e-01
4.700000000000e-04 3.496999999998e-01 4.700000000000e-04 1.456000119924e-01 4.700000000000e-04 2.761921270000e-01 4.700000000000e-04 2.285394574935e-01
