0.000000000000e+00 1.231000341539e-01 0.000000000000e+00 1.011047666460e-01 0.000000000000e+00 2.945999854929e-01 0.000000000000e+00 2.754701718569e-01 0.000000000000e+00 2.057000000000e-01
2.180904522613e-06 1.231000395815e-01 2.180904522613e-06 1.011053020533e-01 2.180904522613e-06 2.945999829427e-01 2.180904522613e-06 2.754674329700e-01 2.180904522613e-06 2.057000000000e-01
4.361809045226e-06 1.231000458761e-01 4.361809045226e-06 1.011058975977e-01 4.361809045226e-06 2.945999799441e-01 4.361809045226e-06 2.754644426110e-01 4.361809045226e-06 2.057000000000e-01
6.542713567839e-06 1.231000531769e-01 6.542713567839e-06 1.011065600332e-01 6.542713567839e-06 2.945999764185e-01 6.542713567839e-06 2.754611776973e-01 6.542713567839e-06 2.057000000000e-01
8.723618090452e-06 1.231000616459e-01 8.723618090452e-06 1.011072968723e-01 8.723618090452e-06 2.945999722730e-01 8.723618090452e-06 2.754576130295e-01 8.723618090452e-06 2.057000000000e-01
1.090452261307e-05 1.231000714713e-01 1.090452261307e-05 1.011081164713e-01 1.090452261307e-05 2.945999673987e-01 1.090452261307e-05 2.754537210973e-01 1.090452261307e-05 2.057000000000e-01
1.308542713568e-05 1.231000828716e-01 1.308542713568e-05 1.011090281244e-01 1.308542713568e-05 2.945999616674e-01 1.308542713568e-05 2.754494718683e-01 1.308542713568e-05 2.057000000000e-01
1.526633165829e-05 1.231000961012e-01 1.526633165829e-05 1.011100421695e-01 1.526633165829e-05 2.945999549286e-01 1.526633165829e-05 2.754448325574e-01 1.526633165829e-05 2.057000000000e-01
1.744723618090e-05 1.231001114558e-01 1.744723618090e-05 1.011111701053e-01 1.744723618090e-05 2.945999470049e-01 1.744723618090e-05 2.754397673748e-01 1.744723618090e-05 2.057000000000e-01
1.962814070352e-05 1.231001292791e-01 1.962814070352e-05 1.011124247210e-01 1.962814070352e-05 2.945999376881e-01 1.962814070352e-05 2.754342372521e-01 1.962814070352e-05 2.057000000000e-01
2.180904522613e-05 1.231001499712e-01 2.180904522613e-05 1.011138202419e-01 2.180904522613e-05 2.945999267333e-01 2.180904522613e-05 2.754281995428e-01 2.180904522613e-05 2.057000000000e-01
2.398994974874e-05 1.231001739975e-01 2.398994974874e-05 1.011153724897e-01 2.398994974874e-05 2.945999138523e-01 2.398994974874e-05 2.754216076955e-01 2.398994974874e-05 2.057000000000e-01
2.617085427136e-05 1.231002018994e-01 2.617085427136e-05 1.011170990622e-01 2.617085427136e-05 2.945998987064e-01 2.617085427136e-05 2.754144108986e-01 2.617085427136e-05 2.057000000000e-01
2.835175879397e-05 1.231002343075e-01 2.835175879397e-05 1.011190195317e-01 2.835175879397e-05 2.945998808974e-01 2.835175879397e-05 2.754065536920e-01 2.835175879397e-05 2.057000000000e-01
3.053266331658e-05 1.231002719557e-01 3.053266331658e-05 1.011211556672e-01 3.053266331658e-05 2.945998599570e-01 3.053266331658e-05 2.753979755437e-01 3.053266331658e-05 2.057000000000e-01
3.271356783920e-05 1.231003156987e-01 3.271356783920e-05 1.011235316798e-01 3.271356783920e-05 2.945998353345e-01 3.271356783920e-05 2.753886103898e-01 3.271356783920e-05 2.057000000000e-01
3.489447236181e-05 1.231003665321e-01 3.489447236181e-05 1.011261744969e-01 3.489447236181e-05 2.945998063822e-01 3.489447236181e-05 2.753783861311e-01 3.489447236181e-05 2.057000000000e-01
3.707537688442e-05 1.231004256158e-01 3.707537688442e-05 1.011291140661e-01 3.707537688442e-05 2.945997723386e-01 3.707537688442e-05 2.753672240868e-01 3.707537688442e-05 2.057000000000e-01
3.925628140704e-05 1.231004943014e-01 3.925628140704e-05 1.011323836934e-01 3.925628140704e-05 2.945997323085e-01 3.925628140704e-05 2.753550383978e-01 3.925628140704e-05 2.057000000000e-01
4.143718592965e-05 1.231005741647e-01 4.143718592965e-05 1.011360204192e-01 4.143718592965e-05 2.945996852387e-01 4.143718592965e-05 2.753417353785e-01 4.143718592965e-05 2.057000000000e-01
4.361809045226e-05 1.231006670427e-01 4.361809045226e-05 1.011400654358e-01 4.361809045226e-05 2.945996298910e-01 4.361809045226e-05 2.753272128096e-01 4.361809045226e-05 2.057000000000e-01
4.579899497487e-05 1.231007750780e-01 4.579899497487e-05 1.011445645521e-01 4.579899497487e-05 2.945995648095e-01 4.579899497487e-05 2.753113591698e-01 4.579899497487e-05 2.056999999999e-01
4.797989949749e-05 1.231009007698e-01 4.797989949749e-05 1.011495687090e-01 4.797989949749e-05 2.945994882818e-01 4.797989949749e-05 2.752940527996e-01 4.797989949749e-05 2.056999999999e-01
5.016080402010e-05 1.231010470348e-01 5.016080402010e-05 1.011551345528e-01 5.016080402010e-05 2.945993982944e-01 5.016080402010e-05 2.752751609918e-01 5.016080402010e-05 2.056999999999e-01
5.234170854271e-05 1.231012172770e-01 5.234170854271e-05 1.011613250719e-01 5.234170854271e-05 2.945992924794e-01 5.234170854271e-05 2.752545390033e-01 5.234170854271e-05 2.056999999998e-01
5.452261306533e-05 1.231014154708e-01 5.452261306533e-05 1.011682103040e-01 5.452261306533e-05 2.945991680524e-01 5.452261306533e-05 2.752320289810e-01 5.452261306533e-05 2.056999999997e-01
5.670351758794e-05 1.231016462578e-01 5.670351758794e-05 1.011758681218e-01 5.670351758794e-05 2.945990217388e-01 5.670351758794e-05 2.752074587961e-01 5.670351758794e-05 2.056999999996e-01
5.888442211055e-05 1.231019150602e-01 5.888442211055e-05 1.011843851043e-01 5.888442211055e-05 2.945988496878e-01 5.888442211055e-05 2.751806407784e-01 5.888442211055e-05 2.056999999994e-01
6.106532663317e-05 1.231022282143e-01 6.106532663317e-05 1.011938575057e-01 6.106532663317e-05 2.945986473708e-01 6.106532663317e-05 2.751513703439e-01 6.106532663317e-05 2.056999999991e-01
6.324623115578e-05 1.231025931264e-01 6.324623115578e-05 1.012043923294e-01 6.324623115578e-05 2.945984094622e-01 6.324623115578e-05 2.751194245073e-01 6.324623115578e-05 2.056999999986e-01
6.542713567839e-05 1.231030184565e-01 6.542713567839e-05 1.012161085197e-01 6.542713567839e-05 2.945981296988e-01 6.542713567839e-05 2.750845602709e-01 6.542713567839e-05 2.056999999980e-01
6.760804020101e-05 1.231035143337e-01 6.760804020101e-05 1.012291382845e-01 6.760804020101e-05 2.945978007153e-01 6.760804020101e-05 2.750465128811e-01 6.760804020101e-05 2.056999999971e-01
6.978894472362e-05 1.231040926084e-01 6.978894472362e-05 1.012436285607e-01 6.978894472362e-05 2.945974138496e-01 6.978894472362e-05 2.750049939442e-01 6.978894472362e-05 2.056999999957e-01
7.196984924623e-05 1.231047671504e-01 7.196984924623e-05 1.012597426395e-01 7.196984924623e-05 2.945969589147e-01 7.196984924623e-05 2.749596893904e-01 7.196984924623e-05 2.056999999937e-01
7.415075376884e-05 1.231055541973e-01 7.415075376884e-05 1.012776619663e-01 7.415075376884e-05 2.945964239304e-01 7.415075376884e-05 2.749102572783e-01 7.415075376884e-05 2.056999999909e-01
7.633165829146e-05 1.231064727652e-01 7.633165829146e-05 1.012975881342e-01 7.633165829146e-05 2.945957948072e-01 7.633165829146e-05 2.748563254287e-01 7.633165829146e-05 2.056999999866e-01
7.851256281407e-05 1.231075451317e-01 7.851256281407e-05 1.013197450900e-01 7.851256281407e-05 2.945950549753e-01 7.851256281407e-05 2.747974888796e-01 7.851256281407e-05 2.056999999804e-01
8.069346733668e-05 1.231087974036e-01 8.069346733668e-05 1.013443815752e-01 8.069346733668e-05 2.945941849477e-01 8.069346733668e-05 2.747333071512e-01 8.069346733668e-05 2.056999999714e-01
8.287437185930e-05 1.231102601853e-01 8.287437185930e-05 1.013717738231e-01 8.287437185930e-05 2.945931618067e-01 8.287437185930e-05 2.746633013136e-01 8.287437185930e-05 2.056999999581e-01
8.505527638191e-05 1.231119693661e-01 8.505527638191e-05 1.014022285382e-01 8.505527638191e-05 2.945919586000e-01 8.505527638191e-05 2.745869508472e-01 8.505527638191e-05 2.056999999388e-01
8.723618090452e-05 1.231139670465e-01 8.723618090452e-05 1.014360861850e-01 8.723618090452e-05 2.945905436311e-01 8.723618090452e-05 2.745036902900e-01 8.723618090452e-05 2.056999999104e-01
8.941708542714e-05 1.231163026304e-01 8.941708542714e-05 1.014737246129e-01 8.941708542714e-05 2.945888796243e-01 8.941708542714e-05 2.744129056646e-01 8.941708542714e-05 2.056999998690e-01
9.159798994975e-05 1.231190341113e-01 9.159798994975e-05 1.015155630495e-01 9.159798994975e-05 2.945869227434e-01 9.159798994975e-05 2.743139306805e-01 9.159798994975e-05 2.056999998084e-01
9.377889447236e-05 1.231222295893e-01 9.377889447236e-05 1.015620664932e-01 9.377889447236e-05 2.945846214387e-01 9.377889447236e-05 2.742060427107e-01 9.377889447236e-05 2.056999997197e-01
9.595979899497e-05 1.231259690591e-01 9.595979899497e-05 1.016137505389e-01 9.595979899497e-05 2.945819150915e-01 9.595979899497e-05 2.740884585415e-01 9.595979899497e-05 2.056999995900e-01
9.814070351759e-05 1.231303465197e-01 9.814070351759e-05 1.016711866709e-01 9.814070351759e-05 2.945787324217e-01 9.814070351759e-05 2.739603299026e-01 9.814070351759e-05 2.056999994003e-01
1.003216080402e-04 1.231354724630e-01 1.003216080402e-04 1.017350080600e-01 1.003216080402e-04 2.945749896168e-01 1.003216080402e-04 2.738207387828e-01 1.003216080402e-04 2.056999991229e-01
1.025025125628e-04 1.231414768110e-01 1.025025125628e-04 1.018059158978e-01 1.025025125628e-04 2.945705881356e-01 1.025025125628e-04 2.736686925482e-01 1.025025125628e-04 2.056999987170e-01
1.046834170854e-04 1.231485123823e-01 1.046834170854e-04 1.018846863056e-01 1.046834170854e-04 2.945654121288e-01 1.046834170854e-04 2.735031188819e-01 1.046834170854e-04 2.056999981234e-01
1.068643216080e-04 1.231567589863e-01 1.068643216080e-04 1.019721778494e-01 1.068643216080e-04 2.945593254126e-01 1.068643216080e-04 2.733228605721e-01 1.068643216080e-04 2.056999972551e-01
1.090452261307e-04 1.231664282560e-01 1.090452261307e-04 1.020693396927e-01 1.090452261307e-04 2.945521679195e-01 1.090452261307e-04 2.731266701870e-01 1.090452261307e-04 2.056999959850e-01
1.112261306533e-04 1.231777693579e-01 1.112261306533e-04 1.021772204107e-01 1.112261306533e-04 2.945437515373e-01 1.112261306533e-04 2.729132046809e-01 1.112261306533e-04 2.056999941272e-01
1.134070351759e-04 1.231910757350e-01 1.134070351759e-04 1.022969774877e-01 1.134070351759e-04 2.945338552348e-01 1.134070351759e-04 2.726810199907e-01 1.134070351759e-04 2.056999914097e-01
1.155879396985e-04 1.232066930729e-01 1.155879396985e-04 1.024298875042e-01 1.155879396985e-04 2.945222193579e-01 1.155879396985e-04 2.724285656920e-01 1.155879396985e-04 2.056999874347e-01
1.177688442211e-04 1.232250287097e-01 1.177688442211e-04 1.025773570139e-01 1.177688442211e-04 2.945085389594e-01 1.177688442211e-04 2.721541798020e-01 1.177688442211e-04 2.056999816203e-01
1.199497487437e-04 1.232465627510e-01 1.199497487437e-04 1.027409340898e-01 1.199497487437e-04 2.944924560097e-01 1.199497487437e-04 2.718560838269e-01 1.199497487437e-04 2.056999731152e-01
1.221306532663e-04 1.232718611973e-01 1.221306532663e-04 1.029223205028e-01 1.221306532663e-04 2.944735503125e-01 1.221306532663e-04 2.715323781734e-01 1.221306532663e-04 2.056999606742e-01
1.243115577889e-04 1.233015914434e-01 1.243115577889e-04 1.031233844661e-01 1.243115577889e-04 2.944513289288e-01 1.243115577889e-04 2.711810380574e-01 1.243115577889e-04 2.056999424759e-01
1.264924623116e-04 1.233365405737e-01 1.264924623116e-04 1.033461738531e-01 1.264924623116e-04 2.944252138887e-01 1.264924623116e-04 2.707999100637e-01 1.264924623116e-04 2.056999158557e-01
1.286733668342e-04 1.233776369444e-01 1.286733668342e-04 1.035929297549e-01 1.286733668342e-04 2.943945279482e-01 1.286733668342e-04 2.703867095252e-01 1.286733668342e-04 2.056998769157e-01
1.308542713568e-04 1.234259756285e-01 1.308542713568e-04 1.038661002024e-01 1.308542713568e-04 2.943584781267e-01 1.308542713568e-04 2.699390189076e-01 1.308542713568e-04 2.056998199541e-01
1.330351758794e-04 1.234828483877e-01 1.330351758794e-04 1.041683538261e-01 1.330351758794e-04 2.943161367471e-01 1.330351758794e-04 2.694542874002e-01 1.330351758794e-04 2.056997366296e-01
1.352160804020e-04 1.235497789373e-01 1.352160804020e-04 1.045025931695e-01 1.352160804020e-04 2.942664196885e-01 1.352160804020e-04 2.689298319188e-01 1.352160804020e-04 2.056996147400e-01
1.373969849246e-04 1.236285643793e-01 1.373969849246e-04 1.048719673073e-01 1.373969849246e-04 2.942080615687e-01 1.373969849246e-04 2.683628397340e-01 1.373969849246e-04 2.056994364348e-01
1.395778894472e-04 1.237213237980e-01 1.395778894472e-04 1.052798833534e-01 1.395778894472e-04 2.941395875970e-01 1.395778894472e-04 2.677503729304e-01 1.395778894472e-04 2.056991756002e-01
1.417587939698e-04 1.238305551266e-01 1.417587939698e-04 1.057300163717e-01 1.417587939698e-04 2.940592818883e-01 1.417587939698e-04 2.670893748878e-01 1.417587939698e-04 2.056987940342e-01
1.439396984925e-04 1.239592015098e-01 1.439396984925e-04 1.062263171360e-01 1.439396984925e-04 2.939651521274e-01 1.439396984925e-04 2.663766789436e-01 1.439396984925e-04 2.056982358512e-01
1.461206030151e-04 1.241107284773e-01 1.461206030151e-04 1.067730171266e-01 1.461206030151e-04 2.938548906186e-01 1.461206030151e-04 2.656090193529e-01 1.461206030151e-04 2.056974192961e-01
1.483015075377e-04 1.242892133048e-01 1.483015075377e-04 1.073746301072e-01 1.483015075377e-04 2.937258319836e-01 1.483015075377e-04 2.647830445916e-01 1.483015075377e-04 2.056962247732e-01
1.504824120603e-04 1.244994479236e-01 1.504824120603e-04 1.080359496141e-01 1.504824120603e-04 2.935749080971e-01 1.504824120603e-04 2.638953329641e-01 1.504824120603e-04 2.056944773382e-01
1.526633165829e-04 1.247470566308e-01 1.526633165829e-04 1.087620417140e-01 1.526633165829e-04 2.933986013008e-01 1.526633165829e-04 2.629424103610e-01 1.526633165829e-04 2.056919211013e-01
1.548442211055e-04 1.250386295697e-01 1.548442211055e-04 1.095582324759e-01 1.548442211055e-04 2.931928975460e-01 1.548442211055e-04 2.619207698746e-01 1.548442211055e-04 2.056881818153e-01
1.570251256281e-04 1.253818724290e-01 1.570251256281e-04 1.104300897677e-01 1.570251256281e-04 2.929532419034e-01 1.570251256281e-04 2.608268928200e-01 1.570251256281e-04 2.056827122279e-01
1.592060301508e-04 1.257857719383e-01 1.592060301508e-04 1.113833992508e-01 1.592060301508e-04 2.926744998712e-01 1.592060301508e-04 2.596572705224e-01 1.592060301508e-04 2.056747123183e-01
1.613869346734e-04 1.262607753780e-01 1.613869346734e-04 1.124241348388e-01 1.613869346734e-04 2.923509290997e-01 1.613869346734e-04 2.584084260389e-01 1.613869346734e-04 2.056630130169e-01
1.635678391960e-04 1.268189803017e-01 1.635678391960e-04 1.135584244091e-01 1.635678391960e-04 2.919761675025e-01 1.635678391960e-04 2.570769347801e-01 1.635678391960e-04 2.056459069914e-01
1.657487437186e-04 1.274743277814e-01 1.657487437186e-04 1.147925122374e-01 1.657487437186e-04 2.915432451456e-01 1.657487437186e-04 2.556594428122e-01 1.657487437186e-04 2.056209030491e-01
1.679296482412e-04 1.282427885046e-01 1.679296482412e-04 1.161327204529e-01 1.679296482412e-04 2.910446286101e-01 1.679296482412e-04 2.541526814676e-01 1.679296482412e-04 2.055843710667e-01
1.701105527638e-04 1.291425257727e-01 1.701105527638e-04 1.175854127620e-01 1.701105527638e-04 2.904723074337e-01 1.701105527638e-04 2.525534768044e-01 1.701105527638e-04 2.055310316231e-01
1.722914572864e-04 1.301940127244e-01 1.722914572864e-04 1.191569647106e-01 1.722914572864e-04 2.898179323083e-01 1.722914572864e-04 2.508587524598e-01 1.722914572864e-04 2.054532287490e-01
1.744723618090e-04 1.314200729933e-01 1.744723618090e-04 1.208537457425e-01 1.744723618090e-04 2.890730133832e-01 1.744723618090e-04 2.490655245863e-01 1.744723618090e-04 2.053399070878e-01
1.766532663317e-04 1.328458048874e-01 1.766532663317e-04 1.226821191171e-01 1.766532663317e-04 2.882291836384e-01 1.766532663317e-04 2.471708878756e-01 1.766532663317e-04 2.051752017927e-01
1.788341708543e-04 1.344983400101e-01 1.788341708543e-04 1.246484661458e-01 1.788341708543e-04 2.872785261891e-01 1.788341708543e-04 2.451719922129e-01 1.788341708543e-04 2.049365544219e-01
1.810150753769e-04 1.364063798162e-01 1.810150753769e-04 1.267592409056e-01 1.810150753769e-04 2.862139551500e-01 1.810150753769e-04 2.430660103034e-01 1.810150753769e-04 2.045923207162e-01
1.831959798995e-04 1.385994507810e-01 1.831959798995e-04 1.290210602075e-01 1.831959798995e-04 2.850296274258e-01 1.831959798995e-04 2.408500976938e-01 1.831959798995e-04 2.040989936872e-01
1.853768844221e-04 1.411068246630e-01 1.853768844221e-04 1.314408307094e-01 1.853768844221e-04 2.837213485196e-01 1.853768844221e-04 2.385213480061e-01 1.853768844221e-04 2.033985226534e-01
1.875577889447e-04 1.439560696170e-01 1.875577889447e-04 1.340259101796e-01 1.875577889447e-04 2.822869213927e-01 1.875577889447e-04 2.360767478763e-01 1.875577889447e-04 2.024168850010e-01
1.897386934673e-04 1.471712353344e-01 1.897386934673e-04 1.367842925884e-01 1.897386934673e-04 2.807263771291e-01 1.897386934673e-04 2.335131380151e-01 1.897386934673e-04 2.010661124357e-01
1.919195979899e-04 1.507707335177e-01 1.919195979899e-04 1.397247965842e-01 1.919195979899e-04 2.790420241495e-01 1.919195979899e-04 2.308271888651e-01 1.919195979899e-04 1.992530936190e-01
1.941005025126e-04 1.547650514949e-01 1.941005025126e-04 1.428572239569e-01 1.941005025126e-04 2.772382635091e-01 1.941005025126e-04 2.280154013626e-01 1.941005025126e-04 1.968985468070e-01
1.962814070352e-04 1.591545214377e-01 1.962814070352e-04 1.461924393819e-01 1.962814070352e-04 2.753211444158e-01 1.962814070352e-04 2.250741450691e-01 1.962814070352e-04 1.939663731392e-01
1.984623115578e-04 1.639274408458e-01 1.984623115578e-04 1.497423064598e-01 1.984623115578e-04 2.732976764166e-01 1.984623115578e-04 2.219997470742e-01 1.984623115578e-04 1.904952919520e-01
2.006432160804e-04 1.690588747928e-01 2.006432160804e-04 1.535194005199e-01 2.006432160804e-04 2.711749683173e-01 2.006432160804e-04 2.187886451721e-01 2.006432160804e-04 1.866140507774e-01
2.028241206030e-04 1.745104400421e-01 2.028241206030e-04 1.575364103110e-01 2.028241206030e-04 2.689593200919e-01 2.028241206030e-04 2.154376173554e-01 2.028241206030e-04 1.825195392480e-01
2.050050251256e-04 1.802312608514e-01 2.050050251256e-04 1.618051449953e-01 2.050050251256e-04 2.666554410521e-01 2.050050251256e-04 2.119440961381e-01 2.050050251256e-04 1.784146255076e-01
2.071859296482e-04 1.861601056211e-01 2.071859296482e-04 1.663350877934e-01 2.071859296482e-04 2.642659927686e-01 2.071859296482e-04 2.083065701410e-01 2.071859296482e-04 1.744312906944e-01
2.093668341709e-04 1.922285011183e-01 2.093668341709e-04 1.711314912144e-01 2.093668341709e-04 2.617916473436e-01 2.093668341709e-04 2.045250664765e-01 2.093668341709e-04 1.705780033575e-01
2.115477386935e-04 1.983644357404e-01 2.115477386935e-04 1.761930957601e-01 2.115477386935e-04 2.592318019824e-01 2.115477386935e-04 2.006016958789e-01 2.115477386935e-04 1.667361908952e-01
2.137286432161e-04 2.044961626831e-01 2.137286432161e-04 1.815096708189e-01 2.137286432161e-04 2.565859946421e-01 2.137286432161e-04 1.965412289286e-01 2.137286432161e-04 1.627083951367e-01
2.159095477387e-04 2.105556291014e-01 2.159095477387e-04 1.870597059196e-01 2.159095477387e-04 2.538559244516e-01 2.159095477387e-04 1.923516575692e-01 2.159095477387e-04 1.583093907466e-01
2.180904522613e-04 2.164811786922e-01 2.180904522613e-04 1.928086886964e-01 2.180904522613e-04 2.510478081885e-01 2.180904522613e-04 1.880446836505e-01 2.180904522613e-04 1.534803781829e-01
2.202713567839e-04 2.222193570273e-01 2.202713567839e-04 1.987084461808e-01 2.202713567839e-04 2.481746333475e-01 2.202713567839e-04 1.836360683328e-01 2.202713567839e-04 1.483757503439e-01
2.224522613065e-04 2.277258313727e-01 2.224522613065e-04 2.046979532538e-01 2.224522613065e-04 2.452577550127e-01 2.224522613065e-04 1.791457758830e-01 2.224522613065e-04 1.433478673241e-01
2.246331658291e-04 2.329655705060e-01 2.246331658291e-04 2.107058055671e-01 2.246331658291e-04 2.423272957466e-01 2.246331658291e-04 1.745978551695e-01 2.246331658291e-04 1.388069854984e-01
2.268140703518e-04 2.379124930331e-01 2.268140703518e-04 2.166542396471e-01 2.268140703518e-04 2.394209943588e-01 2.268140703518e-04 1.700200229927e-01 2.268140703518e-04 1.350471043632e-01
2.289949748744e-04 2.425487908121e-01 2.289949748744e-04 2.224642379842e-01 2.289949748744e-04 2.365814999154e-01 2.289949748744e-04 1.654429440133e-01 2.289949748744e-04 1.321617511189e-01
2.311758793970e-04 2.468640909237e-01 2.311758793970e-04 2.280609897974e-01 2.311758793970e-04 2.338525268201e-01 2.311758793970e-04 1.608992386077e-01 2.311758793970e-04 1.300769460436e-01
2.333567839196e-04 2.508545625221e-01 2.333567839196e-04 2.333788828721e-01 2.333567839196e-04 2.312746207429e-01 2.333567839196e-04 1.564222864783e-01 2.333567839196e-04 1.286358972636e-01
2.355376884422e-04 2.545220246205e-01 2.355376884422e-04 2.383653136933e-01 2.355376884422e-04 2.288813936407e-01 2.355376884422e-04 1.520449233493e-01 2.355376884422e-04 1.276701416588e-01
2.377185929648e-04 2.578730774723e-01 2.377185929648e-04 2.429828808770e-01 2.377185929648e-04 2.266969239636e-01 2.377185929648e-04 1.477981444831e-01 2.377185929648e-04 1.270361927454e-01
2.398994974874e-04 2.609182643781e-01 2.398994974874e-04 2.472098737288e-01 2.398994974874e-04 2.247346624843e-01 2.398994974874e-04 1.437099285177e-01 2.398994974874e-04 1.266256319930e-01
2.420804020101e-04 2.636712675919e-01 2.420804020101e-04 2.510392766797e-01 2.420804020101e-04 2.229977869777e-01 2.420804020101e-04 1.398042783173e-01 2.420804020101e-04 1.263620177463e-01
2.442613065327e-04 2.661481451233e-01 2.442613065327e-04 2.544767075630e-01 2.442613065327e-04 2.214806518639e-01 2.442613065327e-04 1.361005457856e-01 2.442613065327e-04 1.261936577217e-01
2.464422110553e-04 2.683666193396e-01 2.464422110553e-04 2.575377718365e-01 2.464422110553e-04 2.201708502308e-01 2.464422110553e-04 1.326130710630e-01 2.464422110553e-04 1.260864796592e-01
2.486231155779e-04 2.703454303257e-01 2.486231155779e-04 2.602452694001e-01 2.486231155779e-04 2.190514320150e-01 2.486231155779e-04 1.293511301109e-01 2.486231155779e-04 1.260183772369e-01
2.508040201005e-04 2.721037660195e-01 2.508040201005e-04 2.626265813413e-01 2.508040201005e-04 2.181029420799e-01 2.508040201005e-04 1.263191542842e-01 2.508040201005e-04 1.259751466417e-01
2.529849246231e-04 2.736607776992e-01 2.529849246231e-04 2.647114364155e-01 2.529849246231e-04 2.173050882238e-01 2.529849246231e-04 1.235171648596e-01 2.529849246231e-04 1.259477157788e-01
2.551658291457e-04 2.750351846008e-01 2.551658291457e-04 2.665301435435e-01 2.551658291457e-04 2.166379751930e-01 2.551658291457e-04 1.209413557723e-01 2.551658291457e-04 1.259303109551e-01
2.573467336683e-04 2.762449664436e-01 2.573467336683e-04 2.681122927739e-01 2.573467336683e-04 2.160829266235e-01 2.573467336683e-04 1.185847579862e-01 2.573467336683e-04 1.259192653284e-01
2.595276381910e-04 2.773071383285e-01 2.595276381910e-04 2.694858755286e-01 2.595276381910e-04 2.156229623911e-01 2.595276381910e-04 1.164379264946e-01 2.595276381910e-04 1.259122527646e-01
2.617085427136e-04 2.782375993218e-01 2.617085427136e-04 2.706767503610e-01 2.617085427136e-04 2.152430138409e-01 2.617085427136e-04 1.144896029356e-01 2.617085427136e-04 1.259077984241e-01
2.638894472362e-04 2.790510441718e-01 2.638894472362e-04 2.717083750052e-01 2.638894472362e-04 2.149299555304e-01 2.638894472362e-04 1.127273203998e-01 2.638894472362e-04 1.259049673465e-01
2.660703517588e-04 2.797609269249e-01 2.660703517588e-04 2.726017315114e-01 2.660703517588e-04 2.146725191989e-01 2.660703517588e-04 1.111379300599e-01 2.660703517588e-04 1.259031667524e-01
2.682512562814e-04 2.803794654427e-01 2.682512562814e-04 2.733753828066e-01 2.682512562814e-04 2.144611401600e-01 2.682512562814e-04 1.097080403943e-01 2.682512562814e-04 1.259020206987e-01
2.704321608040e-04 2.809176767118e-01 2.704321608040e-04 2.740456121098e-01 2.704321608040e-04 2.142877718032e-01 2.704321608040e-04 1.084243683750e-01 2.704321608040e-04 1.259012906600e-01
2.726130653266e-04 2.813854340967e-01 2.726130653266e-04 2.746266089695e-01 2.726130653266e-04 2.141456919388e-01 2.726130653266e-04 1.072740079784e-01 2.726130653266e-04 1.259008252197e-01
2.747939698492e-04 2.817915391055e-01 2.747939698492e-04 2.751306761999e-01 2.747939698492e-04 2.140293156555e-01 2.747939698492e-04 1.062446250257e-01 2.747939698492e-04 1.259005282009e-01
2.769748743719e-04 2.821438016650e-01 2.769748743719e-04 2.755684403525e-01 2.769748743719e-04 2.139340229008e-01 2.769748743719e-04 1.053245891338e-01 2.769748743719e-04 1.259003384737e-01
2.791557788945e-04 2.824491242192e-01 2.791557788945e-04 2.759490546778e-01 2.791557788945e-04 2.138560046401e-01 2.791557788945e-04 1.045030539510e-01 2.791557788945e-04 1.259002171555e-01
2.813366834171e-04 2.827135861342e-01 2.813366834171e-04 2.762803881107e-01 2.813366834171e-04 2.137921286704e-01 2.813366834171e-04 1.037699963215e-01 2.813366834171e-04 1.259001394957e-01
2.835175879397e-04 2.829425258744e-01 2.835175879397e-04 2.765691969910e-01 2.835175879397e-04 2.137398244987e-01 2.835175879397e-04 1.031162239533e-01 2.835175879397e-04 1.259000897259e-01
2.856984924623e-04 2.831406192182e-01 2.856984924623e-04 2.768212783633e-01 2.856984924623e-04 2.136969857920e-01 2.856984924623e-04 1.025333598288e-01 2.856984924623e-04 1.259000577917e-01
2.878793969849e-04 2.833119524154e-01 2.878793969849e-04 2.770416050473e-01 2.878793969849e-04 2.136618884864e-01 2.878793969849e-04 1.020138102035e-01 2.878793969849e-04 1.259000372756e-01
2.900603015075e-04 2.834600896765e-01 2.900603015075e-04 2.772344434831e-01 2.900603015075e-04 2.136331225335e-01 2.900603015075e-04 1.015507217074e-01 2.900603015075e-04 1.259000240778e-01
2.922412060302e-04 2.835881347430e-01 2.922412060302e-04 2.774034557835e-01 2.922412060302e-04 2.136095353252e-01 2.922412060302e-04 1.011379318687e-01 2.922412060302e-04 1.259000155762e-01
2.944221105528e-04 2.836987865533e-01 2.944221105528e-04 2.775517876163e-01 2.944221105528e-04 2.135901849991e-01 2.944221105528e-04 1.007699163452e-01 2.944221105528e-04 1.259000100920e-01
2.966030150754e-04 2.837943891926e-01 2.966030150754e-04 2.776821435636e-01 2.966030150754e-04 2.135743020233e-01 2.966030150754e-04 1.004417352988e-01 2.966030150754e-04 1.259000065491e-01
2.987839195980e-04 2.838769764383e-01 2.987839195980e-04 2.777968515434e-01 2.987839195980e-04 2.135612576740e-01 2.987839195980e-04 1.001489806485e-01 2.987839195980e-04 1.259000042568e-01
3.009648241206e-04 2.839483112778e-01 3.009648241206e-04 2.778979177560e-01 3.009648241206e-04 2.135505382175e-01 3.009648241206e-04 9.988772539338e-02 3.009648241206e-04 1.259000027715e-01
3.031457286432e-04 2.840099208139e-01 3.031457286432e-04 2.779870734795e-01 3.031457286432e-04 2.135417237955e-01 3.031457286432e-04 9.965447577497e-02 3.031457286432e-04 1.259000018074e-01
3.053266331658e-04 2.840631269832e-01 3.053266331658e-04 2.780658148838e-01 3.053266331658e-04 2.135344711750e-01 3.053266331658e-04 9.944612672570e-02 3.053266331658e-04 1.259000011807e-01
3.075075376884e-04 2.841090735043e-01 3.075075376884e-04 2.781354368891e-01 3.075075376884e-04 2.135284996672e-01 3.075075376884e-04 9.925992081924e-02 3.075075376884e-04 1.259000007726e-01
3.096884422111e-04 2.841487494574e-01 3.096884422111e-04 2.781970619575e-01 3.096884422111e-04 2.135235796378e-01 3.096884422111e-04 9.909341076679e-02 3.096884422111e-04 1.259000005064e-01
3.118693467337e-04 2.841830098697e-01 3.118693467337e-04 2.782516645805e-01 3.118693467337e-04 2.135195231358e-01 3.118693467337e-04 9.894442538711e-02 3.118693467337e-04 1.259000003325e-01
3.140502512563e-04 2.842125936518e-01 3.140502512563e-04 2.783000921183e-01 3.140502512563e-04 2.135161762518e-01 3.140502512563e-04 9.881103890009e-02 3.140502512563e-04 1.259000002187e-01
3.162311557789e-04 2.842381392027e-01 3.162311557789e-04 2.783430825449e-01 3.162311557789e-04 2.135134128857e-01 3.162311557789e-04 9.869154334467e-02 3.162311557789e-04 1.259000001441e-01
3.184120603015e-04 2.842601979659e-01 3.184120603015e-04 2.783812795748e-01 3.184120603015e-04 2.135111296643e-01 3.184120603015e-04 9.858442389505e-02 3.184120603015e-04 1.259000000951e-01
3.205929648241e-04 2.842792461928e-01 3.205929648241e-04 2.784152455701e-01 3.205929648241e-04 2.135092417957e-01 3.205929648241e-04 9.848833683787e-02 3.205929648241e-04 1.259000000629e-01
3.227738693467e-04 2.842956951406e-01 3.227738693467e-04 2.784454725671e-01 3.227738693467e-04 2.135076796867e-01 3.227738693467e-04 9.840208997200e-02 3.227738693467e-04 1.259000000416e-01
3.249547738693e-04 2.843098999053e-01 3.249547738693e-04 2.784723917106e-01 3.249547738693e-04 2.135063861832e-01 3.249547738693e-04 9.832462519972e-02 3.249547738693e-04 1.259000000276e-01
3.271356783920e-04 2.843221670673e-01 3.271356783920e-04 2.784963813344e-01 3.271356783920e-04 2.135053143159e-01 3.271356783920e-04 9.825500308943e-02 3.271356783920e-04 1.259000000183e-01
3.293165829146e-04 2.843327613048e-01 3.293165829146e-04 2.785177738962e-01 3.293165829146e-04 2.135044254600e-01 3.293165829146e-04 9.819238920432e-02 3.293165829146e-04 1.259000000122e-01
3.314974874372e-04 2.843419111130e-01 3.314974874372e-04 2.785368619353e-01 3.314974874372e-04 2.135036878313e-01 3.314974874372e-04 9.813604200748e-02 3.314974874372e-04 1.259000000081e-01
3.336783919598e-04 2.843498137461e-01 3.336783919598e-04 2.785539032011e-01 3.336783919598e-04 2.135030752564e-01 3.336783919598e-04 9.808530216986e-02 3.336783919598e-04 1.259000000054e-01
3.358592964824e-04 2.843566394875e-01 3.358592964824e-04 2.785691250749e-01 3.358592964824e-04 2.135025661677e-01 3.358592964824e-04 9.803958312396e-02 3.358592964824e-04 1.259000000036e-01
3.380402010050e-04 2.843625353382e-01 3.380402010050e-04 2.785827283877e-01 3.380402010050e-04 2.135021427796e-01 3.380402010050e-04 9.799836272138e-02 3.380402010050e-04 1.259000000024e-01
3.402211055276e-04 2.843676282019e-01 3.402211055276e-04 2.785948907227e-01 3.402211055276e-04 2.135017904155e-01 3.402211055276e-04 9.796117586721e-02 3.402211055276e-04 1.259000000016e-01
3.424020100503e-04 2.843720276349e-01 3.424020100503e-04 2.786057692776e-01 3.424020100503e-04 2.135014969551e-01 3.424020100503e-04 9.792760801746e-02 3.424020100503e-04 1.259000000011e-01
3.445829145729e-04 2.843758282204e-01 3.445829145729e-04 2.786155033481e-01 3.445829145729e-04 2.135012523821e-01 3.445829145729e-04 9.789728943861e-02 3.445829145729e-04 1.259000000007e-01
3.467638190955e-04 2.843791116172e-01 3.467638190955e-04 2.786242164872e-01 3.467638190955e-04 2.135010484128e-01 3.467638190955e-04 9.786989013935e-02 3.467638190955e-04 1.259000000005e-01
3.489447236181e-04 2.843819483286e-01 3.489447236181e-04 2.786320183860e-01 3.489447236181e-04 2.135008781915e-01 3.489447236181e-04 9.784511539509e-02 3.489447236181e-04 1.259000000003e-01
3.511256281407e-04 2.843843992291e-01 3.511256281407e-04 2.786390065134e-01 3.511256281407e-04 2.135007360401e-01 3.511256281407e-04 9.782270179471e-02 3.511256281407e-04 1.259000000002e-01
3.533065326633e-04 2.843865168815e-01 3.533065326633e-04 2.786452675493e-01 3.533065326633e-04 2.135006172524e-01 3.533065326633e-04 9.780241374767e-02 3.533065326633e-04 1.259000000002e-01
3.554874371859e-04 2.843883466739e-01 3.554874371859e-04 2.786508786384e-01 3.554874371859e-04 2.135005179249e-01 3.554874371859e-04 9.778404039655e-02 3.554874371859e-04 1.259000000001e-01
3.576683417085e-04 2.843899278011e-01 3.576683417085e-04 2.786559084888e-01 3.576683417085e-04 2.135004348175e-01 3.576683417085e-04 9.776739288674e-02 3.576683417085e-04 1.259000000001e-01
3.598492462312e-04 2.843912941109e-01 3.598492462312e-04 2.786604183359e-01 3.598492462312e-04 2.135003652387e-01 3.598492462312e-04 9.775230195093e-02 3.598492462312e-04 1.259000000000e-01
3.620301507538e-04 2.843924748357e-01 3.620301507538e-04 2.786644627902e-01 3.620301507538e-04 2.135003069513e-01 3.620301507538e-04 9.773861577080e-02 3.620301507538e-04 1.259000000000e-01
3.642110552764e-04 2.843934952225e-01 3.642110552764e-04 2.786680905826e-01 3.642110552764e-04 2.135002580943e-01 3.642110552764e-04 9.772619808317e-02 3.642110552764e-04 1.259000000000e-01
3.663919597990e-04 2.843943770774e-01 3.663919597990e-04 2.786713452218e-01 3.663919597990e-04 2.135002171186e-01 3.663919597990e-04 9.771492650164e-02 3.663919597990e-04 1.259000000000e-01
3.685728643216e-04 2.843951392358e-01 3.685728643216e-04 2.786742655736e-01 3.685728643216e-04 2.135001827337e-01 3.685728643216e-04 9.770469102821e-02 3.685728643216e-04 1.259000000000e-01
3.707537688442e-04 2.843957979677e-01 3.707537688442e-04 2.786768863734e-01 3.707537688442e-04 2.135001538639e-01 3.707537688442e-04 9.769539273258e-02 3.707537688442e-04 1.259000000000e-01
3.729346733668e-04 2.843963673279e-01 3.729346733668e-04 2.786792386790e-01 3.729346733668e-04 2.135001296117e-01 3.729346733668e-04 9.768694257945e-02 3.729346733668e-04 1.259000000000e-01
3.751155778894e-04 2.843968594579e-01 3.751155778894e-04 2.786813502711e-01 3.751155778894e-04 2.135001092283e-01 3.751155778894e-04 9.767926038657e-02 3.751155778894e-04 1.259000000000e-01
3.772964824121e-04 2.843972848474e-01 3.772964824121e-04 2.786832460093e-01 3.772964824121e-04 2.135000920879e-01 3.772964824121e-04 9.767227389815e-02 3.772964824121e-04 1.259000000000e-01
3.794773869347e-04 2.843976525589e-01 3.794773869347e-04 2.786849481467e-01 3.794773869347e-04 2.135000776677e-01 3.794773869347e-04 9.766591796048e-02 3.794773869347e-04 1.259000000000e-01
3.816582914573e-04 2.843979704225e-01 3.816582914573e-04 2.786864766100e-01 3.816582914573e-04 2.135000655303e-01 3.816582914573e-04 9.766013378782e-02 3.816582914573e-04 1.259000000000e-01
3.838391959799e-04 2.843982452038e-01 3.838391959799e-04 2.786878492483e-01 3.838391959799e-04 2.135000553098e-01 3.838391959799e-04 9.765486830824e-02 3.838391959799e-04 1.259000000000e-01
3.860201005025e-04 2.843984827488e-01 3.860201005025e-04 2.786890820542e-01 3.860201005025e-04 2.135000466997e-01 3.860201005025e-04 9.765007358028e-02 3.860201005025e-04 1.259000000000e-01
3.882010050251e-04 2.843986881091e-01 3.882010050251e-04 2.786901893604e-01 3.882010050251e-04 2.135000394432e-01 3.882010050251e-04 9.764570627234e-02 3.882010050251e-04 1.259000000000e-01
3.903819095477e-04 2.843988656500e-01 3.903819095477e-04 2.786911840156e-01 3.903819095477e-04 2.135000333250e-01 3.903819095477e-04 9.764172719778e-02 3.903819095477e-04 1.259000000000e-01
3.925628140704e-04 2.843990191442e-01 3.925628140704e-04 2.786920775403e-01 3.925628140704e-04 2.135000281645e-01 3.925628140704e-04 9.763810089934e-02 3.925628140704e-04 1.259000000000e-01
3.947437185930e-04 2.843991518518e-01 3.947437185930e-04 2.786928802667e-01 3.947437185930e-04 2.135000238103e-01 3.947437185930e-04 9.763479527757e-02 3.947437185930e-04 1.259000000000e-01
3.969246231156e-04 2.843992665905e-01 3.969246231156e-04 2.786936014626e-01 3.969246231156e-04 2.135000201349e-01 3.969246231156e-04 9.763178125811e-02 3.969246231156e-04 1.259000000000e-01
3.991055276382e-04 2.843993657958e-01 3.991055276382e-04 2.786942494428e-01 3.991055276382e-04 2.135000170315e-01 3.991055276382e-04 9.762903249378e-02 3.991055276382e-04 1.259000000000e-01
4.012864321608e-04 2.843994515723e-01 4.012864321608e-04 2.786948316681e-01 4.012864321608e-04 2.135000144103e-01 4.012864321608e-04 9.762652509744e-02 4.012864321608e-04 1.259000000000e-01
4.034673366834e-04 2.843995257396e-01 4.034673366834e-04 2.786953548345e-01 4.034673366834e-04 2.135000121955e-01 4.034673366834e-04 9.762423740246e-02 4.034673366834e-04 1.259000000000e-01
4.056482412060e-04 2.843995898700e-01 4.056482412060e-04 2.786958249518e-01 4.056482412060e-04 2.135000103235e-01 4.056482412060e-04 9.762214974762e-02 4.056482412060e-04 1.259000000000e-01
4.078291457286e-04 2.843996453231e-01 4.078291457286e-04 2.786962474151e-01 4.078291457286e-04 2.135000087409e-01 4.078291457286e-04 9.762024428396e-02 4.078291457286e-04 1.259000000000e-01
4.100100502513e-04 2.843996932738e-01 4.100100502513e-04 2.786966270680e-01 4.100100502513e-04 2.135000074026e-01 4.100100502513e-04 9.761850480106e-02 4.100100502513e-04 1.259000000000e-01
4.121909547739e-04 2.843997347380e-01 4.121909547739e-04 2.786969682595e-01 4.121909547739e-04 2.135000062704e-01 4.121909547739e-04 9.761691657087e-02 4.121909547739e-04 1.259000000000e-01
4.143718592965e-04 2.843997705936e-01 4.143718592965e-04 2.786972748950e-01 4.143718592965e-04 2.135000053125e-01 4.143718592965e-04 9.761546620708e-02 4.143718592965e-04 1.259000000000e-01
4.165527638191e-04 2.843998016000e-01 4.165527638191e-04 2.786975504816e-01 4.165527638191e-04 2.135000045018e-01 4.165527638191e-04 9.761414153848e-02 4.165527638191e-04 1.259000000000e-01
4.187336683417e-04 2.843998284133e-01 4.187336683417e-04 2.786977981695e-01 4.187336683417e-04 2.135000038155e-01 4.187336683417e-04 9.761293149477e-02 4.187336683417e-04 1.259000000000e-01
4.209145728643e-04 2.843998516010e-01 4.209145728643e-04 2.786980207880e-01 4.209145728643e-04 2.135000032344e-01 4.209145728643e-04 9.761182600366e-02 4.209145728643e-04 1.259000000000e-01
4.230954773869e-04 2.843998716537e-01 4.230954773869e-04 2.786982208785e-01 4.230954773869e-04 2.135000027422e-01 4.230954773869e-04 9.761081589792e-02 4.230954773869e-04 1.259000000000e-01
4.252763819095e-04 2.843998889954e-01 4.252763819095e-04 2.786984007243e-01 4.252763819095e-04 2.135000023253e-01 4.252763819095e-04 9.760989283151e-02 4.252763819095e-04 1.259000000000e-01
4.274572864322e-04 2.843999039929e-01 4.274572864322e-04 2.786985623766e-01 4.274572864322e-04 2.135000019721e-01 4.274572864322e-04 9.760904920379e-02 4.274572864322e-04 1.259000000000e-01
4.296381909548e-04 2.843999169632e-01 4.296381909548e-04 2.786987076781e-01 4.296381909548e-04 2.135000016727e-01 4.296381909548e-04 9.760827809099e-02 4.296381909548e-04 1.259000000000e-01
4.318190954774e-04 2.843999281805e-01 4.318190954774e-04 2.786988382847e-01 4.318190954774e-04 2.135000014190e-01 4.318190954774e-04 9.760757318423e-02 4.318190954774e-04 1.259000000000e-01
4.340000000000e-04 2.843999378819e-01 4.340000000000e-04 2.786989556841e-01 4.340000000000e-04 2.135000012040e-01 4.340000000000e-04 9.760692873345e-02 4.340000000000e-04 1.259000000000e-01
