0.000000000000e+00 3.202000000000e-01 0.000000000000e+00 3.084904353309e-01 0.000000000000e+00 1.835158522224e-01 0.000000000000e+00 1.883500000000e-01
2.045226130653e-06 3.202000000000e-01 2.045226130653e-06 3.084895939732e-01 2.045226130653e-06 1.835171810716e-01 2.045226130653e-06 1.883500000000e-01
4.090452261307e-06 3.202000000000e-01 4.090452261307e-06 3.084886786185e-01 4.090452261307e-06 1.835186212817e-01 4.090452261307e-06 1.883500000000e-01
6.135678391960e-06 3.202000000000e-01 6.135678391960e-06 3.084876827612e-01 6.135678391960e-06 1.835201821795e-01 6.135678391960e-06 1.883500000000e-01
8.180904522613e-06 3.202000000000e-01 8.180904522613e-06 3.084865993241e-01 8.180904522613e-06 1.835218738716e-01 8.180904522613e-06 1.883500000000e-01
1.022613065327e-05 3.202000000000e-01 1.022613065327e-05 3.084854206086e-01 1.022613065327e-05 1.835237073100e-01 1.022613065327e-05 1.883500000000e-01
1.227135678392e-05 3.202000000000e-01 1.227135678392e-05 3.084841382397e-01 1.227135678392e-05 1.835256943623e-01 1.227135678392e-05 1.883500000000e-01
1.431658291457e-05 3.202000000000e-01 1.431658291457e-05 3.084827431072e-01 1.431658291457e-05 1.835278478879e-01 1.431658291457e-05 1.883500000000e-01
1.636180904523e-05 3.202000000000e-01 1.636180904523e-05 3.084812253010e-01 1.636180904523e-05 1.835301818210e-01 1.636180904523e-05 1.883500000000e-01
1.840703517588e-05 3.202000000000e-01 1.840703517588e-05 3.084795740409e-01 1.840703517588e-05 1.835327112600e-01 1.840703517588e-05 1.883500000000e-01
2.045226130653e-05 3.202000000000e-01 2.045226130653e-05 3.084777776009e-01 2.045226130653e-05 1.835354525639e-01 2.045226130653e-05 1.883500000000e-01
2.249748743719e-05 3.202000000000e-01 2.249748743719e-05 3.084758232259e-01 2.249748743719e-05 1.835384234577e-01 2.249748743719e-05 1.883500000000e-01
2.454271356784e-05 3.202000000000e-01 2.454271356784e-05 3.084736970420e-01 2.454271356784e-05 1.835416431458e-01 2.454271356784e-05 1.883500000000e-01
2.658793969849e-05 3.202000000000e-01 2.658793969849e-05 3.084713839585e-01 2.658793969849e-05 1.835451324343e-01 2.658793969849e-05 1.883500000000e-01
2.863316582915e-05 3.202000000000e-01 2.863316582915e-05 3.084688675616e-01 2.863316582915e-05 1.835489138647e-01 2.863316582915e-05 1.883500000000e-01
3.067839195980e-05 3.202000000000e-01 3.067839195980e-05 3.084661299989e-01 3.067839195980e-05 1.835530118571e-01 3.067839195980e-05 1.883500000000e-01
3.272361809045e-05 3.202000000000e-01 3.272361809045e-05 3.084631518537e-01 3.272361809045e-05 1.835574528659e-01 3.272361809045e-05 1.883500000000e-01
3.476884422111e-05 3.202000000000e-01 3.476884422111e-05 3.084599120087e-01 3.476884422111e-05 1.835622655485e-01 3.476884422111e-05 1.883500000000e-01
3.681407035176e-05 3.202000000000e-01 3.681407035176e-05 3.084563874977e-01 3.681407035176e-05 1.835674809466e-01 3.681407035176e-05 1.883500000000e-01
3.885929648241e-05 3.202000000000e-01 3.885929648241e-05 3.084525533444e-01 3.885929648241e-05 1.835731326834e-01 3.885929648241e-05 1.883500000000e-01
4.090452261307e-05 3.202000000000e-01 4.090452261307e-05 3.084483823880e-01 4.090452261307e-05 1.835792571763e-01 4.090452261307e-05 1.883500000000e-01
4.294974874372e-05 3.202000000000e-01 4.294974874372e-05 3.084438450927e-01 4.294974874372e-05 1.835858938666e-01 4.294974874372e-05 1.883500000000e-01
4.499497487437e-05 3.202000000000e-01 4.499497487437e-05 3.084389093419e-01 4.499497487437e-05 1.835930854683e-01 4.499497487437e-05 1.883500000000e-01
4.704020100503e-05 3.202000000000e-01 4.704020100503e-05 3.084335402143e-01 4.704020100503e-05 1.836008782360e-01 4.704020100503e-05 1.883500000000e-01
4.908542713568e-05 3.202000000000e-01 4.908542713568e-05 3.084276997408e-01 4.908542713568e-05 1.836093222549e-01 4.908542713568e-05 1.883500000000e-01
5.113065326633e-05 3.202000000000e-01 5.113065326633e-05 3.084213466410e-01 5.113065326633e-05 1.836184717539e-01 5.113065326633e-05 1.883500000000e-01
5.317587939698e-05 3.202000000000e-01 5.317587939698e-05 3.084144360371e-01 5.317587939698e-05 1.836283854429e-01 5.317587939698e-05 1.883500000000e-01
5.522110552764e-05 3.202000000000e-01 5.522110552764e-05 3.084069191440e-01 5.522110552764e-05 1.836391268775e-01 5.522110552764e-05 1.883500000000e-01
5.726633165829e-05 3.202000000000e-01 5.726633165829e-05 3.083987429327e-01 5.726633165829e-05 1.836507648516e-01 5.726633165829e-05 1.883500000000e-01
5.931155778894e-05 3.202000000000e-01 5.931155778894e-05 3.083898497657e-01 5.931155778894e-05 1.836633738210e-01 5.931155778894e-05 1.883500000000e-01
6.135678391960e-05 3.202000000000e-01 6.135678391960e-05 3.083801770022e-01 6.135678391960e-05 1.836770343598e-01 6.135678391960e-05 1.883500000000e-01
6.340201005025e-05 3.202000000000e-01 6.340201005025e-05 3.083696565704e-01 6.340201005025e-05 1.836918336515e-01 6.340201005025e-05 1.883500000000e-01
6.544723618090e-05 3.202000000000e-01 6.544723618090e-05 3.083582145036e-01 6.544723618090e-05 1.837078660183e-01 6.544723618090e-05 1.883500000000e-01
6.749246231156e-05 3.202000000000e-01 6.749246231156e-05 3.083457704397e-01 6.749246231156e-05 1.837252334895e-01 6.749246231156e-05 1.883500000000e-01
6.953768844221e-05 3.202000000000e-01 6.953768844221e-05 3.083322370779e-01 6.953768844221e-05 1.837440464134e-01 6.953768844221e-05 1.883500000000e-01
7.158291457286e-05 3.202000000000e-01 7.158291457286e-05 3.083175195932e-01 7.158291457286e-05 1.837644241134e-01 7.158291457286e-05 1.883500000000e-01
7.362814070352e-05 3.202000000000e-01 7.362814070352e-05 3.083015150022e-01 7.362814070352e-05 1.837864955936e-01 7.362814070352e-05 1.883500000000e-01
7.567336683417e-05 3.202000000000e-01 7.567336683417e-05 3.082841114791e-01 7.567336683417e-05 1.838104002939e-01 7.567336683417e-05 1.883500000000e-01
7.771859296482e-05 3.202000000000e-01 7.771859296482e-05 3.082651876175e-01 7.771859296482e-05 1.838362888998e-01 7.771859296482e-05 1.883500000000e-01
7.976381909548e-05 3.202000000000e-01 7.976381909548e-05 3.082446116340e-01 7.976381909548e-05 1.838643242089e-01 7.976381909548e-05 1.883500000000e-01
8.180904522613e-05 3.202000000000e-01 8.180904522613e-05 3.082222405104e-01 8.180904522613e-05 1.838946820564e-01 8.180904522613e-05 1.883500000000e-01
8.385427135678e-05 3.202000000000e-01 8.385427135678e-05 3.081979190708e-01 8.385427135678e-05 1.839275523037e-01 8.385427135678e-05 1.883500000000e-01
8.589949748744e-05 3.202000000000e-01 8.589949748744e-05 3.081714789883e-01 8.589949748744e-05 1.839631398918e-01 8.589949748744e-05 1.883500000000e-01
8.794472361809e-05 3.202000000000e-01 8.794472361809e-05 3.081427377189e-01 8.794472361809e-05 1.840016659625e-01 8.794472361809e-05 1.883500000000e-01
8.998994974874e-05 3.202000000000e-01 8.998994974874e-05 3.081114973571e-01 8.998994974874e-05 1.840433690492e-01 8.998994974874e-05 1.883500000000e-01
9.203517587940e-05 3.202000000000e-01 9.203517587940e-05 3.080775434108e-01 9.203517587940e-05 1.840885063400e-01 9.203517587940e-05 1.883500000000e-01
9.408040201005e-05 3.202000000000e-01 9.408040201005e-05 3.080406434896e-01 9.408040201005e-05 1.841373550134e-01 9.408040201005e-05 1.883500000000e-01
9.612562814070e-05 3.202000000000e-01 9.612562814070e-05 3.080005459051e-01 9.612562814070e-05 1.841902136491e-01 9.612562814070e-05 1.883500000000e-01
9.817085427136e-05 3.202000000000e-01 9.817085427136e-05 3.079569781785e-01 9.817085427136e-05 1.842474037116e-01 9.817085427136e-05 1.883500000000e-01
1.002160804020e-04 3.202000000000e-01 1.002160804020e-04 3.079096454527e-01 1.002160804020e-04 1.843092711084e-01 1.002160804020e-04 1.883500000000e-01
1.022613065327e-04 3.202000000000e-01 1.022613065327e-04 3.078582288077e-01 1.022613065327e-04 1.843761878188e-01 1.022613065327e-04 1.883500000000e-01
1.043065326633e-04 3.202000000000e-01 1.043065326633e-04 3.078023834778e-01 1.043065326633e-04 1.844485535909e-01 1.043065326633e-04 1.883500000000e-01
1.063517587940e-04 3.202000000000e-01 1.063517587940e-04 3.077417369686e-01 1.063517587940e-04 1.845267977020e-01 1.063517587940e-04 1.883500000000e-01
1.083969849246e-04 3.202000000000e-01 1.083969849246e-04 3.076758870782e-01 1.083969849246e-04 1.846113807743e-01 1.083969849246e-04 1.883500000000e-01
1.104422110553e-04 3.202000000000e-01 1.104422110553e-04 3.076043998222e-01 1.104422110553e-04 1.847027966378e-01 1.104422110553e-04 1.883500000000e-01
1.124874371859e-04 3.202000000000e-01 1.124874371859e-04 3.075268072690e-01 1.124874371859e-04 1.848015742286e-01 1.124874371859e-04 1.883500000000e-01
1.145326633166e-04 3.202000000000e-01 1.145326633166e-04 3.074426052923e-01 1.145326633166e-04 1.849082795058e-01 1.145326633166e-04 1.883500000000e-01
1.165778894472e-04 3.202000000000e-01 1.165778894472e-04 3.073512512506e-01 1.165778894472e-04 1.850235173709e-01 1.165778894472e-04 1.883500000000e-01
1.186231155779e-04 3.202000000000e-01 1.186231155779e-04 3.072521616078e-01 1.186231155779e-04 1.851479335650e-01 1.186231155779e-04 1.883500000000e-01
1.206683417085e-04 3.202000000000e-01 1.206683417085e-04 3.071447095125e-01 1.206683417085e-04 1.852822165179e-01 1.206683417085e-04 1.883500000000e-01
1.227135678392e-04 3.202000000000e-01 1.227135678392e-04 3.070282223575e-01 1.227135678392e-04 1.854270991165e-01 1.227135678392e-04 1.883500000000e-01
1.247587939698e-04 3.202000000000e-01 1.247587939698e-04 3.069019793495e-01 1.247587939698e-04 1.855833603560e-01 1.247587939698e-04 1.883500000000e-01
1.268040201005e-04 3.202000000000e-01 1.268040201005e-04 3.067652091209e-01 1.268040201005e-04 1.857518268296e-01 1.268040201005e-04 1.883500000000e-01
1.288492462312e-04 3.202000000000e-01 1.288492462312e-04 3.066170874269e-01 1.288492462312e-04 1.859333740106e-01 1.288492462312e-04 1.883500000000e-01
1.308944723618e-04 3.202000000000e-01 1.308944723618e-04 3.064567349750e-01 1.308944723618e-04 1.861289272735e-01 1.308944723618e-04 1.883500000000e-01
1.329396984925e-04 3.202000000000e-01 1.329396984925e-04 3.062832154472e-01 1.329396984925e-04 1.863394625977e-01 1.329396984925e-04 1.883500000000e-01
1.349849246231e-04 3.202000000000e-01 1.349849246231e-04 3.060955337781e-01 1.349849246231e-04 1.865660069000e-01 1.349849246231e-04 1.883500000000e-01
1.370301507538e-04 3.202000000000e-01 1.370301507538e-04 3.058926347663e-01 1.370301507538e-04 1.868096379457e-01 1.370301507538e-04 1.883500000000e-01
1.390753768844e-04 3.202000000000e-01 1.390753768844e-04 3.056734020996e-01 1.390753768844e-04 1.870714838047e-01 1.390753768844e-04 1.883500000000e-01
1.411206030151e-04 3.202000000000e-01 1.411206030151e-04 3.054366578799e-01 1.411206030151e-04 1.873527218504e-01 1.411206030151e-04 1.883500000000e-01
1.431658291457e-04 3.202000000000e-01 1.431658291457e-04 3.051811627299e-01 1.431658291457e-04 1.876545773611e-01 1.431658291457e-04 1.883500000000e-01
1.452110552764e-04 3.202000000000e-01 1.452110552764e-04 3.049056165450e-01 1.452110552764e-04 1.879783218861e-01 1.452110552764e-04 1.883500000000e-01
1.472562814070e-04 3.202000000000e-01 1.472562814070e-04 3.046086599096e-01 1.472562814070e-04 1.883252717209e-01 1.472562814070e-04 1.883500000000e-01
1.493015075377e-04 3.202000000000e-01 1.493015075377e-04 3.042888761001e-01 1.493015075377e-04 1.886967871413e-01 1.493015075377e-04 1.883500000000e-01
1.513467336683e-04 3.202000000000e-01 1.513467336683e-04 3.039447934084e-01 1.513467336683e-04 1.890942735521e-01 1.513467336683e-04 1.883500000000e-01
1.533919597990e-04 3.202000000000e-01 1.533919597990e-04 3.035748871590e-01 1.533919597990e-04 1.895191865537e-01 1.533919597990e-04 1.883500000000e-01
1.554371859296e-04 3.202000000000e-01 1.554371859296e-04 3.031775801087e-01 1.554371859296e-04 1.899730443254e-01 1.554371859296e-04 1.883500000000e-01
1.574824120603e-04 3.202000000000e-01 1.574824120603e-04 3.027512386565e-01 1.574824120603e-04 1.904574530310e-01 1.574824120603e-04 1.883500000000e-01
1.595276381910e-04 3.202000000000e-01 1.595276381910e-04 3.022941599351e-01 1.595276381910e-04 1.909741547565e-01 1.595276381910e-04 1.883500000000e-01
1.615728643216e-04 3.202000000000e-01 1.615728643216e-04 3.018045405155e-01 1.615728643216e-04 1.915251137480e-01 1.615728643216e-04 1.883500000000e-01
1.636180904523e-04 3.202000000000e-01 1.636180904523e-04 3.012804094204e-01 1.636180904523e-04 1.921126670030e-01 1.636180904523e-04 1.883500000000e-01
1.656633165829e-04 3.202000000000e-01 1.656633165829e-04 3.007194933287e-01 1.656633165829e-04 1.927397821067e-01 1.656633165829e-04 1.883500000000e-01
1.677085427136e-04 3.202000000000e-01 1.677085427136e-04 3.001189545472e-01 1.677085427136e-04 1.934104926407e-01 1.677085427136e-04 1.883500000000e-01
1.697537688442e-04 3.202000000000e-01 1.697537688442e-04 2.994748921514e-01 1.697537688442e-04 1.941306257825e-01 1.697537688442e-04 1.883500000000e-01
1.717989949749e-04 3.202000000000e-01 1.717989949749e-04 2.987814049407e-01 1.717989949749e-04 1.949090071352e-01 1.717989949749e-04 1.883500000000e-01
1.738442211055e-04 3.202000000000e-01 1.738442211055e-04 2.980288486431e-01 1.738442211055e-04 1.957594367361e-01 1.738442211055e-04 1.883500000000e-01
1.758894472362e-04 3.202000000000e-01 1.758894472362e-04 2.972006241683e-01 1.758894472362e-04 1.967038903030e-01 1.758894472362e-04 1.883500000000e-01
1.779346733668e-04 3.202000000000e-01 1.779346733668e-04 2.962673265085e-01 1.779346733668e-04 1.977776118162e-01 1.779346733668e-04 1.883500000000e-01
1.799798994975e-04 3.202000000000e-01 1.799798994975e-04 2.951762777749e-01 1.799798994975e-04 1.990369779344e-01 1.799798994975e-04 1.883500000000e-01
1.820251256281e-04 3.202000000000e-01 1.820251256281e-04 2.938334076454e-01 1.820251256281e-04 2.005710292930e-01 1.820251256281e-04 1.883500000000e-01
1.840703517588e-04 3.202000000000e-01 1.840703517588e-04 2.920738330128e-01 1.840703517588e-04 2.025167916457e-01 1.840703517588e-04 1.883500000000e-01
1.861155778894e-04 3.202000000000e-01 1.861155778894e-04 2.896202573915e-01 1.861155778894e-04 2.050755811699e-01 1.861155778894e-04 1.883500000000e-01
1.881608040201e-04 3.202000000000e-01 1.881608040201e-04 2.860429324100e-01 1.881608040201e-04 2.085200276668e-01 1.881608040201e-04 1.883500000000e-01
1.902060301508e-04 3.202000000000e-01 1.902060301508e-04 2.807766266727e-01 1.902060301508e-04 2.131679533984e-01 1.902060301508e-04 1.883500000000e-01
1.922512562814e-04 3.202000000000e-01 1.922512562814e-04 2.733147095352e-01 1.922512562814e-04 2.192869024759e-01 1.922512562814e-04 1.883500000000e-01
1.942964824121e-04 3.202000000000e-01 1.942964824121e-04 2.636679094207e-01 1.942964824121e-04 2.269131160723e-01 1.942964824121e-04 1.883500000000e-01
1.963417085427e-04 3.202000000000e-01 1.963417085427e-04 2.528071313435e-01 1.963417085427e-04 2.356626623818e-01 1.963417085427e-04 1.883500000000e-01
1.983869346734e-04 3.202000000000e-01 1.983869346734e-04 2.424011294136e-01 1.983869346734e-04 2.447274541442e-01 1.983869346734e-04 1.883500000000e-01
2.004321608040e-04 3.202000000000e-01 2.004321608040e-04 2.338154349674e-01 2.004321608040e-04 2.531717263737e-01 2.004321608040e-04 1.883500000000e-01
2.024773869347e-04 3.202000000000e-01 2.024773869347e-04 2.274499373350e-01 2.024773869347e-04 2.603339917390e-01 2.024773869347e-04 1.883500000000e-01
2.045226130653e-04 3.202000000000e-01 2.045226130653e-04 2.229561261934e-01 2.045226130653e-04 2.660096936039e-01 2.045226130653e-04 1.883500000000e-01
2.065678391960e-04 3.202000000000e-01 2.065678391960e-04 2.197576838314e-01 2.065678391960e-04 2.703495999392e-01 2.065678391960e-04 1.883500000000e-01
2.086130653266e-04 3.202000000000e-01 2.086130653266e-04 2.173605432576e-01 2.086130653266e-04 2.736559182039e-01 2.086130653266e-04 1.883500000000e-01
2.106582914573e-04 3.202000000000e-01 2.106582914573e-04 2.154289216935e-01 2.106582914573e-04 2.762327175788e-01 2.106582914573e-04 1.883500000000e-01
2.127035175879e-04 3.202000000000e-01 2.127035175879e-04 2.137593946064e-01 2.127035175879e-04 2.783220866710e-01 2.127035175879e-04 1.883500000000e-01
2.147487437186e-04 3.202000000000e-01 2.147487437186e-04 2.122365490258e-01 2.147487437186e-04 2.800949780054e-01 2.147487437186e-04 1.883500000000e-01
2.167939698492e-04 3.202000000000e-01 2.167939698492e-04 2.107978492781e-01 2.167939698492e-04 2.816639144329e-01 2.167939698492e-04 1.883500000000e-01
2.188391959799e-04 3.202000000000e-01 2.188391959799e-04 2.094109354607e-01 2.188391959799e-04 2.830996576869e-01 2.188391959799e-04 1.883500000000e-01
2.208844221106e-04 3.202000000000e-01 2.208844221106e-04 2.080601726562e-01 2.208844221106e-04 2.844452131650e-01 2.208844221106e-04 1.883500000000e-01
2.229296482412e-04 3.202000000000e-01 2.229296482412e-04 2.067390037770e-01 2.229296482412e-04 2.857259036390e-01 2.229296482412e-04 1.883500000000e-01
2.249748743719e-04 3.202000000000e-01 2.249748743719e-04 2.054456873556e-01 2.249748743719e-04 2.869560948774e-01 2.249748743719e-04 1.883500000000e-01
2.270201005025e-04 3.202000000000e-01 2.270201005025e-04 2.041809422301e-01 2.270201005025e-04 2.881435098432e-01 2.270201005025e-04 1.883500000000e-01
2.290653266332e-04 3.202000000000e-01 2.290653266332e-04 2.029466490455e-01 2.290653266332e-04 2.892919339426e-01 2.290653266332e-04 1.883500000000e-01
2.311105527638e-04 3.202000000000e-01 2.311105527638e-04 2.017451339376e-01 2.311105527638e-04 2.904028884294e-01 2.311105527638e-04 1.883500000000e-01
2.331557788945e-04 3.202000000000e-01 2.331557788945e-04 2.005787733211e-01 2.331557788945e-04 2.914766560091e-01 2.331557788945e-04 1.883500000000e-01
2.352010050251e-04 3.202000000000e-01 2.352010050251e-04 1.994497771644e-01 2.352010050251e-04 2.925129042284e-01 2.352010050251e-04 1.883500000000e-01
2.372462311558e-04 3.202000000000e-01 2.372462311558e-04 1.983600729636e-01 2.372462311558e-04 2.935110603574e-01 2.372462311558e-04 1.883500000000e-01
2.392914572864e-04 3.202000000000e-01 2.392914572864e-04 1.973112478380e-01 2.392914572864e-04 2.944705328836e-01 2.392914572864e-04 1.883500000000e-01
2.413366834171e-04 3.202000000000e-01 2.413366834171e-04 1.963045251980e-01 2.413366834171e-04 2.953908381826e-01 2.413366834171e-04 1.883500000000e-01
2.433819095477e-04 3.202000000000e-01 2.433819095477e-04 1.953407626964e-01 2.433819095477e-04 2.962716684079e-01 2.433819095477e-04 1.883500000000e-01
2.454271356784e-04 3.202000000000e-01 2.454271356784e-04 1.944204637102e-01 2.454271356784e-04 2.971129228529e-01 2.454271356784e-04 1.883500000000e-01
2.474723618090e-04 3.202000000000e-01 2.474723618090e-04 1.935437975963e-01 2.474723618090e-04 2.979147166138e-01 2.474723618090e-04 1.883500000000e-01
2.495175879397e-04 3.202000000000e-01 2.495175879397e-04 1.927106256223e-01 2.495175879397e-04 2.986773752397e-01 2.495175879397e-04 1.883500000000e-01
2.515628140704e-04 3.202000000000e-01 2.515628140704e-04 1.919205304115e-01 2.515628140704e-04 2.994014208954e-01 2.515628140704e-04 1.883500000000e-01
2.536080402010e-04 3.202000000000e-01 2.536080402010e-04 1.911728473095e-01 2.536080402010e-04 3.000875536081e-01 2.536080402010e-04 1.883500000000e-01
2.556532663317e-04 3.202000000000e-01 2.556532663317e-04 1.904666964531e-01 2.556532663317e-04 3.007366299461e-01 2.556532663317e-04 1.883500000000e-01
2.576984924623e-04 3.202000000000e-01 2.576984924623e-04 1.898010145922e-01 2.576984924623e-04 3.013496406929e-01 2.576984924623e-04 1.883500000000e-01
2.597437185930e-04 3.202000000000e-01 2.597437185930e-04 1.891745859266e-01 2.597437185930e-04 3.019276885701e-01 2.597437185930e-04 1.883500000000e-01
2.617889447236e-04 3.202000000000e-01 2.617889447236e-04 1.885860713980e-01 2.617889447236e-04 3.024719667165e-01 2.617889447236e-04 1.883500000000e-01
2.638341708543e-04 3.202000000000e-01 2.638341708543e-04 1.880340360291e-01 2.638341708543e-04 3.029837383940e-01 2.638341708543e-04 1.883500000000e-01
2.658793969849e-04 3.202000000000e-01 2.658793969849e-04 1.875169740311e-01 2.658793969849e-04 3.034643182175e-01 2.658793969849e-04 1.883500000000e-01
2.679246231156e-04 3.202000000000e-01 2.679246231156e-04 1.870333315180e-01 2.679246231156e-04 3.039150550838e-01 2.679246231156e-04 1.883500000000e-01
2.699698492462e-04 3.202000000000e-01 2.699698492462e-04 1.865815267529e-01 2.699698492462e-04 3.043373168820e-01 2.699698492462e-04 1.883500000000e-01
2.720150753769e-04 3.202000000000e-01 2.720150753769e-04 1.861599679345e-01 2.720150753769e-04 3.047324769972e-01 2.720150753769e-04 1.883500000000e-01
2.740603015075e-04 3.202000000000e-01 2.740603015075e-04 1.857670685894e-01 2.740603015075e-04 3.051019025711e-01 2.740603015075e-04 1.883500000000e-01
2.761055276382e-04 3.202000000000e-01 2.761055276382e-04 1.854012606811e-01 2.761055276382e-04 3.054469444444e-01 2.761055276382e-04 1.883500000000e-01
2.781507537688e-04 3.202000000000e-01 2.781507537688e-04 1.850610055844e-01 2.781507537688e-04 3.057689286809e-01 2.781507537688e-04 1.883500000000e-01
2.801959798995e-04 3.202000000000e-01 2.801959798995e-04 1.847448030881e-01 2.801959798995e-04 3.060691495569e-01 2.801959798995e-04 1.883500000000e-01
2.822412060302e-04 3.202000000000e-01 2.822412060302e-04 1.844511986100e-01 2.822412060302e-04 3.063488638880e-01 2.822412060302e-04 1.883500000000e-01
2.842864321608e-04 3.202000000000e-01 2.842864321608e-04 1.841787888056e-01 2.842864321608e-04 3.066092865632e-01 2.842864321608e-04 1.883500000000e-01
2.863316582915e-04 3.202000000000e-01 2.863316582915e-04 1.839262257558e-01 2.863316582915e-04 3.068515871553e-01 2.863316582915e-04 1.883500000000e-01
2.883768844221e-04 3.202000000000e-01 2.883768844221e-04 1.836922199099e-01 2.883768844221e-04 3.070768874798e-01 2.883768844221e-04 1.883500000000e-01
2.904221105528e-04 3.202000000000e-01 2.904221105528e-04 1.834755419538e-01 2.904221105528e-04 3.072862599812e-01 2.904221105528e-04 1.883500000000e-01
2.924673366834e-04 3.202000000000e-01 2.924673366834e-04 1.832750237586e-01 2.924673366834e-04 3.074807268330e-01 2.924673366834e-04 1.883500000000e-01
2.945125628141e-04 3.202000000000e-01 2.945125628141e-04 1.830895585551e-01 2.945125628141e-04 3.076612596447e-01 2.945125628141e-04 1.883500000000e-01
2.965577889447e-04 3.202000000000e-01 2.965577889447e-04 1.829181004649e-01 2.965577889447e-04 3.078287796808e-01 2.965577889447e-04 1.883500000000e-01
2.986030150754e-04 3.202000000000e-01 2.986030150754e-04 1.827596635037e-01 2.986030150754e-04 3.079841585042e-01 2.986030150754e-04 1.883500000000e-01
3.006482412060e-04 3.202000000000e-01 3.006482412060e-04 1.826133201628e-01 3.006482412060e-04 3.081282189658e-01 3.006482412060e-04 1.883500000000e-01
3.026934673367e-04 3.202000000000e-01 3.026934673367e-04 1.824781996577e-01 3.026934673367e-04 3.082617364722e-01 3.026934673367e-04 1.883500000000e-01
3.047386934673e-04 3.202000000000e-01 3.047386934673e-04 1.823534859237e-01 3.047386934673e-04 3.083854404700e-01 3.047386934673e-04 1.883500000000e-01
3.067839195980e-04 3.202000000000e-01 3.067839195980e-04 1.822384154267e-01 3.067839195980e-04 3.085000160959e-01 3.067839195980e-04 1.883500000000e-01
3.088291457286e-04 3.202000000000e-01 3.088291457286e-04 1.821322748458e-01 3.088291457286e-04 3.086061059449e-01 3.088291457286e-04 1.883500000000e-01
3.108743718593e-04 3.202000000000e-01 3.108743718593e-04 1.820343986782e-01 3.108743718593e-04 3.087043119200e-01 3.108743718593e-04 1.883500000000e-01
3.129195979899e-04 3.202000000000e-01 3.129195979899e-04 1.819441668051e-01 3.129195979899e-04 3.087951971293e-01 3.129195979899e-04 1.883500000000e-01
3.149648241206e-04 3.202000000000e-01 3.149648241206e-04 1.818610020534e-01 3.149648241206e-04 3.088792878045e-01 3.149648241206e-04 1.883500000000e-01
3.170100502513e-04 3.202000000000e-01 3.170100502513e-04 1.817843677804e-01 3.170100502513e-04 3.089570752160e-01 3.170100502513e-04 1.883500000000e-01
3.190552763819e-04 3.202000000000e-01 3.190552763819e-04 1.817137655016e-01 3.190552763819e-04 3.090290175684e-01 3.190552763819e-04 1.883500000000e-01
3.211005025126e-04 3.202000000000e-01 3.211005025126e-04 1.816487325812e-01 3.211005025126e-04 3.090955418599e-01 3.211005025126e-04 1.883500000000e-01
3.231457286432e-04 3.202000000000e-01 3.231457286432e-04 1.815888399965e-01 3.231457286432e-04 3.091570456940e-01 3.231457286432e-04 1.883500000000e-01
3.251909547739e-04 3.202000000000e-01 3.251909547739e-04 1.815336901862e-01 3.251909547739e-04 3.092138990352e-01 3.251909547739e-04 1.883500000000e-01
3.272361809045e-04 3.202000000000e-01 3.272361809045e-04 1.814829149901e-01 3.272361809045e-04 3.092664459010e-01 3.272361809045e-04 1.883500000000e-01
3.292814070352e-04 3.202000000000e-01 3.292814070352e-04 1.814361736844e-01 3.292814070352e-04 3.093150059855e-01 3.292814070352e-04 1.883500000000e-01
3.313266331658e-04 3.202000000000e-01 3.313266331658e-04 1.813931511141e-01 3.313266331658e-04 3.093598762115e-01 3.313266331658e-04 1.883500000000e-01
3.333718592965e-04 3.202000000000e-01 3.333718592965e-04 1.813535559251e-01 3.333718592965e-04 3.094013322096e-01 3.333718592965e-04 1.883500000000e-01
3.354170854271e-04 3.202000000000e-01 3.354170854271e-04 1.813171188940e-01 3.354170854271e-04 3.094396297225e-01 3.354170854271e-04 1.883500000000e-01
3.374623115578e-04 3.202000000000e-01 3.374623115578e-04 1.812835913557e-01 3.374623115578e-04 3.094750059356e-01 3.374623115578e-04 1.883500000000e-01
3.395075376884e-04 3.202000000000e-01 3.395075376884e-04 1.812527437246e-01 3.395075376884e-04 3.095076807345e-01 3.395075376884e-04 1.883500000000e-01
3.415527638191e-04 3.202000000000e-01 3.415527638191e-04 1.812243641084e-01 3.415527638191e-04 3.095378578905e-01 3.415527638191e-04 1.883500000000e-01
3.435979899497e-04 3.202000000000e-01 3.435979899497e-04 1.811982570104e-01 3.435979899497e-04 3.095657261770e-01 3.435979899497e-04 1.883500000000e-01
3.456432160804e-04 3.202000000000e-01 3.456432160804e-04 1.811742421162e-01 3.456432160804e-04 3.095914604172e-01 3.456432160804e-04 1.883500000000e-01
3.476884422111e-04 3.202000000000e-01 3.476884422111e-04 1.811521531621e-01 3.476884422111e-04 3.096152224683e-01 3.476884422111e-04 1.883500000000e-01
3.497336683417e-04 3.202000000000e-01 3.497336683417e-04 1.811318368797e-01 3.497336683417e-04 3.096371621428e-01 3.497336683417e-04 1.883500000000e-01
3.517788944724e-04 3.202000000000e-01 3.517788944724e-04 1.811131520139e-01 3.517788944724e-04 3.096574180701e-01 3.517788944724e-04 1.883500000000e-01
3.538241206030e-04 3.202000000000e-01 3.538241206030e-04 1.810959684103e-01 3.538241206030e-04 3.096761185020e-01 3.538241206030e-04 1.883500000000e-01
3.558693467337e-04 3.202000000000e-01 3.558693467337e-04 1.810801661664e-01 3.558693467337e-04 3.096933820650e-01 3.558693467337e-04 1.883500000000e-01
3.579145728643e-04 3.202000000000e-01 3.579145728643e-04 1.810656348448e-01 3.579145728643e-04 3.097093184605e-01 3.579145728643e-04 1.883500000000e-01
3.599597989950e-04 3.202000000000e-01 3.599597989950e-04 1.810522727433e-01 3.599597989950e-04 3.097240291191e-01 3.599597989950e-04 1.883500000000e-01
3.620050251256e-04 3.202000000000e-01 3.620050251256e-04 1.810399862185e-01 3.620050251256e-04 3.097376078079e-01 3.620050251256e-04 1.883500000000e-01
3.640502512563e-04 3.202000000000e-01 3.640502512563e-04 1.810286890596e-01 3.640502512563e-04 3.097501411966e-01 3.640502512563e-04 1.883500000000e-01
3.660954773869e-04 3.202000000000e-01 3.660954773869e-04 1.810183019091e-01 3.660954773869e-04 3.097617093836e-01 3.660954773869e-04 1.883500000000e-01
3.681407035176e-04 3.202000000000e-01 3.681407035176e-04 1.810087517265e-01 3.681407035176e-04 3.097723863845e-01 3.681407035176e-04 1.883500000000e-01
3.701859296482e-04 3.202000000000e-01 3.701859296482e-04 1.809999712932e-01 3.701859296482e-04 3.097822405857e-01 3.701859296482e-04 1.883500000000e-01
3.722311557789e-04 3.202000000000e-01 3.722311557789e-04 1.809918987546e-01 3.722311557789e-04 3.097913351659e-01 3.722311557789e-04 1.883500000000e-01
3.742763819095e-04 3.202000000000e-01 3.742763819095e-04 1.809844771974e-01 3.742763819095e-04 3.097997284865e-01 3.742763819095e-04 1.883500000000e-01
3.763216080402e-04 3.202000000000e-01 3.763216080402e-04 1.809776542596e-01 3.763216080402e-04 3.098074744540e-01 3.763216080402e-04 1.883500000000e-01
3.783668341709e-04 3.202000000000e-01 3.783668341709e-04 1.809713817700e-01 3.783668341709e-04 3.098146228557e-01 3.783668341709e-04 1.883500000000e-01
3.804120603015e-04 3.202000000000e-01 3.804120603015e-04 1.809656154164e-01 3.804120603015e-04 3.098212196708e-01 3.804120603015e-04 1.883500000000e-01
3.824572864322e-04 3.202000000000e-01 3.824572864322e-04 1.809603144388e-01 3.824572864322e-04 3.098273073584e-01 3.824572864322e-04 1.883500000000e-01
3.845025125628e-04 3.202000000000e-01 3.845025125628e-04 1.809554413473e-01 3.845025125628e-04 3.098329251247e-01 3.845025125628e-04 1.883500000000e-01
3.865477386935e-04 3.202000000000e-01 3.865477386935e-04 1.809509616613e-01 3.865477386935e-04 3.098381091695e-01 3.865477386935e-04 1.883500000000e-01
3.885929648241e-04 3.202000000000e-01 3.885929648241e-04 1.809468436699e-01 3.885929648241e-04 3.098428929152e-01 3.885929648241e-04 1.883500000000e-01
3.906381909548e-04 3.202000000000e-01 3.906381909548e-04 1.809430582109e-01 3.906381909548e-04 3.098473072181e-01 3.906381909548e-04 1.883500000000e-01
3.926834170854e-04 3.202000000000e-01 3.926834170854e-04 1.809395784667e-01 3.926834170854e-04 3.098513805639e-01 3.926834170854e-04 1.883500000000e-01
3.947286432161e-04 3.202000000000e-01 3.947286432161e-04 1.809363797771e-01 3.947286432161e-04 3.098551392488e-01 3.947286432161e-04 1.883500000000e-01
3.967738693467e-04 3.202000000000e-01 3.967738693467e-04 1.809334394667e-01 3.967738693467e-04 3.098586075466e-01 3.967738693467e-04 1.883500000000e-01
3.988190954774e-04 3.202000000000e-01 3.988190954774e-04 1.809307366854e-01 3.988190954774e-04 3.098618078638e-01 3.988190954774e-04 1.883500000000e-01
4.008643216080e-04 3.202000000000e-01 4.008643216080e-04 1.809282522625e-01 4.008643216080e-04 3.098647608819e-01 4.008643216080e-04 1.883500000000e-01
4.029095477387e-04 3.202000000000e-01 4.029095477387e-04 1.809259685719e-01 4.029095477387e-04 3.098674856900e-01 4.029095477387e-04 1.883500000000e-01
4.049547738693e-04 3.202000000000e-01 4.049547738693e-04 1.809238694078e-01 4.049547738693e-04 3.098699999068e-01 4.049547738693e-04 1.883500000000e-01
4.070000000000e-04 3.202000000000e-01 4.070000000000e-04 1.809219398708e-01 4.070000000000e-04 3.098723197933e-01 4.070000000000e-04 1.883500000000e-01
