0.000000000000e+00 2.410042186505e-01 0.000000000000e+00 2.407997699853e-01 0.000000000000e+00 1.850004254793e-01 0.000000000000e+00 3.364032619173e-01
2.336683417085e-06 2.410046451134e-01 2.336683417085e-06 2.407997376194e-01 2.336683417085e-06 1.850004727238e-01 2.336683417085e-06 3.363300756597e-01
4.673366834171e-06 2.410051146781e-01 4.673366834171e-06 2.407997006992e-01 4.673366834171e-06 1.850005252157e-01 4.673366834171e-06 3.362555173022e-01
7.010050251256e-06 2.410056316988e-01 7.010050251256e-06 2.407996585838e-01 7.010050251256e-06 1.850005835384e-01 7.010050251256e-06 3.361795875113e-01
9.346733668342e-06 2.410062009693e-01 9.346733668342e-06 2.407996105424e-01 9.346733668342e-06 1.850006483399e-01 9.346733668342e-06 3.361022888660e-01
1.168341708543e-05 2.410068277668e-01 1.168341708543e-05 2.407995557409e-01 1.168341708543e-05 1.850007203407e-01 1.168341708543e-05 3.360236259811e-01
1.402010050251e-05 2.410075179013e-01 1.402010050251e-05 2.407994932283e-01 1.402010050251e-05 1.850008003410e-01 1.402010050251e-05 3.359436056339e-01
1.635678391960e-05 2.410082777686e-01 1.635678391960e-05 2.407994219194e-01 1.635678391960e-05 1.850008892307e-01 1.635678391960e-05 3.358622368960e-01
1.869346733668e-05 2.410091144094e-01 1.869346733668e-05 2.407993405766e-01 1.869346733668e-05 1.850009879984e-01 1.869346733668e-05 3.357795312688e-01
2.103015075377e-05 2.410100355743e-01 2.103015075377e-05 2.407992477880e-01 2.103015075377e-05 1.850010977431e-01 2.103015075377e-05 3.356955028226e-01
2.336683417085e-05 2.410110497951e-01 2.336683417085e-05 2.407991419430e-01 2.336683417085e-05 1.850012196866e-01 2.336683417085e-05 3.356101683404e-01
2.570351758794e-05 2.410121664629e-01 2.570351758794e-05 2.407990212046e-01 2.570351758794e-05 1.850013551865e-01 2.570351758794e-05 3.355235474640e-01
2.804020100503e-05 2.410133959149e-01 2.804020100503e-05 2.407988834772e-01 2.804020100503e-05 1.850015057525e-01 2.804020100503e-05 3.354356628449e-01
3.037688442211e-05 2.410147495287e-01 3.037688442211e-05 2.407987263702e-01 3.037688442211e-05 1.850016730626e-01 3.037688442211e-05 3.353465402976e-01
3.271356783920e-05 2.410162398269e-01 3.271356783920e-05 2.407985471568e-01 3.271356783920e-05 1.850018589826e-01 3.271356783920e-05 3.352562089563e-01
3.505025125628e-05 2.410178805916e-01 3.505025125628e-05 2.407983427267e-01 3.505025125628e-05 1.850020655868e-01 3.505025125628e-05 3.351647014338e-01
3.738693467337e-05 2.410196869904e-01 3.738693467337e-05 2.407981095318e-01 3.738693467337e-05 1.850022951820e-01 3.738693467337e-05 3.350720539830e-01
3.972361809045e-05 2.410216757146e-01 3.972361809045e-05 2.407978435247e-01 3.972361809045e-05 1.850025503334e-01 3.972361809045e-05 3.349783066603e-01
4.206030150754e-05 2.410238651315e-01 4.206030150754e-05 2.407975400889e-01 4.206030150754e-05 1.850028338939e-01 4.206030150754e-05 3.348835034906e-01
4.439698492462e-05 2.410262754509e-01 4.439698492462e-05 2.407971939581e-01 4.439698492462e-05 1.850031490369e-01 4.439698492462e-05 3.347876926327e-01
4.673366834171e-05 2.410289289088e-01 4.673366834171e-05 2.407967991255e-01 4.673366834171e-05 1.850034992927e-01 4.673366834171e-05 3.346909265461e-01
4.907035175879e-05 2.410318499682e-01 4.907035175879e-05 2.407963487389e-01 4.907035175879e-05 1.850038885890e-01 4.907035175879e-05 3.345932621567e-01
5.140703517588e-05 2.410350655403e-01 5.140703517588e-05 2.407958349825e-01 5.140703517588e-05 1.850043212963e-01 5.140703517588e-05 3.344947610227e-01
5.374371859296e-05 2.410386052260e-01 5.374371859296e-05 2.407952489410e-01 5.374371859296e-05 1.850048022791e-01 5.374371859296e-05 3.343954894979e-01
5.608040201005e-05 2.410425015818e-01 5.608040201005e-05 2.407945804448e-01 5.608040201005e-05 1.850053369521e-01 5.608040201005e-05 3.342955188940e-01
5.841708542714e-05 2.410467904104e-01 5.841708542714e-05 2.407938178945e-01 5.841708542714e-05 1.850059313442e-01 5.841708542714e-05 3.341949256390e-01
6.075376884422e-05 2.410515110798e-01 6.075376884422e-05 2.407929480588e-01 6.075376884422e-05 1.850065921692e-01 6.075376884422e-05 3.340937914317e-01
6.309045226131e-05 2.410567068714e-01 6.309045226131e-05 2.407919558460e-01 6.309045226131e-05 1.850073269058e-01 6.309045226131e-05 3.339922033921e-01
6.542713567839e-05 2.410624253621e-01 6.542713567839e-05 2.407908240420e-01 6.542713567839e-05 1.850081438872e-01 6.542713567839e-05 3.338902542049e-01
6.776381909548e-05 2.410687188415e-01 6.776381909548e-05 2.407895330124e-01 6.776381909548e-05 1.850090524011e-01 6.776381909548e-05 3.337880422569e-01
7.010050251256e-05 2.410756447680e-01 7.010050251256e-05 2.407880603623e-01 7.010050251256e-05 1.850100628025e-01 7.010050251256e-05 3.336856717660e-01
7.243718592965e-05 2.410832662656e-01 7.243718592965e-05 2.407863805487e-01 7.243718592965e-05 1.850111866412e-01 7.243718592965e-05 3.335832529007e-01
7.477386934673e-05 2.410916526676e-01 7.477386934673e-05 2.407844644380e-01 7.477386934673e-05 1.850124368041e-01 7.477386934673e-05 3.334809018897e-01
7.711055276382e-05 2.411008801073e-01 7.711055276382e-05 2.407822788028e-01 7.711055276382e-05 1.850138276768e-01 7.711055276382e-05 3.333787411188e-01
7.944723618090e-05 2.411110321613e-01 7.944723618090e-05 2.407797857467e-01 7.944723618090e-05 1.850153753256e-01 7.944723618090e-05 3.332768992156e-01
8.178391959799e-05 2.411222005490e-01 8.178391959799e-05 2.407769420495e-01 8.178391959799e-05 1.850170977032e-01 8.178391959799e-05 3.331755111188e-01
8.412060301508e-05 2.411344858910e-01 8.412060301508e-05 2.407736984210e-01 8.412060301508e-05 1.850190148823e-01 8.412060301508e-05 3.330747181317e-01
8.645728643216e-05 2.411479985315e-01 8.645728643216e-05 2.407699986499e-01 8.645728643216e-05 1.850211493202e-01 8.645728643216e-05 3.329746679580e-01
8.879396984925e-05 2.411628594269e-01 8.879396984925e-05 2.407657786347e-01 8.879396984925e-05 1.850235261591e-01 8.879396984925e-05 3.328755147187e-01
9.113065326633e-05 2.411792011050e-01 9.113065326633e-05 2.407609652792e-01 9.113065326633e-05 1.850261735692e-01 9.113065326633e-05 3.327774189473e-01
9.346733668342e-05 2.411971686982e-01 9.346733668342e-05 2.407554752343e-01 9.346733668342e-05 1.850291231392e-01 9.346733668342e-05 3.326805475641e-01
9.580402010050e-05 2.412169210519e-01 9.580402010050e-05 2.407492134652e-01 9.580402010050e-05 1.850324103230e-01 9.580402010050e-05 3.325850738248e-01
9.814070351759e-05 2.412386319115e-01 9.814070351759e-05 2.407420716200e-01 9.814070351759e-05 1.850360749519e-01 9.814070351759e-05 3.324911772449e-01
1.004773869347e-04 2.412624911886e-01 1.004773869347e-04 2.407339261721e-01 1.004773869347e-04 1.850401618220e-01 1.004773869347e-04 3.323990434956e-01
1.028140703518e-04 2.412887063060e-01 1.028140703518e-04 2.407246363071e-01 1.028140703518e-04 1.850447213713e-01 1.028140703518e-04 3.323088642712e-01
1.051507537688e-04 2.413175036193e-01 1.051507537688e-04 2.407140415180e-01 1.051507537688e-04 1.850498104604e-01 1.051507537688e-04 3.322208371264e-01
1.074874371859e-04 2.413491299130e-01 1.074874371859e-04 2.407019588706e-01 1.074874371859e-04 1.850554932751e-01 1.074874371859e-04 3.321351652806e-01
1.098241206030e-04 2.413838539624e-01 1.098241206030e-04 2.406881798960e-01 1.098241206030e-04 1.850618423738e-01 1.098241206030e-04 3.320520573892e-01
1.121608040201e-04 2.414219681531e-01 1.121608040201e-04 2.406724670585e-01 1.121608040201e-04 1.850689399047e-01 1.121608040201e-04 3.319717272800e-01
1.144974874372e-04 2.414637901441e-01 1.144974874372e-04 2.406545497465e-01 1.144974874372e-04 1.850768790244e-01 1.144974874372e-04 3.318943936522e-01
1.168341708543e-04 2.415096645565e-01 1.168341708543e-04 2.406341197224e-01 1.168341708543e-04 1.850857655558e-01 1.168341708543e-04 3.318202797392e-01
1.191708542714e-04 2.415599646622e-01 1.191708542714e-04 2.406108259636e-01 1.191708542714e-04 1.850957199296e-01 1.191708542714e-04 3.317496129318e-01
1.215075376884e-04 2.416150940427e-01 1.215075376884e-04 2.405842688183e-01 1.215075376884e-04 1.851068794655e-01 1.215075376884e-04 3.316826243617e-01
1.238442211055e-04 2.416754881774e-01 1.238442211055e-04 2.405539933911e-01 1.238442211055e-04 1.851194010572e-01 1.238442211055e-04 3.316195484451e-01
1.261809045226e-04 2.417416159111e-01 1.261809045226e-04 2.405194820658e-01 1.261809045226e-04 1.851334643414e-01 1.261809045226e-04 3.315606223850e-01
1.285175879397e-04 2.418139807398e-01 1.285175879397e-04 2.404801460647e-01 1.285175879397e-04 1.851492754468e-01 1.285175879397e-04 3.315060856316e-01
1.308542713568e-04 2.418931218402e-01 1.308542713568e-04 2.404353159333e-01 1.308542713568e-04 1.851670714385e-01 1.308542713568e-04 3.314561793020e-01
1.331909547739e-04 2.419796147503e-01 1.331909547739e-04 2.403842308344e-01 1.331909547739e-04 1.851871255982e-01 1.331909547739e-04 3.314111455574e-01
1.355276381910e-04 2.420740715951e-01 1.355276381910e-04 2.403260265262e-01 1.355276381910e-04 1.852097537091e-01 1.355276381910e-04 3.313712269401e-01
1.378643216080e-04 2.421771407276e-01 1.378643216080e-04 2.402597218940e-01 1.378643216080e-04 1.852353215507e-01 1.378643216080e-04 3.313366656688e-01
1.402010050251e-04 2.422895056352e-01 1.402010050251e-04 2.401842039062e-01 1.402010050251e-04 1.852642538482e-01 1.402010050251e-04 3.313077028959e-01
1.425376884422e-04 2.424118829390e-01 1.425376884422e-04 2.400982108607e-01 1.425376884422e-04 1.852970449744e-01 1.425376884422e-04 3.312845779247e-01
1.448743718593e-04 2.425450192865e-01 1.448743718593e-04 2.400003138008e-01 1.448743718593e-04 1.853342717593e-01 1.448743718593e-04 3.312675273914e-01
1.472110552764e-04 2.426896869135e-01 1.472110552764e-04 2.398888959931e-01 1.472110552764e-04 1.853766088326e-01 1.472110552764e-04 3.312567844117e-01
1.495477386935e-04 2.428466776280e-01 1.495477386935e-04 2.397621303823e-01 1.495477386935e-04 1.854248470052e-01 1.495477386935e-04 3.312525776951e-01
1.518844221106e-04 2.430167949425e-01 1.518844221106e-04 2.396179549840e-01 1.518844221106e-04 1.854799152866e-01 1.518844221106e-04 3.312551306295e-01
1.542211055276e-04 2.432008440657e-01 1.542211055276e-04 2.394540462291e-01 1.542211055276e-04 1.855429072388e-01 1.542211055276e-04 3.312646603397e-01
1.565577889447e-04 2.433996194521e-01 1.565577889447e-04 2.392677903573e-01 1.565577889447e-04 1.856151124746e-01 1.565577889447e-04 3.312813767221e-01
1.588944723618e-04 2.436138896059e-01 1.588944723618e-04 2.390562530691e-01 1.588944723618e-04 1.856980542197e-01 1.588944723618e-04 3.313054814609e-01
1.612311557789e-04 2.438443788502e-01 1.612311557789e-04 2.388161477933e-01 1.612311557789e-04 1.857935339589e-01 1.612311557789e-04 3.313371670291e-01
1.635678391960e-04 2.440917458060e-01 1.635678391960e-04 2.385438031183e-01 1.635678391960e-04 1.859036842595e-01 1.635678391960e-04 3.313766156787e-01
1.659045226131e-04 2.443565583833e-01 1.659045226131e-04 2.382351301871e-01 1.659045226131e-04 1.860310308783e-01 1.659045226131e-04 3.314239984265e-01
1.682412060302e-04 2.446392651776e-01 1.682412060302e-04 2.378855911593e-01 1.682412060302e-04 1.861785651704e-01 1.682412060302e-04 3.314794740391e-01
1.705778894472e-04 2.449401632934e-01 1.705778894472e-04 2.374901702301e-01 1.705778894472e-04 1.863498275544e-01 1.705778894472e-04 3.315431880240e-01
1.729145728643e-04 2.452593627885e-01 1.729145728643e-04 2.370433491475e-01 1.729145728643e-04 1.865490022473e-01 1.729145728643e-04 3.316152716315e-01
1.752512562814e-04 2.455967481546e-01 1.752512562814e-04 2.365390897087e-01 1.752512562814e-04 1.867810225315e-01 1.752512562814e-04 3.316958408753e-01
1.775879396985e-04 2.459519375204e-01 1.775879396985e-04 2.359708263230e-01 1.775879396985e-04 1.870516842479e-01 1.775879396985e-04 3.317849955768e-01
1.799246231156e-04 2.463242405884e-01 1.799246231156e-04 2.353314723924e-01 1.799246231156e-04 1.873677627986e-01 1.799246231156e-04 3.318828184395e-01
1.822613065327e-04 2.467126166781e-01 1.822613065327e-04 2.346134449492e-01 1.822613065327e-04 1.877371253907e-01 1.822613065327e-04 3.319893741620e-01
1.845979899497e-04 2.471156346512e-01 1.845979899497e-04 2.338087126482e-01 1.845979899497e-04 1.881688252790e-01 1.845979899497e-04 3.321047085945e-01
1.869346733668e-04 2.475314368955e-01 1.869346733668e-04 2.329088727502e-01 1.869346733668e-04 1.886731581639e-01 1.869346733668e-04 3.322288479460e-01
1.892713567839e-04 2.479577099370e-01 1.892713567839e-04 2.319052630546e-01 1.892713567839e-04 1.892616527220e-01 1.892713567839e-04 3.323617980505e-01
1.916080402010e-04 2.483916645772e-01 1.916080402010e-04 2.307891146700e-01 1.916080402010e-04 1.899469580626e-01 1.916080402010e-04 3.325035436969e-01
1.939447236181e-04 2.488300286795e-01 1.939447236181e-04 2.295517508908e-01 1.939447236181e-04 1.907425822101e-01 1.939447236181e-04 3.326540480297e-01
1.962814070352e-04 2.492690558043e-01 1.962814070352e-04 2.281848360525e-01 1.962814070352e-04 1.916624303886e-01 1.962814070352e-04 3.328132520285e-01
1.986180904523e-04 2.497045527642e-01 1.986180904523e-04 2.266806758738e-01 1.986180904523e-04 1.927200945313e-01 1.986180904523e-04 3.329810740693e-01
2.009547738693e-04 2.501319288076e-01 2.009547738693e-04 2.250325672917e-01 2.009547738693e-04 1.939278622423e-01 2.009547738693e-04 3.331574095759e-01
2.032914572864e-04 2.505462685185e-01 2.032914572864e-04 2.232351910816e-01 2.032914572864e-04 1.952954509345e-01 2.032914572864e-04 3.333421307655e-01
2.056281407035e-04 2.509424296568e-01 2.056281407035e-04 2.212850347271e-01 2.056281407035e-04 1.968285349731e-01 2.056281407035e-04 3.335350864934e-01
2.079648241206e-04 2.513151661194e-01 2.079648241206e-04 2.191808263809e-01 2.079648241206e-04 1.985272169751e-01 2.079648241206e-04 3.337361022006e-01
2.103015075377e-04 2.516592750799e-01 2.103015075377e-04 2.169239539541e-01 2.103015075377e-04 2.003846830510e-01 2.103015075377e-04 3.339449799688e-01
2.126381909548e-04 2.519697663400e-01 2.126381909548e-04 2.145188373161e-01 2.126381909548e-04 2.023863452831e-01 2.126381909548e-04 3.341614986849e-01
2.149748743719e-04 2.522420512242e-01 2.149748743719e-04 2.119732174360e-01 2.149748743719e-04 2.045097739876e-01 2.149748743719e-04 3.343854143173e-01
2.173115577889e-04 2.524721482475e-01 2.173115577889e-04 2.092983253361e-01 2.173115577889e-04 2.067256260471e-01 2.173115577889e-04 3.346164603059e-01
2.196482412060e-04 2.526569035982e-01 2.196482412060e-04 2.065088970771e-01 2.196482412060e-04 2.089995831631e-01 2.196482412060e-04 3.348543480660e-01
2.219849246231e-04 2.527942265012e-01 2.219849246231e-04 2.036230093351e-01 2.219849246231e-04 2.112950703116e-01 2.219849246231e-04 3.350987676052e-01
2.243216080402e-04 2.528833430127e-01 2.243216080402e-04 2.006617233708e-01 2.243216080402e-04 2.135763123588e-01 2.243216080402e-04 3.353493882539e-01
2.266582914573e-04 2.529250767915e-01 2.266582914573e-04 1.976485422755e-01 2.266582914573e-04 2.158111898040e-01 2.266582914573e-04 3.356058595059e-01
2.289949748744e-04 2.529221715525e-01 2.289949748744e-04 1.946087052924e-01 2.289949748744e-04 2.179734141780e-01 2.289949748744e-04 3.358678119666e-01
2.313316582915e-04 2.528796760018e-01 2.313316582915e-04 1.915683610179e-01 2.313316582915e-04 2.200437344083e-01 2.313316582915e-04 3.361348584054e-01
2.336683417085e-04 2.528054150877e-01 2.336683417085e-04 1.885536754699e-01 2.336683417085e-04 2.220101301904e-01 2.336683417085e-04 3.364065949076e-01
2.360050251256e-04 2.527105650117e-01 2.360050251256e-04 1.855899388978e-01 2.360050251256e-04 2.238671600357e-01 2.360050251256e-04 3.366826021199e-01
2.383417085427e-04 2.526103213398e-01 2.383417085427e-04 1.827007353604e-01 2.383417085427e-04 2.256147537094e-01 2.383417085427e-04 3.369624465842e-01
2.406783919598e-04 2.525245785867e-01 2.406783919598e-04 1.799072314946e-01 2.406783919598e-04 2.272567610834e-01 2.406783919598e-04 3.372456821509e-01
2.430150753769e-04 2.524783955515e-01 2.430150753769e-04 1.772276269152e-01 2.430150753769e-04 2.287995177083e-01 2.430150753769e-04 3.375318514672e-01
2.453517587940e-04 2.525017760047e-01 2.453517587940e-04 1.746767907733e-01 2.453517587940e-04 2.302506008071e-01 2.453517587940e-04 3.378204875276e-01
2.476884422111e-04 2.526279686011e-01 2.476884422111e-04 1.722660900705e-01 2.476884422111e-04 2.316178616142e-01 2.476884422111e-04 3.381111152823e-01
2.500251256281e-04 2.528892483633e-01 2.500251256281e-04 1.700033981270e-01 2.500251256281e-04 2.329087507345e-01 2.500251256281e-04 3.384032532905e-01
2.523618090452e-04 2.533094181776e-01 2.523618090452e-04 1.678932581862e-01 2.523618090452e-04 2.341299087126e-01 2.523618090452e-04 3.386964154107e-01
2.546984924623e-04 2.538936981522e-01 2.546984924623e-04 1.659371686020e-01 2.546984924623e-04 2.352869718376e-01 2.546984924623e-04 3.389901125171e-01
2.570351758794e-04 2.546194179608e-01 2.570351758794e-04 1.641339525245e-01 2.570351758794e-04 2.363845372034e-01 2.570351758794e-04 3.392838542326e-01
2.593718592965e-04 2.554334285808e-01 2.593718592965e-04 1.624801758089e-01 2.593718592965e-04 2.374262348319e-01 2.593718592965e-04 3.395771506659e-01
2.617085427136e-04 2.562610400216e-01 2.617085427136e-04 1.609705809267e-01 2.617085427136e-04 2.384148631779e-01 2.617085427136e-04 3.398695141447e-01
2.640452261307e-04 2.570249262771e-01 2.640452261307e-04 1.595985106619e-01 2.640452261307e-04 2.393525542612e-01 2.640452261307e-04 3.401604609327e-01
2.663819095477e-04 2.576651818837e-01 2.663819095477e-04 1.583563021717e-01 2.663819095477e-04 2.402409441149e-01 2.663819095477e-04 3.404495129206e-01
2.687185929648e-04 2.581508182874e-01 2.687185929648e-04 1.572356386292e-01 2.687185929648e-04 2.410813323431e-01 2.687185929648e-04 3.407361992811e-01
2.710552763819e-04 2.584794300188e-01 2.710552763819e-04 1.562278515383e-01 2.710552763819e-04 2.418748210705e-01 2.710552763819e-04 3.410200580782e-01
2.733919597990e-04 2.586688880867e-01 2.733919597990e-04 1.553241715648e-01 2.733919597990e-04 2.426224284958e-01 2.733919597990e-04 3.413006378214e-01
2.757286432161e-04 2.587471544626e-01 2.757286432161e-04 1.545159292806e-01 2.757286432161e-04 2.433251758249e-01 2.757286432161e-04 3.415774989554e-01
2.780653266332e-04 2.587442659464e-01 2.780653266332e-04 1.537947096216e-01 2.780653266332e-04 2.439841487805e-01 2.780653266332e-04 3.418502152788e-01
2.804020100503e-04 2.586876300926e-01 2.804020100503e-04 1.531524652870e-01 2.804020100503e-04 2.446005364062e-01 2.804020100503e-04 3.421183752820e-01
2.827386934673e-04 2.586000429283e-01 2.827386934673e-04 1.525815949602e-01 2.827386934673e-04 2.451756506985e-01 2.827386934673e-04 3.423815833992e-01
2.850753768844e-04 2.584993706839e-01 2.850753768844e-04 1.520749923107e-01 2.850753768844e-04 2.457109308957e-01 2.850753768844e-04 3.426394611676e-01
2.874120603015e-04 2.583990160379e-01 2.874120603015e-04 1.516260714345e-01 2.874120603015e-04 2.462079361849e-01 2.874120603015e-04 3.428916482885e-01
2.897487437186e-04 2.583086192090e-01 2.897487437186e-04 1.512287738521e-01 2.897487437186e-04 2.466683302733e-01 2.897487437186e-04 3.431378035866e-01
2.920854271357e-04 2.582347135263e-01 2.920854271357e-04 1.508775615300e-01 2.920854271357e-04 2.470938608157e-01 2.920854271357e-04 3.433776058628e-01
2.944221105528e-04 2.581812247420e-01 2.944221105528e-04 1.505673997040e-01 2.944221105528e-04 2.474863361722e-01 2.944221105528e-04 3.436107546383e-01
2.967587939698e-04 2.581497968183e-01 2.967587939698e-04 1.502937326163e-01 2.967587939698e-04 2.478476014454e-01 2.967587939698e-04 3.438369707888e-01
2.990954773869e-04 2.581399757984e-01 2.990954773869e-04 1.500524546682e-01 2.990954773869e-04 2.481795152515e-01 2.990954773869e-04 3.440559970662e-01
3.014321608040e-04 2.581493099715e-01 3.014321608040e-04 1.498398789511e-01 3.014321608040e-04 2.484839282441e-01 3.014321608040e-04 3.442675985092e-01
3.037688442211e-04 2.581734400453e-01 3.037688442211e-04 1.496527046590e-01 3.037688442211e-04 2.487626640387e-01 3.037688442211e-04 3.444715627430e-01
3.061055276382e-04 2.582062597907e-01 3.061055276382e-04 1.494879845028e-01 3.061055276382e-04 2.490175028864e-01 3.061055276382e-04 3.446677001686e-01
3.084422110553e-04 2.582402221913e-01 3.084422110553e-04 1.493430929336e-01 3.084422110553e-04 2.492501682159e-01 3.084422110553e-04 3.448558440454e-01
3.107788944724e-04 2.582668430186e-01 3.107788944724e-04 1.492156957331e-01 3.107788944724e-04 2.494623159925e-01 3.107788944724e-04 3.450358504686e-01
3.131155778894e-04 2.582774099695e-01 3.131155778894e-04 1.491037213362e-01 3.131155778894e-04 2.496555267233e-01 3.131155778894e-04 3.452075982463e-01
3.154522613065e-04 2.582638453524e-01 3.154522613065e-04 1.490053340971e-01 3.154522613065e-04 2.498312998670e-01 3.154522613065e-04 3.453709886788e-01
3.177889447236e-04 2.582196081014e-01 3.177889447236e-04 1.489189096022e-01 3.177889447236e-04 2.499910503627e-01 3.177889447236e-04 3.455259452467e-01
3.201256281407e-04 2.581404784731e-01 3.201256281407e-04 1.488430120467e-01 3.201256281407e-04 2.501361069795e-01 3.201256281407e-04 3.456724132102e-01
3.224623115578e-04 2.580250670765e-01 3.224623115578e-04 1.487763736348e-01 3.224623115578e-04 2.502677121893e-01 3.224623115578e-04 3.458103591289e-01
3.247989949749e-04 2.578749374160e-01 3.247989949749e-04 1.487178759232e-01 3.247989949749e-04 2.503870232836e-01 3.247989949749e-04 3.459397703037e-01
3.271356783920e-04 2.576943165608e-01 3.271356783920e-04 1.486665329998e-01 3.271356783920e-04 2.504951144781e-01 3.271356783920e-04 3.460606541507e-01
3.294723618090e-04 2.574894634020e-01 3.294723618090e-04 1.486214763745e-01 3.294723618090e-04 2.505929797747e-01 3.294723618090e-04 3.461730375105e-01
3.318090452261e-04 2.572678353366e-01 3.318090452261e-04 1.485819414543e-01 3.318090452261e-04 2.506815363834e-01 3.318090452261e-04 3.462769659018e-01
3.341457286432e-04 2.570372203362e-01 3.341457286432e-04 1.485472554669e-01 3.341457286432e-04 2.507616285325e-01 3.341457286432e-04 3.463725027237e-01
3.364824120603e-04 2.568049802784e-01 3.364824120603e-04 1.485168267070e-01 3.364824120603e-04 2.508340315260e-01 3.364824120603e-04 3.464597284150e-01
3.388190954774e-04 2.565774986967e-01 3.388190954774e-04 1.484901349772e-01 3.388190954774e-04 2.508994559299e-01 3.388190954774e-04 3.465387395756e-01
3.411557788945e-04 2.563598645968e-01 3.411557788945e-04 1.484667231076e-01 3.411557788945e-04 2.509585517937e-01 3.411557788945e-04 3.466096480585e-01
3.434924623116e-04 2.561557729676e-01 3.434924623116e-04 1.484461894438e-01 3.434924623116e-04 2.510119128327e-01 3.434924623116e-04 3.466725800359e-01
3.458291457286e-04 2.559675918777e-01 3.458291457286e-04 1.484281812009e-01 3.458291457286e-04 2.510600805135e-01 3.458291457286e-04 3.467276750480e-01
3.481658291457e-04 2.557965359134e-01 3.481658291457e-04 1.484123885911e-01 3.481658291457e-04 2.511035479999e-01 3.481658291457e-04 3.467750850396e-01
3.505025125628e-04 2.556428906734e-01 3.505025125628e-04 1.483985396396e-01 3.505025125628e-04 2.511427639285e-01 3.505025125628e-04 3.468149733896e-01
3.528391959799e-04 2.555062459309e-01 3.528391959799e-04 1.483863956131e-01 3.528391959799e-04 2.511781359933e-01 3.528391959799e-04 3.468475139397e-01
3.551758793970e-04 2.553857099227e-01 3.551758793970e-04 1.483757469896e-01 3.551758793970e-04 2.512100343264e-01 3.551758793970e-04 3.468728900270e-01
3.575125628141e-04 2.552800902931e-01 3.575125628141e-04 1.483664099107e-01 3.575125628141e-04 2.512387946685e-01 3.575125628141e-04 3.468912935251e-01
3.598492462312e-04 2.551880369318e-01 3.598492462312e-04 1.483582230573e-01 3.598492462312e-04 2.512647213279e-01 3.598492462312e-04 3.469029238986e-01
3.621859296482e-04 2.551081481510e-01 3.621859296482e-04 1.483510449021e-01 3.621859296482e-04 2.512880899307e-01 3.621859296482e-04 3.469079872748e-01
3.645226130653e-04 2.550390449608e-01 3.645226130653e-04 1.483447512928e-01 3.645226130653e-04 2.513091499668e-01 3.645226130653e-04 3.469066955359e-01
3.668592964824e-04 2.549794194743e-01 3.668592964824e-04 1.483392333283e-01 3.668592964824e-04 2.513281271413e-01 3.668592964824e-04 3.468992654363e-01
3.691959798995e-04 2.549280634664e-01 3.691959798995e-04 1.483343954917e-01 3.691959798995e-04 2.513452255377e-01 3.691959798995e-04 3.468859177466e-01
3.715326633166e-04 2.548838824371e-01 3.715326633166e-04 1.483301540111e-01 3.715326633166e-04 2.513606296046e-01 3.715326633166e-04 3.468668764275e-01
3.738693467337e-04 2.548458995900e-01 3.738693467337e-04 1.483264354192e-01 3.738693467337e-04 2.513745059767e-01 3.738693467337e-04 3.468423678360e-01
3.762060301508e-04 2.548132531594e-01 3.762060301508e-04 1.483231752890e-01 3.762060301508e-04 2.513870051390e-01 3.762060301508e-04 3.468126199661e-01
3.785427135678e-04 2.547851896524e-01 3.785427135678e-04 1.483203171238e-01 3.785427135678e-04 2.513982629468e-01 3.785427135678e-04 3.467778617243e-01
3.808793969849e-04 2.547610548443e-01 3.808793969849e-04 1.483178113830e-01 3.808793969849e-04 2.514084020114e-01 3.808793969849e-04 3.467383222429e-01
3.832160804020e-04 2.547402837950e-01 3.832160804020e-04 1.483156146266e-01 3.832160804020e-04 2.514175329611e-01 3.832160804020e-04 3.466942302306e-01
3.855527638191e-04 2.547223907245e-01 3.855527638191e-04 1.483136887658e-01 3.855527638191e-04 2.514257555881e-01 3.855527638191e-04 3.466458133622e-01
3.878894472362e-04 2.547069592722e-01 3.878894472362e-04 1.483120004041e-01 3.878894472362e-04 2.514331598904e-01 3.878894472362e-04 3.465932977067e-01
3.902261306533e-04 2.546936334419e-01 3.902261306533e-04 1.483105202598e-01 3.902261306533e-04 2.514398270172e-01 3.902261306533e-04 3.465369071949e-01
3.925628140704e-04 2.546821093858e-01 3.925628140704e-04 1.483092226602e-01 3.925628140704e-04 2.514458301255e-01 3.925628140704e-04 3.464768631259e-01
3.948994974874e-04 2.546721280767e-01 3.948994974874e-04 1.483080850962e-01 3.948994974874e-04 2.514512351573e-01 3.948994974874e-04 3.464133837123e-01
3.972361809045e-04 2.546634688597e-01 3.972361809045e-04 1.483070878338e-01 3.972361809045e-04 2.514561015423e-01 3.972361809045e-04 3.463466836633e-01
3.995728643216e-04 2.546559438314e-01 3.995728643216e-04 1.483062135711e-01 3.995728643216e-04 2.514604828343e-01 3.995728643216e-04 3.462769738056e-01
4.019095477387e-04 2.546493929798e-01 4.019095477387e-04 1.483054471398e-01 4.019095477387e-04 2.514644272864e-01 4.019095477387e-04 3.462044607409e-01
4.042462311558e-04 2.546436800056e-01 4.042462311558e-04 1.483047752413e-01 4.042462311558e-04 2.514679783716e-01 4.042462311558e-04 3.461293465390e-01
4.065829145729e-04 2.546386887465e-01 4.065829145729e-04 1.483041862170e-01 4.065829145729e-04 2.514711752518e-01 4.065829145729e-04 3.460518284653e-01
4.089195979899e-04 2.546343201280e-01 4.089195979899e-04 1.483036698457e-01 4.089195979899e-04 2.514740532031e-01 4.089195979899e-04 3.459720987419e-01
4.112562814070e-04 2.546304895708e-01 4.112562814070e-04 1.483032171668e-01 4.112562814070e-04 2.514766439988e-01 4.112562814070e-04 3.458903443401e-01
4.135929648241e-04 2.546271247906e-01 4.135929648241e-04 1.483028203245e-01 4.135929648241e-04 2.514789762548e-01 4.135929648241e-04 3.458067468048e-01
4.159296482412e-04 2.546241639337e-01 4.159296482412e-04 1.483024724321e-01 4.159296482412e-04 2.514810757425e-01 4.159296482412e-04 3.457214821066e-01
4.182663316583e-04 2.546215539998e-01 4.182663316583e-04 1.483021674518e-01 4.182663316583e-04 2.514829656695e-01 4.182663316583e-04 3.456347205229e-01
4.206030150754e-04 2.546192495070e-01 4.206030150754e-04 1.483019000908e-01 4.206030150754e-04 2.514846669343e-01 4.206030150754e-04 3.455466265445e-01
4.229396984925e-04 2.546172113644e-01 4.229396984925e-04 1.483016657089e-01 4.229396984925e-04 2.514861983547e-01 4.229396984925e-04 3.454573588074e-01
4.252763819095e-04 2.546154059176e-01 4.252763819095e-04 1.483014602382e-01 4.252763819095e-04 2.514875768746e-01 4.252763819095e-04 3.453670700475e-01
4.276130653266e-04 2.546138041432e-01 4.276130653266e-04 1.483012801127e-01 4.276130653266e-04 2.514888177497e-01 4.276130653266e-04 3.452759070775e-01
4.299497487437e-04 2.546123809668e-01 4.299497487437e-04 1.483011222060e-01 4.299497487437e-04 2.514899347158e-01 4.299497487437e-04 3.451840107831e-01
4.322864321608e-04 2.546111146860e-01 4.322864321608e-04 1.483009837775e-01 4.322864321608e-04 2.514909401392e-01 4.322864321608e-04 3.450915161393e-01
4.346231155779e-04 2.546099864816e-01 4.346231155779e-04 1.483008624245e-01 4.346231155779e-04 2.514918451536e-01 4.346231155779e-04 3.449985522425e-01
4.369597989950e-04 2.546089800046e-01 4.369597989950e-04 1.483007560408e-01 4.369597989950e-04 2.514926597821e-01 4.369597989950e-04 3.449052423597e-01
4.392964824121e-04 2.546080810239e-01 4.392964824121e-04 1.483006627799e-01 4.392964824121e-04 2.514933930482e-01 4.392964824121e-04 3.448117039911e-01
4.416331658291e-04 2.546072771294e-01 4.416331658291e-04 1.483005810231e-01 4.416331658291e-04 2.514940530754e-01 4.416331658291e-04 3.447180489470e-01
4.439698492462e-04 2.546065574775e-01 4.439698492462e-04 1.483005093512e-01 4.439698492462e-04 2.514946471765e-01 4.439698492462e-04 3.446243834357e-01
4.463065326633e-04 2.546059125762e-01 4.463065326633e-04 1.483004465204e-01 4.463065326633e-04 2.514951819345e-01 4.463065326633e-04 3.445308081621e-01
4.486432160804e-04 2.546053341007e-01 4.486432160804e-04 1.483003914400e-01 4.486432160804e-04 2.514956632756e-01 4.486432160804e-04 3.444374184362e-01
4.509798994975e-04 2.546048147369e-01 4.509798994975e-04 1.483003431540e-01 4.509798994975e-04 2.514960965342e-01 4.509798994975e-04 3.443443042896e-01
4.533165829146e-04 2.546043480467e-01 4.533165829146e-04 1.483003008243e-01 4.533165829146e-04 2.514964865126e-01 4.533165829146e-04 3.442515505991e-01
4.556532663317e-04 2.546039283535e-01 4.556532663317e-04 1.483002637162e-01 4.556532663317e-04 2.514968375334e-01 4.556532663317e-04 3.441592372170e-01
4.579899497487e-04 2.546035506434e-01 4.579899497487e-04 1.483002311855e-01 4.579899497487e-04 2.514971534876e-01 4.579899497487e-04 3.440674391064e-01
4.603266331658e-04 2.546032104806e-01 4.603266331658e-04 1.483002026676e-01 4.603266331658e-04 2.514974378779e-01 4.603266331658e-04 3.439762264808e-01
4.626633165829e-04 2.546029039346e-01 4.626633165829e-04 1.483001776675e-01 4.626633165829e-04 2.514976938571e-01 4.626633165829e-04 3.438856649474e-01
4.650000000000e-04 2.546026275170e-01 4.650000000000e-04 1.483001557514e-01 4.650000000000e-04 2.514979242631e-01 4.650000000000e-04 3.437958156530e-01
