0.000000000000e+00 1.991500000000e-01 0.000000000000e+00 1.936000000188e-01 0.000000000000e+00 2.966000000000e-01 0.000000000000e+00 3.058500000000e-01
2.160804020101e-06 1.991500000000e-01 2.160804020101e-06 1.936000000235e-01 2.160804020101e-06 2.965999999999e-01 2.160804020101e-06 3.058500000000e-01
4.321608040201e-06 1.991500000000e-01 4.321608040201e-06 1.936000000293e-01 4.321608040201e-06 2.965999999999e-01 4.321608040201e-06 3.058500000000e-01
6.482412060302e-06 1.991500000000e-01 6.482412060302e-06 1.936000000365e-01 6.482412060302e-06 2.965999999999e-01 6.482412060302e-06 3.058500000000e-01
8.643216080402e-06 1.991500000000e-01 8.643216080402e-06 1.936000000456e-01 8.643216080402e-06 2.965999999999e-01 8.643216080402e-06 3.058500000000e-01
1.080402010050e-05 1.991500000000e-01 1.080402010050e-05 1.936000000568e-01 1.080402010050e-05 2.965999999998e-01 1.080402010050e-05 3.058500000000e-01
1.296482412060e-05 1.991500000000e-01 1.296482412060e-05 1.936000000709e-01 1.296482412060e-05 2.965999999998e-01 1.296482412060e-05 3.058500000000e-01
1.512562814070e-05 1.991500000000e-01 1.512562814070e-05 1.936000000884e-01 1.512562814070e-05 2.965999999997e-01 1.512562814070e-05 3.058500000000e-01
1.728643216080e-05 1.991500000000e-01 1.728643216080e-05 1.936000001102e-01 1.728643216080e-05 2.965999999996e-01 1.728643216080e-05 3.058500000000e-01
1.944723618090e-05 1.991500000000e-01 1.944723618090e-05 1.936000001375e-01 1.944723618090e-05 2.965999999995e-01 1.944723618090e-05 3.058500000000e-01
2.160804020101e-05 1.991500000000e-01 2.160804020101e-05 1.936000001714e-01 2.160804020101e-05 2.965999999993e-01 2.160804020101e-05 3.058500000000e-01
2.376884422111e-05 1.991500000000e-01 2.376884422111e-05 1.936000002138e-01 2.376884422111e-05 2.965999999991e-01 2.376884422111e-05 3.058500000000e-01
2.592964824121e-05 1.991500000000e-01 2.592964824121e-05 1.936000002666e-01 2.592964824121e-05 2.965999999988e-01 2.592964824121e-05 3.058500000000e-01
2.809045226131e-05 1.991500000000e-01 2.809045226131e-05 1.936000003325e-01 2.809045226131e-05 2.965999999984e-01 2.809045226131e-05 3.058500000000e-01
3.025125628141e-05 1.991500000000e-01 3.025125628141e-05 1.936000004147e-01 3.025125628141e-05 2.965999999979e-01 3.025125628141e-05 3.058500000000e-01
3.241206030151e-05 1.991500000000e-01 3.241206030151e-05 1.936000005172e-01 3.241206030151e-05 2.965999999972e-01 3.241206030151e-05 3.058500000000e-01
3.457286432161e-05 1.991500000000e-01 3.457286432161e-05 1.936000006451e-01 3.457286432161e-05 2.965999999962e-01 3.457286432161e-05 3.058500000000e-01
3.673366834171e-05 1.991500000000e-01 3.673366834171e-05 1.936000008045e-01 3.673366834171e-05 2.965999999950e-01 3.673366834171e-05 3.058500000000e-01
3.889447236181e-05 1.991500000000e-01 3.889447236181e-05 1.936000010033e-01 3.889447236181e-05 2.965999999933e-01 3.889447236181e-05 3.058500000000e-01
4.105527638191e-05 1.991500000000e-01 4.105527638191e-05 1.936000012513e-01 4.105527638191e-05 2.965999999912e-01 4.105527638191e-05 3.058500000000e-01
4.321608040201e-05 1.991500000000e-01 4.321608040201e-05 1.936000015605e-01 4.321608040201e-05 2.965999999883e-01 4.321608040201e-05 3.058500000000e-01
4.537688442211e-05 1.991500000000e-01 4.537688442211e-05 1.936000019463e-01 4.537688442211e-05 2.965999999844e-01 4.537688442211e-05 3.058500000000e-01
4.753768844221e-05 1.991500000000e-01 4.753768844221e-05 1.936000024273e-01 4.753768844221e-05 2.965999999794e-01 4.753768844221e-05 3.058500000000e-01
4.969849246231e-05 1.991500000000e-01 4.969849246231e-05 1.936000030273e-01 4.969849246231e-05 2.965999999726e-01 4.969849246231e-05 3.058500000000e-01
5.185929648241e-05 1.991500000000e-01 5.185929648241e-05 1.936000037755e-01 5.185929648241e-05 2.965999999637e-01 5.185929648241e-05 3.058500000000e-01
5.402010050251e-05 1.991500000000e-01 5.402010050251e-05 1.936000047087e-01 5.402010050251e-05 2.965999999518e-01 5.402010050251e-05 3.058500000000e-01
5.618090452261e-05 1.991500000000e-01 5.618090452261e-05 1.936000058726e-01 5.618090452261e-05 2.965999999360e-01 5.618090452261e-05 3.058500000000e-01
5.834170854271e-05 1.991500000000e-01 5.834170854271e-05 1.936000073243e-01 5.834170854271e-05 2.965999999151e-01 5.834170854271e-05 3.058500000000e-01
6.050251256281e-05 1.991500000000e-01 6.050251256281e-05 1.936000091348e-01 6.050251256281e-05 2.965999998874e-01 6.050251256281e-05 3.058500000000e-01
6.266331658291e-05 1.991500000000e-01 6.266331658291e-05 1.936000113929e-01 6.266331658291e-05 2.965999998505e-01 6.266331658291e-05 3.058500000000e-01
6.482412060302e-05 1.991500000000e-01 6.482412060302e-05 1.936000142094e-01 6.482412060302e-05 2.965999998017e-01 6.482412060302e-05 3.058500000000e-01
6.698492462312e-05 1.991500000000e-01 6.698492462312e-05 1.936000177223e-01 6.698492462312e-05 2.965999997368e-01 6.698492462312e-05 3.058500000000e-01
6.914572864322e-05 1.991500000000e-01 6.914572864322e-05 1.936000221039e-01 6.914572864322e-05 2.965999996508e-01 6.914572864322e-05 3.058500000000e-01
7.130653266332e-05 1.991500000000e-01 7.130653266332e-05 1.936000275690e-01 7.130653266332e-05 2.965999995367e-01 7.130653266332e-05 3.058500000000e-01
7.346733668342e-05 1.991500000000e-01 7.346733668342e-05 1.936000343859e-01 7.346733668342e-05 2.965999993852e-01 7.346733668342e-05 3.058500000000e-01
7.562814070352e-05 1.991500000000e-01 7.562814070352e-05 1.936000428890e-01 7.562814070352e-05 2.965999991842e-01 7.562814070352e-05 3.058500000000e-01
7.778894472362e-05 1.991500000000e-01 7.778894472362e-05 1.936000534956e-01 7.778894472362e-05 2.965999989175e-01 7.778894472362e-05 3.058500000000e-01
7.994974874372e-05 1.991500000000e-01 7.994974874372e-05 1.936000667267e-01 7.994974874372e-05 2.965999985636e-01 7.994974874372e-05 3.058500000000e-01
8.211055276382e-05 1.991500000000e-01 8.211055276382e-05 1.936000832322e-01 8.211055276382e-05 2.965999980941e-01 8.211055276382e-05 3.058500000000e-01
8.427135678392e-05 1.991500000000e-01 8.427135678392e-05 1.936001038231e-01 8.427135678392e-05 2.965999974710e-01 8.427135678392e-05 3.058500000000e-01
8.643216080402e-05 1.991500000000e-01 8.643216080402e-05 1.936001295120e-01 8.643216080402e-05 2.965999966443e-01 8.643216080402e-05 3.058500000000e-01
8.859296482412e-05 1.991500000000e-01 8.859296482412e-05 1.936001615628e-01 8.859296482412e-05 2.965999955473e-01 8.859296482412e-05 3.058500000000e-01
9.075376884422e-05 1.991500000000e-01 9.075376884422e-05 1.936002015535e-01 9.075376884422e-05 2.965999940917e-01 9.075376884422e-05 3.058500000000e-01
9.291457286432e-05 1.991500000000e-01 9.291457286432e-05 1.936002514544e-01 9.291457286432e-05 2.965999921602e-01 9.291457286432e-05 3.058500000000e-01
9.507537688442e-05 1.991500000000e-01 9.507537688442e-05 1.936003137267e-01 9.507537688442e-05 2.965999895973e-01 9.507537688442e-05 3.058500000000e-01
9.723618090452e-05 1.991500000000e-01 9.723618090452e-05 1.936003914447e-01 9.723618090452e-05 2.965999861965e-01 9.723618090452e-05 3.058500000000e-01
9.939698492462e-05 1.991500000000e-01 9.939698492462e-05 1.936004884499e-01 9.939698492462e-05 2.965999816839e-01 9.939698492462e-05 3.058500000000e-01
1.015577889447e-04 1.991500000000e-01 1.015577889447e-04 1.936006095441e-01 1.015577889447e-04 2.965999756958e-01 1.015577889447e-04 3.058500000000e-01
1.037185929648e-04 1.991500000000e-01 1.037185929648e-04 1.936007607306e-01 1.037185929648e-04 2.965999677500e-01 1.037185929648e-04 3.058500000000e-01
1.058793969849e-04 1.991500000000e-01 1.058793969849e-04 1.936009495186e-01 1.058793969849e-04 2.965999572061e-01 1.058793969849e-04 3.058500000000e-01
1.080402010050e-04 1.991500000000e-01 1.080402010050e-04 1.936011853045e-01 1.080402010050e-04 2.965999432145e-01 1.080402010050e-04 3.058500000000e-01
1.102010050251e-04 1.991500000000e-01 1.102010050251e-04 1.936014798521e-01 1.102010050251e-04 2.965999246476e-01 1.102010050251e-04 3.058500000000e-01
1.123618090452e-04 1.991500000000e-01 1.123618090452e-04 1.936018478974e-01 1.123618090452e-04 2.965999000087e-01 1.123618090452e-04 3.058500000000e-01
1.145226130653e-04 1.991500000000e-01 1.145226130653e-04 1.936023079113e-01 1.145226130653e-04 2.965998673113e-01 1.145226130653e-04 3.058500000000e-01
1.166834170854e-04 1.991500000000e-01 1.166834170854e-04 1.936028830637e-01 1.166834170854e-04 2.965998239184e-01 1.166834170854e-04 3.058500000000e-01
1.188442211055e-04 1.991500000000e-01 1.188442211055e-04 1.936036024429e-01 1.188442211055e-04 2.965997663294e-01 1.188442211055e-04 3.058500000000e-01
1.210050251256e-04 1.991500000000e-01 1.210050251256e-04 1.936045026018e-01 1.210050251256e-04 2.965996898963e-01 1.210050251256e-04 3.058500000000e-01
1.231658291457e-04 1.991500000000e-01 1.231658291457e-04 1.936056295238e-01 1.231658291457e-04 2.965995884473e-01 1.231658291457e-04 3.058500000000e-01
1.253266331658e-04 1.991500000000e-01 1.253266331658e-04 1.936070411252e-01 1.253266331658e-04 2.965994537853e-01 1.253266331658e-04 3.058500000000e-01
1.274874371859e-04 1.991500000000e-01 1.274874371859e-04 1.936088104531e-01 1.274874371859e-04 2.965992750210e-01 1.274874371859e-04 3.058500000000e-01
1.296482412060e-04 1.991500000000e-01 1.296482412060e-04 1.936110297799e-01 1.296482412060e-04 2.965990376848e-01 1.296482412060e-04 3.058500000000e-01
1.318090452261e-04 1.991500000000e-01 1.318090452261e-04 1.936138158659e-01 1.318090452261e-04 2.965987225427e-01 1.318090452261e-04 3.058500000000e-01
1.339698492462e-04 1.991500000000e-01 1.339698492462e-04 1.936173167434e-01 1.339698492462e-04 2.965983040176e-01 1.339698492462e-04 3.058500000000e-01
1.361306532663e-04 1.991500000000e-01 1.361306532663e-04 1.936217204969e-01 1.361306532663e-04 2.965977480787e-01 1.361306532663e-04 3.058500000000e-01
1.382914572864e-04 1.991500000000e-01 1.382914572864e-04 1.936272666688e-01 1.382914572864e-04 2.965970094191e-01 1.382914572864e-04 3.058500000000e-01
1.404522613065e-04 1.991500000000e-01 1.404522613065e-04 1.936342611394e-01 1.404522613065e-04 2.965960276717e-01 1.404522613065e-04 3.058500000000e-01
1.426130653266e-04 1.991500000000e-01 1.426130653266e-04 1.936430956211e-01 1.426130653266e-04 2.965947223248e-01 1.426130653266e-04 3.058500000000e-01
1.447738693467e-04 1.991500000000e-01 1.447738693467e-04 1.936542733141e-01 1.447738693467e-04 2.965929858727e-01 1.447738693467e-04 3.058500000000e-01
1.469346733668e-04 1.991500000000e-01 1.469346733668e-04 1.936684428239e-01 1.469346733668e-04 2.965906745554e-01 1.469346733668e-04 3.058500000000e-01
1.490954773869e-04 1.991500000000e-01 1.490954773869e-04 1.936864432108e-01 1.490954773869e-04 2.965875957919e-01 1.490954773869e-04 3.058500000000e-01
1.512562814070e-04 1.991500000000e-01 1.512562814070e-04 1.937093640992e-01 1.512562814070e-04 2.965834910441e-01 1.512562814070e-04 3.058500000000e-01
1.534170854271e-04 1.991500000000e-01 1.534170854271e-04 1.937386262453e-01 1.534170854271e-04 2.965780123213e-01 1.534170854271e-04 3.058500000000e-01
1.555778894472e-04 1.991500000000e-01 1.555778894472e-04 1.937760899923e-01 1.555778894472e-04 2.965706897605e-01 1.555778894472e-04 3.058500000000e-01
1.577386934673e-04 1.991500000000e-01 1.577386934673e-04 1.938242018543e-01 1.577386934673e-04 2.965608865650e-01 1.577386934673e-04 3.058500000000e-01
1.598994974874e-04 1.991500000000e-01 1.598994974874e-04 1.938861933426e-01 1.598994974874e-04 2.965477358580e-01 1.598994974874e-04 3.058500000000e-01
1.620603015075e-04 1.991500000000e-01 1.620603015075e-04 1.939663514515e-01 1.620603015075e-04 2.965300513884e-01 1.620603015075e-04 3.058500000000e-01
1.642211055276e-04 1.991500000000e-01 1.642211055276e-04 1.940703873983e-01 1.642211055276e-04 2.965062000168e-01 1.642211055276e-04 3.058500000000e-01
1.663819095477e-04 1.991500000000e-01 1.663819095477e-04 1.942059397527e-01 1.663819095477e-04 2.964739177243e-01 1.663819095477e-04 3.058500000000e-01
1.685427135678e-04 1.991500000000e-01 1.685427135678e-04 1.943832603758e-01 1.685427135678e-04 2.964300412655e-01 1.685427135678e-04 3.058500000000e-01
1.707035175879e-04 1.991500000000e-01 1.707035175879e-04 1.946161465741e-01 1.707035175879e-04 2.963701125735e-01 1.707035175879e-04 3.058500000000e-01
1.728643216080e-04 1.991500000000e-01 1.728643216080e-04 1.949231993169e-01 1.728643216080e-04 2.962877895268e-01 1.728643216080e-04 3.058500000000e-01
1.750251256281e-04 1.991500000000e-01 1.750251256281e-04 1.953295012314e-01 1.750251256281e-04 2.961739600230e-01 1.750251256281e-04 3.058500000000e-01
1.771859296482e-04 1.991500000000e-01 1.771859296482e-04 1.958688095357e-01 1.771859296482e-04 2.960153996096e-01 1.771859296482e-04 3.058500000000e-01
1.793467336683e-04 1.991500000000e-01 1.793467336683e-04 1.965863268279e-01 1.793467336683e-04 2.957927270869e-01 1.793467336683e-04 3.058500000000e-01
1.815075376884e-04 1.991500000000e-01 1.815075376884e-04 1.975420053910e-01 1.815075376884e-04 2.954772880447e-01 1.815075376884e-04 3.058500000000e-01
1.836683417085e-04 1.991500000000e-01 1.836683417085e-04 1.988140861123e-01 1.836683417085e-04 2.950264316942e-01 1.836683417085e-04 3.058500000000e-01
1.858291457286e-04 1.991500000000e-01 1.858291457286e-04 2.005020639007e-01 1.858291457286e-04 2.943764742783e-01 1.858291457286e-04 3.058500000000e-01
1.879899497487e-04 1.991500000000e-01 1.879899497487e-04 2.027273951849e-01 1.879899497487e-04 2.934326002708e-01 1.879899497487e-04 3.058500000000e-01
1.901507537688e-04 1.991500000000e-01 1.901507537688e-04 2.056290285187e-01 1.901507537688e-04 2.920554474370e-01 1.901507537688e-04 3.058500000000e-01
1.923115577889e-04 1.991500000000e-01 1.923115577889e-04 2.093496840181e-01 1.923115577889e-04 2.900461345890e-01 1.923115577889e-04 3.058500000000e-01
1.944723618090e-04 1.991500000000e-01 1.944723618090e-04 2.140090572479e-01 1.944723618090e-04 2.871368580527e-01 1.944723618090e-04 3.058500000000e-01
1.966331658291e-04 1.991500000000e-01 1.966331658291e-04 2.196640771383e-01 1.966331658291e-04 2.830047476335e-01 1.966331658291e-04 3.058500000000e-01
1.987939698492e-04 1.991500000000e-01 1.987939698492e-04 2.262656334466e-01 1.987939698492e-04 2.773390801525e-01 1.987939698492e-04 3.058500000000e-01
2.009547738693e-04 1.991500000000e-01 2.009547738693e-04 2.336325344411e-01 2.009547738693e-04 2.699856870281e-01 2.009547738693e-04 3.058500000000e-01
2.031155778894e-04 1.991500000000e-01 2.031155778894e-04 2.414658262780e-01 2.031155778894e-04 2.611296098933e-01 2.031155778894e-04 3.058500000000e-01
2.052763819095e-04 1.991500000000e-01 2.052763819095e-04 2.494091864517e-01 2.052763819095e-04 2.513694922625e-01 2.052763819095e-04 3.058500000000e-01
2.074371859296e-04 1.991500000000e-01 2.074371859296e-04 2.571310994961e-01 2.074371859296e-04 2.415396125752e-01 2.074371859296e-04 3.058500000000e-01
2.095979899497e-04 1.991500000000e-01 2.095979899497e-04 2.643886897158e-01 2.095979899497e-04 2.323664736887e-01 2.095979899497e-04 3.058500000000e-01
2.117587939698e-04 1.991500000000e-01 2.117587939698e-04 2.710479920782e-01 2.117587939698e-04 2.242403366775e-01 2.117587939698e-04 3.058500000000e-01
2.139195979899e-04 1.991500000000e-01 2.139195979899e-04 2.770653556746e-01 2.139195979899e-04 2.172356435896e-01 2.139195979899e-04 3.058500000000e-01
2.160804020101e-04 1.991500000000e-01 2.160804020101e-04 2.824524765236e-01 2.160804020101e-04 2.112621801459e-01 2.160804020101e-04 3.058500000000e-01
2.182412060302e-04 1.991500000000e-01 2.182412060302e-04 2.872452623449e-01 2.182412060302e-04 2.061922652910e-01 2.182412060302e-04 3.058500000000e-01
2.204020100503e-04 1.991500000000e-01 2.204020100503e-04 2.914850810202e-01 2.204020100503e-04 2.019148967932e-01 2.204020100503e-04 3.058500000000e-01
2.225628140704e-04 1.991500000000e-01 2.225628140704e-04 2.952114464262e-01 2.225628140704e-04 1.983408575791e-01 2.225628140704e-04 3.058500000000e-01
2.247236180905e-04 1.991500000000e-01 2.247236180905e-04 2.984614551759e-01 2.247236180905e-04 1.953920241105e-01 2.247236180905e-04 3.058500000000e-01
2.268844221106e-04 1.991500000000e-01 2.268844221106e-04 3.012716066152e-01 2.268844221106e-04 1.929926576860e-01 2.268844221106e-04 3.058500000000e-01
2.290452261307e-04 1.991500000000e-01 2.290452261307e-04 3.036794219496e-01 2.290452261307e-04 1.910668386580e-01 2.290452261307e-04 3.058500000000e-01
2.312060301508e-04 1.991500000000e-01 2.312060301508e-04 3.057239381536e-01 2.312060301508e-04 1.895401426711e-01 2.312060301508e-04 3.058500000000e-01
2.333668341709e-04 1.991500000000e-01 2.333668341709e-04 3.074451522409e-01 2.333668341709e-04 1.883427005378e-01 2.333668341709e-04 3.058500000000e-01
2.355276381910e-04 1.991500000000e-01 2.355276381910e-04 3.088828764280e-01 2.355276381910e-04 1.874117847655e-01 2.355276381910e-04 3.058500000000e-01
2.376884422111e-04 1.991500000000e-01 2.376884422111e-04 3.100754703921e-01 2.376884422111e-04 1.866932305500e-01 2.376884422111e-04 3.058500000000e-01
2.398492462312e-04 1.991500000000e-01 2.398492462312e-04 3.110587648527e-01 2.398492462312e-04 1.861417266849e-01 2.398492462312e-04 3.058500000000e-01
2.420100502513e-04 1.991500000000e-01 2.420100502513e-04 3.118653208038e-01 2.420100502513e-04 1.857203036665e-01 2.420100502513e-04 3.058500000000e-01
2.441708542714e-04 1.991500000000e-01 2.441708542714e-04 3.125240424942e-01 2.441708542714e-04 1.853993757669e-01 2.441708542714e-04 3.058500000000e-01
2.463316582915e-04 1.991500000000e-01 2.463316582915e-04 3.130600912802e-01 2.463316582915e-04 1.851556144614e-01 2.463316582915e-04 3.058500000000e-01
2.484924623116e-04 1.991500000000e-01 2.484924623116e-04 3.134950205014e-01 2.484924623116e-04 1.849708311948e-01 2.484924623116e-04 3.058500000000e-01
2.506532663317e-04 1.991500000000e-01 2.506532663317e-04 3.138470518045e-01 2.506532663317e-04 1.848309653542e-01 2.506532663317e-04 3.058500000000e-01
2.528140703518e-04 1.991500000000e-01 2.528140703518e-04 3.141314267591e-01 2.528140703518e-04 1.847252171314e-01 2.528140703518e-04 3.058500000000e-01
2.549748743719e-04 1.991500000000e-01 2.549748743719e-04 3.143607848994e-01 2.549748743719e-04 1.846453313443e-01 2.549748743719e-04 3.058500000000e-01
2.571356783920e-04 1.991500000000e-01 2.571356783920e-04 3.145455355286e-01 2.571356783920e-04 1.845850207349e-01 2.571356783920e-04 3.058500000000e-01
2.592964824121e-04 1.991500000000e-01 2.592964824121e-04 3.146942036836e-01 2.592964824121e-04 1.845395098287e-01 2.592964824121e-04 3.058500000000e-01
2.614572864322e-04 1.991500000000e-01 2.614572864322e-04 3.148137402031e-01 2.614572864322e-04 1.845051787720e-01 2.614572864322e-04 3.058500000000e-01
2.636180904523e-04 1.991500000000e-01 2.636180904523e-04 3.149097923034e-01 2.636180904523e-04 1.844792878262e-01 2.636180904523e-04 3.058500000000e-01
2.657788944724e-04 1.991500000000e-01 2.657788944724e-04 3.149869350995e-01 2.657788944724e-04 1.844597657105e-01 2.657788944724e-04 3.058500000000e-01
2.679396984925e-04 1.991500000000e-01 2.679396984925e-04 3.150488668092e-01 2.679396984925e-04 1.844450478137e-01 2.679396984925e-04 3.058500000000e-01
2.701005025126e-04 1.991500000000e-01 2.701005025126e-04 3.150985714978e-01 2.701005025126e-04 1.844339529852e-01 2.701005025126e-04 3.058500000000e-01
2.722613065327e-04 1.991500000000e-01 2.722613065327e-04 3.151384535920e-01 2.722613065327e-04 1.844255899620e-01 2.722613065327e-04 3.058500000000e-01
2.744221105528e-04 1.991500000000e-01 2.744221105528e-04 3.151704483169e-01 2.744221105528e-04 1.844192864493e-01 2.744221105528e-04 3.058500000000e-01
2.765829145729e-04 1.991500000000e-01 2.765829145729e-04 3.151961118933e-01 2.765829145729e-04 1.844145354493e-01 2.765829145729e-04 3.058500000000e-01
2.787437185930e-04 1.991500000000e-01 2.787437185930e-04 3.152166949053e-01 2.787437185930e-04 1.844109546892e-01 2.787437185930e-04 3.058500000000e-01
2.809045226131e-04 1.991500000000e-01 2.809045226131e-04 3.152332017872e-01 2.809045226131e-04 1.844082559762e-01 2.809045226131e-04 3.058500000000e-01
2.830653266332e-04 1.991500000000e-01 2.830653266332e-04 3.152464389351e-01 2.830653266332e-04 1.844062220652e-01 2.830653266332e-04 3.058500000000e-01
2.852261306533e-04 1.991500000000e-01 2.852261306533e-04 3.152570535434e-01 2.852261306533e-04 1.844046892042e-01 2.852261306533e-04 3.058500000000e-01
2.873869346734e-04 1.991500000000e-01 2.873869346734e-04 3.152655649049e-01 2.873869346734e-04 1.844035339686e-01 2.873869346734e-04 3.058500000000e-01
2.895477386935e-04 1.991500000000e-01 2.895477386935e-04 3.152723896074e-01 2.895477386935e-04 1.844026633335e-01 2.895477386935e-04 3.058500000000e-01
2.917085427136e-04 1.991500000000e-01 2.917085427136e-04 3.152778617971e-01 2.917085427136e-04 1.844020071876e-01 2.917085427136e-04 3.058500000000e-01
2.938693467337e-04 1.991500000000e-01 2.938693467337e-04 3.152822494644e-01 2.938693467337e-04 1.844015126906e-01 2.938693467337e-04 3.058500000000e-01
2.960301507538e-04 1.991500000000e-01 2.960301507538e-04 3.152857675236e-01 2.960301507538e-04 1.844011400190e-01 2.960301507538e-04 3.058500000000e-01
2.981909547739e-04 1.991500000000e-01 2.981909547739e-04 3.152885883139e-01 2.981909547739e-04 1.844008591599e-01 2.981909547739e-04 3.058500000000e-01
3.003517587940e-04 1.991500000000e-01 3.003517587940e-04 3.152908500277e-01 3.003517587940e-04 1.844006474943e-01 3.003517587940e-04 3.058500000000e-01
3.025125628141e-04 1.991500000000e-01 3.025125628141e-04 3.152926634728e-01 3.025125628141e-04 1.844004879753e-01 3.025125628141e-04 3.058500000000e-01
3.046733668342e-04 1.991500000000e-01 3.046733668342e-04 3.152941174966e-01 3.046733668342e-04 1.844003677560e-01 3.046733668342e-04 3.058500000000e-01
3.068341708543e-04 1.991500000000e-01 3.068341708543e-04 3.152952833375e-01 3.068341708543e-04 1.844002771544e-01 3.068341708543e-04 3.058500000000e-01
3.089949748744e-04 1.991500000000e-01 3.089949748744e-04 3.152962181146e-01 3.089949748744e-04 1.844002088737e-01 3.089949748744e-04 3.058500000000e-01
3.111557788945e-04 1.991500000000e-01 3.111557788945e-04 3.152969676252e-01 3.111557788945e-04 1.844001574149e-01 3.111557788945e-04 3.058500000000e-01
3.133165829146e-04 1.991500000000e-01 3.133165829146e-04 3.152975685895e-01 3.133165829146e-04 1.844001186337e-01 3.133165829146e-04 3.058500000000e-01
3.154773869347e-04 1.991500000000e-01 3.154773869347e-04 3.152980504492e-01 3.154773869347e-04 1.844000894067e-01 3.154773869347e-04 3.058500000000e-01
3.176381909548e-04 1.991500000000e-01 3.176381909548e-04 3.152984368105e-01 3.176381909548e-04 1.844000673802e-01 3.176381909548e-04 3.058500000000e-01
3.197989949749e-04 1.991500000000e-01 3.197989949749e-04 3.152987466007e-01 3.197989949749e-04 1.844000507802e-01 3.197989949749e-04 3.058500000000e-01
3.219597989950e-04 1.991500000000e-01 3.219597989950e-04 3.152989949957e-01 3.219597989950e-04 1.844000382698e-01 3.219597989950e-04 3.058500000000e-01
3.241206030151e-04 1.991500000000e-01 3.241206030151e-04 3.152991941634e-01 3.241206030151e-04 1.844000288416e-01 3.241206030151e-04 3.058500000000e-01
3.262814070352e-04 1.991500000000e-01 3.262814070352e-04 3.152993538599e-01 3.262814070352e-04 1.844000217361e-01 3.262814070352e-04 3.058500000000e-01
3.284422110553e-04 1.991500000000e-01 3.284422110553e-04 3.152994819081e-01 3.284422110553e-04 1.844000163811e-01 3.284422110553e-04 3.058500000000e-01
3.306030150754e-04 1.991500000000e-01 3.306030150754e-04 3.152995845800e-01 3.306030150754e-04 1.844000123454e-01 3.306030150754e-04 3.058500000000e-01
3.327638190955e-04 1.991500000000e-01 3.327638190955e-04 3.152996669048e-01 3.327638190955e-04 1.844000093040e-01 3.327638190955e-04 3.058500000000e-01
3.349246231156e-04 1.991500000000e-01 3.349246231156e-04 3.152997329148e-01 3.349246231156e-04 1.844000070118e-01 3.349246231156e-04 3.058500000000e-01
3.370854271357e-04 1.991500000000e-01 3.370854271357e-04 3.152997858434e-01 3.370854271357e-04 1.844000052844e-01 3.370854271357e-04 3.058500000000e-01
3.392462311558e-04 1.991500000000e-01 3.392462311558e-04 3.152998282829e-01 3.392462311558e-04 1.844000039825e-01 3.392462311558e-04 3.058500000000e-01
3.414070351759e-04 1.991500000000e-01 3.414070351759e-04 3.152998623121e-01 3.414070351759e-04 1.844000030014e-01 3.414070351759e-04 3.058500000000e-01
3.435678391960e-04 1.991500000000e-01 3.435678391960e-04 3.152998895977e-01 3.435678391960e-04 1.844000022619e-01 3.435678391960e-04 3.058500000000e-01
3.457286432161e-04 1.991500000000e-01 3.457286432161e-04 3.152999114761e-01 3.457286432161e-04 1.844000017047e-01 3.457286432161e-04 3.058500000000e-01
3.478894472362e-04 1.991500000000e-01 3.478894472362e-04 3.152999290188e-01 3.478894472362e-04 1.844000012847e-01 3.478894472362e-04 3.058500000000e-01
3.500502512563e-04 1.991500000000e-01 3.500502512563e-04 3.152999430850e-01 3.500502512563e-04 1.844000009682e-01 3.500502512563e-04 3.058500000000e-01
3.522110552764e-04 1.991500000000e-01 3.522110552764e-04 3.152999543638e-01 3.522110552764e-04 1.844000007297e-01 3.522110552764e-04 3.058500000000e-01
3.543718592965e-04 1.991500000000e-01 3.543718592965e-04 3.152999634074e-01 3.543718592965e-04 1.844000005499e-01 3.543718592965e-04 3.058500000000e-01
3.565326633166e-04 1.991500000000e-01 3.565326633166e-04 3.152999706589e-01 3.565326633166e-04 1.844000004144e-01 3.565326633166e-04 3.058500000000e-01
3.586934673367e-04 1.991500000000e-01 3.586934673367e-04 3.152999764734e-01 3.586934673367e-04 1.844000003123e-01 3.586934673367e-04 3.058500000000e-01
3.608542713568e-04 1.991500000000e-01 3.608542713568e-04 3.152999811356e-01 3.608542713568e-04 1.844000002354e-01 3.608542713568e-04 3.058500000000e-01
3.630150753769e-04 1.991500000000e-01 3.630150753769e-04 3.152999848739e-01 3.630150753769e-04 1.844000001774e-01 3.630150753769e-04 3.058500000000e-01
3.651758793970e-04 1.991500000000e-01 3.651758793970e-04 3.152999878714e-01 3.651758793970e-04 1.844000001337e-01 3.651758793970e-04 3.058500000000e-01
3.673366834171e-04 1.991500000000e-01 3.673366834171e-04 3.152999902749e-01 3.673366834171e-04 1.844000001008e-01 3.673366834171e-04 3.058500000000e-01
3.694974874372e-04 1.991500000000e-01 3.694974874372e-04 3.152999922021e-01 3.694974874372e-04 1.844000000759e-01 3.694974874372e-04 3.058500000000e-01
3.716582914573e-04 1.991500000000e-01 3.716582914573e-04 3.152999937474e-01 3.716582914573e-04 1.844000000572e-01 3.716582914573e-04 3.058500000000e-01
3.738190954774e-04 1.991500000000e-01 3.738190954774e-04 3.152999949865e-01 3.738190954774e-04 1.844000000431e-01 3.738190954774e-04 3.058500000000e-01
3.759798994975e-04 1.991500000000e-01 3.759798994975e-04 3.152999959800e-01 3.759798994975e-04 1.844000000325e-01 3.759798994975e-04 3.058500000000e-01
3.781407035176e-04 1.991500000000e-01 3.781407035176e-04 3.152999967766e-01 3.781407035176e-04 1.844000000245e-01 3.781407035176e-04 3.058500000000e-01
3.803015075377e-04 1.991500000000e-01 3.803015075377e-04 3.152999974154e-01 3.803015075377e-04 1.844000000185e-01 3.803015075377e-04 3.058500000000e-01
3.824623115578e-04 1.991500000000e-01 3.824623115578e-04 3.152999979276e-01 3.824623115578e-04 1.844000000139e-01 3.824623115578e-04 3.058500000000e-01
3.846231155779e-04 1.991500000000e-01 3.846231155779e-04 3.152999983383e-01 3.846231155779e-04 1.844000000105e-01 3.846231155779e-04 3.058500000000e-01
3.867839195980e-04 1.991500000000e-01 3.867839195980e-04 3.152999986676e-01 3.867839195980e-04 1.844000000079e-01 3.867839195980e-04 3.058500000000e-01
3.889447236181e-04 1.991500000000e-01 3.889447236181e-04 3.152999989316e-01 3.889447236181e-04 1.844000000060e-01 3.889447236181e-04 3.058500000000e-01
3.911055276382e-04 1.991500000000e-01 3.911055276382e-04 3.152999991433e-01 3.911055276382e-04 1.844000000045e-01 3.911055276382e-04 3.058500000000e-01
3.932663316583e-04 1.991500000000e-01 3.932663316583e-04 3.152999993131e-01 3.932663316583e-04 1.844000000034e-01 3.932663316583e-04 3.058500000000e-01
3.954271356784e-04 1.991500000000e-01 3.954271356784e-04 3.152999994492e-01 3.954271356784e-04 1.844000000025e-01 3.954271356784e-04 3.058500000000e-01
3.975879396985e-04 1.991500000000e-01 3.975879396985e-04 3.152999995584e-01 3.975879396985e-04 1.844000000019e-01 3.975879396985e-04 3.058500000000e-01
3.997487437186e-04 1.991500000000e-01 3.997487437186e-04 3.152999996459e-01 3.997487437186e-04 1.844000000014e-01 3.997487437186e-04 3.058500000000e-01
4.019095477387e-04 1.991500000000e-01 4.019095477387e-04 3.152999997161e-01 4.019095477387e-04 1.844000000011e-01 4.019095477387e-04 3.058500000000e-01
4.040703517588e-04 1.991500000000e-01 4.040703517588e-04 3.152999997723e-01 4.040703517588e-04 1.844000000008e-01 4.040703517588e-04 3.058500000000e-01
4.062311557789e-04 1.991500000000e-01 4.062311557789e-04 3.152999998174e-01 4.062311557789e-04 1.844000000006e-01 4.062311557789e-04 3.058500000000e-01
4.083919597990e-04 1.991500000000e-01 4.083919597990e-04 3.152999998536e-01 4.083919597990e-04 1.844000000005e-01 4.083919597990e-04 3.058500000000e-01
4.105527638191e-04 1.991500000000e-01 4.105527638191e-04 3.152999998826e-01 4.105527638191e-04 1.844000000004e-01 4.105527638191e-04 3.058500000000e-01
4.127135678392e-04 1.991500000000e-01 4.127135678392e-04 3.152999999059e-01 4.127135678392e-04 1.844000000003e-01 4.127135678392e-04 3.058500000000e-01
4.148743718593e-04 1.991500000000e-01 4.148743718593e-04 3.152999999245e-01 4.148743718593e-04 1.844000000002e-01 4.148743718593e-04 3.058500000000e-01
4.170351758794e-04 1.991500000000e-01 4.170351758794e-04 3.152999999395e-01 4.170351758794e-04 1.844000000002e-01 4.170351758794e-04 3.058500000000e-01
4.191959798995e-04 1.991500000000e-01 4.191959798995e-04 3.152999999515e-01 4.191959798995e-04 1.844000000001e-01 4.191959798995e-04 3.058500000000e-01
4.213567839196e-04 1.991500000000e-01 4.213567839196e-04 3.152999999611e-01 4.213567839196e-04 1.844000000001e-01 4.213567839196e-04 3.058500000000e-01
4.235175879397e-04 1.991500000000e-01 4.235175879397e-04 3.152999999688e-01 4.235175879397e-04 1.844000000001e-01 4.235175879397e-04 3.058500000000e-01
4.256783919598e-04 1.991500000000e-01 4.256783919598e-04 3.152999999750e-01 4.256783919598e-04 1.844000000000e-01 4.256783919598e-04 3.058500000000e-01
4.278391959799e-04 1.991500000000e-01 4.278391959799e-04 3.152999999799e-01 4.278391959799e-04 1.844000000000e-01 4.278391959799e-04 3.058500000000e-01
4.300000000000e-04 1.991500000000e-01 4.300000000000e-04 3.152999999839e-01 4.300000000000e-04 1.844000000000e-01 4.300000000000e-04 3.058500000000e-01
