0.000000000000e+00 2.517000000000e-01 0.000000000000e+00 1.409535770671e-01 0.000000000000e+00 2.563440581065e-01 0.000000000000e+00 3.517993723705e-01
2.211055276382e-06 2.517000000000e-01 2.211055276382e-06 1.409539713998e-01 2.211055276382e-06 2.563596440686e-01 2.211055276382e-06 3.517992935400e-01
4.422110552764e-06 2.517000000000e-01 4.422110552764e-06 1.409544083545e-01 4.422110552764e-06 2.563762055793e-01 4.422110552764e-06 3.517992048082e-01
6.633165829146e-06 2.517000000000e-01 6.633165829146e-06 1.409548924160e-01 6.633165829146e-06 2.563938010721e-01 6.633165829146e-06 3.517991049315e-01
8.844221105528e-06 2.517000000001e-01 8.844221105528e-06 1.409554285231e-01 8.844221105528e-06 2.564124921300e-01 8.844221105528e-06 3.517989925101e-01
1.105527638191e-05 2.517000000001e-01 1.105527638191e-05 1.409560221119e-01 1.105527638191e-05 2.564323436086e-01 1.105527638191e-05 3.517988659683e-01
1.326633165829e-05 2.517000000001e-01 1.326633165829e-05 1.409566791623e-01 1.326633165829e-05 2.564534237555e-01 1.326633165829e-05 3.517987235325e-01
1.547738693467e-05 2.517000000001e-01 1.547738693467e-05 1.409574062495e-01 1.547738693467e-05 2.564758043275e-01 1.547738693467e-05 3.517985632064e-01
1.768844221106e-05 2.517000000002e-01 1.768844221106e-05 1.409582105985e-01 1.768844221106e-05 2.564995607017e-01 1.768844221106e-05 3.517983827427e-01
1.989949748744e-05 2.517000000002e-01 1.989949748744e-05 1.409591001436e-01 1.989949748744e-05 2.565247719805e-01 1.989949748744e-05 3.517981796123e-01
2.211055276382e-05 2.517000000003e-01 2.211055276382e-05 1.409600835926e-01 2.211055276382e-05 2.565515210878e-01 2.211055276382e-05 3.517979509679e-01
2.432160804020e-05 2.517000000004e-01 2.432160804020e-05 1.409611704956e-01 2.432160804020e-05 2.565798948536e-01 2.432160804020e-05 3.517976936049e-01
2.653266331658e-05 2.517000000006e-01 2.653266331658e-05 1.409623713190e-01 2.653266331658e-05 2.566099840860e-01 2.653266331658e-05 3.517974039161e-01
2.874371859296e-05 2.517000000008e-01 2.874371859296e-05 1.409636975249e-01 2.874371859296e-05 2.566418836257e-01 2.874371859296e-05 3.517970778411e-01
3.095477386935e-05 2.517000000011e-01 3.095477386935e-05 1.409651616553e-01 3.095477386935e-05 2.566756923809e-01 3.095477386935e-05 3.517967108097e-01
3.316582914573e-05 2.517000000014e-01 3.316582914573e-05 1.409667774226e-01 3.316582914573e-05 2.567115133396e-01 3.316582914573e-05 3.517962976776e-01
3.537688442211e-05 2.517000000020e-01 3.537688442211e-05 1.409685598048e-01 3.537688442211e-05 2.567494535528e-01 3.537688442211e-05 3.517958326541e-01
3.758793969849e-05 2.517000000026e-01 3.758793969849e-05 1.409705251465e-01 3.758793969849e-05 2.567896240871e-01 3.758793969849e-05 3.517953092216e-01
3.979899497487e-05 2.517000000036e-01 3.979899497487e-05 1.409726912654e-01 3.979899497487e-05 2.568321399393e-01 3.979899497487e-05 3.517947200437e-01
4.201005025126e-05 2.517000000048e-01 4.201005025126e-05 1.409750775631e-01 4.201005025126e-05 2.568771199090e-01 4.201005025126e-05 3.517940568625e-01
4.422110552764e-05 2.517000000066e-01 4.422110552764e-05 1.409777051408e-01 4.422110552764e-05 2.569246864225e-01 4.422110552764e-05 3.517933103831e-01
4.643216080402e-05 2.517000000089e-01 4.643216080402e-05 1.409805969186e-01 4.643216080402e-05 2.569749653015e-01 4.643216080402e-05 3.517924701431e-01
4.864321608040e-05 2.517000000120e-01 4.864321608040e-05 1.409837777575e-01 4.864321608040e-05 2.570280854702e-01 4.864321608040e-05 3.517915243664e-01
5.085427135678e-05 2.517000000162e-01 5.085427135678e-05 1.409872745839e-01 5.085427135678e-05 2.570841785924e-01 5.085427135678e-05 3.517904597979e-01
5.306532663317e-05 2.517000000220e-01 5.306532663317e-05 1.409911165122e-01 5.306532663317e-05 2.571433786314e-01 5.306532663317e-05 3.517892615181e-01
5.527638190955e-05 2.517000000297e-01 5.527638190955e-05 1.409953349678e-01 5.527638190955e-05 2.572058213242e-01 5.527638190955e-05 3.517879127341e-01
5.748743718593e-05 2.517000000402e-01 5.748743718593e-05 1.409999638031e-01 5.748743718593e-05 2.572716435599e-01 5.748743718593e-05 3.517863945445e-01
5.969849246231e-05 2.517000000544e-01 5.969849246231e-05 1.410050394073e-01 5.969849246231e-05 2.573409826556e-01 5.969849246231e-05 3.517846856752e-01
6.190954773869e-05 2.517000000736e-01 6.190954773869e-05 1.410106008035e-01 6.190954773869e-05 2.574139755180e-01 6.190954773869e-05 3.517827621810e-01
6.412060301508e-05 2.517000000996e-01 6.412060301508e-05 1.410166897296e-01 6.412060301508e-05 2.574907576830e-01 6.412060301508e-05 3.517805971117e-01
6.633165829146e-05 2.517000001347e-01 6.633165829146e-05 1.410233506959e-01 6.633165829146e-05 2.575714622236e-01 6.633165829146e-05 3.517781601345e-01
6.854271356784e-05 2.517000001822e-01 6.854271356784e-05 1.410306310136e-01 6.854271356784e-05 2.576562185171e-01 6.854271356784e-05 3.517754171103e-01
7.075376884422e-05 2.517000002465e-01 7.075376884422e-05 1.410385807839e-01 7.075376884422e-05 2.577451508637e-01 7.075376884422e-05 3.517723296175e-01
7.296482412060e-05 2.517000003335e-01 7.296482412060e-05 1.410472528393e-01 7.296482412060e-05 2.578383769497e-01 7.296482412060e-05 3.517688544146e-01
7.517587939698e-05 2.517000004512e-01 7.517587939698e-05 1.410567026222e-01 7.517587939698e-05 2.579360061482e-01 7.517587939698e-05 3.517649428381e-01
7.738693467337e-05 2.517000006103e-01 7.738693467337e-05 1.410669879885e-01 7.738693467337e-05 2.580381376554e-01 7.738693467337e-05 3.517605401236e-01
7.959798994975e-05 2.517000008257e-01 7.959798994975e-05 1.410781689166e-01 7.959798994975e-05 2.581448584590e-01 7.959798994975e-05 3.517555846434e-01
8.180904522613e-05 2.517000011170e-01 8.180904522613e-05 1.410903071030e-01 8.180904522613e-05 2.582562411409e-01 8.180904522613e-05 3.517500070496e-01
8.402010050251e-05 2.517000015112e-01 8.402010050251e-05 1.411034654185e-01 8.402010050251e-05 2.583723415194e-01 8.402010050251e-05 3.517437293102e-01
8.623115577889e-05 2.517000020444e-01 8.623115577889e-05 1.411177071974e-01 8.623115577889e-05 2.584931961400e-01 8.623115577889e-05 3.517366636269e-01
8.844221105528e-05 2.517000027658e-01 8.844221105528e-05 1.411330953265e-01 8.844221105528e-05 2.586188196287e-01 8.844221105528e-05 3.517287112192e-01
9.065326633166e-05 2.517000037417e-01 9.065326633166e-05 1.411496910955e-01 9.065326633166e-05 2.587492019297e-01 9.065326633166e-05 3.517197609582e-01
9.286432160804e-05 2.517000050620e-01 9.286432160804e-05 1.411675527634e-01 9.286432160804e-05 2.588843054533e-01 9.286432160804e-05 3.517096878344e-01
9.507537688442e-05 2.517000068482e-01 9.507537688442e-05 1.411867337904e-01 9.507537688442e-05 2.590240621708e-01 9.507537688442e-05 3.516983512364e-01
9.728643216080e-05 2.517000092647e-01 9.728643216080e-05 1.412072806775e-01 9.728643216080e-05 2.591683706998e-01 9.728643216080e-05 3.516855930217e-01
9.949748743719e-05 2.517000125340e-01 9.949748743719e-05 1.412292303460e-01 9.949748743719e-05 2.593170934347e-01 9.949748743719e-05 3.516712353532e-01
1.017085427136e-04 2.517000169570e-01 1.017085427136e-04 1.412526069829e-01 1.017085427136e-04 2.594700537871e-01 1.017085427136e-04 3.516550782745e-01
1.039195979899e-04 2.517000229409e-01 1.039195979899e-04 1.412774182707e-01 1.039195979899e-04 2.596270336139e-01 1.039195979899e-04 3.516368969959e-01
1.061306532663e-04 2.517000310364e-01 1.061306532663e-04 1.413036509070e-01 1.061306532663e-04 2.597877709237e-01 1.061306532663e-04 3.516164388567e-01
1.083417085427e-04 2.517000419890e-01 1.083417085427e-04 1.413312653177e-01 1.083417085427e-04 2.599519579647e-01 1.083417085427e-04 3.515934199294e-01
1.105527638191e-04 2.517000568068e-01 1.105527638191e-04 1.413601894563e-01 1.105527638191e-04 2.601192398166e-01 1.105527638191e-04 3.515675212271e-01
1.127638190955e-04 2.517000768542e-01 1.127638190955e-04 1.413903115797e-01 1.127638190955e-04 2.602892136204e-01 1.127638190955e-04 3.515383844717e-01
1.149748743719e-04 2.517001039769e-01 1.149748743719e-04 1.414214718912e-01 1.149748743719e-04 2.604614286035e-01 1.149748743719e-04 3.515056073787e-01
1.171859296482e-04 2.517001406720e-01 1.171859296482e-04 1.414534529444e-01 1.171859296482e-04 2.606353870733e-01 1.171859296482e-04 3.514687384099e-01
1.193969849246e-04 2.517001903185e-01 1.193969849246e-04 1.414859687168e-01 1.193969849246e-04 2.608105465782e-01 1.193969849246e-04 3.514272709451e-01
1.216080402010e-04 2.517002574876e-01 1.216080402010e-04 1.415186522851e-01 1.216080402010e-04 2.609863234604e-01 1.216080402010e-04 3.513806368178e-01
1.238190954774e-04 2.517003483644e-01 1.238190954774e-04 1.415510420738e-01 1.238190954774e-04 2.611620980550e-01 1.238190954774e-04 3.513281991625e-01
1.260301507538e-04 2.517004713174e-01 1.260301507538e-04 1.415825667069e-01 1.260301507538e-04 2.613372218296e-01 1.260301507538e-04 3.512692445195e-01
1.282412060302e-04 2.517006376693e-01 1.282412060302e-04 1.416125285798e-01 1.282412060302e-04 2.615110268051e-01 1.282412060302e-04 3.512029741418e-01
1.304522613065e-04 2.517008627397e-01 1.304522613065e-04 1.416400863850e-01 1.304522613065e-04 2.616828376589e-01 1.304522613065e-04 3.511284944559e-01
1.326633165829e-04 2.517011672564e-01 1.326633165829e-04 1.416642369850e-01 1.326633165829e-04 2.618519869886e-01 1.326633165829e-04 3.510448066309e-01
1.348743718593e-04 2.517015792642e-01 1.348743718593e-04 1.416837972370e-01 1.348743718593e-04 2.620178343140e-01 1.348743718593e-04 3.509507952185e-01
1.370854271357e-04 2.517021367080e-01 1.370854271357e-04 1.416973866449e-01 1.370854271357e-04 2.621797895205e-01 1.370854271357e-04 3.508452158429e-01
1.392964824121e-04 2.517028909265e-01 1.392964824121e-04 1.417034120480e-01 1.392964824121e-04 2.623373416109e-01 1.392964824121e-04 3.507266819320e-01
1.415075376884e-04 2.517039113791e-01 1.415075376884e-04 1.417000559763e-01 1.415075376884e-04 2.624900938304e-01 1.415075376884e-04 3.505936505084e-01
1.437185929648e-04 2.517052920386e-01 1.437185929648e-04 1.416852707877e-01 1.437185929648e-04 2.626378064735e-01 1.437185929648e-04 3.504444070866e-01
1.459296482412e-04 2.517071600365e-01 1.459296482412e-04 1.416567812688e-01 1.459296482412e-04 2.627804489639e-01 1.459296482412e-04 3.502770497603e-01
1.481407035176e-04 2.517096873524e-01 1.481407035176e-04 1.416120989952e-01 1.481407035176e-04 2.629182631013e-01 1.481407035176e-04 3.500894726107e-01
1.503517587940e-04 2.517131066124e-01 1.503517587940e-04 1.415485523844e-01 1.503517587940e-04 2.630518396642e-01 1.503517587940e-04 3.498793486190e-01
1.525628140704e-04 2.517177324354e-01 1.525628140704e-04 1.414633369637e-01 1.525628140704e-04 2.631822107521e-01 1.525628140704e-04 3.496441123296e-01
1.547738693467e-04 2.517239902538e-01 1.547738693467e-04 1.413535908343e-01 1.547738693467e-04 2.633109602142e-01 1.547738693467e-04 3.493809425798e-01
1.569849246231e-04 2.517324552008e-01 1.569849246231e-04 1.412165004970e-01 1.569849246231e-04 2.634403539852e-01 1.569849246231e-04 3.490867456839e-01
1.591959798995e-04 2.517439045170e-01 1.591959798995e-04 1.410494419453e-01 1.591959798995e-04 2.635734906988e-01 1.591959798995e-04 3.487581395308e-01
1.614070351759e-04 2.517593880779e-01 1.614070351759e-04 1.408501610056e-01 1.614070351759e-04 2.637144699154e-01 1.614070351759e-04 3.483914391206e-01
1.636180904523e-04 2.517803231113e-01 1.636180904523e-04 1.406169950515e-01 1.636180904523e-04 2.638685696148e-01 1.636180904523e-04 3.479826441043e-01
1.658291457286e-04 2.518086210536e-01 1.658291457286e-04 1.403491351857e-01 1.658291457286e-04 2.640424147863e-01 1.658291457286e-04 3.475274289055e-01
1.680402010050e-04 2.518468568042e-01 1.680402010050e-04 1.400469235376e-01 1.680402010050e-04 2.642441030155e-01 1.680402010050e-04 3.470211359545e-01
1.702512562814e-04 2.518984933791e-01 1.702512562814e-04 1.397121743568e-01 1.702512562814e-04 2.644832287059e-01 1.702512562814e-04 3.464587724499e-01
1.724623115578e-04 2.519681779521e-01 1.724623115578e-04 1.393485001805e-01 1.724623115578e-04 2.647707133756e-01 1.724623115578e-04 3.458350108393e-01
1.746733668342e-04 2.520621280785e-01 1.746733668342e-04 1.389616159273e-01 1.746733668342e-04 2.651183062804e-01 1.746733668342e-04 3.451441928694e-01
1.768844221106e-04 2.521886284957e-01 1.768844221106e-04 1.385595851584e-01 1.768844221106e-04 2.655375748335e-01 1.768844221106e-04 3.443803365659e-01
1.790954773869e-04 2.523586573422e-01 1.790954773869e-04 1.381529652945e-01 1.790954773869e-04 2.660381779544e-01 1.790954773869e-04 3.435371448775e-01
1.813065326633e-04 2.525866523184e-01 1.813065326633e-04 1.377548041173e-01 1.813065326633e-04 2.666252475925e-01 1.813065326633e-04 3.426080139724e-01
1.835175879397e-04 2.528914061525e-01 1.835175879397e-04 1.373804405853e-01 1.835175879397e-04 2.672958571281e-01 1.835175879397e-04 3.415860383909e-01
1.857286432161e-04 2.532970372517e-01 1.857286432161e-04 1.370470710118e-01 1.857286432161e-04 2.680349013089e-01 1.857286432161e-04 3.404640095884e-01
1.879396984925e-04 2.538339026230e-01 1.879396984925e-04 1.367730585937e-01 1.879396984925e-04 2.688112784424e-01 1.879396984925e-04 3.392344040789e-01
1.901507537688e-04 2.545391920599e-01 1.901507537688e-04 1.365769905102e-01 1.901507537688e-04 2.695759375728e-01 1.901507537688e-04 3.378893578000e-01
1.923618090452e-04 2.554567593626e-01 1.923618090452e-04 1.364765207968e-01 1.923618090452e-04 2.702637733587e-01 1.923618090452e-04 3.364206249626e-01
1.945728643216e-04 2.566355314392e-01 1.945728643216e-04 1.364870750927e-01 1.945728643216e-04 2.708009482774e-01 1.945728643216e-04 3.348195231693e-01
1.967839195980e-04 2.581256791341e-01 1.967839195980e-04 1.366205290916e-01 1.967839195980e-04 2.711175499497e-01 1.967839195980e-04 3.330768727094e-01
1.989949748744e-04 2.599718307297e-01 1.989949748744e-04 1.368839986029e-01 1.989949748744e-04 2.711628384795e-01 1.989949748744e-04 3.311829473221e-01
2.012060301508e-04 2.622032559107e-01 2.012060301508e-04 1.372788882150e-01 2.012060301508e-04 2.709180746141e-01 2.012060301508e-04 3.291274667094e-01
2.034170854271e-04 2.648223836587e-01 2.034170854271e-04 1.378003323857e-01 2.034170854271e-04 2.704018460593e-01 2.034170854271e-04 3.268996772764e-01
2.056281407035e-04 2.677950458089e-01 2.056281407035e-04 1.384371261162e-01 2.056281407035e-04 2.696656025435e-01 2.056281407035e-04 3.244885851943e-01
2.078391959799e-04 2.710474132254e-01 2.078391959799e-04 1.391721860662e-01 2.078391959799e-04 2.687813235395e-01 2.078391959799e-04 3.218834210148e-01
2.100502512563e-04 2.744740029317e-01 2.100502512563e-04 1.399835157611e-01 2.100502512563e-04 2.678262578913e-01 2.100502512563e-04 3.190744209587e-01
2.122613065327e-04 2.779573626030e-01 2.122613065327e-04 1.408455823823e-01 2.122613065327e-04 2.668698662072e-01 2.122613065327e-04 3.160539969599e-01
2.144723618090e-04 2.813944824221e-01 2.144723618090e-04 1.417309598214e-01 2.144723618090e-04 2.659659635188e-01 2.144723618090e-04 3.128183242314e-01
2.166834170854e-04 2.847212310560e-01 2.166834170854e-04 1.426120628598e-01 2.166834170854e-04 2.651503701720e-01 2.166834170854e-04 3.093692923329e-01
2.188944723618e-04 2.879268780234e-01 2.188944723618e-04 1.434627950748e-01 2.188944723618e-04 2.644425887796e-01 2.188944723618e-04 3.057166432272e-01
2.211055276382e-04 2.910550967799e-01 2.211055276382e-04 1.442599570187e-01 2.211055276382e-04 2.638495174185e-01 2.211055276382e-04 3.018799749886e-01
2.233165829146e-04 2.941921677123e-01 2.233165829146e-04 1.449843048193e-01 2.233165829146e-04 2.633695789402e-01 2.233165829146e-04 2.978901636942e-01
2.255276381910e-04 2.974449202776e-01 2.255276381910e-04 1.456212029414e-01 2.255276381910e-04 2.629963140498e-01 2.255276381910e-04 2.937897093072e-01
2.277386934673e-04 3.009110018712e-01 2.277386934673e-04 1.461608682570e-01 2.277386934673e-04 2.627210693203e-01 2.277386934673e-04 2.896316038321e-01
2.299497487437e-04 3.046452016653e-01 2.299497487437e-04 1.465982473771e-01 2.299497487437e-04 2.625347775370e-01 2.299497487437e-04 2.854765754933e-01
2.321608040201e-04 3.086297147705e-01 2.321608040201e-04 1.469326001958e-01 2.321608040201e-04 2.624289960232e-01 2.321608040201e-04 2.813889367237e-01
2.343718592965e-04 3.127611537491e-01 2.343718592965e-04 1.471668781340e-01 2.343718592965e-04 2.623964089414e-01 2.343718592965e-04 2.774316409543e-01
2.365829145729e-04 3.168659632393e-01 2.365829145729e-04 1.473069870114e-01 2.365829145729e-04 2.624309767260e-01 2.365829145729e-04 2.736613900610e-01
2.387939698492e-04 3.207436273948e-01 2.387939698492e-04 1.473610151408e-01 2.387939698492e-04 2.625278719468e-01 2.387939698492e-04 2.701246313160e-01
2.410050251256e-04 3.242199285608e-01 2.410050251256e-04 1.473384912372e-01 2.410050251256e-04 2.626832976553e-01 2.410050251256e-04 2.668550402318e-01
2.432160804020e-04 3.271858047597e-01 2.432160804020e-04 1.472497180086e-01 2.432160804020e-04 2.628942499131e-01 2.432160804020e-04 2.638727039897e-01
2.454271356784e-04 3.296080195652e-01 2.454271356784e-04 1.471052089576e-01 2.454271356784e-04 2.631582621001e-01 2.454271356784e-04 2.611848428919e-01
2.476381909548e-04 3.315154089699e-01 2.476381909548e-04 1.469152400840e-01 2.476381909548e-04 2.634731532364e-01 2.476381909548e-04 2.587876496648e-01
2.498492462312e-04 3.329743065713e-01 2.498492462312e-04 1.466895158653e-01 2.498492462312e-04 2.638367936338e-01 2.498492462312e-04 2.566687326702e-01
2.520603015075e-04 3.340653913410e-01 2.520603015075e-04 1.464369403689e-01 2.520603015075e-04 2.642468965705e-01 2.520603015075e-04 2.548096952616e-01
2.542713567839e-04 3.348677452731e-01 2.542713567839e-04 1.461654792666e-01 2.542713567839e-04 2.647008426130e-01 2.542713567839e-04 2.531885100503e-01
2.564824120603e-04 3.354504916742e-01 2.564824120603e-04 1.458820962630e-01 2.564824120603e-04 2.651955423583e-01 2.564824120603e-04 2.517814932251e-01
2.586934673367e-04 3.358699443250e-01 2.586934673367e-04 1.455927472770e-01 2.586934673367e-04 2.657273427893e-01 2.586934673367e-04 2.505648093919e-01
2.609045226131e-04 3.361699197931e-01 2.609045226131e-04 1.453024169242e-01 2.609045226131e-04 2.662919814541e-01 2.609045226131e-04 2.495155241449e-01
2.631155778894e-04 3.363834714226e-01 2.631155778894e-04 1.450151838454e-01 2.631155778894e-04 2.668845909414e-01 2.631155778894e-04 2.486122696278e-01
2.653266331658e-04 3.365350106709e-01 2.653266331658e-04 1.447343037657e-01 2.653266331658e-04 2.674997535129e-01 2.653266331658e-04 2.478356063596e-01
2.675376884422e-04 3.366423050350e-01 2.675376884422e-04 1.444623015202e-01 2.675376884422e-04 2.681316024463e-01 2.675376884422e-04 2.471681633780e-01
2.697487437186e-04 3.367181560560e-01 2.697487437186e-04 1.442010654569e-01 2.697487437186e-04 2.687739630242e-01 2.697487437186e-04 2.465946275312e-01
2.719597989950e-04 3.367717227090e-01 2.719597989950e-04 1.439519395121e-01 2.719597989950e-04 2.694205227140e-01 2.719597989950e-04 2.461016379684e-01
2.741708542714e-04 3.368095259931e-01 2.741708542714e-04 1.437158098117e-01 2.741708542714e-04 2.700650174988e-01 2.741708542714e-04 2.456776273292e-01
2.763819095477e-04 3.368361930762e-01 2.763819095477e-04 1.434931838834e-01 2.763819095477e-04 2.707014200194e-01 2.763819095477e-04 2.453126386467e-01
2.785929648241e-04 3.368549996695e-01 2.785929648241e-04 1.432842615003e-01 2.785929648241e-04 2.713241154312e-01 2.785929648241e-04 2.449981371209e-01
2.808040201005e-04 3.368682610563e-01 2.808040201005e-04 1.430889968613e-01 2.808040201005e-04 2.719280526695e-01 2.808040201005e-04 2.447268286122e-01
2.830150753769e-04 3.368776119250e-01 2.830150753769e-04 1.429071522828e-01 2.830150753769e-04 2.725088618583e-01 2.830150753769e-04 2.444924915397e-01
2.852261306533e-04 3.368842056119e-01 2.852261306533e-04 1.427383438912e-01 2.852261306533e-04 2.730629324058e-01 2.852261306533e-04 2.442898253840e-01
2.874371859296e-04 3.368888554683e-01 2.874371859296e-04 1.425820799831e-01 2.874371859296e-04 2.735874503279e-01 2.874371859296e-04 2.441143167551e-01
2.896482412060e-04 3.368921349241e-01 2.896482412060e-04 1.424377928171e-01 2.896482412060e-04 2.740803969741e-01 2.896482412060e-04 2.439621226168e-01
2.918592964824e-04 3.368944482009e-01 2.918592964824e-04 1.423048646231e-01 2.918592964824e-04 2.745405142024e-01 2.918592964824e-04 2.438299694971e-01
2.940703517588e-04 3.368960802264e-01 2.940703517588e-04 1.421826485998e-01 2.940703517588e-04 2.749672429141e-01 2.940703517588e-04 2.437150671389e-01
2.962814070352e-04 3.368972318431e-01 2.962814070352e-04 1.420704856245e-01 2.962814070352e-04 2.753606427040e-01 2.962814070352e-04 2.436150349199e-01
2.984924623116e-04 3.368980446319e-01 2.984924623116e-04 1.419677173361e-01 2.984924623116e-04 2.757213003114e-01 2.984924623116e-04 2.435278393974e-01
3.007035175879e-04 3.368986184079e-01 3.007035175879e-04 1.418736961855e-01 3.007035175879e-04 2.760502337990e-01 3.007035175879e-04 2.434517414360e-01
3.029145728643e-04 3.368990235503e-01 3.029145728643e-04 1.417877929731e-01 3.029145728643e-04 2.763487981898e-01 3.029145728643e-04 2.433852515287e-01
3.051256281407e-04 3.368993096906e-01 3.051256281407e-04 1.417094023280e-01 3.051256281407e-04 2.766185969041e-01 3.051256281407e-04 2.433270920797e-01
3.073366834171e-04 3.368995118349e-01 3.073366834171e-04 1.416379465135e-01 3.073366834171e-04 2.768614019439e-01 3.073366834171e-04 2.432761655775e-01
3.095477386935e-04 3.368996546783e-01 3.095477386935e-04 1.415728778914e-01 3.095477386935e-04 2.770790845230e-01 3.095477386935e-04 2.432315277392e-01
3.117587939698e-04 3.368997556455e-01 3.117587939698e-04 1.415136803187e-01 3.117587939698e-04 2.772735567984e-01 3.117587939698e-04 2.431923648393e-01
3.139698492462e-04 3.368998270337e-01 3.139698492462e-04 1.414598697084e-01 3.139698492462e-04 2.774467245674e-01 3.139698492462e-04 2.431579745586e-01
3.161809045226e-04 3.368998775236e-01 3.161809045226e-04 1.414109939453e-01 3.161809045226e-04 2.776004502362e-01 3.161809045226e-04 2.431277497896e-01
3.183919597990e-04 3.368999132441e-01 3.183919597990e-04 1.413666323116e-01 3.183919597990e-04 2.777365250201e-01 3.183919597990e-04 2.431011649278e-01
3.206030150754e-04 3.368999385239e-01 3.206030150754e-04 1.413263945510e-01 3.206030150754e-04 2.778566491544e-01 3.206030150754e-04 2.430777642518e-01
3.228140703518e-04 3.368999564208e-01 3.228140703518e-04 1.412899196734e-01 3.228140703518e-04 2.779624188516e-01 3.228140703518e-04 2.430571520585e-01
3.250251256281e-04 3.368999690953e-01 3.250251256281e-04 1.412568745818e-01 3.250251256281e-04 2.780553187732e-01 3.250251256281e-04 2.430389842776e-01
3.272361809045e-04 3.368999780746e-01 3.272361809045e-04 1.412269525886e-01 3.272361809045e-04 2.781367188900e-01 3.272361809045e-04 2.430229613301e-01
3.294472361809e-04 3.368999844385e-01 3.294472361809e-04 1.411998718700e-01 3.294472361809e-04 2.782078747271e-01 3.294472361809e-04 2.430088220372e-01
3.316582914573e-04 3.368999889504e-01 3.316582914573e-04 1.411753739005e-01 3.316582914573e-04 2.782699301368e-01 3.316582914573e-04 2.429963384167e-01
3.338693467337e-04 3.368999921506e-01 3.338693467337e-04 1.411532218966e-01 3.338693467337e-04 2.783239218804e-01 3.338693467337e-04 2.429853112277e-01
3.360804020101e-04 3.368999944214e-01 3.360804020101e-04 1.411331992931e-01 3.360804020101e-04 2.783707854339e-01 3.360804020101e-04 2.429755661530e-01
3.382914572864e-04 3.368999960334e-01 3.382914572864e-04 1.411151082676e-01 3.382914572864e-04 2.784113615514e-01 3.382914572864e-04 2.429669505184e-01
3.405025125628e-04 3.368999971782e-01 3.405025125628e-04 1.410987683268e-01 3.405025125628e-04 2.784464032229e-01 3.405025125628e-04 2.429593304718e-01
3.427135678392e-04 3.368999979917e-01 3.427135678392e-04 1.410840149610e-01 3.427135678392e-04 2.784765827501e-01 3.427135678392e-04 2.429525885512e-01
3.449246231156e-04 3.368999985699e-01 3.449246231156e-04 1.410706983715e-01 3.449246231156e-04 2.785024987378e-01 3.449246231156e-04 2.429466215860e-01
3.471356783920e-04 3.368999989811e-01 3.471356783920e-04 1.410586822746e-01 3.471356783920e-04 2.785246828535e-01 3.471356783920e-04 2.429413388824e-01
3.493467336683e-04 3.368999992736e-01 3.493467336683e-04 1.410478427818e-01 3.493467336683e-04 2.785436062584e-01 3.493467336683e-04 2.429366606520e-01
3.515577889447e-04 3.368999994819e-01 3.515577889447e-04 1.410380673553e-01 3.515577889447e-04 2.785596856466e-01 3.515577889447e-04 2.429325166487e-01
3.537688442211e-04 3.368999996303e-01 3.537688442211e-04 1.410292538382e-01 3.537688442211e-04 2.785732888566e-01 3.537688442211e-04 2.429288449857e-01
3.559798994975e-04 3.368999997360e-01 3.559798994975e-04 1.410213095550e-01 3.559798994975e-04 2.785847400428e-01 3.559798994975e-04 2.429255911051e-01
3.581909547739e-04 3.368999998114e-01 3.581909547739e-04 1.410141504813e-01 3.581909547739e-04 2.785943244062e-01 3.581909547739e-04 2.429227068822e-01
3.604020100503e-04 3.368999998652e-01 3.604020100503e-04 1.410077004774e-01 3.604020100503e-04 2.786022924976e-01 3.604020100503e-04 2.429201498425e-01
3.626130653266e-04 3.368999999036e-01 3.626130653266e-04 1.410018905833e-01 3.626130653266e-04 2.786088641121e-01 3.626130653266e-04 2.429178824798e-01
3.648241206030e-04 3.368999999310e-01 3.648241206030e-04 1.409966583720e-01 3.648241206030e-04 2.786142317978e-01 3.648241206030e-04 2.429158716590e-01
3.670351758794e-04 3.368999999506e-01 3.670351758794e-04 1.409919473552e-01 3.670351758794e-04 2.786185640069e-01 3.670351758794e-04 2.429140880934e-01
3.692462311558e-04 3.368999999646e-01 3.692462311558e-04 1.409877064398e-01 3.692462311558e-04 2.786220079151e-01 3.692462311558e-04 2.429125058876e-01
3.714572864322e-04 3.368999999746e-01 3.714572864322e-04 1.409838894310e-01 3.714572864322e-04 2.786246919387e-01 3.714572864322e-04 2.429111021360e-01
3.736683417085e-04 3.368999999818e-01 3.736683417085e-04 1.409804545782e-01 3.736683417085e-04 2.786267279752e-01 3.736683417085e-04 2.429098565702e-01
3.758793969849e-04 3.368999999869e-01 3.758793969849e-04 1.409773641605e-01 3.758793969849e-04 2.786282133945e-01 3.758793969849e-04 2.429087512498e-01
3.780904522613e-04 3.368999999906e-01 3.780904522613e-04 1.409745841095e-01 3.780904522613e-04 2.786292328049e-01 3.780904522613e-04 2.429077702906e-01
3.803015075377e-04 3.368999999932e-01 3.803015075377e-04 1.409720836647e-01 3.803015075377e-04 2.786298596163e-01 3.803015075377e-04 2.429068996242e-01
3.825125628141e-04 3.368999999951e-01 3.825125628141e-04 1.409698350614e-01 3.825125628141e-04 2.786301574227e-01 3.825125628141e-04 2.429061267881e-01
3.847236180905e-04 3.368999999965e-01 3.847236180905e-04 1.409678132456e-01 3.847236180905e-04 2.786301812226e-01 3.847236180905e-04 2.429054407393e-01
3.869346733668e-04 3.368999999975e-01 3.869346733668e-04 1.409659956157e-01 3.869346733668e-04 2.786299784952e-01 3.869346733668e-04 2.429048316909e-01
3.891457286432e-04 3.368999999982e-01 3.891457286432e-04 1.409643617881e-01 3.891457286432e-04 2.786295901488e-01 3.891457286432e-04 2.429042909670e-01
3.913567839196e-04 3.368999999987e-01 3.913567839196e-04 1.409628933833e-01 3.913567839196e-04 2.786290513548e-01 3.913567839196e-04 2.429038108756e-01
3.935678391960e-04 3.368999999991e-01 3.935678391960e-04 1.409615738338e-01 3.935678391960e-04 2.786283922815e-01 3.935678391960e-04 2.429033845957e-01
3.957788944724e-04 3.368999999993e-01 3.957788944724e-04 1.409603882082e-01 3.957788944724e-04 2.786276387385e-01 3.957788944724e-04 2.429030060777e-01
3.979899497487e-04 3.368999999995e-01 3.979899497487e-04 1.409593230530e-01 3.979899497487e-04 2.786268127417e-01 3.979899497487e-04 2.429026699555e-01
4.002010050251e-04 3.368999999996e-01 4.002010050251e-04 1.409583662486e-01 4.002010050251e-04 2.786259330102e-01 4.002010050251e-04 2.429023714688e-01
4.024120603015e-04 3.368999999997e-01 4.024120603015e-04 1.409575068797e-01 4.024120603015e-04 2.786250154000e-01 4.024120603015e-04 2.429021063936e-01
4.046231155779e-04 3.368999999998e-01 4.046231155779e-04 1.409567351172e-01 4.046231155779e-04 2.786240732850e-01 4.046231155779e-04 2.429018709822e-01
4.068341708543e-04 3.368999999999e-01 4.068341708543e-04 1.409560421118e-01 4.068341708543e-04 2.786231178900e-01 4.068341708543e-04 2.429016619085e-01
4.090452261307e-04 3.368999999999e-01 4.090452261307e-04 1.409554198981e-01 4.090452261307e-04 2.786221585814e-01 4.090452261307e-04 2.429014762206e-01
4.112562814070e-04 3.368999999999e-01 4.112562814070e-04 1.409548613075e-01 4.112562814070e-04 2.786212031221e-01 4.112562814070e-04 2.429013112985e-01
4.134673366834e-04 3.368999999999e-01 4.134673366834e-04 1.409543598895e-01 4.134673366834e-04 2.786202578928e-01 4.134673366834e-04 2.429011648165e-01
4.156783919598e-04 3.369000000000e-01 4.156783919598e-04 1.409539098406e-01 4.156783919598e-04 2.786193280862e-01 4.156783919598e-04 2.429010347099e-01
4.178894472362e-04 3.369000000000e-01 4.178894472362e-04 1.409535059407e-01 4.178894472362e-04 2.786184178753e-01 4.178894472362e-04 2.429009191457e-01
4.201005025126e-04 3.369000000000e-01 4.201005025126e-04 1.409531434949e-01 4.201005025126e-04 2.786175305606e-01 4.201005025126e-04 2.429008164968e-01
4.223115577889e-04 3.369000000000e-01 4.223115577889e-04 1.409528182812e-01 4.223115577889e-04 2.786166686975e-01 4.223115577889e-04 2.429007253181e-01
4.245226130653e-04 3.369000000000e-01 4.245226130653e-04 1.409525265038e-01 4.245226130653e-04 2.786158342078e-01 4.245226130653e-04 2.429006443268e-01
4.267336683417e-04 3.369000000000e-01 4.267336683417e-04 1.409522647503e-01 4.267336683417e-04 2.786150284755e-01 4.267336683417e-04 2.429005723836e-01
4.289447236181e-04 3.369000000000e-01 4.289447236181e-04 1.409520299534e-01 4.289447236181e-04 2.786142524309e-01 4.289447236181e-04 2.429005084769e-01
4.311557788945e-04 3.369000000000e-01 4.311557788945e-04 1.409518193565e-01 4.311557788945e-04 2.786135066226e-01 4.311557788945e-04 2.429004517082e-01
4.333668341709e-04 3.369000000000e-01 4.333668341709e-04 1.409516304825e-01 4.333668341709e-04 2.786127912800e-01 4.333668341709e-04 2.429004012798e-01
4.355778894472e-04 3.369000000000e-01 4.355778894472e-04 1.409514611059e-01 4.355778894472e-04 2.786121063674e-01 4.355778894472e-04 2.429003564831e-01
4.377889447236e-04 3.369000000000e-01 4.377889447236e-04 1.409513092272e-01 4.377889447236e-04 2.786114516308e-01 4.377889447236e-04 2.429003166888e-01
4.400000000000e-04 3.369000000000e-01 4.400000000000e-04 1.409511730504e-01 4.400000000000e-04 2.786108266374e-01 4.400000000000e-04 2.429002813380e-01
