0.000000000000e+00 3.214995012200e-01 0.000000000000e+00 3.273055858333e-01 0.000000000000e+00 1.702648724821e-01 0.000000000000e+00 1.815000000018e-01
1.969849246231e-06 3.214994374794e-01 1.969849246231e-06 3.272987866275e-01 1.969849246231e-06 1.702947778161e-01 1.969849246231e-06 1.815000000023e-01
3.939698492462e-06 3.214993655902e-01 3.939698492462e-06 3.272914980691e-01 3.939698492462e-06 1.703262536561e-01 3.939698492462e-06 1.815000000029e-01
5.909547738693e-06 3.214992845101e-01 5.909547738693e-06 3.272836849809e-01 5.909547738693e-06 1.703593811661e-01 5.909547738693e-06 1.815000000037e-01
7.879396984925e-06 3.214991930632e-01 7.879396984925e-06 3.272753096631e-01 7.879396984925e-06 1.703942455725e-01 7.879396984925e-06 1.815000000047e-01
9.849246231156e-06 3.214990899231e-01 9.849246231156e-06 3.272663317130e-01 9.849246231156e-06 1.704309363542e-01 9.849246231156e-06 1.815000000059e-01
1.181909547739e-05 3.214989735934e-01 1.181909547739e-05 3.272567078332e-01 1.181909547739e-05 1.704695474408e-01 1.181909547739e-05 1.815000000075e-01
1.378894472362e-05 3.214988423861e-01 1.378894472362e-05 3.272463916240e-01 1.378894472362e-05 1.705101774186e-01 1.378894472362e-05 1.815000000095e-01
1.575879396985e-05 3.214986943967e-01 1.575879396985e-05 3.272353333638e-01 1.575879396985e-05 1.705529297444e-01 1.575879396985e-05 1.815000000121e-01
1.772864321608e-05 3.214985274766e-01 1.772864321608e-05 3.272234797717e-01 1.772864321608e-05 1.705979129688e-01 1.772864321608e-05 1.815000000153e-01
1.969849246231e-05 3.214983392017e-01 1.969849246231e-05 3.272107737552e-01 1.969849246231e-05 1.706452409664e-01 1.969849246231e-05 1.815000000194e-01
2.166834170854e-05 3.214981268369e-01 2.166834170854e-05 3.271971541389e-01 2.166834170854e-05 1.706950331762e-01 2.166834170854e-05 1.815000000245e-01
2.363819095477e-05 3.214978872961e-01 2.363819095477e-05 3.271825553753e-01 2.363819095477e-05 1.707474148503e-01 2.363819095477e-05 1.815000000311e-01
2.560804020101e-05 3.214976170973e-01 2.560804020101e-05 3.271669072343e-01 2.560804020101e-05 1.708025173117e-01 2.560804020101e-05 1.815000000395e-01
2.757788944724e-05 3.214973123111e-01 2.757788944724e-05 3.271501344722e-01 2.757788944724e-05 1.708604782221e-01 2.757788944724e-05 1.815000000500e-01
2.954773869347e-05 3.214969685033e-01 2.954773869347e-05 3.271321564764e-01 2.954773869347e-05 1.709214418585e-01 2.954773869347e-05 1.815000000635e-01
3.151758793970e-05 3.214965806699e-01 3.151758793970e-05 3.271128868867e-01 3.151758793970e-05 1.709855594005e-01 3.151758793970e-05 1.815000000806e-01
3.348743718593e-05 3.214961431636e-01 3.348743718593e-05 3.270922331893e-01 3.348743718593e-05 1.710529892271e-01 3.348743718593e-05 1.815000001024e-01
3.545728643216e-05 3.214956496104e-01 3.545728643216e-05 3.270700962834e-01 3.545728643216e-05 1.711238972244e-01 3.545728643216e-05 1.815000001301e-01
3.742713567839e-05 3.214950928158e-01 3.742713567839e-05 3.270463700174e-01 3.742713567839e-05 1.711984571033e-01 3.742713567839e-05 1.815000001654e-01
3.939698492462e-05 3.214944646589e-01 3.939698492462e-05 3.270209406938e-01 3.939698492462e-05 1.712768507291e-01 3.939698492462e-05 1.815000002103e-01
4.136683417085e-05 3.214937559721e-01 4.136683417085e-05 3.269936865395e-01 4.136683417085e-05 1.713592684618e-01 4.136683417085e-05 1.815000002676e-01
4.333668341709e-05 3.214929564057e-01 4.333668341709e-05 3.269644771400e-01 4.333668341709e-05 1.714459095086e-01 4.333668341709e-05 1.815000003406e-01
4.530653266332e-05 3.214920542741e-01 4.530653266332e-05 3.269331728355e-01 4.530653266332e-05 1.715369822887e-01 4.530653266332e-05 1.815000004339e-01
4.727638190955e-05 3.214910363827e-01 4.727638190955e-05 3.268996240752e-01 4.727638190955e-05 1.716327048111e-01 4.727638190955e-05 1.815000005530e-01
4.924623115578e-05 3.214898878314e-01 4.924623115578e-05 3.268636707282e-01 4.924623115578e-05 1.717333050660e-01 4.924623115578e-05 1.815000007052e-01
5.121608040201e-05 3.214885917922e-01 5.121608040201e-05 3.268251413474e-01 5.121608040201e-05 1.718390214315e-01 5.121608040201e-05 1.815000008999e-01
5.318592964824e-05 3.214871292585e-01 5.318592964824e-05 3.267838523844e-01 5.318592964824e-05 1.719501030949e-01 5.318592964824e-05 1.815000011492e-01
5.515577889447e-05 3.214854787597e-01 5.515577889447e-05 3.267396073508e-01 5.515577889447e-05 1.720668104920e-01 5.515577889447e-05 1.815000014685e-01
5.712562814070e-05 3.214836160391e-01 5.712562814070e-05 3.266921959240e-01 5.712562814070e-05 1.721894157649e-01 5.712562814070e-05 1.815000018781e-01
5.909547738693e-05 3.214815136893e-01 5.909547738693e-05 3.266413929922e-01 5.909547738693e-05 1.723182032398e-01 5.909547738693e-05 1.815000024038e-01
6.106532663317e-05 3.214791407377e-01 6.106532663317e-05 3.265869576368e-01 6.106532663317e-05 1.724534699277e-01 6.106532663317e-05 1.815000030791e-01
6.303517587940e-05 3.214764621785e-01 6.303517587940e-05 3.265286320462e-01 6.303517587940e-05 1.725955260515e-01 6.303517587940e-05 1.815000039476e-01
6.500502512563e-05 3.214734384402e-01 6.500502512563e-05 3.264661403577e-01 6.500502512563e-05 1.727446956011e-01 6.500502512563e-05 1.815000050656e-01
6.697487437186e-05 3.214700247837e-01 6.697487437186e-05 3.263991874226e-01 6.697487437186e-05 1.729013169214e-01 6.697487437186e-05 1.815000065062e-01
6.894472361809e-05 3.214661706174e-01 6.894472361809e-05 3.263274574889e-01 6.894472361809e-05 1.730657433385e-01 6.894472361809e-05 1.815000083645e-01
7.091457286432e-05 3.214618187213e-01 7.091457286432e-05 3.262506127978e-01 7.091457286432e-05 1.732383438284e-01 7.091457286432e-05 1.815000107643e-01
7.288442211055e-05 3.214569043655e-01 7.288442211055e-05 3.261682920854e-01 7.288442211055e-05 1.734195037360e-01 7.288442211055e-05 1.815000138668e-01
7.485427135678e-05 3.214513543085e-01 7.485427135678e-05 3.260801089867e-01 7.485427135678e-05 1.736096255521e-01 7.485427135678e-05 1.815000178825e-01
7.682412060302e-05 3.214450856593e-01 7.682412060302e-05 3.259856503314e-01 7.682412060302e-05 1.738091297566e-01 7.682412060302e-05 1.815000230861e-01
7.879396984925e-05 3.214380045840e-01 7.879396984925e-05 3.258844743274e-01 7.879396984925e-05 1.740184557403e-01 7.879396984925e-05 1.815000298371e-01
8.076381909548e-05 3.214300048334e-01 8.076381909548e-05 3.257761086205e-01 8.076381909548e-05 1.742380628173e-01 8.076381909548e-05 1.815000386064e-01
8.273366834171e-05 3.214209660692e-01 8.273366834171e-05 3.256600482236e-01 8.273366834171e-05 1.744684313426e-01 8.273366834171e-05 1.815000500112e-01
8.470351758794e-05 3.214107519564e-01 8.470351758794e-05 3.255357533035e-01 8.470351758794e-05 1.747100639521e-01 8.470351758794e-05 1.815000648622e-01
8.667336683417e-05 3.213992079917e-01 8.667336683417e-05 3.254026468147e-01 8.667336683417e-05 1.749634869457e-01 8.667336683417e-05 1.815000842247e-01
8.864321608040e-05 3.213861590278e-01 8.864321608040e-05 3.252601119670e-01 8.864321608040e-05 1.752292518349e-01 8.864321608040e-05 1.815001095012e-01
9.061306532663e-05 3.213714064501e-01 9.061306532663e-05 3.251074895120e-01 9.061306532663e-05 1.755079370821e-01 9.061306532663e-05 1.815001425397e-01
9.258291457286e-05 3.213547249559e-01 9.258291457286e-05 3.249440748321e-01 9.258291457286e-05 1.758001500602e-01 9.258291457286e-05 1.815001857784e-01
9.455276381910e-05 3.213358588774e-01 9.455276381910e-05 3.247691148128e-01 9.455276381910e-05 1.761065292671e-01 9.455276381910e-05 1.815002424378e-01
9.652261306533e-05 3.213145179817e-01 9.652261306533e-05 3.245818044773e-01 9.652261306533e-05 1.764277468323e-01 9.652261306533e-05 1.815003167767e-01
9.849246231156e-05 3.212903726711e-01 9.849246231156e-05 3.243812833561e-01 9.849246231156e-05 1.767645113576e-01 9.849246231156e-05 1.815004144337e-01
1.004623115578e-04 3.212630484948e-01 1.004623115578e-04 3.241666315653e-01 1.004623115578e-04 1.771175711385e-01 1.004623115578e-04 1.815005428813e-01
1.024321608040e-04 3.212321198694e-01 1.024321608040e-04 3.239368655586e-01 1.024321608040e-04 1.774877178178e-01 1.024321608040e-04 1.815007120341e-01
1.044020100503e-04 3.211971028926e-01 1.044020100503e-04 3.236909335147e-01 1.044020100503e-04 1.778757905277e-01 1.044020100503e-04 1.815009350597e-01
1.063718592965e-04 3.211574471111e-01 1.063718592965e-04 3.234277103162e-01 1.063718592965e-04 1.782826805779e-01 1.063718592965e-04 1.815012294642e-01
1.083417085427e-04 3.211125260906e-01 1.083417085427e-04 3.231459920698e-01 1.083417085427e-04 1.787093367552e-01 1.083417085427e-04 1.815016185432e-01
1.103115577889e-04 3.210616266048e-01 1.103115577889e-04 3.228444901082e-01 1.103115577889e-04 1.791567712978e-01 1.103115577889e-04 1.815021333263e-01
1.122814070352e-04 3.210039362397e-01 1.122814070352e-04 3.225218244098e-01 1.122814070352e-04 1.796260666103e-01 1.122814070352e-04 1.815028151814e-01
1.142512562814e-04 3.209385291733e-01 1.142512562814e-04 3.221765163616e-01 1.142512562814e-04 1.801183827821e-01 1.142512562814e-04 1.815037193061e-01
1.162211055276e-04 3.208643498607e-01 1.162211055276e-04 3.218069807832e-01 1.162211055276e-04 1.806349659678e-01 1.162211055276e-04 1.815049194117e-01
1.181909547739e-04 3.207801943102e-01 1.181909547739e-04 3.214115171223e-01 1.181909547739e-04 1.811771576760e-01 1.181909547739e-04 1.815065140095e-01
1.201608040201e-04 3.206846885952e-01 1.201608040201e-04 3.209882997250e-01 1.201608040201e-04 1.817464049976e-01 1.201608040201e-04 1.815086348513e-01
1.221306532663e-04 3.205762641947e-01 1.221306532663e-04 3.205353670810e-01 1.221306532663e-04 1.823442717818e-01 1.221306532663e-04 1.815114582671e-01
1.241005025126e-04 3.204531297017e-01 1.241005025126e-04 3.200506099416e-01 1.241005025126e-04 1.829724507320e-01 1.241005025126e-04 1.815152203997e-01
1.260703517588e-04 3.203132383793e-01 1.260703517588e-04 3.195317582159e-01 1.260703517588e-04 1.836327763475e-01 1.260703517588e-04 1.815202376798e-01
1.280402010050e-04 3.201542509806e-01 1.280402010050e-04 3.189763665641e-01 1.280402010050e-04 1.843272385770e-01 1.280402010050e-04 1.815269343471e-01
1.300100502513e-04 3.199734931879e-01 1.300100502513e-04 3.183817986344e-01 1.300100502513e-04 1.850579969669e-01 1.300100502513e-04 1.815358794421e-01
1.319798994975e-04 3.197679069624e-01 1.319798994975e-04 3.177452099336e-01 1.319798994975e-04 1.858273949856e-01 1.319798994975e-04 1.815478365162e-01
1.339497487437e-04 3.195339950473e-01 1.339497487437e-04 3.170635293915e-01 1.339497487437e-04 1.866379740770e-01 1.339497487437e-04 1.815638304022e-01
1.359195979899e-04 3.192677578334e-01 1.359195979899e-04 3.163334397780e-01 1.359195979899e-04 1.874924868373e-01 1.359195979899e-04 1.815852368321e-01
1.378894472362e-04 3.189646217989e-01 1.378894472362e-04 3.155513572709e-01 1.378894472362e-04 1.883939085218e-01 1.378894472362e-04 1.816139025719e-01
1.398592964824e-04 3.186193587972e-01 1.398592964824e-04 3.147134106651e-01 1.398592964824e-04 1.893454458626e-01 1.398592964824e-04 1.816523061786e-01
1.418291457286e-04 3.182259956198e-01 1.418291457286e-04 3.138154209673e-01 1.418291457286e-04 1.903505419250e-01 1.418291457286e-04 1.817037725579e-01
1.437989949749e-04 3.177777135569e-01 1.437989949749e-04 3.128528824512e-01 1.437989949749e-04 1.914128754460e-01 1.437989949749e-04 1.817727582760e-01
1.457688442211e-04 3.172667381940e-01 1.457688442211e-04 3.118209466630e-01 1.457688442211e-04 1.925363527947e-01 1.457688442211e-04 1.818652289913e-01
1.477386934673e-04 3.166842205092e-01 1.477386934673e-04 3.107144113851e-01 1.477386934673e-04 1.937250903936e-01 1.477386934673e-04 1.819891551074e-01
1.497085427136e-04 3.160201116207e-01 1.497085427136e-04 3.095277171774e-01 1.497085427136e-04 1.949833851536e-01 1.497085427136e-04 1.821551559751e-01
1.516783919598e-04 3.152630354525e-01 1.516783919598e-04 3.082549548254e-01 1.516783919598e-04 1.963156702591e-01 1.516783919598e-04 1.823773248957e-01
1.536482412060e-04 3.144001663687e-01 1.536482412060e-04 3.068898878018e-01 1.536482412060e-04 1.977264535252e-01 1.536482412060e-04 1.826742633056e-01
1.556180904523e-04 3.134171227348e-01 1.556180904523e-04 3.054259946541e-01 1.556180904523e-04 1.992202356111e-01 1.556180904523e-04 1.830703365547e-01
1.575879396985e-04 3.122978926787e-01 1.575879396985e-04 3.038565369731e-01 1.575879396985e-04 2.008014056802e-01 1.575879396985e-04 1.835971250555e-01
1.595577889447e-04 3.110248152480e-01 1.595577889447e-04 3.021746591682e-01 1.595577889447e-04 2.024741127360e-01 1.595577889447e-04 1.842949671018e-01
1.615276381910e-04 3.095786487189e-01 1.615276381910e-04 3.003735264939e-01 1.615276381910e-04 2.042421119082e-01 1.615276381910e-04 1.852143517383e-01
1.634974874372e-04 3.079387676139e-01 1.634974874372e-04 2.984465074187e-01 1.634974874372e-04 2.061085864888e-01 1.634974874372e-04 1.864167000834e-01
1.654673366834e-04 3.060835398884e-01 1.654673366834e-04 2.963874052391e-01 1.654673366834e-04 2.080759485435e-01 1.654673366834e-04 1.879737671643e-01
1.674371859296e-04 3.039909434604e-01 1.674371859296e-04 2.941907415312e-01 1.674371859296e-04 2.101456234379e-01 1.674371859296e-04 1.899645551626e-01
1.694070351759e-04 3.016394829001e-01 1.694070351759e-04 2.918520903536e-01 1.694070351759e-04 2.123178264902e-01 1.694070351759e-04 1.924684232477e-01
1.713768844221e-04 2.990094570324e-01 1.713768844221e-04 2.893684569116e-01 1.713768844221e-04 2.145913429881e-01 1.713768844221e-04 1.955533565663e-01
1.733467336683e-04 2.960845994893e-01 1.733467336683e-04 2.867386877242e-01 1.733467336683e-04 2.169633256525e-01 1.733467336683e-04 1.992595977691e-01
1.753165829146e-04 2.928540603667e-01 1.753165829146e-04 2.839638915666e-01 1.753165829146e-04 2.194291258471e-01 1.753165829146e-04 2.035813412710e-01
1.772864321608e-04 2.893146153384e-01 1.772864321608e-04 2.810478423621e-01 1.772864321608e-04 2.219821759364e-01 1.772864321608e-04 2.084523839646e-01
1.792562814070e-04 2.854728848576e-01 1.792562814070e-04 2.779973279854e-01 1.792562814070e-04 2.246139396846e-01 1.792562814070e-04 2.137435481229e-01
1.812261306533e-04 2.813472399886e-01 1.812261306533e-04 2.748224041863e-01 1.812261306533e-04 2.273139450971e-01 1.812261306533e-04 2.192776442721e-01
1.831959798995e-04 2.769689975067e-01 1.831959798995e-04 2.715365122708e-01 1.831959798995e-04 2.300699094904e-01 1.831959798995e-04 2.248608299781e-01
1.851658291457e-04 2.723825082191e-01 1.851658291457e-04 2.681564242541e-01 1.851658291457e-04 2.328679600156e-01 1.851658291457e-04 2.303207491158e-01
1.871356783920e-04 2.676438539040e-01 1.871356783920e-04 2.647019906932e-01 1.871356783920e-04 2.356929449184e-01 1.871356783920e-04 2.355377856550e-01
1.891055276382e-04 2.628180940161e-01 1.891055276382e-04 2.611956838827e-01 1.891055276382e-04 2.385288223879e-01 1.891055276382e-04 2.404593568570e-01
1.910753768844e-04 2.579753002453e-01 1.910753768844e-04 2.576619507380e-01 1.910753768844e-04 2.413591060695e-01 1.910753768844e-04 2.450955192908e-01
1.930452261307e-04 2.531858993047e-01 1.930452261307e-04 2.541264123338e-01 1.930452261307e-04 2.441673403229e-01 1.930452261307e-04 2.495013227436e-01
1.950150753769e-04 2.485160146554e-01 1.950150753769e-04 2.506149668371e-01 1.950150753769e-04 2.469375750594e-01 1.950150753769e-04 2.537538225030e-01
1.969849246231e-04 2.440234927422e-01 1.969849246231e-04 2.471528656921e-01 1.969849246231e-04 2.496548100055e-01 1.969849246231e-04 2.579301759119e-01
1.989547738693e-04 2.397551214995e-01 1.989547738693e-04 2.437638367461e-01 1.989547738693e-04 2.523053815273e-01 1.989547738693e-04 2.620904517048e-01
2.009246231156e-04 2.357452658605e-01 2.009246231156e-04 2.404693217411e-01 2.009246231156e-04 2.548772711604e-01 2.009246231156e-04 2.662665967163e-01
2.028944723618e-04 2.320158542389e-01 2.028944723618e-04 2.372878805201e-01 2.028944723618e-04 2.573603227962e-01 2.028944723618e-04 2.704578601866e-01
2.048643216080e-04 2.285774341041e-01 2.048643216080e-04 2.342347934096e-01 2.048643216080e-04 2.597463639072e-01 2.048643216080e-04 2.746323912612e-01
2.068341708543e-04 2.254309125613e-01 2.068341708543e-04 2.313218704191e-01 2.068341708543e-04 2.620292341441e-01 2.068341708543e-04 2.787341359695e-01
2.088040201005e-04 2.225696019250e-01 2.088040201005e-04 2.285574549457e-01 2.088040201005e-04 2.642047311895e-01 2.088040201005e-04 2.826933922381e-01
2.107738693467e-04 2.199812647147e-01 2.107738693467e-04 2.259465934518e-01 2.107738693467e-04 2.662704883629e-01 2.107738693467e-04 2.864386972082e-01
2.127437185930e-04 2.176499552271e-01 2.127437185930e-04 2.234913325985e-01 2.127437185930e-04 2.682258009512e-01 2.127437185930e-04 2.899075413610e-01
2.147135678392e-04 2.155575531365e-01 2.147135678392e-04 2.211911016717e-01 2.147135678392e-04 2.700714187384e-01 2.147135678392e-04 2.930539405949e-01
2.166834170854e-04 2.136849606792e-01 2.166834170854e-04 2.190431398680e-01 2.166834170854e-04 2.718093210972e-01 2.166834170854e-04 2.958519676885e-01
2.186532663317e-04 2.120129841155e-01 2.186532663317e-04 2.170429335315e-01 2.186532663317e-04 2.734424887777e-01 2.186532663317e-04 2.982954945482e-01
2.206231155779e-04 2.105229456248e-01 2.206231155779e-04 2.151846360344e-01 2.206231155779e-04 2.749746836822e-01 2.206231155779e-04 3.003951992927e-01
2.225929648241e-04 2.091970801267e-01 2.225929648241e-04 2.134614511735e-01 2.225929648241e-04 2.764102448821e-01 2.225929648241e-04 3.021741696292e-01
2.245628140704e-04 2.080187694072e-01 2.245628140704e-04 2.118659685799e-01 2.245628140704e-04 2.777539062546e-01 2.245628140704e-04 3.036632716115e-01
2.265326633166e-04 2.069726586180e-01 2.265326633166e-04 2.103904460557e-01 2.265326633166e-04 2.790106386043e-01 2.265326633166e-04 3.048970667780e-01
2.285025125628e-04 2.060446912335e-01 2.285025125628e-04 2.090270386549e-01 2.285025125628e-04 2.801855170999e-01 2.285025125628e-04 3.059106534496e-01
2.304723618090e-04 2.052220898874e-01 2.304723618090e-04 2.077679777266e-01 2.304723618090e-04 2.812836133292e-01 2.304723618090e-04 3.067374966826e-01
2.324422110553e-04 2.044933031095e-01 2.324422110553e-04 2.066057052170e-01 2.324422110553e-04 2.823099102255e-01 2.324422110553e-04 3.074081275825e-01
2.344120603015e-04 2.038479320973e-01 2.344120603015e-04 2.055329695378e-01 2.344120603015e-04 2.832692374728e-01 2.344120603015e-04 3.079495163947e-01
2.363819095477e-04 2.032766472252e-01 2.363819095477e-04 2.045428895441e-01 2.363819095477e-04 2.841662246873e-01 2.363819095477e-04 3.083849174988e-01
2.383517587940e-04 2.027711007598e-01 2.383517587940e-04 2.036289928739e-01 2.383517587940e-04 2.850052696033e-01 2.383517587940e-04 3.087340137342e-01
2.403216080402e-04 2.023238399720e-01 2.403216080402e-04 2.027852342975e-01 2.403216080402e-04 2.857905186004e-01 2.403216080402e-04 3.090132286040e-01
2.422914572864e-04 2.019282232581e-01 2.422914572864e-04 2.020059989696e-01 2.422914572864e-04 2.865258571211e-01 2.422914572864e-04 3.092361145897e-01
2.442613065327e-04 2.015783408122e-01 2.442613065327e-04 2.012860946762e-01 2.442613065327e-04 2.872149078085e-01 2.442613065327e-04 3.094137583742e-01
2.462311557789e-04 2.012689406772e-01 2.462311557789e-04 2.006207364023e-01 2.462311557789e-04 2.878610344889e-01 2.462311557789e-04 3.095551679622e-01
2.482010050251e-04 2.009953605307e-01 2.482010050251e-04 2.000055258543e-01 2.482010050251e-04 2.884673504266e-01 2.482010050251e-04 3.096676233800e-01
2.501708542714e-04 2.007534652583e-01 2.501708542714e-04 1.994364279646e-01 2.501708542714e-04 2.890367295575e-01 2.501708542714e-04 3.097569834368e-01
2.521407035176e-04 2.005395901739e-01 2.521407035176e-04 1.989097459071e-01 2.521407035176e-04 2.895718196596e-01 2.521407035176e-04 3.098279475679e-01
2.541105527638e-04 2.003504896283e-01 2.541105527638e-04 1.984220957370e-01 2.541105527638e-04 2.900750566418e-01 2.541105527638e-04 3.098842754186e-01
2.560804020101e-04 2.001832906808e-01 2.560804020101e-04 1.979703814437e-01 2.560804020101e-04 2.905486793211e-01 2.560804020101e-04 3.099289685896e-01
2.580502512563e-04 2.000354514738e-01 2.580502512563e-04 1.975517709505e-01 2.580502512563e-04 2.909947442134e-01 2.580502512563e-04 3.099644195876e-01
2.600201005025e-04 1.999047239355e-01 2.600201005025e-04 1.971636734003e-01 2.600201005025e-04 2.914151399944e-01 2.600201005025e-04 3.099925329828e-01
2.619899497487e-04 1.997891204425e-01 2.619899497487e-04 1.968037179225e-01 2.619899497487e-04 2.918116013879e-01 2.619899497487e-04 3.100148233907e-01
2.639597989950e-04 1.996868840812e-01 2.639597989950e-04 1.964697339705e-01 2.639597989950e-04 2.921857223230e-01 2.639597989950e-04 3.100324943565e-01
2.659296482412e-04 1.995964621667e-01 2.659296482412e-04 1.961597332452e-01 2.659296482412e-04 2.925389682619e-01 2.659296482412e-04 3.100465016449e-01
2.678994974874e-04 1.995164826989e-01 2.678994974874e-04 1.958718931673e-01 2.678994974874e-04 2.928726876510e-01 2.678994974874e-04 3.100576038788e-01
2.698693467337e-04 1.994457334562e-01 2.698693467337e-04 1.956045418300e-01 2.698693467337e-04 2.931881224812e-01 2.698693467337e-04 3.100664029709e-01
2.718391959799e-04 1.993831434539e-01 2.718391959799e-04 1.953561443415e-01 2.718391959799e-04 2.934864179706e-01 2.718391959799e-04 3.100733763511e-01
2.738090452261e-04 1.993277665148e-01 2.738090452261e-04 1.951252904568e-01 2.738090452261e-04 2.937686314008e-01 2.738090452261e-04 3.100789026221e-01
2.757788944724e-04 1.992787667239e-01 2.757788944724e-04 1.949106833943e-01 2.757788944724e-04 2.940357401491e-01 2.757788944724e-04 3.100832819610e-01
2.777487437186e-04 1.992354055597e-01 2.777487437186e-04 1.947111297337e-01 2.777487437186e-04 2.942886489680e-01 2.777487437186e-04 3.100867523305e-01
2.797185929648e-04 1.991970305167e-01 2.797185929648e-04 1.945255302936e-01 2.797185929648e-04 2.945281965650e-01 2.797185929648e-04 3.100895023531e-01
2.816884422111e-04 1.991630650492e-01 2.816884422111e-04 1.943528718964e-01 2.816884422111e-04 2.947551615391e-01 2.816884422111e-04 3.100916815280e-01
2.836582914573e-04 1.991329996888e-01 2.836582914573e-04 1.941922199296e-01 2.836582914573e-04 2.949702677295e-01 2.836582914573e-04 3.100934083390e-01
2.856281407035e-04 1.991063841988e-01 2.856281407035e-04 1.940427116252e-01 2.856281407035e-04 2.951741890288e-01 2.856281407035e-04 3.100947766837e-01
2.875979899497e-04 1.990828206480e-01 2.875979899497e-04 1.939035499819e-01 2.875979899497e-04 2.953675537126e-01 2.875979899497e-04 3.100958609730e-01
2.895678391960e-04 1.990619572956e-01 2.895678391960e-04 1.937739982648e-01 2.895678391960e-04 2.955509483318e-01 2.895678391960e-04 3.100967201732e-01
2.915376884422e-04 1.990434831948e-01 2.915376884422e-04 1.936533750207e-01 2.915376884422e-04 2.957249212131e-01 2.915376884422e-04 3.100974010110e-01
2.935075376884e-04 1.990271234285e-01 2.935075376884e-04 1.935410495577e-01 2.935075376884e-04 2.958899856074e-01 2.935075376884e-04 3.100979405136e-01
2.954773869347e-04 1.990126349057e-01 2.954773869347e-04 1.934364378399e-01 2.954773869347e-04 2.960466225229e-01 2.954773869347e-04 3.100983680213e-01
2.974472361809e-04 1.989998026509e-01 2.974472361809e-04 1.933389987535e-01 2.974472361809e-04 2.961952832772e-01 2.974472361809e-04 3.100987067839e-01
2.994170854271e-04 1.989884365290e-01 2.994170854271e-04 1.932482307084e-01 2.994170854271e-04 2.963363917983e-01 2.994170854271e-04 3.100989752243e-01
3.013869346734e-04 1.989783683546e-01 3.013869346734e-04 1.931636685393e-01 3.013869346734e-04 2.964703467018e-01 3.013869346734e-04 3.100991879410e-01
3.033567839196e-04 1.989694493405e-01 3.033567839196e-04 1.930848806779e-01 3.033567839196e-04 2.965975231689e-01 3.033567839196e-04 3.100993565016e-01
3.053266331658e-04 1.989615478447e-01 3.053266331658e-04 1.930114665680e-01 3.053266331658e-04 2.967182746459e-01 3.053266331658e-04 3.100994900726e-01
3.072964824121e-04 1.989545473815e-01 3.072964824121e-04 1.929430543006e-01 3.072964824121e-04 2.968329343870e-01 3.072964824121e-04 3.100995959174e-01
3.092663316583e-04 1.989483448646e-01 3.092663316583e-04 1.928792984472e-01 3.092663316583e-04 2.969418168547e-01 3.092663316583e-04 3.100996797914e-01
3.112361809045e-04 1.989428490565e-01 3.112361809045e-04 1.928198780729e-01 3.112361809045e-04 2.970452189955e-01 3.112361809045e-04 3.100997462555e-01
3.132060301508e-04 1.989379791977e-01 3.132060301508e-04 1.927644949123e-01 3.132060301508e-04 2.971434214035e-01 3.132060301508e-04 3.100997989235e-01
3.151758793970e-04 1.989336637963e-01 3.151758793970e-04 1.927128716926e-01 3.151758793970e-04 2.972366893834e-01 3.151758793970e-04 3.100998406593e-01
3.171457286432e-04 1.989298395582e-01 3.171457286432e-04 1.926647505915e-01 3.171457286432e-04 2.973252739248e-01 3.171457286432e-04 3.100998737322e-01
3.191155778894e-04 1.989264504422e-01 3.191155778894e-04 1.926198918165e-01 3.191155778894e-04 2.974094125963e-01 3.191155778894e-04 3.100998999402e-01
3.210854271357e-04 1.989234468244e-01 3.210854271357e-04 1.925780722964e-01 3.210854271357e-04 2.974893303675e-01 3.210854271357e-04 3.100999207084e-01
3.230552763819e-04 1.989207847593e-01 3.230552763819e-04 1.925390844733e-01 3.230552763819e-04 2.975652403675e-01 3.230552763819e-04 3.100999371659e-01
3.250251256281e-04 1.989184253275e-01 3.250251256281e-04 1.925027351887e-01 3.250251256281e-04 2.976373445847e-01 3.250251256281e-04 3.100999502075e-01
3.269949748744e-04 1.989163340574e-01 3.269949748744e-04 1.924688446530e-01 3.269949748744e-04 2.977058345153e-01 3.269949748744e-04 3.100999605421e-01
3.289648241206e-04 1.989144804157e-01 3.289648241206e-04 1.924372454946e-01 3.289648241206e-04 2.977708917638e-01 3.289648241206e-04 3.100999687318e-01
3.309346733668e-04 1.989128373546e-01 3.309346733668e-04 1.924077818787e-01 3.309346733668e-04 2.978326886018e-01 3.309346733668e-04 3.100999752216e-01
3.329045226131e-04 1.989113809131e-01 3.329045226131e-04 1.923803086930e-01 3.329045226131e-04 2.978913884880e-01 3.329045226131e-04 3.100999803644e-01
3.348743718593e-04 1.989100898630e-01 3.348743718593e-04 1.923546907923e-01 3.348743718593e-04 2.979471465527e-01 3.348743718593e-04 3.100999844398e-01
3.368442211055e-04 1.989089453963e-01 3.368442211055e-04 1.923308023003e-01 3.368442211055e-04 2.980001100508e-01 3.368442211055e-04 3.100999876693e-01
3.388140703518e-04 1.989079308483e-01 3.388140703518e-04 1.923085259602e-01 3.388140703518e-04 2.980504187854e-01 3.388140703518e-04 3.100999902285e-01
3.407839195980e-04 1.989070314526e-01 3.407839195980e-04 1.922877525345e-01 3.407839195980e-04 2.980982055050e-01 3.407839195980e-04 3.100999922566e-01
3.427537688442e-04 1.989062341243e-01 3.427537688442e-04 1.922683802469e-01 3.427537688442e-04 2.981435962758e-01 3.427537688442e-04 3.100999938637e-01
3.447236180905e-04 1.989055272679e-01 3.447236180905e-04 1.922503142644e-01 3.447236180905e-04 2.981867108318e-01 3.447236180905e-04 3.100999951373e-01
3.466934673367e-04 1.989049006073e-01 3.466934673367e-04 1.922334662172e-01 3.466934673367e-04 2.982276629040e-01 3.466934673367e-04 3.100999961465e-01
3.486633165829e-04 1.989043450355e-01 3.486633165829e-04 1.922177537516e-01 3.486633165829e-04 2.982665605303e-01 3.486633165829e-04 3.100999969463e-01
3.506331658291e-04 1.989038524811e-01 3.506331658291e-04 1.922031001155e-01 3.506331658291e-04 2.983035063480e-01 3.506331658291e-04 3.100999975801e-01
3.526030150754e-04 1.989034157904e-01 3.526030150754e-04 1.921894337732e-01 3.526030150754e-04 2.983385978694e-01 3.526030150754e-04 3.100999980823e-01
3.545728643216e-04 1.989030286226e-01 3.545728643216e-04 1.921766880465e-01 3.545728643216e-04 2.983719277425e-01 3.545728643216e-04 3.100999984803e-01
3.565427135678e-04 1.989026853576e-01 3.565427135678e-04 1.921648007819e-01 3.565427135678e-04 2.984035839968e-01 3.565427135678e-04 3.100999987957e-01
3.585125628141e-04 1.989023810139e-01 3.585125628141e-04 1.921537140404e-01 3.585125628141e-04 2.984336502767e-01 3.585125628141e-04 3.100999990457e-01
3.604824120603e-04 1.989021111755e-01 3.604824120603e-04 1.921433738097e-01 3.604824120603e-04 2.984622060614e-01 3.604824120603e-04 3.100999992437e-01
3.624522613065e-04 1.989018719282e-01 3.624522613065e-04 1.921337297351e-01 3.624522613065e-04 2.984893268740e-01 3.624522613065e-04 3.100999994007e-01
3.644221105528e-04 1.989016598021e-01 3.644221105528e-04 1.921247348710e-01 3.644221105528e-04 2.985150844791e-01 3.644221105528e-04 3.100999995251e-01
3.663919597990e-04 1.989014717212e-01 3.663919597990e-04 1.921163454475e-01 3.663919597990e-04 2.985395470705e-01 3.663919597990e-04 3.100999996236e-01
3.683618090452e-04 1.989013049586e-01 3.683618090452e-04 1.921085206549e-01 3.683618090452e-04 2.985627794488e-01 3.683618090452e-04 3.100999997018e-01
3.703316582915e-04 1.989011570969e-01 3.703316582915e-04 1.921012224418e-01 3.703316582915e-04 2.985848431902e-01 3.703316582915e-04 3.100999997637e-01
3.723015075377e-04 1.989010259931e-01 3.723015075377e-04 1.920944153281e-01 3.723015075377e-04 2.986057968068e-01 3.723015075377e-04 3.100999998127e-01
3.742713567839e-04 1.989009097472e-01 3.742713567839e-04 1.920880662300e-01 3.742713567839e-04 2.986256958985e-01 3.742713567839e-04 3.100999998516e-01
3.762412060302e-04 1.989008066747e-01 3.762412060302e-04 1.920821442974e-01 3.762412060302e-04 2.986445932973e-01 3.762412060302e-04 3.100999998824e-01
3.782110552764e-04 1.989007152824e-01 3.782110552764e-04 1.920766207625e-01 3.782110552764e-04 2.986625392047e-01 3.782110552764e-04 3.100999999068e-01
3.801809045226e-04 1.989006342462e-01 3.801809045226e-04 1.920714687988e-01 3.801809045226e-04 2.986795813215e-01 3.801809045226e-04 3.100999999261e-01
3.821507537688e-04 1.989005623923e-01 3.821507537688e-04 1.920666633893e-01 3.821507537688e-04 2.986957649721e-01 3.821507537688e-04 3.100999999415e-01
3.841206030151e-04 1.989004986800e-01 3.841206030151e-04 1.920621812043e-01 3.841206030151e-04 2.987111332219e-01 3.841206030151e-04 3.100999999536e-01
3.860904522613e-04 1.989004421866e-01 3.860904522613e-04 1.920580004869e-01 3.860904522613e-04 2.987257269890e-01 3.860904522613e-04 3.100999999632e-01
3.880603015075e-04 1.989003920939e-01 3.880603015075e-04 1.920541009469e-01 3.880603015075e-04 2.987395851508e-01 3.880603015075e-04 3.100999999709e-01
3.900301507538e-04 1.989003476766e-01 3.900301507538e-04 1.920504636617e-01 3.900301507538e-04 2.987527446447e-01 3.900301507538e-04 3.100999999769e-01
3.920000000000e-04 1.989003082916e-01 3.920000000000e-04 1.920470709835e-01 3.920000000000e-04 2.987652405644e-01 3.920000000000e-04 3.100999999817e-01
