0.000000000000e+00 2.003285406040e-01 0.000000000000e+00 3.178000000000e-01 0.000000000000e+00 2.901067105529e-01 0.000000000000e+00 1.898393880298e-01
2.306532663317e-06 2.003307466598e-01 2.306532663317e-06 3.178000000000e-01 2.306532663317e-06 2.900835371616e-01 2.306532663317e-06 1.898414891022e-01
4.613065326633e-06 2.003331232278e-01 4.613065326633e-06 3.178000000000e-01 4.613065326633e-06 2.900590044206e-01 4.613065326633e-06 1.898438783938e-01
6.919597989950e-06 2.003356834874e-01 6.919597989950e-06 3.178000000000e-01 6.919597989950e-06 2.900330334505e-01 6.919597989950e-06 1.898465872461e-01
9.226130653266e-06 2.003384416373e-01 9.226130653266e-06 3.178000000000e-01 9.226130653266e-06 2.900055409084e-01 9.226130653266e-06 1.898496500516e-01
1.153266331658e-05 2.003414129737e-01 1.153266331658e-05 3.178000000000e-01 1.153266331658e-05 2.899764387499e-01 1.153266331658e-05 1.898531045284e-01
1.383919597990e-05 2.003446139758e-01 1.383919597990e-05 3.178000000000e-01 1.383919597990e-05 2.899456339803e-01 1.383919597990e-05 1.898569920179e-01
1.614572864322e-05 2.003480623969e-01 1.614572864322e-05 3.178000000000e-01 1.614572864322e-05 2.899130283942e-01 1.614572864322e-05 1.898613578060e-01
1.845226130653e-05 2.003517773636e-01 1.845226130653e-05 3.178000000000e-01 1.845226130653e-05 2.898785183041e-01 1.845226130653e-05 1.898662514713e-01
2.075879396985e-05 2.003557794815e-01 2.075879396985e-05 3.178000000000e-01 2.075879396985e-05 2.898419942575e-01 2.075879396985e-05 1.898717272601e-01
2.306532663317e-05 2.003600909506e-01 2.306532663317e-05 3.178000000000e-01 2.306532663317e-05 2.898033407419e-01 2.306532663317e-05 1.898778444914e-01
2.537185929648e-05 2.003647356882e-01 2.537185929648e-05 3.178000000000e-01 2.537185929648e-05 2.897624358780e-01 2.537185929648e-05 1.898846679939e-01
2.767839195980e-05 2.003697394625e-01 2.767839195980e-05 3.178000000000e-01 2.767839195980e-05 2.897191511015e-01 2.767839195980e-05 1.898922685751e-01
2.998492462312e-05 2.003751300362e-01 2.998492462312e-05 3.178000000000e-01 2.998492462312e-05 2.896733508317e-01 2.998492462312e-05 1.899007235267e-01
3.229145728643e-05 2.003809373211e-01 3.229145728643e-05 3.178000000000e-01 3.229145728643e-05 2.896248921298e-01 3.229145728643e-05 1.899101171669e-01
3.459798994975e-05 2.003871935453e-01 3.459798994975e-05 3.178000000000e-01 3.459798994975e-05 2.895736243444e-01 3.459798994975e-05 1.899205414212e-01
3.690452261307e-05 2.003939334330e-01 3.690452261307e-05 3.178000000000e-01 3.690452261307e-05 2.895193887457e-01 3.690452261307e-05 1.899320964447e-01
3.921105527638e-05 2.004011943989e-01 3.921105527638e-05 3.178000000000e-01 3.921105527638e-05 2.894620181490e-01 3.921105527638e-05 1.899448912864e-01
4.151758793970e-05 2.004090167579e-01 4.151758793970e-05 3.178000000000e-01 4.151758793970e-05 2.894013365273e-01 4.151758793970e-05 1.899590445980e-01
4.382412060302e-05 2.004174439505e-01 4.382412060302e-05 3.178000000000e-01 4.382412060302e-05 2.893371586139e-01 4.382412060302e-05 1.899746853871e-01
4.613065326633e-05 2.004265227873e-01 4.613065326633e-05 3.178000000000e-01 4.613065326633e-05 2.892692894960e-01 4.613065326633e-05 1.899919538178e-01
4.843718592965e-05 2.004363037120e-01 4.843718592965e-05 3.178000000000e-01 4.843718592965e-05 2.891975241999e-01 4.843718592965e-05 1.900110020567e-01
5.074371859296e-05 2.004468410856e-01 5.074371859296e-05 3.178000000000e-01 5.074371859296e-05 2.891216472695e-01 5.074371859296e-05 1.900319951673e-01
5.305025125628e-05 2.004581934930e-01 5.305025125628e-05 3.178000000000e-01 5.305025125628e-05 2.890414323385e-01 5.305025125628e-05 1.900551120489e-01
5.535678391960e-05 2.004704240752e-01 5.535678391960e-05 3.178000000000e-01 5.535678391960e-05 2.889566416995e-01 5.535678391960e-05 1.900805464216e-01
5.766331658291e-05 2.004836008865e-01 5.766331658291e-05 3.178000000000e-01 5.766331658291e-05 2.888670258698e-01 5.766331658291e-05 1.901085078534e-01
5.996984924623e-05 2.004977972821e-01 5.996984924623e-05 3.178000000000e-01 5.996984924623e-05 2.887723231583e-01 5.996984924623e-05 1.901392228254e-01
6.227638190955e-05 2.005130923366e-01 6.227638190955e-05 3.178000000000e-01 6.227638190955e-05 2.886722592340e-01 6.227638190955e-05 1.901729358322e-01
6.458291457286e-05 2.005295712962e-01 6.458291457286e-05 3.178000000000e-01 6.458291457286e-05 2.885665467006e-01 6.458291457286e-05 1.902099105083e-01
6.688944723618e-05 2.005473260689e-01 6.688944723618e-05 3.178000000000e-01 6.688944723618e-05 2.884548846787e-01 6.688944723618e-05 1.902504307740e-01
6.919597989950e-05 2.005664557544e-01 6.919597989950e-05 3.178000000000e-01 6.919597989950e-05 2.883369584009e-01 6.919597989950e-05 1.902948019878e-01
7.150251256281e-05 2.005870672189e-01 7.150251256281e-05 3.178000000000e-01 7.150251256281e-05 2.882124388219e-01 7.150251256281e-05 1.903433520935e-01
7.380904522613e-05 2.006092757172e-01 7.380904522613e-05 3.178000000000e-01 7.380904522613e-05 2.880809822502e-01 7.380904522613e-05 1.903964327430e-01
7.611557788945e-05 2.006332055680e-01 7.611557788945e-05 3.178000000000e-01 7.611557788945e-05 2.879422300034e-01 7.611557788945e-05 1.904544203752e-01
7.842211055276e-05 2.006589908870e-01 7.842211055276e-05 3.178000000000e-01 7.842211055276e-05 2.877958080958e-01 7.842211055276e-05 1.905177172258e-01
8.072864321608e-05 2.006867763823e-01 8.072864321608e-05 3.178000000000e-01 8.072864321608e-05 2.876413269601e-01 8.072864321608e-05 1.905867522368e-01
8.303517587940e-05 2.007167182198e-01 8.303517587940e-05 3.178000000000e-01 8.303517587940e-05 2.874783812138e-01 8.303517587940e-05 1.906619818314e-01
8.534170854271e-05 2.007489849645e-01 8.534170854271e-05 3.178000000000e-01 8.534170854271e-05 2.873065494728e-01 8.534170854271e-05 1.907438905115e-01
8.764824120603e-05 2.007837586059e-01 8.764824120603e-05 3.178000000000e-01 8.764824120603e-05 2.871253942222e-01 8.764824120603e-05 1.908329912275e-01
8.995477386935e-05 2.008212356759e-01 8.995477386935e-05 3.178000000000e-01 8.995477386935e-05 2.869344617511e-01 8.995477386935e-05 1.909298254653e-01
9.226130653266e-05 2.008616284686e-01 9.226130653266e-05 3.178000000000e-01 9.226130653266e-05 2.867332821588e-01 9.226130653266e-05 1.910349629819e-01
9.456783919598e-05 2.009051663742e-01 9.456783919598e-05 3.178000000000e-01 9.456783919598e-05 2.865213694413e-01 9.456783919598e-05 1.911490011148e-01
9.687437185930e-05 2.009520973386e-01 9.687437185930e-05 3.178000000000e-01 9.687437185930e-05 2.862982216667e-01 9.687437185930e-05 1.912725635796e-01
9.918090452261e-05 2.010026894627e-01 9.918090452261e-05 3.178000000000e-01 9.918090452261e-05 2.860633212478e-01 9.918090452261e-05 1.914062986554e-01
1.014874371859e-04 2.010572327581e-01 1.014874371859e-04 3.178000000000e-01 1.014874371859e-04 2.858161353223e-01 1.014874371859e-04 1.915508766515e-01
1.037939698492e-04 2.011160410776e-01 1.037939698492e-04 3.178000000000e-01 1.037939698492e-04 2.855561162468e-01 1.037939698492e-04 1.917069865307e-01
1.061005025126e-04 2.011794542407e-01 1.061005025126e-04 3.178000000000e-01 1.061005025126e-04 2.852827022160e-01 1.061005025126e-04 1.918753315568e-01
1.084070351759e-04 2.012478403798e-01 1.084070351759e-04 3.178000000000e-01 1.084070351759e-04 2.849953180138e-01 1.084070351759e-04 1.920566238179e-01
1.107135678392e-04 2.013215985318e-01 1.107135678392e-04 3.178000000000e-01 1.107135678392e-04 2.846933759047e-01 1.107135678392e-04 1.922515774685e-01
1.130201005025e-04 2.014011615106e-01 1.130201005025e-04 3.178000000000e-01 1.130201005025e-04 2.843762766719e-01 1.130201005025e-04 1.924609005221e-01
1.153266331658e-04 2.014869990935e-01 1.153266331658e-04 3.178000000000e-01 1.153266331658e-04 2.840434108082e-01 1.153266331658e-04 1.926852850174e-01
1.176331658291e-04 2.015796215654e-01 1.176331658291e-04 3.178000000000e-01 1.176331658291e-04 2.836941598646e-01 1.176331658291e-04 1.929253953788e-01
1.199396984925e-04 2.016795836691e-01 1.199396984925e-04 3.178000000000e-01 1.199396984925e-04 2.833278979583e-01 1.199396984925e-04 1.931818547895e-01
1.222462311558e-04 2.017874890165e-01 1.222462311558e-04 3.178000000000e-01 1.222462311558e-04 2.829439934419e-01 1.222462311558e-04 1.934552294040e-01
1.245527638191e-04 2.019039950262e-01 1.245527638191e-04 3.178000000000e-01 1.245527638191e-04 2.825418107314e-01 1.245527638191e-04 1.937460102367e-01
1.268592964824e-04 2.020298184620e-01 1.268592964824e-04 3.178000000000e-01 1.268592964824e-04 2.821207122896e-01 1.268592964824e-04 1.940545925920e-01
1.291658291457e-04 2.021657416559e-01 1.291658291457e-04 3.178000000000e-01 1.291658291457e-04 2.816800607559e-01 1.291658291457e-04 1.943812529303e-01
1.314723618090e-04 2.023126195170e-01 1.314723618090e-04 3.178000000000e-01 1.314723618090e-04 2.812192212133e-01 1.314723618090e-04 1.947261231174e-01
1.337788944724e-04 2.024713874369e-01 1.337788944724e-04 3.178000000000e-01 1.337788944724e-04 2.807375635771e-01 1.337788944724e-04 1.950891620689e-01
1.360854271357e-04 2.026430702225e-01 1.360854271357e-04 3.178000000000e-01 1.360854271357e-04 2.802344650868e-01 1.360854271357e-04 1.954701248839e-01
1.383919597990e-04 2.028287922021e-01 1.383919597990e-04 3.178000000000e-01 1.383919597990e-04 2.797093128783e-01 1.383919597990e-04 1.958685296692e-01
1.406984924623e-04 2.030297886739e-01 1.406984924623e-04 3.178000000000e-01 1.406984924623e-04 2.791615066101e-01 1.406984924623e-04 1.962836223799e-01
1.430050251256e-04 2.032474188819e-01 1.430050251256e-04 3.178000000000e-01 1.430050251256e-04 2.785904611107e-01 1.430050251256e-04 1.967143401536e-01
1.453115577889e-04 2.034831807310e-01 1.453115577889e-04 3.178000000000e-01 1.453115577889e-04 2.779956090135e-01 1.453115577889e-04 1.971592737882e-01
1.476180904523e-04 2.037387274700e-01 1.476180904523e-04 3.178000000000e-01 1.476180904523e-04 2.773764033380e-01 1.476180904523e-04 1.976166302073e-01
1.499246231156e-04 2.040158865910e-01 1.499246231156e-04 3.178000000000e-01 1.499246231156e-04 2.767323199758e-01 1.499246231156e-04 1.980841959700e-01
1.522311557789e-04 2.043166812103e-01 1.522311557789e-04 3.178000000000e-01 1.522311557789e-04 2.760628600356e-01 1.522311557789e-04 1.985593031055e-01
1.545376884422e-04 2.046433541977e-01 1.545376884422e-04 3.178000000000e-01 1.545376884422e-04 2.753675520000e-01 1.545376884422e-04 1.990387987819e-01
1.568442211055e-04 2.049983953165e-01 1.568442211055e-04 3.178000000000e-01 1.568442211055e-04 2.746459536469e-01 1.568442211055e-04 1.995190205367e-01
1.591507537688e-04 2.053845716083e-01 1.591507537688e-04 3.178000000000e-01 1.591507537688e-04 2.738976536882e-01 1.591507537688e-04 1.999957789966e-01
1.614572864322e-04 2.058049611961e-01 1.614572864322e-04 3.178000000000e-01 1.614572864322e-04 2.731222730819e-01 1.614572864322e-04 2.004643501685e-01
1.637638190955e-04 2.062629905790e-01 1.637638190955e-04 3.178000000000e-01 1.637638190955e-04 2.723194659784e-01 1.637638190955e-04 2.009194794830e-01
1.660703517588e-04 2.067624753282e-01 1.660703517588e-04 3.178000000000e-01 1.660703517588e-04 2.714889202665e-01 1.660703517588e-04 2.013553997829e-01
1.683768844221e-04 2.073076638482e-01 1.683768844221e-04 3.178000000000e-01 1.683768844221e-04 2.706303576975e-01 1.683768844221e-04 2.017658653584e-01
1.706834170854e-04 2.079032835105e-01 1.706834170854e-04 3.178000000000e-01 1.706834170854e-04 2.697435335717e-01 1.706834170854e-04 2.021442039111e-01
1.729899497487e-04 2.085545879689e-01 1.729899497487e-04 3.178000000000e-01 1.729899497487e-04 2.688282359918e-01 1.729899497487e-04 2.024833879597e-01
1.752964824121e-04 2.092674037872e-01 1.752964824121e-04 3.178000000000e-01 1.752964824121e-04 2.678842846977e-01 1.752964824121e-04 2.027761266780e-01
1.776030150754e-04 2.100481736070e-01 1.776030150754e-04 3.178000000000e-01 1.776030150754e-04 2.669115295208e-01 1.776030150754e-04 2.030149784643e-01
1.799095477387e-04 2.109039919331e-01 1.799095477387e-04 3.178000000000e-01 1.799095477387e-04 2.659098485154e-01 1.799095477387e-04 2.031924836970e-01
1.822160804020e-04 2.118426281716e-01 1.822160804020e-04 3.178000000000e-01 1.822160804020e-04 2.648791458436e-01 1.822160804020e-04 2.033013161507e-01
1.845226130653e-04 2.128725298449e-01 1.845226130653e-04 3.178000000000e-01 1.845226130653e-04 2.638193495201e-01 1.845226130653e-04 2.033344504697e-01
1.868291457286e-04 2.140027969548e-01 1.868291457286e-04 3.178000000000e-01 1.868291457286e-04 2.627304091412e-01 1.868291457286e-04 2.032853419666e-01
1.891356783920e-04 2.152431164188e-01 1.891356783920e-04 3.178000000000e-01 1.891356783920e-04 2.616122937496e-01 1.891356783920e-04 2.031481139104e-01
1.914422110553e-04 2.166036435802e-01 1.914422110553e-04 3.178000000000e-01 1.914422110553e-04 2.604649900061e-01 1.914422110553e-04 2.029177464549e-01
1.937487437186e-04 2.180948163991e-01 1.937487437186e-04 3.178000000000e-01 1.937487437186e-04 2.592885008611e-01 1.937487437186e-04 2.025902605260e-01
1.960552763819e-04 2.197270876227e-01 1.960552763819e-04 3.178000000000e-01 1.960552763819e-04 2.580828449318e-01 1.960552763819e-04 2.021628894179e-01
1.983618090452e-04 2.215105617808e-01 1.983618090452e-04 3.178000000000e-01 1.983618090452e-04 2.568480568038e-01 1.983618090452e-04 2.016342306130e-01
2.006683417085e-04 2.234545281419e-01 2.006683417085e-04 3.178000000000e-01 2.006683417085e-04 2.555841884755e-01 2.006683417085e-04 2.010043704966e-01
2.029748743719e-04 2.255668886990e-01 2.029748743719e-04 3.178000000000e-01 2.029748743719e-04 2.542913121646e-01 2.029748743719e-04 2.002749752278e-01
2.052814070352e-04 2.278534924838e-01 2.052814070352e-04 3.178000000000e-01 2.052814070352e-04 2.529695246744e-01 2.052814070352e-04 1.994493420359e-01
2.075879396985e-04 2.303174040457e-01 2.075879396985e-04 3.178000000000e-01 2.075879396985e-04 2.516189534982e-01 2.075879396985e-04 1.985324066309e-01
2.098944723618e-04 2.329581537142e-01 2.098944723618e-04 3.178000000000e-01 2.098944723618e-04 2.502397647986e-01 2.098944723618e-04 1.975307041549e-01
2.122010050251e-04 2.357710377426e-01 2.122010050251e-04 3.178000000000e-01 2.122010050251e-04 2.488321733512e-01 2.122010050251e-04 1.964522830910e-01
2.145075376884e-04 2.387465534421e-01 2.145075376884e-04 3.178000000000e-01 2.145075376884e-04 2.473964544737e-01 2.145075376884e-04 1.953065736391e-01
2.168140703518e-04 2.418700625979e-01 2.168140703518e-04 3.178000000000e-01 2.168140703518e-04 2.459329578921e-01 2.168140703518e-04 1.941042141586e-01
2.191206030151e-04 2.451217704252e-01 2.191206030151e-04 3.178000000000e-01 2.191206030151e-04 2.444421234007e-01 2.191206030151e-04 1.928568412045e-01
2.214271356784e-04 2.484770834151e-01 2.214271356784e-04 3.178000000000e-01 2.214271356784e-04 2.429244980789e-01 2.214271356784e-04 1.915768503442e-01
2.237336683417e-04 2.519073677774e-01 2.237336683417e-04 3.178000000000e-01 2.237336683417e-04 2.413807547212e-01 2.237336683417e-04 1.902771362092e-01
2.260402010050e-04 2.553810760090e-01 2.260402010050e-04 3.178000000000e-01 2.260402010050e-04 2.398117110305e-01 2.260402010050e-04 1.889708210519e-01
2.283467336683e-04 2.588651524700e-01 2.283467336683e-04 3.178000000000e-01 2.283467336683e-04 2.382183490149e-01 2.283467336683e-04 1.876709813934e-01
2.306532663317e-04 2.623265824192e-01 2.306532663317e-04 3.178000000000e-01 2.306532663317e-04 2.366018339364e-01 2.306532663317e-04 1.863903821584e-01
2.329597989950e-04 2.657339242453e-01 2.329597989950e-04 3.178000000000e-01 2.329597989950e-04 2.349635320703e-01 2.329597989950e-04 1.851412270412e-01
2.352663316583e-04 2.690586680830e-01 2.352663316583e-04 3.178000000000e-01 2.352663316583e-04 2.333050264770e-01 2.352663316583e-04 1.839349327844e-01
2.375728643216e-04 2.722762946773e-01 2.375728643216e-04 3.178000000000e-01 2.375728643216e-04 2.316281299518e-01 2.375728643216e-04 1.827819336740e-01
2.398793969849e-04 2.753669582792e-01 2.398793969849e-04 3.178000000000e-01 2.398793969849e-04 2.299348943229e-01 2.398793969849e-04 1.816915209616e-01
2.421859296482e-04 2.783157743380e-01 2.421859296482e-04 3.178000000000e-01 2.421859296482e-04 2.282276153097e-01 2.421859296482e-04 1.806717202207e-01
2.444924623116e-04 2.811127444783e-01 2.444924623116e-04 3.178000000000e-01 2.444924623116e-04 2.265088322410e-01 2.444924623116e-04 1.797292079397e-01
2.467989949749e-04 2.837523887072e-01 2.467989949749e-04 3.178000000000e-01 2.467989949749e-04 2.247813220638e-01 2.467989949749e-04 1.788692670348e-01
2.491055276382e-04 2.862331740923e-01 2.491055276382e-04 3.178000000000e-01 2.491055276382e-04 2.230480872498e-01 2.491055276382e-04 1.780957795202e-01
2.514120603015e-04 2.885568312499e-01 2.514120603015e-04 3.178000000000e-01 2.514120603015e-04 2.213123374176e-01 2.514120603015e-04 1.774112533497e-01
2.537185929648e-04 2.907276391464e-01 2.537185929648e-04 3.178000000000e-01 2.537185929648e-04 2.195774647277e-01 2.537185929648e-04 1.768168794838e-01
2.560251256281e-04 2.927517404752e-01 2.560251256281e-04 3.178000000000e-01 2.560251256281e-04 2.178470133668e-01 2.560251256281e-04 1.763126145608e-01
2.583316582915e-04 2.946365293588e-01 2.583316582915e-04 3.178000000000e-01 2.583316582915e-04 2.161246436942e-01 2.583316582915e-04 1.758972841507e-01
2.606381909548e-04 2.963901341072e-01 2.606381909548e-04 3.178000000000e-01 2.606381909548e-04 2.144140918701e-01 2.606381909548e-04 1.755687014327e-01
2.629447236181e-04 2.980210023940e-01 2.629447236181e-04 3.178000000000e-01 2.629447236181e-04 2.127191260004e-01 2.629447236181e-04 1.753237962322e-01
2.652512562814e-04 2.995375852328e-01 2.652512562814e-04 3.178000000000e-01 2.652512562814e-04 2.110435000055e-01 2.652512562814e-04 1.751587496427e-01
2.675577889447e-04 3.009481093299e-01 2.675577889447e-04 3.178000000000e-01 2.675577889447e-04 2.093909065372e-01 2.675577889447e-04 1.750691298956e-01
2.698643216080e-04 3.022604240035e-01 2.698643216080e-04 3.178000000000e-01 2.698643216080e-04 2.077649303197e-01 2.698643216080e-04 1.750500256884e-01
2.721708542714e-04 3.034819079803e-01 2.721708542714e-04 3.178000000000e-01 2.721708542714e-04 2.061690032773e-01 2.721708542714e-04 1.750961737953e-01
2.744773869347e-04 3.046194221236e-01 2.744773869347e-04 3.178000000000e-01 2.744773869347e-04 2.046063627302e-01 2.744773869347e-04 1.752020784230e-01
2.767839195980e-04 3.056792958046e-01 2.767839195980e-04 3.178000000000e-01 2.767839195980e-04 2.030800137971e-01 2.767839195980e-04 1.753621204064e-01
2.790904522613e-04 3.066673366759e-01 2.790904522613e-04 3.178000000000e-01 2.790904522613e-04 2.015926969570e-01 2.790904522613e-04 1.755706549422e-01
2.813969849246e-04 3.075888556876e-01 2.813969849246e-04 3.178000000000e-01 2.813969849246e-04 2.001468614887e-01 2.813969849246e-04 1.758220971063e-01
2.837035175879e-04 3.084487011119e-01 2.837035175879e-04 3.178000000000e-01 2.837035175879e-04 1.987446452654e-01 2.837035175879e-04 1.761109948821e-01
2.860100502513e-04 3.092512969918e-01 2.860100502513e-04 3.178000000000e-01 2.860100502513e-04 1.973878611184e-01 2.860100502513e-04 1.764320898366e-01
2.883165829146e-04 3.100006827899e-01 2.883165829146e-04 3.178000000000e-01 2.883165829146e-04 1.960779897463e-01 2.883165829146e-04 1.767803659107e-01
2.906231155779e-04 3.107005520789e-01 2.906231155779e-04 3.178000000000e-01 2.906231155779e-04 1.948161789152e-01 2.906231155779e-04 1.771510870490e-01
2.929296482412e-04 3.113542889294e-01 2.929296482412e-04 3.178000000000e-01 2.929296482412e-04 1.936032485068e-01 2.929296482412e-04 1.775398245750e-01
2.952361809045e-04 3.119650012443e-01 2.952361809045e-04 3.178000000000e-01 2.952361809045e-04 1.924397008153e-01 2.952361809045e-04 1.779424753439e-01
2.975427135678e-04 3.125355507126e-01 2.975427135678e-04 3.178000000000e-01 2.975427135678e-04 1.913257353837e-01 2.975427135678e-04 1.783552717648e-01
2.998492462312e-04 3.130685793408e-01 2.998492462312e-04 3.178000000000e-01 2.998492462312e-04 1.902612675993e-01 2.998492462312e-04 1.787747848063e-01
3.021557788945e-04 3.135665327036e-01 3.021557788945e-04 3.178000000000e-01 3.021557788945e-04 1.892459502399e-01 3.021557788945e-04 1.791979210772e-01
3.044623115578e-04 3.140316801654e-01 3.044623115578e-04 3.178000000000e-01 3.044623115578e-04 1.882791971692e-01 3.044623115578e-04 1.796219150273e-01
3.067688442211e-04 3.144661323789e-01 3.067688442211e-04 3.178000000000e-01 3.067688442211e-04 1.873602084164e-01 3.067688442211e-04 1.800443172380e-01
3.090753768844e-04 3.148718563854e-01 3.090753768844e-04 3.178000000000e-01 3.090753768844e-04 1.864879959355e-01 3.090753768844e-04 1.804629796941e-01
3.113819095477e-04 3.152506886394e-01 3.113819095477e-04 3.178000000000e-01 3.113819095477e-04 1.856614094174e-01 3.113819095477e-04 1.808760388283e-01
3.136884422111e-04 3.156043462555e-01 3.136884422111e-04 3.178000000000e-01 3.136884422111e-04 1.848791616155e-01 3.136884422111e-04 1.812818970362e-01
3.159949748744e-04 3.159344367524e-01 3.159949748744e-04 3.178000000000e-01 3.159949748744e-04 1.841398527392e-01 3.159949748744e-04 1.816792032637e-01
3.183015075377e-04 3.162424665341e-01 3.183015075377e-04 3.178000000000e-01 3.183015075377e-04 1.834419935592e-01 3.183015075377e-04 1.820668331735e-01
3.206080402010e-04 3.165298483182e-01 3.206080402010e-04 3.178000000000e-01 3.206080402010e-04 1.827840269610e-01 3.206080402010e-04 1.824438693114e-01
3.229145728643e-04 3.167979076881e-01 3.229145728643e-04 3.178000000000e-01 3.229145728643e-04 1.821643477603e-01 3.229145728643e-04 1.828095816130e-01
3.252211055276e-04 3.170478889206e-01 3.252211055276e-04 3.178000000000e-01 3.252211055276e-04 1.815813206709e-01 3.252211055276e-04 1.831634085186e-01
3.275276381910e-04 3.172809602121e-01 3.275276381910e-04 3.178000000000e-01 3.275276381910e-04 1.810332963738e-01 3.275276381910e-04 1.835049389005e-01
3.298341708543e-04 3.174982184058e-01 3.298341708543e-04 3.178000000000e-01 3.298341708543e-04 1.805186256938e-01 3.298341708543e-04 1.838338949510e-01
3.321407035176e-04 3.177006933030e-01 3.321407035176e-04 3.178000000000e-01 3.321407035176e-04 1.800356719283e-01 3.321407035176e-04 1.841501161322e-01
3.344472361809e-04 3.178893516267e-01 3.344472361809e-04 3.178000000000e-01 3.344472361809e-04 1.795828214082e-01 3.344472361809e-04 1.844535442492e-01
3.367537688442e-04 3.180651006888e-01 3.367537688442e-04 3.178000000000e-01 3.367537688442e-04 1.791584923950e-01 3.367537688442e-04 1.847442096747e-01
3.390603015075e-04 3.182287918069e-01 3.390603015075e-04 3.178000000000e-01 3.390603015075e-04 1.787611424337e-01 3.390603015075e-04 1.850222187253e-01
3.413668341709e-04 3.183812235016e-01 3.413668341709e-04 3.178000000000e-01 3.413668341709e-04 1.783892742934e-01 3.413668341709e-04 1.852877421716e-01
3.436733668342e-04 3.185231445031e-01 3.436733668342e-04 3.178000000000e-01 3.436733668342e-04 1.780414406300e-01 3.436733668342e-04 1.855410048456e-01
3.459798994975e-04 3.186552565866e-01 3.459798994975e-04 3.178000000000e-01 3.459798994975e-04 1.777162475074e-01 3.459798994975e-04 1.857822762960e-01
3.482864321608e-04 3.187782172547e-01 3.482864321608e-04 3.178000000000e-01 3.482864321608e-04 1.774123569108e-01 3.482864321608e-04 1.860118624378e-01
3.505929648241e-04 3.188926422781e-01 3.505929648241e-04 3.178000000000e-01 3.505929648241e-04 1.771284883786e-01 3.505929648241e-04 1.862300981307e-01
3.528994974874e-04 3.189991081063e-01 3.528994974874e-04 3.178000000000e-01 3.528994974874e-04 1.768634198727e-01 3.528994974874e-04 1.864373406234e-01
3.552060301508e-04 3.190981541559e-01 3.552060301508e-04 3.178000000000e-01 3.552060301508e-04 1.766159879999e-01 3.552060301508e-04 1.866339637957e-01
3.575125628141e-04 3.191902849844e-01 3.575125628141e-04 3.178000000000e-01 3.575125628141e-04 1.763850876848e-01 3.575125628141e-04 1.868203531328e-01
3.598190954774e-04 3.192759723543e-01 3.598190954774e-04 3.178000000000e-01 3.598190954774e-04 1.761696713882e-01 3.598190954774e-04 1.869969013669e-01
3.621256281407e-04 3.193556571921e-01 3.621256281407e-04 3.178000000000e-01 3.621256281407e-04 1.759687479523e-01 3.621256281407e-04 1.871640047220e-01
3.644321608040e-04 3.194297514487e-01 3.644321608040e-04 3.178000000000e-01 3.644321608040e-04 1.757813811474e-01 3.644321608040e-04 1.873220597049e-01
3.667386934673e-04 3.194986398629e-01 3.667386934673e-04 3.178000000000e-01 3.667386934673e-04 1.756066879843e-01 3.667386934673e-04 1.874714603838e-01
3.690452261307e-04 3.195626816324e-01 3.690452261307e-04 3.178000000000e-01 3.690452261307e-04 1.754438368489e-01 3.690452261307e-04 1.876125961032e-01
3.713517587940e-04 3.196222119970e-01 3.713517587940e-04 3.178000000000e-01 3.713517587940e-04 1.752920455072e-01 3.713517587940e-04 1.877458495861e-01
3.736582914573e-04 3.196775437356e-01 3.736582914573e-04 3.178000000000e-01 3.736582914573e-04 1.751505790233e-01 3.736582914573e-04 1.878715953787e-01
3.759648241206e-04 3.197289685817e-01 3.759648241206e-04 3.178000000000e-01 3.759648241206e-04 1.750187476244e-01 3.759648241206e-04 1.879901985964e-01
3.782713567839e-04 3.197767585601e-01 3.782713567839e-04 3.178000000000e-01 3.782713567839e-04 1.748959045439e-01 3.782713567839e-04 1.881020139340e-01
3.805778894472e-04 3.198211672481e-01 3.805778894472e-04 3.178000000000e-01 3.805778894472e-04 1.747814438660e-01 3.805778894472e-04 1.882073849055e-01
3.828844221106e-04 3.198624309646e-01 3.828844221106e-04 3.178000000000e-01 3.828844221106e-04 1.746747983924e-01 3.828844221106e-04 1.883066432843e-01
3.851909547739e-04 3.199007698900e-01 3.851909547739e-04 3.178000000000e-01 3.851909547739e-04 1.745754375476e-01 3.851909547739e-04 1.884001087145e-01
3.874974874372e-04 3.199363891203e-01 3.874974874372e-04 3.178000000000e-01 3.874974874372e-04 1.744828653351e-01 3.874974874372e-04 1.884880884710e-01
3.898040201005e-04 3.199694796579e-01 3.898040201005e-04 3.178000000000e-01 3.898040201005e-04 1.743966183558e-01 3.898040201005e-04 1.885708773447e-01
3.921105527638e-04 3.200002193435e-01 3.921105527638e-04 3.178000000000e-01 3.921105527638e-04 1.743162638938e-01 3.921105527638e-04 1.886487576343e-01
3.944170854271e-04 3.200287737300e-01 3.944170854271e-04 3.178000000000e-01 3.944170854271e-04 1.742413980781e-01 3.944170854271e-04 1.887219992275e-01
3.967236180905e-04 3.200552969036e-01 3.967236180905e-04 3.178000000000e-01 3.967236180905e-04 1.741716441211e-01 3.967236180905e-04 1.887908597567e-01
3.990301507538e-04 3.200799322524e-01 3.990301507538e-04 3.178000000000e-01 3.990301507538e-04 1.741066506381e-01 3.990301507538e-04 1.888555848160e-01
4.013366834171e-04 3.201028131881e-01 4.013366834171e-04 3.178000000000e-01 4.013366834171e-04 1.740460900474e-01 4.013366834171e-04 1.889164082266e-01
4.036432160804e-04 3.201240638207e-01 4.036432160804e-04 3.178000000000e-01 4.036432160804e-04 1.739896570516e-01 4.036432160804e-04 1.889735523436e-01
4.059497487437e-04 3.201437995905e-01 4.059497487437e-04 3.178000000000e-01 4.059497487437e-04 1.739370671999e-01 4.059497487437e-04 1.890272283921e-01
4.082562814070e-04 3.201621278592e-01 4.082562814070e-04 3.178000000000e-01 4.082562814070e-04 1.738880555281e-01 4.082562814070e-04 1.890776368272e-01
4.105628140704e-04 3.201791484630e-01 4.105628140704e-04 3.178000000000e-01 4.105628140704e-04 1.738423752766e-01 4.105628140704e-04 1.891249677110e-01
4.128693467337e-04 3.201949542286e-01 4.128693467337e-04 3.178000000000e-01 4.128693467337e-04 1.737997966822e-01 4.128693467337e-04 1.891694011004e-01
4.151758793970e-04 3.202096314561e-01 4.151758793970e-04 3.178000000000e-01 4.151758793970e-04 1.737601058416e-01 4.151758793970e-04 1.892111074426e-01
4.174824120603e-04 3.202232603694e-01 4.174824120603e-04 3.178000000000e-01 4.174824120603e-04 1.737231036445e-01 4.174824120603e-04 1.892502479717e-01
4.197889447236e-04 3.202359155370e-01 4.197889447236e-04 3.178000000000e-01 4.197889447236e-04 1.736886047719e-01 4.197889447236e-04 1.892869751063e-01
4.220954773869e-04 3.202476662641e-01 4.220954773869e-04 3.178000000000e-01 4.220954773869e-04 1.736564367582e-01 4.220954773869e-04 1.893214328425e-01
4.244020100503e-04 3.202585769589e-01 4.244020100503e-04 3.178000000000e-01 4.244020100503e-04 1.736264391119e-01 4.244020100503e-04 1.893537571418e-01
4.267085427136e-04 3.202687074738e-01 4.267085427136e-04 3.178000000000e-01 4.267085427136e-04 1.735984624943e-01 4.267085427136e-04 1.893840763114e-01
4.290150753769e-04 3.202781134234e-01 4.290150753769e-04 3.178000000000e-01 4.290150753769e-04 1.735723679503e-01 4.290150753769e-04 1.894125113754e-01
4.313216080402e-04 3.202868464810e-01 4.313216080402e-04 3.178000000000e-01 4.313216080402e-04 1.735480261918e-01 4.313216080402e-04 1.894391764354e-01
4.336281407035e-04 3.202949546549e-01 4.336281407035e-04 3.178000000000e-01 4.336281407035e-04 1.735253169266e-01 4.336281407035e-04 1.894641790211e-01
4.359346733668e-04 3.203024825459e-01 4.359346733668e-04 3.178000000000e-01 4.359346733668e-04 1.735041282339e-01 4.359346733668e-04 1.894876204277e-01
4.382412060302e-04 3.203094715861e-01 4.382412060302e-04 3.178000000000e-01 4.382412060302e-04 1.734843559816e-01 4.382412060302e-04 1.895095960424e-01
4.405477386935e-04 3.203159602628e-01 4.405477386935e-04 3.178000000000e-01 4.405477386935e-04 1.734659032824e-01 4.405477386935e-04 1.895301956573e-01
4.428542713568e-04 3.203219843255e-01 4.428542713568e-04 3.178000000000e-01 4.428542713568e-04 1.734486799881e-01 4.428542713568e-04 1.895495037703e-01
4.451608040201e-04 3.203275769793e-01 4.451608040201e-04 3.178000000000e-01 4.451608040201e-04 1.734326022180e-01 4.451608040201e-04 1.895675998732e-01
4.474673366834e-04 3.203327690647e-01 4.474673366834e-04 3.178000000000e-01 4.474673366834e-04 1.734175919200e-01 4.474673366834e-04 1.895845587267e-01
4.497738693467e-04 3.203375892251e-01 4.497738693467e-04 3.178000000000e-01 4.497738693467e-04 1.734035764622e-01 4.497738693467e-04 1.896004506234e-01
4.520804020101e-04 3.203420640616e-01 4.520804020101e-04 3.178000000000e-01 4.520804020101e-04 1.733904882527e-01 4.520804020101e-04 1.896153416383e-01
4.543869346734e-04 3.203462182786e-01 4.543869346734e-04 3.178000000000e-01 4.543869346734e-04 1.733782643858e-01 4.543869346734e-04 1.896292938673e-01
4.566934673367e-04 3.203500748177e-01 4.566934673367e-04 3.178000000000e-01 4.566934673367e-04 1.733668463136e-01 4.566934673367e-04 1.896423656538e-01
4.590000000000e-04 3.203536549833e-01 4.590000000000e-04 3.178000000000e-01 4.590000000000e-04 1.733561795395e-01 4.590000000000e-04 1.896546118045e-01
