0.000000000000e+00 3.430999999719e-01 0.000000000000e+00 1.452000094142e-01 0.000000000000e+00 2.754997487474e-01 0.000000000000e+00 2.362030133122e-01
2.125628140704e-06 3.430999999655e-01 2.125628140704e-06 1.452000111082e-01 2.125628140704e-06 2.754997112453e-01 2.125628140704e-06 2.362033162389e-01
4.251256281407e-06 3.430999999575e-01 4.251256281407e-06 1.452000131090e-01 4.251256281407e-06 2.754996681356e-01 4.251256281407e-06 2.362036496163e-01
6.376884422111e-06 3.430999999478e-01 6.376884422111e-06 1.452000154722e-01 6.376884422111e-06 2.754996185782e-01 6.376884422111e-06 2.362040165049e-01
8.502512562814e-06 3.430999999358e-01 8.502512562814e-06 1.452000182641e-01 8.502512562814e-06 2.754995616076e-01 8.502512562814e-06 2.362044202726e-01
1.062814070352e-05 3.430999999210e-01 1.062814070352e-05 1.452000215627e-01 1.062814070352e-05 2.754994961128e-01 1.062814070352e-05 2.362048646259e-01
1.275376884422e-05 3.430999999028e-01 1.275376884422e-05 1.452000254607e-01 1.275376884422e-05 2.754994208165e-01 1.275376884422e-05 2.362053536433e-01
1.487939698492e-05 3.430999998805e-01 1.487939698492e-05 1.452000300674e-01 1.487939698492e-05 2.754993342496e-01 1.487939698492e-05 2.362058918132e-01
1.700502512563e-05 3.430999998529e-01 1.700502512563e-05 1.452000355124e-01 1.700502512563e-05 2.754992347226e-01 1.700502512563e-05 2.362064840747e-01
1.913065326633e-05 3.430999998191e-01 1.913065326633e-05 1.452000419492e-01 1.913065326633e-05 2.754991202922e-01 1.913065326633e-05 2.362071358632e-01
2.125628140704e-05 3.430999997775e-01 2.125628140704e-05 1.452000495593e-01 2.125628140704e-05 2.754989887235e-01 2.125628140704e-05 2.362078531596e-01
2.338190954774e-05 3.430999997263e-01 2.338190954774e-05 1.452000585577e-01 2.338190954774e-05 2.754988374461e-01 2.338190954774e-05 2.362086425456e-01
2.550753768844e-05 3.430999996634e-01 2.550753768844e-05 1.452000691992e-01 2.550753768844e-05 2.754986635034e-01 2.550753768844e-05 2.362095112635e-01
2.763316582915e-05 3.430999995859e-01 2.763316582915e-05 1.452000817852e-01 2.763316582915e-05 2.754984634947e-01 2.763316582915e-05 2.362104672827e-01
2.975879396985e-05 3.430999994906e-01 2.975879396985e-05 1.452000966728e-01 2.975879396985e-05 2.754982335087e-01 2.975879396985e-05 2.362115193725e-01
3.188442211055e-05 3.430999993735e-01 3.188442211055e-05 1.452001142852e-01 3.188442211055e-05 2.754979690464e-01 3.188442211055e-05 2.362126771821e-01
3.401005025126e-05 3.430999992293e-01 3.401005025126e-05 1.452001351235e-01 3.401005025126e-05 2.754976649328e-01 3.401005025126e-05 2.362139513289e-01
3.613567839196e-05 3.430999990520e-01 3.613567839196e-05 1.452001597816e-01 3.613567839196e-05 2.754973152153e-01 3.613567839196e-05 2.362153534954e-01
3.826130653266e-05 3.430999988338e-01 3.826130653266e-05 1.452001889629e-01 3.826130653266e-05 2.754969130466e-01 3.826130653266e-05 2.362168965357e-01
4.038693467337e-05 3.430999985654e-01 4.038693467337e-05 1.452002235012e-01 4.038693467337e-05 2.754964505505e-01 4.038693467337e-05 2.362185945926e-01
4.251256281407e-05 3.430999982353e-01 4.251256281407e-05 1.452002643847e-01 4.251256281407e-05 2.754959186669e-01 4.251256281407e-05 2.362204632267e-01
4.463819095477e-05 3.430999978291e-01 4.463819095477e-05 1.452003127845e-01 4.463819095477e-05 2.754953069739e-01 4.463819095477e-05 2.362225195577e-01
4.676381909548e-05 3.430999973294e-01 4.676381909548e-05 1.452003700889e-01 4.676381909548e-05 2.754946034828e-01 4.676381909548e-05 2.362247824205e-01
4.888944723618e-05 3.430999967147e-01 4.888944723618e-05 1.452004379436e-01 4.888944723618e-05 2.754937944027e-01 4.888944723618e-05 2.362272725359e-01
5.101507537688e-05 3.430999959584e-01 5.101507537688e-05 1.452005182997e-01 5.101507537688e-05 2.754928638696e-01 5.101507537688e-05 2.362300126988e-01
5.314070351759e-05 3.430999950279e-01 5.314070351759e-05 1.452006134708e-01 5.314070351759e-05 2.754917936345e-01 5.314070351759e-05 2.362330279850e-01
5.526633165829e-05 3.430999938830e-01 5.526633165829e-05 1.452007262002e-01 5.526633165829e-05 2.754905627050e-01 5.526633165829e-05 2.362363459777e-01
5.739195979899e-05 3.430999924743e-01 5.739195979899e-05 1.452008597410e-01 5.739195979899e-05 2.754891469333e-01 5.739195979899e-05 2.362399970174e-01
5.951758793970e-05 3.430999907410e-01 5.951758793970e-05 1.452010179518e-01 5.951758793970e-05 2.754875185416e-01 5.951758793970e-05 2.362440144754e-01
6.164321608040e-05 3.430999886081e-01 6.164321608040e-05 1.452012054088e-01 6.164321608040e-05 2.754856455776e-01 6.164321608040e-05 2.362484350541e-01
6.376884422111e-05 3.430999859835e-01 6.376884422111e-05 1.452014275406e-01 6.376884422111e-05 2.754834912869e-01 6.376884422111e-05 2.362532991178e-01
6.589447236181e-05 3.430999827536e-01 6.589447236181e-05 1.452016907870e-01 6.589447236181e-05 2.754810133933e-01 6.589447236181e-05 2.362586510538e-01
6.802010050251e-05 3.430999787785e-01 6.802010050251e-05 1.452020027881e-01 6.802010050251e-05 2.754781632702e-01 6.802010050251e-05 2.362645396704e-01
7.014572864322e-05 3.430999738860e-01 7.014572864322e-05 1.452023726084e-01 7.014572864322e-05 2.754748849888e-01 7.014572864322e-05 2.362710186325e-01
7.227135678392e-05 3.430999678641e-01 7.227135678392e-05 1.452028110036e-01 7.227135678392e-05 2.754711142246e-01 7.227135678392e-05 2.362781469389e-01
7.439698492462e-05 3.430999604513e-01 7.439698492462e-05 1.452033307370e-01 7.439698492462e-05 2.754667770013e-01 7.439698492462e-05 2.362859894461e-01
7.652261306533e-05 3.430999513258e-01 7.652261306533e-05 1.452039469547e-01 7.652261306533e-05 2.754617882484e-01 7.652261306533e-05 2.362946174417e-01
7.864824120603e-05 3.430999400907e-01 7.864824120603e-05 1.452046776322e-01 7.864824120603e-05 2.754560501448e-01 7.864824120603e-05 2.363041092721e-01
8.077386934673e-05 3.430999262567e-01 8.077386934673e-05 1.452055441038e-01 8.077386934673e-05 2.754494502191e-01 8.077386934673e-05 2.363145510302e-01
8.289949748744e-05 3.430999092209e-01 8.289949748744e-05 1.452065716922e-01 8.289949748744e-05 2.754418591690e-01 8.289949748744e-05 2.363260373064e-01
8.502512562814e-05 3.430998882395e-01 8.502512562814e-05 1.452077904548e-01 8.502512562814e-05 2.754331283629e-01 8.502512562814e-05 2.363386720106e-01
8.715075376884e-05 3.430998623949e-01 8.715075376884e-05 1.452092360717e-01 8.715075376884e-05 2.754230869762e-01 8.715075376884e-05 2.363525692695e-01
8.927638190955e-05 3.430998305548e-01 8.927638190955e-05 1.452109508984e-01 8.927638190955e-05 2.754115387130e-01 8.927638190955e-05 2.363678544065e-01
9.140201005025e-05 3.430997913217e-01 9.140201005025e-05 1.452129852169e-01 9.140201005025e-05 2.753982580551e-01 9.140201005025e-05 2.363846650097e-01
9.352763819095e-05 3.430997429694e-01 9.352763819095e-05 1.452153987204e-01 9.352763819095e-05 2.753829859749e-01 9.352763819095e-05 2.364031520964e-01
9.565326633166e-05 3.430996833657e-01 9.565326633166e-05 1.452182622764e-01 9.565326633166e-05 2.753654250404e-01 9.565326633166e-05 2.364234813805e-01
9.777889447236e-05 3.430996098749e-01 9.777889447236e-05 1.452216600190e-01 9.777889447236e-05 2.753452338337e-01 9.777889447236e-05 2.364458346508e-01
9.990452261307e-05 3.430995192377e-01 9.990452261307e-05 1.452256918321e-01 9.990452261307e-05 2.753220205951e-01 9.990452261307e-05 2.364704112676e-01
1.020301507538e-04 3.430994074215e-01 1.020301507538e-04 1.452304762952e-01 1.020301507538e-04 2.752953359991e-01 1.020301507538e-04 2.364974297870e-01
1.041557788945e-04 3.430992694332e-01 1.041557788945e-04 1.452361541787e-01 1.041557788945e-04 2.752646649587e-01 1.041557788945e-04 2.365271297195e-01
1.062814070352e-04 3.430990990871e-01 1.062814070352e-04 1.452428925864e-01 1.062814070352e-04 2.752294173514e-01 1.062814070352e-04 2.365597734333e-01
1.084070351759e-04 3.430988887136e-01 1.084070351759e-04 1.452508898677e-01 1.084070351759e-04 2.751889175506e-01 1.084070351759e-04 2.365956482086e-01
1.105326633166e-04 3.430986287963e-01 1.105326633166e-04 1.452603814341e-01 1.105326633166e-04 2.751423926515e-01 1.105326633166e-04 2.366350684530e-01
1.126582914573e-04 3.430983075165e-01 1.126582914573e-04 1.452716466469e-01 1.126582914573e-04 2.750889592745e-01 1.126582914573e-04 2.366783780854e-01
1.147839195980e-04 3.430979101819e-01 1.147839195980e-04 1.452850169639e-01 1.147839195980e-04 2.750276088472e-01 1.147839195980e-04 2.367259530962e-01
1.169095477387e-04 3.430974185097e-01 1.169095477387e-04 1.453008855679e-01 1.169095477387e-04 2.749571912745e-01 1.169095477387e-04 2.367782042922e-01
1.190351758794e-04 3.430968097229e-01 1.190351758794e-04 1.453197187332e-01 1.190351758794e-04 2.748763969430e-01 1.190351758794e-04 2.368355802330e-01
1.211608040201e-04 3.430960554109e-01 1.211608040201e-04 1.453420692253e-01 1.211608040201e-04 2.747837370463e-01 1.211608040201e-04 2.368985703671e-01
1.232864321608e-04 3.430951200902e-01 1.232864321608e-04 1.453685920722e-01 1.232864321608e-04 2.746775222858e-01 1.232864321608e-04 2.369677083744e-01
1.254120603015e-04 3.430939593800e-01 1.254120603015e-04 1.454000630896e-01 1.254120603015e-04 2.745558400939e-01 1.254120603015e-04 2.370435757262e-01
1.275376884422e-04 3.430925176877e-01 1.275376884422e-04 1.454374005885e-01 1.275376884422e-04 2.744165306534e-01 1.275376884422e-04 2.371268054714e-01
1.296633165829e-04 3.430907252634e-01 1.296633165829e-04 1.454816907374e-01 1.296633165829e-04 2.742571621571e-01 1.296633165829e-04 2.372180862647e-01
1.317889447236e-04 3.430884944432e-01 1.317889447236e-04 1.455342170884e-01 1.317889447236e-04 2.740750059687e-01 1.317889447236e-04 2.373181666599e-01
1.339145728643e-04 3.430857148467e-01 1.339145728643e-04 1.455964948013e-01 1.339145728643e-04 2.738670126306e-01 1.339145728643e-04 2.374278596987e-01
1.360402010050e-04 3.430822472213e-01 1.360402010050e-04 1.456703101012e-01 1.360402010050e-04 2.736297900072e-01 1.360402010050e-04 2.375480478465e-01
1.381658291457e-04 3.430779155315e-01 1.381658291457e-04 1.457577654676e-01 1.381658291457e-04 2.733595852770e-01 1.381658291457e-04 2.376796883493e-01
1.402914572864e-04 3.430724967692e-01 1.402914572864e-04 1.458613309635e-01 1.402914572864e-04 2.730522729765e-01 1.402914572864e-04 2.378238191266e-01
1.424170854271e-04 3.430657077909e-01 1.424170854271e-04 1.459839019328e-01 1.424170854271e-04 2.727033518563e-01 1.424170854271e-04 2.379815653711e-01
1.445427135678e-04 3.430571882756e-01 1.445427135678e-04 1.461288630004e-01 1.445427135678e-04 2.723079539026e-01 1.445427135678e-04 2.381541471074e-01
1.466683417085e-04 3.430464786016e-01 1.466683417085e-04 1.463001578459e-01 1.466683417085e-04 2.718608694636e-01 1.466683417085e-04 2.383428880822e-01
1.487939698492e-04 3.430329910617e-01 1.487939698492e-04 1.465023635328e-01 1.487939698492e-04 2.713565929310e-01 1.487939698492e-04 2.385492265223e-01
1.509195979899e-04 3.430159723253e-01 1.509195979899e-04 1.467407671946e-01 1.509195979899e-04 2.707893937496e-01 1.509195979899e-04 2.387747285374e-01
1.530452261307e-04 3.429944543834e-01 1.530452261307e-04 1.470214415301e-01 1.530452261307e-04 2.701534175285e-01 1.530452261307e-04 2.390211052688e-01
1.551708542714e-04 3.429671903267e-01 1.551708542714e-04 1.473513137641e-01 1.551708542714e-04 2.694428215123e-01 1.551708542714e-04 2.392902353476e-01
1.572964824121e-04 3.429325701379e-01 1.572964824121e-04 1.477382204401e-01 1.572964824121e-04 2.686519474561e-01 1.572964824121e-04 2.395841948508e-01
1.594221105528e-04 3.428885101568e-01 1.594221105528e-04 1.481909376211e-01 1.594221105528e-04 2.677755328026e-01 1.594221105528e-04 2.399052978034e-01
1.615477386935e-04 3.428323079079e-01 1.615477386935e-04 1.487191728781e-01 1.615477386935e-04 2.668089578540e-01 1.615477386935e-04 2.402561514368e-01
1.636733668342e-04 3.427604514682e-01 1.636733668342e-04 1.493335020997e-01 1.636733668342e-04 2.657485222926e-01 1.636733668342e-04 2.406397319584e-01
1.657989949749e-04 3.426683694367e-01 1.657989949749e-04 1.500452311729e-01 1.657989949749e-04 2.645917390909e-01 1.657989949749e-04 2.410594886327e-01
1.679246231156e-04 3.425501038267e-01 1.679246231156e-04 1.508661607840e-01 1.679246231156e-04 2.633376279693e-01 1.679246231156e-04 2.415194865961e-01
1.700502512563e-04 3.423978840075e-01 1.700502512563e-04 1.518082332148e-01 1.700502512563e-04 2.619869848448e-01 1.700502512563e-04 2.420246021132e-01
1.721758793970e-04 3.422015756704e-01 1.721758793970e-04 1.528830446204e-01 1.721758793970e-04 2.605425992144e-01 1.721758793970e-04 2.425807878910e-01
1.743015075377e-04 3.419479758834e-01 1.743015075377e-04 1.541012166294e-01 1.743015075377e-04 2.590093893849e-01 1.743015075377e-04 2.431954303501e-01
1.764271356784e-04 3.416199260537e-01 1.764271356784e-04 1.554716386326e-01 1.764271356784e-04 2.573944271133e-01 1.764271356784e-04 2.438778246862e-01
1.785527638191e-04 3.411952236570e-01 1.785527638191e-04 1.570006172135e-01 1.785527638191e-04 2.557068294233e-01 1.785527638191e-04 2.446397955293e-01
1.806783919598e-04 3.406453390251e-01 1.806783919598e-04 1.586910001340e-01 1.806783919598e-04 2.539575062456e-01 1.806783919598e-04 2.454964877913e-01
1.828040201005e-04 3.399339984969e-01 1.828040201005e-04 1.605413744671e-01 1.828040201005e-04 2.521587672212e-01 1.828040201005e-04 2.464673379486e-01
1.849296482412e-04 3.390157990499e-01 1.849296482412e-04 1.625454638805e-01 1.849296482412e-04 2.503238076033e-01 1.849296482412e-04 2.475772004094e-01
1.870552763819e-04 3.378351951757e-01 1.870552763819e-04 1.646918584706e-01 1.870552763819e-04 2.484661089830e-01 1.870552763819e-04 2.488575310669e-01
1.891809045226e-04 3.363264621494e-01 1.891809045226e-04 1.669641921577e-01 1.891809045226e-04 2.465988026473e-01 1.891809045226e-04 2.503473996511e-01
1.913065326633e-04 3.344155708234e-01 1.913065326633e-04 1.693418324592e-01 1.913065326633e-04 2.447340493552e-01 1.913065326633e-04 2.520938935362e-01
1.934321608040e-04 3.320251960068e-01 1.934321608040e-04 1.718010693509e-01 1.934321608040e-04 2.428824879883e-01 1.934321608040e-04 2.541511870465e-01
1.955577889447e-04 3.290840497143e-01 1.955577889447e-04 1.743166985062e-01 1.955577889447e-04 2.410527971954e-01 1.955577889447e-04 2.565772416470e-01
1.976834170854e-04 3.255409328979e-01 1.976834170854e-04 1.768638120095e-01 1.976834170854e-04 2.392514005596e-01 1.976834170854e-04 2.594269598629e-01
1.998090452261e-04 3.213819177474e-01 1.998090452261e-04 1.794195600530e-01 1.998090452261e-04 2.374823296138e-01 1.998090452261e-04 2.627410041821e-01
2.019346733668e-04 3.166461043327e-01 2.019346733668e-04 1.819646453566e-01 2.019346733668e-04 2.357472430930e-01 2.019346733668e-04 2.665308739923e-01
2.040603015075e-04 3.114329566164e-01 2.040603015075e-04 1.844843589409e-01 2.040603015075e-04 2.340455874944e-01 2.040603015075e-04 2.707633719223e-01
2.061859296482e-04 3.058949418788e-01 2.061859296482e-04 1.869690476035e-01 2.061859296482e-04 2.323748747535e-01 2.061859296482e-04 2.753504403071e-01
2.083115577889e-04 3.002146558860e-01 2.083115577889e-04 1.894139974795e-01 2.083115577889e-04 2.307310479941e-01 2.083115577889e-04 2.801512918637e-01
2.104371859296e-04 2.945735301761e-01 2.104371859296e-04 1.918188019651e-01 2.104371859296e-04 2.291089053410e-01 2.104371859296e-04 2.849904205947e-01
2.125628140704e-04 2.891239262946e-01 2.125628140704e-04 1.941863409886e-01 2.125628140704e-04 2.275025536083e-01 2.125628140704e-04 2.896877681046e-01
2.146884422111e-04 2.839740075574e-01 2.146884422111e-04 1.965215272969e-01 2.146884422111e-04 2.259058670366e-01 2.146884422111e-04 2.940904984106e-01
2.168140703518e-04 2.791873088952e-01 2.168140703518e-04 1.988299778152e-01 2.168140703518e-04 2.243129300307e-01 2.168140703518e-04 2.980948758841e-01
2.189396984925e-04 2.747922081113e-01 2.189396984925e-04 2.011167523269e-01 2.189396984925e-04 2.227184462758e-01 2.189396984925e-04 3.016524573669e-01
2.210653266332e-04 2.707943511384e-01 2.210653266332e-04 2.033852759237e-01 2.210653266332e-04 2.211180993287e-01 2.210653266332e-04 3.047625549128e-01
2.231909547739e-04 2.671869627099e-01 2.231909547739e-04 2.056365316352e-01 2.231909547739e-04 2.195088518228e-01 2.231909547739e-04 3.074574946406e-01
2.253165829146e-04 2.639571552347e-01 2.253165829146e-04 2.078685781124e-01 2.253165829146e-04 2.178891721265e-01 2.253165829146e-04 3.097871881043e-01
2.274422110553e-04 2.610887172904e-01 2.274422110553e-04 2.100764149114e-01 2.274422110553e-04 2.162591791455e-01 2.274422110553e-04 3.118069194152e-01
2.295678391960e-04 2.585628184932e-01 2.295678391960e-04 2.122521851635e-01 2.295678391960e-04 2.146206984560e-01 2.295678391960e-04 3.135694945565e-01
2.316934673367e-04 2.563579832634e-01 2.316934673367e-04 2.143856735792e-01 2.316934673367e-04 2.129772264656e-01 2.316934673367e-04 3.151212067655e-01
2.338190954774e-04 2.544501630922e-01 2.338190954774e-04 2.164650296817e-01 2.338190954774e-04 2.113338039178e-01 2.338190954774e-04 3.165004690530e-01
2.359447236181e-04 2.528132078118e-01 2.359447236181e-04 2.184776258210e-01 2.359447236181e-04 2.096968055739e-01 2.359447236181e-04 3.177380127977e-01
2.380703517588e-04 2.514196906899e-01 2.380703517588e-04 2.204109504975e-01 2.380703517588e-04 2.080736587779e-01 2.380703517588e-04 3.188578423274e-01
2.401959798995e-04 2.502418971368e-01 2.401959798995e-04 2.222534417603e-01 2.401959798995e-04 2.064725090798e-01 2.401959798995e-04 3.198784394987e-01
2.423216080402e-04 2.492527811457e-01 2.423216080402e-04 2.239951821952e-01 2.423216080402e-04 2.049018553095e-01 2.423216080402e-04 3.208139439436e-01
2.444472361809e-04 2.484267541417e-01 2.444472361809e-04 2.256284028678e-01 2.444472361809e-04 2.033701787341e-01 2.444472361809e-04 3.216751843599e-01
2.465728643216e-04 2.477402442582e-01 2.465728643216e-04 2.271477733658e-01 2.465728643216e-04 2.018855907495e-01 2.465728643216e-04 3.224705220389e-01
2.486984924623e-04 2.471720225150e-01 2.486984924623e-04 2.285504833248e-01 2.486984924623e-04 2.004555209185e-01 2.486984924623e-04 3.232065115150e-01
2.508241206030e-04 2.467033278618e-01 2.508241206030e-04 2.298361431553e-01 2.508241206030e-04 1.990864624304e-01 2.508241206030e-04 3.238884020419e-01
2.529497487437e-04 2.463178382177e-01 2.529497487437e-04 2.310065457152e-01 2.529497487437e-04 1.977837859426e-01 2.529497487437e-04 3.245205090182e-01
2.550753768844e-04 2.460015358946e-01 2.550753768844e-04 2.320653360896e-01 2.550753768844e-04 1.965516261332e-01 2.550753768844e-04 3.251064833994e-01
2.572010050251e-04 2.457425094707e-01 2.572010050251e-04 2.330176348159e-01 2.572010050251e-04 1.953928390342e-01 2.572010050251e-04 3.256495033789e-01
2.593266331658e-04 2.455307249171e-01 2.593266331658e-04 2.338696530828e-01 2.593266331658e-04 1.943090230224e-01 2.593266331658e-04 3.261524081685e-01
2.614522613065e-04 2.453577894291e-01 2.614522613065e-04 2.346283290811e-01 2.614522613065e-04 1.933005926697e-01 2.614522613065e-04 3.266177894788e-01
2.635778894472e-04 2.452167233600e-01 2.635778894472e-04 2.353010048475e-01 2.635778894472e-04 1.923668926409e-01 2.635778894472e-04 3.270480526577e-01
2.657035175879e-04 2.451017493804e-01 2.657035175879e-04 2.358951540714e-01 2.657035175879e-04 1.915063383624e-01 2.657035175879e-04 3.274454564727e-01
2.678291457286e-04 2.450081034413e-01 2.678291457286e-04 2.364181642047e-01 2.678291457286e-04 1.907165709911e-01 2.678291457286e-04 3.278121381753e-01
2.699547738693e-04 2.449318690413e-01 2.699547738693e-04 2.368771710810e-01 2.699547738693e-04 1.899946158873e-01 2.699547738693e-04 3.281501286780e-01
2.720804020101e-04 2.448698343490e-01 2.720804020101e-04 2.372789409772e-01 2.720804020101e-04 1.893370359682e-01 2.720804020101e-04 3.284613613051e-01
2.742060301508e-04 2.448193706054e-01 2.742060301508e-04 2.376297933326e-01 2.742060301508e-04 1.887400736299e-01 2.742060301508e-04 3.287476765511e-01
2.763316582915e-04 2.447783296614e-01 2.763316582915e-04 2.379355567720e-01 2.763316582915e-04 1.881997771292e-01 2.763316582915e-04 3.290108245300e-01
2.784572864322e-04 2.447449583115e-01 2.784572864322e-04 2.382015512928e-01 2.784572864322e-04 1.877121092297e-01 2.784572864322e-04 3.292524662456e-01
2.805829145729e-04 2.447178271051e-01 2.805829145729e-04 2.384325901654e-01 2.805829145729e-04 1.872730374692e-01 2.805829145729e-04 3.294741744170e-01
2.827085427136e-04 2.446957714753e-01 2.827085427136e-04 2.386329960019e-01 2.827085427136e-04 1.868786065590e-01 2.827085427136e-04 3.296774343172e-01
2.848341708543e-04 2.446778432391e-01 2.848341708543e-04 2.388066264338e-01 2.848341708543e-04 1.865249942234e-01 2.848341708543e-04 3.298636448817e-01
2.869597989950e-04 2.446632707624e-01 2.869597989950e-04 2.389569057731e-01 2.869597989950e-04 1.862085522642e-01 2.869597989950e-04 3.300341202186e-01
2.890854271357e-04 2.446514263201e-01 2.890854271357e-04 2.390868598720e-01 2.890854271357e-04 1.859258348705e-01 2.890854271357e-04 3.301900915577e-01
2.912110552764e-04 2.446417994021e-01 2.912110552764e-04 2.391991521159e-01 2.912110552764e-04 1.856736162326e-01 2.912110552764e-04 3.303327096261e-01
2.933366834171e-04 2.446339749149e-01 2.933366834171e-04 2.392961190684e-01 2.933366834171e-04 1.854488994382e-01 2.933366834171e-04 3.304630474013e-01
2.954623115578e-04 2.446276154020e-01 2.954623115578e-04 2.393798047584e-01 2.954623115578e-04 1.852489184598e-01 2.954623115578e-04 3.305821031799e-01
2.975879396985e-04 2.446224465546e-01 2.975879396985e-04 2.394519929596e-01 2.975879396985e-04 1.850711348322e-01 2.975879396985e-04 3.306908038882e-01
2.997135678392e-04 2.446182454135e-01 2.997135678392e-04 2.395142370860e-01 2.997135678392e-04 1.849132303913e-01 2.997135678392e-04 3.307900085679e-01
3.018391959799e-04 2.446148307667e-01 3.018391959799e-04 2.395678875258e-01 3.018391959799e-04 1.847730972218e-01 3.018391959799e-04 3.308805119678e-01
3.039648241206e-04 2.446120553377e-01 3.039648241206e-04 2.396141163790e-01 3.039648241206e-04 1.846488257498e-01 3.039648241206e-04 3.309630481850e-01
3.060904522613e-04 2.446097994330e-01 3.060904522613e-04 2.396539396609e-01 3.060904522613e-04 1.845386917286e-01 3.060904522613e-04 3.310382943031e-01
3.082160804020e-04 2.446079657767e-01 3.082160804020e-04 2.396882370948e-01 3.082160804020e-04 1.844411427012e-01 3.082160804020e-04 3.311068739853e-01
3.103417085427e-04 2.446064753117e-01 3.103417085427e-04 2.397177696589e-01 3.103417085427e-04 1.843547843850e-01 3.103417085427e-04 3.311693609868e-01
3.124673366834e-04 2.446052637873e-01 3.124673366834e-04 2.397431950687e-01 3.124673366834e-04 1.842783673051e-01 3.124673366834e-04 3.312262825597e-01
3.145929648241e-04 2.446042789853e-01 3.145929648241e-04 2.397650813855e-01 3.145929648241e-04 1.842107739132e-01 3.145929648241e-04 3.312781227287e-01
3.167185929648e-04 2.446034784660e-01 3.167185929648e-04 2.397839189380e-01 3.167185929648e-04 1.841510063504e-01 3.167185929648e-04 3.313253254227e-01
3.188442211055e-04 2.446028277364e-01 3.188442211055e-04 2.398001307380e-01 3.188442211055e-04 1.840981749538e-01 3.188442211055e-04 3.313682974519e-01
3.209698492462e-04 2.446022987618e-01 3.209698492462e-04 2.398140815586e-01 3.209698492462e-04 1.840514875622e-01 3.209698492462e-04 3.314074113247e-01
3.230954773869e-04 2.446018687561e-01 3.230954773869e-04 2.398260858318e-01 3.230954773869e-04 1.840102396427e-01 3.230954773869e-04 3.314430079005e-01
3.252211055276e-04 2.446015191988e-01 3.252211055276e-04 2.398364145068e-01 3.252211055276e-04 1.839738052308e-01 3.252211055276e-04 3.314753988800e-01
3.273467336683e-04 2.446012350360e-01 3.273467336683e-04 2.398453009977e-01 3.273467336683e-04 1.839416286642e-01 3.273467336683e-04 3.315048691342e-01
3.294723618090e-04 2.446010040318e-01 3.294723618090e-04 2.398529463346e-01 3.294723618090e-04 1.839132170737e-01 3.294723618090e-04 3.315316788762e-01
3.315979899497e-04 2.446008162399e-01 3.315979899497e-04 2.398595236217e-01 3.315979899497e-04 1.838881335892e-01 3.315979899497e-04 3.315560656815e-01
3.337236180905e-04 2.446006635758e-01 3.337236180905e-04 2.398651818899e-01 3.337236180905e-04 1.838659912121e-01 3.337236180905e-04 3.315782463631e-01
3.358492462312e-04 2.446005394676e-01 3.358492462312e-04 2.398700494258e-01 3.358492462312e-04 1.838464473057e-01 3.358492462312e-04 3.315984187070e-01
3.379748743719e-04 2.446004385733e-01 3.379748743719e-04 2.398742366450e-01 3.379748743719e-04 1.838291986530e-01 3.379748743719e-04 3.316167630774e-01
3.401005025126e-04 2.446003565502e-01 3.401005025126e-04 2.398778385718e-01 3.401005025126e-04 1.838139770326e-01 3.401005025126e-04 3.316334438970e-01
3.422261306533e-04 2.446002898684e-01 3.422261306533e-04 2.398809369765e-01 3.422261306533e-04 1.838005452663e-01 3.422261306533e-04 3.316486110117e-01
3.443517587940e-04 2.446002356582e-01 3.443517587940e-04 2.398836022191e-01 3.443517587940e-04 1.837886936939e-01 3.443517587940e-04 3.316624009455e-01
3.464773869347e-04 2.446001915867e-01 3.464773869347e-04 2.398858948374e-01 3.464773869347e-04 1.837782370329e-01 3.464773869347e-04 3.316749380547e-01
3.486030150754e-04 2.446001557577e-01 3.486030150754e-04 2.398878669155e-01 3.486030150754e-04 1.837690115847e-01 3.486030150754e-04 3.316863355869e-01
3.507286432161e-04 2.446001266295e-01 3.507286432161e-04 2.398895632619e-01 3.507286432161e-04 1.837608727522e-01 3.507286432161e-04 3.316966966522e-01
3.528542713568e-04 2.446001029487e-01 3.528542713568e-04 2.398910224247e-01 3.528542713568e-04 1.837536928354e-01 3.528542713568e-04 3.317061151136e-01
3.549798994975e-04 2.446000836966e-01 3.549798994975e-04 2.398922775650e-01 3.549798994975e-04 1.837473590757e-01 3.549798994975e-04 3.317146764018e-01
3.571055276382e-04 2.446000680449e-01 3.571055276382e-04 2.398933572089e-01 3.571055276382e-04 1.837417719234e-01 3.571055276382e-04 3.317224582609e-01
3.592311557789e-04 2.446000553203e-01 3.592311557789e-04 2.398942858951e-01 3.592311557789e-04 1.837368435009e-01 3.592311557789e-04 3.317295314304e-01
3.613567839196e-04 2.446000449753e-01 3.613567839196e-04 2.398950847318e-01 3.613567839196e-04 1.837324962439e-01 3.613567839196e-04 3.317359602677e-01
3.634824120603e-04 2.446000365648e-01 3.634824120603e-04 2.398957718757e-01 3.634824120603e-04 1.837286616976e-01 3.634824120603e-04 3.317418033180e-01
3.656080402010e-04 2.446000297272e-01 3.656080402010e-04 2.398963629452e-01 3.656080402010e-04 1.837252794522e-01 3.656080402010e-04 3.317471138327e-01
3.677336683417e-04 2.446000241682e-01 3.677336683417e-04 2.398968713744e-01 3.677336683417e-04 1.837222962018e-01 3.677336683417e-04 3.317519402445e-01
3.698592964824e-04 2.446000196488e-01 3.698592964824e-04 2.398973087190e-01 3.698592964824e-04 1.837196649119e-01 3.698592964824e-04 3.317563265988e-01
3.719849246231e-04 2.446000159745e-01 3.719849246231e-04 2.398976849189e-01 3.719849246231e-04 1.837173440845e-01 3.719849246231e-04 3.317603129486e-01
3.741105527638e-04 2.446000129873e-01 3.741105527638e-04 2.398980085238e-01 3.741105527638e-04 1.837152971080e-01 3.741105527638e-04 3.317639357135e-01
3.762361809045e-04 2.446000105587e-01 3.762361809045e-04 2.398982868878e-01 3.762361809045e-04 1.837134916833e-01 3.762361809045e-04 3.317672280074e-01
3.783618090452e-04 2.446000085843e-01 3.783618090452e-04 2.398985263367e-01 3.783618090452e-04 1.837118993174e-01 3.783618090452e-04 3.317702199365e-01
3.804874371859e-04 2.446000069791e-01 3.804874371859e-04 2.398987323118e-01 3.804874371859e-04 1.837104948752e-01 3.804874371859e-04 3.317729388712e-01
3.826130653266e-04 2.446000056740e-01 3.826130653266e-04 2.398989094931e-01 3.826130653266e-04 1.837092561846e-01 3.826130653266e-04 3.317754096935e-01
3.847386934673e-04 2.446000046130e-01 3.847386934673e-04 2.398990619065e-01 3.847386934673e-04 1.837081636882e-01 3.847386934673e-04 3.317776550224e-01
3.868643216080e-04 2.446000037504e-01 3.868643216080e-04 2.398991930148e-01 3.868643216080e-04 1.837072001348e-01 3.868643216080e-04 3.317796954185e-01
3.889899497487e-04 2.446000030491e-01 3.889899497487e-04 2.398993057966e-01 3.889899497487e-04 1.837063503078e-01 3.889899497487e-04 3.317815495711e-01
3.911155778894e-04 2.446000024789e-01 3.911155778894e-04 2.398994028141e-01 3.911155778894e-04 1.837056007859e-01 3.911155778894e-04 3.317832344674e-01
3.932412060302e-04 2.446000020154e-01 3.932412060302e-04 2.398994862710e-01 3.932412060302e-04 1.837049397312e-01 3.932412060302e-04 3.317847655478e-01
3.953668341709e-04 2.446000016385e-01 3.953668341709e-04 2.398995580632e-01 3.953668341709e-04 1.837043567022e-01 3.953668341709e-04 3.317861568457e-01
3.974924623116e-04 2.446000013321e-01 3.974924623116e-04 2.398996198212e-01 3.974924623116e-04 1.837038424898e-01 3.974924623116e-04 3.317874211157e-01
3.996180904523e-04 2.446000010830e-01 3.996180904523e-04 2.398996729477e-01 3.996180904523e-04 1.837033889716e-01 3.996180904523e-04 3.317885699499e-01
4.017437185930e-04 2.446000008805e-01 4.017437185930e-04 2.398997186492e-01 4.017437185930e-04 1.837029889836e-01 4.017437185930e-04 3.317896138834e-01
4.038693467337e-04 2.446000007159e-01 4.038693467337e-04 2.398997579637e-01 4.038693467337e-04 1.837026362075e-01 4.038693467337e-04 3.317905624908e-01
4.059949748744e-04 2.446000005820e-01 4.059949748744e-04 2.398997917838e-01 4.059949748744e-04 1.837023250706e-01 4.059949748744e-04 3.317914244735e-01
4.081206030151e-04 2.446000004732e-01 4.081206030151e-04 2.398998208776e-01 4.081206030151e-04 1.837020506578e-01 4.081206030151e-04 3.317922077391e-01
4.102462311558e-04 2.446000003847e-01 4.102462311558e-04 2.398998459057e-01 4.102462311558e-04 1.837018086345e-01 4.102462311558e-04 3.317929194740e-01
4.123718592965e-04 2.446000003128e-01 4.123718592965e-04 2.398998674362e-01 4.123718592965e-04 1.837015951774e-01 4.123718592965e-04 3.317935662086e-01
4.144974874372e-04 2.446000002543e-01 4.144974874372e-04 2.398998859581e-01 4.144974874372e-04 1.837014069147e-01 4.144974874372e-04 3.317941538778e-01
4.166231155779e-04 2.446000002067e-01 4.166231155779e-04 2.398999018918e-01 4.166231155779e-04 1.837012408724e-01 4.166231155779e-04 3.317946878747e-01
4.187487437186e-04 2.446000001681e-01 4.187487437186e-04 2.398999155990e-01 4.187487437186e-04 1.837010944278e-01 4.187487437186e-04 3.317951731001e-01
4.208743718593e-04 2.446000001366e-01 4.208743718593e-04 2.398999273909e-01 4.208743718593e-04 1.837009652675e-01 4.208743718593e-04 3.317956140076e-01
4.230000000000e-04 2.446000001111e-01 4.230000000000e-04 2.398999375351e-01 4.230000000000e-04 1.837008513515e-01 4.230000000000e-04 3.317960146443e-01
