0.000000000000e+00 3.458999987257e-01 0.000000000000e+00 1.472000000000e-01 0.000000000000e+00 2.723786187080e-01 0.000000000000e+00 2.312777604652e-01
2.261306532663e-06 3.458999985090e-01 2.261306532663e-06 1.472000000000e-01 2.261306532663e-06 2.723482265383e-01 2.261306532663e-06 2.312830674853e-01
4.522613065327e-06 3.458999982553e-01 4.522613065327e-06 1.472000000000e-01 4.522613065327e-06 2.723177274803e-01 4.522613065327e-06 2.312887362028e-01
6.783919597990e-06 3.458999979585e-01 6.783919597990e-06 1.472000000000e-01 6.783919597990e-06 2.722871204159e-01 6.783919597990e-06 2.312947912019e-01
9.045226130653e-06 3.458999976111e-01 9.045226130653e-06 1.472000000000e-01 9.045226130653e-06 2.722564036604e-01 9.045226130653e-06 2.313012587290e-01
1.130653266332e-05 3.458999972047e-01 1.130653266332e-05 1.472000000000e-01 1.130653266332e-05 2.722255748403e-01 1.130653266332e-05 2.313081668037e-01
1.356783919598e-05 3.458999967292e-01 1.356783919598e-05 1.472000000000e-01 1.356783919598e-05 2.721946307462e-01 1.356783919598e-05 2.313155453374e-01
1.582914572864e-05 3.458999961727e-01 1.582914572864e-05 1.472000000000e-01 1.582914572864e-05 2.721635671559e-01 1.582914572864e-05 2.313234262598e-01
1.809045226131e-05 3.458999955215e-01 1.809045226131e-05 1.472000000000e-01 1.809045226131e-05 2.721323786204e-01 1.809045226131e-05 2.313318436532e-01
2.035175879397e-05 3.458999947596e-01 2.035175879397e-05 1.472000000000e-01 2.035175879397e-05 2.721010582071e-01 2.035175879397e-05 2.313408338956e-01
2.261306532663e-05 3.458999938680e-01 2.261306532663e-05 1.472000000000e-01 2.261306532663e-05 2.720695971894e-01 2.261306532663e-05 2.313504358138e-01
2.487437185930e-05 3.458999928247e-01 2.487437185930e-05 1.472000000000e-01 2.487437185930e-05 2.720379846729e-01 2.487437185930e-05 2.313606908457e-01
2.713567839196e-05 3.458999916039e-01 2.713567839196e-05 1.472000000000e-01 2.713567839196e-05 2.720062071453e-01 2.713567839196e-05 2.313716432134e-01
2.939698492462e-05 3.458999901753e-01 2.939698492462e-05 1.472000000000e-01 2.939698492462e-05 2.719742479344e-01 2.939698492462e-05 2.313833401072e-01
3.165829145729e-05 3.458999885037e-01 3.165829145729e-05 1.472000000000e-01 3.165829145729e-05 2.719420865544e-01 3.165829145729e-05 2.313958318819e-01
3.391959798995e-05 3.458999865475e-01 3.391959798995e-05 1.472000000000e-01 3.391959798995e-05 2.719096979201e-01 3.391959798995e-05 2.314091722655e-01
3.618090452261e-05 3.458999842585e-01 3.618090452261e-05 1.472000000000e-01 3.618090452261e-05 2.718770514005e-01 3.618090452261e-05 2.314234185811e-01
3.844221105528e-05 3.458999815798e-01 3.844221105528e-05 1.472000000000e-01 3.844221105528e-05 2.718441096804e-01 3.844221105528e-05 2.314386319833e-01
4.070351758794e-05 3.458999784453e-01 4.070351758794e-05 1.472000000000e-01 4.070351758794e-05 2.718108273916e-01 4.070351758794e-05 2.314548777092e-01
4.296482412060e-05 3.458999747771e-01 4.296482412060e-05 1.472000000000e-01 4.296482412060e-05 2.717771494684e-01 4.296482412060e-05 2.314722253461e-01
4.522613065327e-05 3.458999704845e-01 4.522613065327e-05 1.472000000000e-01 4.522613065327e-05 2.717430091725e-01 4.522613065327e-05 2.314907491153e-01
4.748743718593e-05 3.458999654610e-01 4.748743718593e-05 1.472000000000e-01 4.748743718593e-05 2.717083257242e-01 4.748743718593e-05 2.315105281746e-01
4.974874371859e-05 3.458999595822e-01 4.974874371859e-05 1.472000000000e-01 4.974874371859e-05 2.716730014644e-01 4.974874371859e-05 2.315316469397e-01
5.201005025126e-05 3.458999527022e-01 5.201005025126e-05 1.472000000000e-01 5.201005025126e-05 2.716369184579e-01 5.201005025126e-05 2.315541954257e-01
5.427135678392e-05 3.458999446503e-01 5.427135678392e-05 1.472000000000e-01 5.427135678392e-05 2.715999344369e-01 5.427135678392e-05 2.315782696102e-01
5.653266331658e-05 3.458999352267e-01 5.653266331658e-05 1.472000000000e-01 5.653266331658e-05 2.715618779649e-01 5.653266331658e-05 2.316039718198e-01
5.879396984925e-05 3.458999241973e-01 5.879396984925e-05 1.472000000000e-01 5.879396984925e-05 2.715225426869e-01 5.879396984925e-05 2.316314111399e-01
6.105527638191e-05 3.458999112880e-01 6.105527638191e-05 1.472000000000e-01 6.105527638191e-05 2.714816805130e-01 6.105527638191e-05 2.316607038518e-01
6.331658291457e-05 3.458998961779e-01 6.331658291457e-05 1.472000000000e-01 6.331658291457e-05 2.714389935694e-01 6.331658291457e-05 2.316919738963e-01
6.557788944724e-05 3.458998784907e-01 6.557788944724e-05 1.472000000000e-01 6.557788944724e-05 2.713941247382e-01 6.557788944724e-05 2.317253533668e-01
6.783919597990e-05 3.458998577858e-01 6.783919597990e-05 1.472000000000e-01 6.783919597990e-05 2.713466466022e-01 6.783919597990e-05 2.317609830349e-01
7.010050251256e-05 3.458998335467e-01 7.010050251256e-05 1.472000000000e-01 7.010050251256e-05 2.712960486210e-01 7.010050251256e-05 2.317990129082e-01
7.236180904523e-05 3.458998051681e-01 7.236180904523e-05 1.472000000000e-01 7.236180904523e-05 2.712417223914e-01 7.236180904523e-05 2.318396028249e-01
7.462311557789e-05 3.458997719402e-01 7.462311557789e-05 1.472000000000e-01 7.462311557789e-05 2.711829449039e-01 7.462311557789e-05 2.318829230874e-01
7.688442211055e-05 3.458997330302e-01 7.688442211055e-05 1.472000000000e-01 7.688442211055e-05 2.711188598124e-01 7.688442211055e-05 2.319291551367e-01
7.914572864322e-05 3.458996874615e-01 7.914572864322e-05 1.472000000000e-01 7.914572864322e-05 2.710484569029e-01 7.914572864322e-05 2.319784922728e-01
8.140703517588e-05 3.458996340872e-01 8.140703517588e-05 1.472000000000e-01 8.140703517588e-05 2.709705502077e-01 8.140703517588e-05 2.320311404231e-01
8.366834170854e-05 3.458995715608e-01 8.366834170854e-05 1.472000000000e-01 8.366834170854e-05 2.708837555913e-01 8.366834170854e-05 2.320873189647e-01
8.592964824121e-05 3.458994982999e-01 8.592964824121e-05 1.472000000000e-01 8.592964824121e-05 2.707864691720e-01 8.592964824121e-05 2.321472616041e-01
8.819095477387e-05 3.458994124439e-01 8.819095477387e-05 1.472000000000e-01 8.819095477387e-05 2.706768486663e-01 8.819095477387e-05 2.322112173211e-01
9.045226130653e-05 3.458993118039e-01 9.045226130653e-05 1.472000000000e-01 9.045226130653e-05 2.705528006809e-01 9.045226130653e-05 2.322794513827e-01
9.271356783920e-05 3.458991938020e-01 9.271356783920e-05 1.472000000000e-01 9.271356783920e-05 2.704119781241e-01 9.271356783920e-05 2.323522464348e-01
9.497487437186e-05 3.458990553998e-01 9.497487437186e-05 1.472000000000e-01 9.497487437186e-05 2.702517932101e-01 9.497487437186e-05 2.324299036811e-01
9.723618090452e-05 3.458988930122e-01 9.723618090452e-05 1.472000000000e-01 9.723618090452e-05 2.700694528395e-01 9.723618090452e-05 2.325127441586e-01
9.949748743719e-05 3.458987024036e-01 9.949748743719e-05 1.472000000000e-01 9.949748743719e-05 2.698620241911e-01 9.949748743719e-05 2.326011101233e-01
1.017587939698e-04 3.458984785635e-01 1.017587939698e-04 1.472000000000e-01 1.017587939698e-04 2.696265386898e-01 1.017587939698e-04 2.326953665589e-01
1.040201005025e-04 3.458982155551e-01 1.040201005025e-04 1.472000000000e-01 1.040201005025e-04 2.693601414935e-01 1.040201005025e-04 2.327959028273e-01
1.062814070352e-04 3.458979063316e-01 1.062814070352e-04 1.472000000000e-01 1.062814070352e-04 2.690602904891e-01 1.062814070352e-04 2.329031344809e-01
1.085427135678e-04 3.458975425128e-01 1.085427135678e-04 1.472000000000e-01 1.085427135678e-04 2.687250027518e-01 1.085427135678e-04 2.330175052594e-01
1.108040201005e-04 3.458971141101e-01 1.108040201005e-04 1.472000000000e-01 1.108040201005e-04 2.683531371420e-01 1.108040201005e-04 2.331394893020e-01
1.130653266332e-04 3.458966091892e-01 1.130653266332e-04 1.472000000000e-01 1.130653266332e-04 2.679446896451e-01 1.130653266332e-04 2.332695936075e-01
1.153266331658e-04 3.458960134516e-01 1.153266331658e-04 1.472000000000e-01 1.153266331658e-04 2.675010650686e-01 1.153266331658e-04 2.334083607838e-01
1.175879396985e-04 3.458953097153e-01 1.175879396985e-04 1.472000000000e-01 1.175879396985e-04 2.670252782071e-01 1.175879396985e-04 2.335563721350e-01
1.198492462312e-04 3.458944772657e-01 1.198492462312e-04 1.472000000000e-01 1.198492462312e-04 2.665220342057e-01 1.198492462312e-04 2.337142511426e-01
1.221105527638e-04 3.458934910391e-01 1.221105527638e-04 1.472000000000e-01 1.221105527638e-04 2.659976459307e-01 1.221105527638e-04 2.338826674102e-01
1.243718592965e-04 3.458923205934e-01 1.243718592965e-04 1.472000000000e-01 1.243718592965e-04 2.654597676699e-01 1.243718592965e-04 2.340623411510e-01
1.266331658291e-04 3.458909287998e-01 1.266331658291e-04 1.472000000000e-01 1.266331658291e-04 2.649169568776e-01 1.266331658291e-04 2.342540483137e-01
1.288944723618e-04 3.458892701749e-01 1.288944723618e-04 1.472000000000e-01 1.288944723618e-04 2.643781113984e-01 1.288944723618e-04 2.344586264580e-01
1.311557788945e-04 3.458872887420e-01 1.311557788945e-04 1.472000000000e-01 1.311557788945e-04 2.638518580323e-01 1.311557788945e-04 2.346769815116e-01
1.334170854271e-04 3.458849152758e-01 1.334170854271e-04 1.472000000000e-01 1.334170854271e-04 2.633459799193e-01 1.334170854271e-04 2.349100955603e-01
1.356783919598e-04 3.458820637377e-01 1.356783919598e-04 1.472000000000e-01 1.356783919598e-04 2.628669609328e-01 1.356783919598e-04 2.351590358500e-01
1.379396984925e-04 3.458786266430e-01 1.379396984925e-04 1.472000000000e-01 1.379396984925e-04 2.624196983571e-01 1.379396984925e-04 2.354249652032e-01
1.402010050251e-04 3.458744690185e-01 1.402010050251e-04 1.472000000000e-01 1.402010050251e-04 2.620073996854e-01 1.402010050251e-04 2.357091540848e-01
1.424623115578e-04 3.458694204898e-01 1.424623115578e-04 1.472000000000e-01 1.424623115578e-04 2.616316461246e-01 1.424623115578e-04 2.360129945788e-01
1.447236180905e-04 3.458632648888e-01 1.447236180905e-04 1.472000000000e-01 1.447236180905e-04 2.612925824082e-01 1.447236180905e-04 2.363380165718e-01
1.469849246231e-04 3.458557265614e-01 1.469849246231e-04 1.472000000000e-01 1.469849246231e-04 2.609891829219e-01 1.469849246231e-04 2.366859064628e-01
1.492462311558e-04 3.458464522829e-01 1.492462311558e-04 1.472000000000e-01 1.492462311558e-04 2.607195464159e-01 1.492462311558e-04 2.370585287433e-01
1.515075376884e-04 3.458349873190e-01 1.515075376884e-04 1.472000000000e-01 1.515075376884e-04 2.604811814997e-01 1.515075376884e-04 2.374579508030e-01
1.537688442211e-04 3.458207436799e-01 1.537688442211e-04 1.472000000000e-01 1.537688442211e-04 2.602712580347e-01 1.537688442211e-04 2.378864713094e-01
1.560301507538e-04 3.458029579664e-01 1.560301507538e-04 1.472000000000e-01 1.560301507538e-04 2.600868118297e-01 1.560301507538e-04 2.383466524757e-01
1.582914572864e-04 3.457806353471e-01 1.582914572864e-04 1.472000000000e-01 1.582914572864e-04 2.599248996961e-01 1.582914572864e-04 2.388413564568e-01
1.605527638191e-04 3.457524750829e-01 1.605527638191e-04 1.472000000000e-01 1.605527638191e-04 2.597827083171e-01 1.605527638191e-04 2.393737859773e-01
1.628140703518e-04 3.457167715652e-01 1.628140703518e-04 1.472000000000e-01 1.628140703518e-04 2.596576238350e-01 1.628140703518e-04 2.399475290787e-01
1.650753768844e-04 3.456712829852e-01 1.650753768844e-04 1.472000000000e-01 1.650753768844e-04 2.595472702892e-01 1.650753768844e-04 2.405666075417e-01
1.673366834171e-04 3.456130574665e-01 1.673366834171e-04 1.472000000000e-01 1.673366834171e-04 2.594495248202e-01 1.673366834171e-04 2.412355280540e-01
1.695979899497e-04 3.455382037757e-01 1.695979899497e-04 1.472000000000e-01 1.695979899497e-04 2.593625165689e-01 1.695979899497e-04 2.419593345222e-01
1.718592964824e-04 3.454415907101e-01 1.718592964824e-04 1.472000000000e-01 1.718592964824e-04 2.592846148948e-01 1.718592964824e-04 2.427436589984e-01
1.741206030151e-04 3.453164563624e-01 1.741206030151e-04 1.472000000000e-01 1.741206030151e-04 2.592144112302e-01 1.741206030151e-04 2.435947674852e-01
1.763819095477e-04 3.451539065688e-01 1.763819095477e-04 1.472000000000e-01 1.763819095477e-04 2.591506977151e-01 1.763819095477e-04 2.445195953303e-01
1.786432160804e-04 3.449422827882e-01 1.786432160804e-04 1.472000000000e-01 1.786432160804e-04 2.590924447986e-01 1.786432160804e-04 2.455257650361e-01
1.809045226131e-04 3.446663867665e-01 1.809045226131e-04 1.472000000000e-01 1.809045226131e-04 2.590387792418e-01 1.809045226131e-04 2.466215770940e-01
1.831658291457e-04 3.443065683598e-01 1.831658291457e-04 1.472000000000e-01 1.831658291457e-04 2.589889634025e-01 1.831658291457e-04 2.478159620566e-01
1.854271356784e-04 3.438377229410e-01 1.854271356784e-04 1.472000000000e-01 1.854271356784e-04 2.589423762847e-01 1.854271356784e-04 2.491183796919e-01
1.876884422111e-04 3.432283188350e-01 1.876884422111e-04 1.472000000000e-01 1.876884422111e-04 2.588984965639e-01 1.876884422111e-04 2.505386491706e-01
1.899497487437e-04 3.424396982697e-01 1.899497487437e-04 1.472000000000e-01 1.899497487437e-04 2.588568876205e-01 1.899497487437e-04 2.520866934430e-01
1.922110552764e-04 3.414260771275e-01 1.922110552764e-04 1.472000000000e-01 1.922110552764e-04 2.588171845029e-01 1.922110552764e-04 2.537721821587e-01
1.944723618090e-04 3.401358951956e-01 1.944723618090e-04 1.472000000000e-01 1.944723618090e-04 2.587790826779e-01 1.944723618090e-04 2.556040617465e-01
1.967336683417e-04 3.385153667863e-01 1.967336683417e-04 1.472000000000e-01 1.967336683417e-04 2.587423283967e-01 1.967336683417e-04 2.575899697347e-01
1.989949748744e-04 3.365150758376e-01 1.989949748744e-04 1.472000000000e-01 1.989949748744e-04 2.587067104936e-01 1.989949748744e-04 2.597355439333e-01
2.012562814070e-04 3.340999588077e-01 2.012562814070e-04 1.472000000000e-01 2.012562814070e-04 2.586720534368e-01 2.012562814070e-04 2.620436558614e-01
2.035175879397e-04 3.312617306060e-01 2.035175879397e-04 1.472000000000e-01 2.035175879397e-04 2.586382114645e-01 2.035175879397e-04 2.645136206364e-01
2.057788944724e-04 3.280307809811e-01 2.057788944724e-04 1.472000000000e-01 2.057788944724e-04 2.586050636512e-01 2.057788944724e-04 2.671404594253e-01
2.080402010050e-04 3.244826546114e-01 2.080402010050e-04 1.472000000000e-01 2.080402010050e-04 2.585725097682e-01 2.080402010050e-04 2.699143104395e-01
2.103015075377e-04 3.207341230765e-01 2.103015075377e-04 1.472000000000e-01 2.103015075377e-04 2.585404668172e-01 2.103015075377e-04 2.728200937369e-01
2.125628140704e-04 3.169269808000e-01 2.125628140704e-04 1.472000000000e-01 2.125628140704e-04 2.585088661328e-01 2.125628140704e-04 2.758375271546e-01
2.148241206030e-04 3.132032881518e-01 2.148241206030e-04 1.472000000000e-01 2.148241206030e-04 2.584776509640e-01 2.148241206030e-04 2.789415612335e-01
2.170854271357e-04 3.096804055023e-01 2.170854271357e-04 1.472000000000e-01 2.170854271357e-04 2.584467744583e-01 2.170854271357e-04 2.821032506196e-01
2.193467336683e-04 3.064343039631e-01 2.193467336683e-04 1.472000000000e-01 2.193467336683e-04 2.584161979814e-01 2.193467336683e-04 2.852910152694e-01
2.216080402010e-04 3.034951878422e-01 2.216080402010e-04 1.472000000000e-01 2.216080402010e-04 2.583858897206e-01 2.216080402010e-04 2.884721798852e-01
2.238693467337e-04 3.008538198854e-01 2.238693467337e-04 1.472000000000e-01 2.238693467337e-04 2.583558235210e-01 2.238693467337e-04 2.916146300796e-01
2.261306532663e-04 2.984736355724e-01 2.261306532663e-04 1.472000000000e-01 2.261306532663e-04 2.583259779204e-01 2.261306532663e-04 2.946884020864e-01
2.283919597990e-04 2.963036843355e-01 2.283919597990e-04 1.472000000000e-01 2.283919597990e-04 2.582963353455e-01 2.283919597990e-04 2.976670354396e-01
2.306532663317e-04 2.942892924301e-01 2.306532663317e-04 1.472000000000e-01 2.306532663317e-04 2.582668814453e-01 2.306532663317e-04 3.005285613903e-01
2.329145728643e-04 2.923793834988e-01 2.329145728643e-04 1.472000000000e-01 2.329145728643e-04 2.582376045375e-01 2.329145728643e-04 3.032560621964e-01
2.351758793970e-04 2.905307143833e-01 2.351758793970e-04 1.472000000000e-01 2.351758793970e-04 2.582084951487e-01 2.351758793970e-04 3.058378022154e-01
2.374371859296e-04 2.887098081032e-01 2.374371859296e-04 1.472000000000e-01 2.374371859296e-04 2.581795456327e-01 2.374371859296e-04 3.082669867651e-01
2.396984924623e-04 2.868933809977e-01 2.396984924623e-04 1.472000000000e-01 2.396984924623e-04 2.581507498543e-01 2.396984924623e-04 3.105412401093e-01
2.419597989950e-04 2.850678661011e-01 2.419597989950e-04 1.472000000000e-01 2.419597989950e-04 2.581221029263e-01 2.419597989950e-04 3.126619073869e-01
2.442211055276e-04 2.832284152658e-01 2.442211055276e-04 1.472000000000e-01 2.442211055276e-04 2.580936009917e-01 2.442211055276e-04 3.146332800540e-01
2.464824120603e-04 2.813775972757e-01 2.464824120603e-04 1.472000000000e-01 2.464824120603e-04 2.580652410432e-01 2.464824120603e-04 3.164618267039e-01
2.487437185930e-04 2.795239134209e-01 2.487437185930e-04 1.472000000000e-01 2.487437185930e-04 2.580370207730e-01 2.487437185930e-04 3.181554877589e-01
2.510050251256e-04 2.776802124002e-01 2.510050251256e-04 1.472000000000e-01 2.510050251256e-04 2.580089384484e-01 2.510050251256e-04 3.197230690542e-01
2.532663316583e-04 2.758620809218e-01 2.532663316583e-04 1.472000000000e-01 2.532663316583e-04 2.579809928089e-01 2.532663316583e-04 3.211737493150e-01
2.555276381910e-04 2.740862937992e-01 2.555276381910e-04 1.472000000000e-01 2.555276381910e-04 2.579531829808e-01 2.555276381910e-04 3.225167015864e-01
2.577889447236e-04 2.723694117041e-01 2.577889447236e-04 1.472000000000e-01 2.577889447236e-04 2.579255084059e-01 2.577889447236e-04 3.237608189428e-01
2.600502512563e-04 2.707266070935e-01 2.600502512563e-04 1.472000000000e-01 2.600502512563e-04 2.578979687829e-01 2.600502512563e-04 3.249145295464e-01
2.623115577889e-04 2.691707773943e-01 2.623115577889e-04 1.472000000000e-01 2.623115577889e-04 2.578705640189e-01 2.623115577889e-04 3.259856842513e-01
2.645728643216e-04 2.677119732068e-01 2.645728643216e-04 1.472000000000e-01 2.645728643216e-04 2.578432941885e-01 2.645728643216e-04 3.269815003275e-01
2.668341708543e-04 2.663571350433e-01 2.668341708543e-04 1.472000000000e-01 2.668341708543e-04 2.578161595008e-01 2.668341708543e-04 3.279085465844e-01
2.690954773869e-04 2.651101021111e-01 2.690954773869e-04 1.472000000000e-01 2.690954773869e-04 2.577891602713e-01 2.690954773869e-04 3.287727574795e-01
2.713567839196e-04 2.639718359734e-01 2.713567839196e-04 1.472000000000e-01 2.713567839196e-04 2.577622968991e-01 2.713567839196e-04 3.295794662448e-01
2.736180904523e-04 2.629407925717e-01 2.736180904523e-04 1.472000000000e-01 2.736180904523e-04 2.577355698477e-01 2.736180904523e-04 3.303334493509e-01
2.758793969849e-04 2.620133772100e-01 2.758793969849e-04 1.472000000000e-01 2.758793969849e-04 2.577089796293e-01 2.758793969849e-04 3.310389766256e-01
2.781407035176e-04 2.611844259030e-01 2.781407035176e-04 1.472000000000e-01 2.781407035176e-04 2.576825267918e-01 2.781407035176e-04 3.316998629921e-01
2.804020100503e-04 2.604476695310e-01 2.804020100503e-04 1.472000000000e-01 2.804020100503e-04 2.576562119076e-01 2.804020100503e-04 3.323195190902e-01
2.826633165829e-04 2.597961513922e-01 2.826633165829e-04 1.472000000000e-01 2.826633165829e-04 2.576300355654e-01 2.826633165829e-04 3.329009990447e-01
2.849246231156e-04 2.592225816865e-01 2.849246231156e-04 1.472000000000e-01 2.849246231156e-04 2.576039983619e-01 2.849246231156e-04 3.334470443785e-01
2.871859296482e-04 2.587196229350e-01 2.871859296482e-04 1.472000000000e-01 2.871859296482e-04 2.575781008964e-01 2.871859296482e-04 3.339601235942e-01
2.894472361809e-04 2.582801078844e-01 2.894472361809e-04 1.472000000000e-01 2.894472361809e-04 2.575523437655e-01 2.894472361809e-04 3.344424673119e-01
2.917085427136e-04 2.578971962322e-01 2.917085427136e-04 1.472000000000e-01 2.917085427136e-04 2.575267275589e-01 2.917085427136e-04 3.348960990872e-01
2.939698492462e-04 2.575644790146e-01 2.939698492462e-04 1.472000000000e-01 2.939698492462e-04 2.575012528561e-01 2.939698492462e-04 3.353228621814e-01
2.962311557789e-04 2.572760403247e-01 2.962311557789e-04 1.472000000000e-01 2.962311557789e-04 2.574759202235e-01 2.962311557789e-04 3.357244426382e-01
2.984924623116e-04 2.570264857219e-01 2.984924623116e-04 1.472000000000e-01 2.984924623116e-04 2.574507302123e-01 2.984924623116e-04 3.361023890545e-01
3.007537688442e-04 2.568109457468e-01 3.007537688442e-04 1.472000000000e-01 3.007537688442e-04 2.574256833562e-01 3.007537688442e-04 3.364581294400e-01
3.030150753769e-04 2.566250616890e-01 3.030150753769e-04 1.472000000000e-01 3.030150753769e-04 2.574007801705e-01 3.030150753769e-04 3.367929855442e-01
3.052763819095e-04 2.564649594287e-01 3.052763819095e-04 1.472000000000e-01 3.052763819095e-04 2.573760211505e-01 3.052763819095e-04 3.371081850048e-01
3.075376884422e-04 2.563272159133e-01 3.075376884422e-04 1.472000000000e-01 3.075376884422e-04 2.573514067704e-01 3.075376884422e-04 3.374048716356e-01
3.097989949749e-04 2.562088217227e-01 3.097989949749e-04 1.472000000000e-01 3.097989949749e-04 2.573269374831e-01 3.097989949749e-04 3.376841141401e-01
3.120603015075e-04 2.561071422464e-01 3.120603015075e-04 1.472000000000e-01 3.120603015075e-04 2.573026137188e-01 3.120603015075e-04 3.379469134997e-01
3.143216080402e-04 2.560198792468e-01 3.143216080402e-04 1.472000000000e-01 3.143216080402e-04 2.572784358853e-01 3.143216080402e-04 3.381942092538e-01
3.165829145729e-04 2.559450339933e-01 3.165829145729e-04 1.472000000000e-01 3.165829145729e-04 2.572544043672e-01 3.165829145729e-04 3.384268848547e-01
3.188442211055e-04 2.558808727103e-01 3.188442211055e-04 1.472000000000e-01 3.188442211055e-04 2.572305195258e-01 3.188442211055e-04 3.386457722580e-01
3.211055276382e-04 2.558258947508e-01 3.211055276382e-04 1.472000000000e-01 3.211055276382e-04 2.572067816989e-01 3.211055276382e-04 3.388516558782e-01
3.233668341709e-04 2.557788036719e-01 3.233668341709e-04 1.472000000000e-01 3.233668341709e-04 2.571831912009e-01 3.233668341709e-04 3.390452760217e-01
3.256281407035e-04 2.557384812274e-01 3.256281407035e-04 1.472000000000e-01 3.256281407035e-04 2.571597483224e-01 3.256281407035e-04 3.392273318891e-01
3.278894472362e-04 2.557039641803e-01 3.278894472362e-04 1.472000000000e-01 3.278894472362e-04 2.571364533307e-01 3.278894472362e-04 3.393984842237e-01
3.301507537688e-04 2.556744237737e-01 3.301507537688e-04 1.472000000000e-01 3.301507537688e-04 2.571133064694e-01 3.301507537688e-04 3.395593576673e-01
3.324120603015e-04 2.556491476576e-01 3.324120603015e-04 1.472000000000e-01 3.324120603015e-04 2.570903079589e-01 3.324120603015e-04 3.397105428758e-01
3.346733668342e-04 2.556275240528e-01 3.346733668342e-04 1.472000000000e-01 3.346733668342e-04 2.570674579962e-01 3.346733668342e-04 3.398525984358e-01
3.369346733668e-04 2.556090279284e-01 3.369346733668e-04 1.472000000000e-01 3.369346733668e-04 2.570447567552e-01 3.369346733668e-04 3.399860526154e-01
3.391959798995e-04 2.555932089775e-01 3.391959798995e-04 1.472000000000e-01 3.391959798995e-04 2.570222043871e-01 3.391959798995e-04 3.401114049769e-01
3.414572864322e-04 2.555796811833e-01 3.414572864322e-04 1.472000000000e-01 3.414572864322e-04 2.569998010202e-01 3.414572864322e-04 3.402291278729e-01
3.437185929648e-04 2.555681137883e-01 3.437185929648e-04 1.472000000000e-01 3.437185929648e-04 2.569775467602e-01 3.437185929648e-04 3.403396678430e-01
3.459798994975e-04 2.555582234917e-01 3.459798994975e-04 1.472000000000e-01 3.459798994975e-04 2.569554416907e-01 3.459798994975e-04 3.404434469255e-01
3.482412060302e-04 2.555497677192e-01 3.482412060302e-04 1.472000000000e-01 3.482412060302e-04 2.569334858733e-01 3.482412060302e-04 3.405408638944e-01
3.505025125628e-04 2.555425388260e-01 3.505025125628e-04 1.472000000000e-01 3.505025125628e-04 2.569116793478e-01 3.505025125628e-04 3.406322954305e-01
3.527638190955e-04 2.555363591093e-01 3.527638190955e-04 1.472000000000e-01 3.527638190955e-04 2.568900221322e-01 3.527638190955e-04 3.407180972336e-01
3.550251256281e-04 2.555310765216e-01 3.550251256281e-04 1.472000000000e-01 3.550251256281e-04 2.568685142235e-01 3.550251256281e-04 3.407986050819e-01
3.572864321608e-04 2.555265609890e-01 3.572864321608e-04 1.472000000000e-01 3.572864321608e-04 2.568471555978e-01 3.572864321608e-04 3.408741358417e-01
3.595477386935e-04 2.555227012527e-01 3.595477386935e-04 1.472000000000e-01 3.595477386935e-04 2.568259462102e-01 3.595477386935e-04 3.409449884312e-01
3.618090452261e-04 2.555194021586e-01 3.618090452261e-04 1.472000000000e-01 3.618090452261e-04 2.568048859957e-01 3.618090452261e-04 3.410114447420e-01
3.640703517588e-04 2.555165823358e-01 3.640703517588e-04 1.472000000000e-01 3.640703517588e-04 2.567839748690e-01 3.640703517588e-04 3.410737705199e-01
3.663316582915e-04 2.555141722059e-01 3.663316582915e-04 1.472000000000e-01 3.663316582915e-04 2.567632127250e-01 3.663316582915e-04 3.411322162065e-01
3.685929648241e-04 2.555121122788e-01 3.685929648241e-04 1.472000000000e-01 3.685929648241e-04 2.567425994389e-01 3.685929648241e-04 3.411870177442e-01
3.708542713568e-04 2.555103516937e-01 3.708542713568e-04 1.472000000000e-01 3.708542713568e-04 2.567221348671e-01 3.708542713568e-04 3.412383973454e-01
3.731155778894e-04 2.555088469694e-01 3.731155778894e-04 1.472000000000e-01 3.731155778894e-04 2.567018188466e-01 3.731155778894e-04 3.412865642269e-01
3.753768844221e-04 2.555075609358e-01 3.753768844221e-04 1.472000000000e-01 3.753768844221e-04 2.566816511961e-01 3.753768844221e-04 3.413317153115e-01
3.776381909548e-04 2.555064618191e-01 3.776381909548e-04 1.472000000000e-01 3.776381909548e-04 2.566616317158e-01 3.776381909548e-04 3.413740358974e-01
3.798994974874e-04 2.555055224593e-01 3.798994974874e-04 1.472000000000e-01 3.798994974874e-04 2.566417601880e-01 3.798994974874e-04 3.414137002958e-01
3.821608040201e-04 2.555047196407e-01 3.821608040201e-04 1.472000000000e-01 3.821608040201e-04 2.566220363774e-01 3.821608040201e-04 3.414508724393e-01
3.844221105528e-04 2.555040335204e-01 3.844221105528e-04 1.472000000000e-01 3.844221105528e-04 2.566024600310e-01 3.844221105528e-04 3.414857064603e-01
3.866834170854e-04 2.555034471375e-01 3.866834170854e-04 1.472000000000e-01 3.866834170854e-04 2.565830308792e-01 3.866834170854e-04 3.415183472417e-01
3.889447236181e-04 2.555029459961e-01 3.889447236181e-04 1.472000000000e-01 3.889447236181e-04 2.565637486352e-01 3.889447236181e-04 3.415489309405e-01
3.912060301508e-04 2.555025177060e-01 3.912060301508e-04 1.472000000000e-01 3.912060301508e-04 2.565446129960e-01 3.912060301508e-04 3.415775854849e-01
3.934673366834e-04 2.555021516780e-01 3.934673366834e-04 1.472000000000e-01 3.934673366834e-04 2.565256236426e-01 3.934673366834e-04 3.416044310463e-01
3.957286432161e-04 2.555018388616e-01 3.957286432161e-04 1.472000000000e-01 3.957286432161e-04 2.565067802398e-01 3.957286432161e-04 3.416295804867e-01
3.979899497487e-04 2.555015715216e-01 3.979899497487e-04 1.472000000000e-01 3.979899497487e-04 2.564880824375e-01 3.979899497487e-04 3.416531397836e-01
4.002512562814e-04 2.555013430473e-01 4.002512562814e-04 1.472000000000e-01 4.002512562814e-04 2.564695298698e-01 4.002512562814e-04 3.416752084315e-01
4.025125628141e-04 2.555011477887e-01 4.025125628141e-04 1.472000000000e-01 4.025125628141e-04 2.564511221564e-01 4.025125628141e-04 3.416958798226e-01
4.047738693467e-04 2.555009809171e-01 4.047738693467e-04 1.472000000000e-01 4.047738693467e-04 2.564328589022e-01 4.047738693467e-04 3.417152416068e-01
4.070351758794e-04 2.555008383057e-01 4.070351758794e-04 1.472000000000e-01 4.070351758794e-04 2.564147396982e-01 4.070351758794e-04 3.417333760324e-01
4.092964824121e-04 2.555007164277e-01 4.092964824121e-04 1.472000000000e-01 4.092964824121e-04 2.563967641210e-01 4.092964824121e-04 3.417503602671e-01
4.115577889447e-04 2.555006122688e-01 4.115577889447e-04 1.472000000000e-01 4.115577889447e-04 2.563789317340e-01 4.115577889447e-04 3.417662667025e-01
4.138190954774e-04 2.555005232531e-01 4.138190954774e-04 1.472000000000e-01 4.138190954774e-04 2.563612420872e-01 4.138190954774e-04 3.417811632404e-01
4.160804020101e-04 2.555004471789e-01 4.160804020101e-04 1.472000000000e-01 4.160804020101e-04 2.563436947175e-01 4.160804020101e-04 3.417951135636e-01
4.183417085427e-04 2.555003821648e-01 4.183417085427e-04 1.472000000000e-01 4.183417085427e-04 2.563262891493e-01 4.183417085427e-04 3.418081773913e-01
4.206030150754e-04 2.555003266029e-01 4.206030150754e-04 1.472000000000e-01 4.206030150754e-04 2.563090248945e-01 4.206030150754e-04 3.418204107192e-01
4.228643216080e-04 2.555002791189e-01 4.228643216080e-04 1.472000000000e-01 4.228643216080e-04 2.562919014530e-01 4.228643216080e-04 3.418318660465e-01
4.251256281407e-04 2.555002385384e-01 4.251256281407e-04 1.472000000000e-01 4.251256281407e-04 2.562749183130e-01 4.251256281407e-04 3.418425925897e-01
4.273869346734e-04 2.555002038579e-01 4.273869346734e-04 1.472000000000e-01 4.273869346734e-04 2.562580749512e-01 4.273869346734e-04 3.418526364828e-01
4.296482412060e-04 2.555001742194e-01 4.296482412060e-04 1.472000000000e-01 4.296482412060e-04 2.562413708330e-01 4.296482412060e-04 3.418620409677e-01
4.319095477387e-04 2.555001488900e-01 4.319095477387e-04 1.472000000000e-01 4.319095477387e-04 2.562248054132e-01 4.319095477387e-04 3.418708465711e-01
4.341708542714e-04 2.555001272432e-01 4.341708542714e-04 1.472000000000e-01 4.341708542714e-04 2.562083781359e-01 4.341708542714e-04 3.418790912730e-01
4.364321608040e-04 2.555001087435e-01 4.364321608040e-04 1.472000000000e-01 4.364321608040e-04 2.561920884348e-01 4.364321608040e-04 3.418868106634e-01
4.386934673367e-04 2.555000929335e-01 4.386934673367e-04 1.472000000000e-01 4.386934673367e-04 2.561759357339e-01 4.386934673367e-04 3.418940380911e-01
4.409547738693e-04 2.555000794221e-01 4.409547738693e-04 1.472000000000e-01 4.409547738693e-04 2.561599194474e-01 4.409547738693e-04 3.419008048021e-01
4.432160804020e-04 2.555000678751e-01 4.432160804020e-04 1.472000000000e-01 4.432160804020e-04 2.561440389800e-01 4.432160804020e-04 3.419071400712e-01
4.454773869347e-04 2.555000580068e-01 4.454773869347e-04 1.472000000000e-01 4.454773869347e-04 2.561282937273e-01 4.454773869347e-04 3.419130713242e-01
4.477386934673e-04 2.555000495733e-01 4.477386934673e-04 1.472000000000e-01 4.477386934673e-04 2.561126830763e-01 4.477386934673e-04 3.419186242535e-01
4.500000000000e-04 2.555000423659e-01 4.500000000000e-04 1.472000000000e-01 4.500000000000e-04 2.560972064051e-01 4.500000000000e-04 3.419238229266e-01
