0.000000000000e+00 1.993000000000e-01 0.000000000000e+00 3.146000000000e-01 0.000000000000e+00 1.832000000000e-01 0.000000000000e+00 3.029000000000e-01
2.175879396985e-06 1.993000000000e-01 2.175879396985e-06 3.146000000000e-01 2.175879396985e-06 1.832000000000e-01 2.175879396985e-06 3.029000000000e-01
4.351758793970e-06 1.993000000000e-01 4.351758793970e-06 3.146000000000e-01 4.351758793970e-06 1.832000000000e-01 4.351758793970e-06 3.029000000000e-01
6.527638190955e-06 1.993000000000e-01 6.527638190955e-06 3.146000000000e-01 6.527638190955e-06 1.832000000000e-01 6.527638190955e-06 3.029000000000e-01
8.703517587940e-06 1.993000000000e-01 8.703517587940e-06 3.146000000000e-01 8.703517587940e-06 1.832000000000e-01 8.703517587940e-06 3.029000000000e-01
1.087939698492e-05 1.993000000000e-01 1.087939698492e-05 3.146000000000e-01 1.087939698492e-05 1.832000000000e-01 1.087939698492e-05 3.029000000000e-01
1.305527638191e-05 1.993000000000e-01 1.305527638191e-05 3.146000000000e-01 1.305527638191e-05 1.832000000000e-01 1.305527638191e-05 3.029000000000e-01
1.523115577889e-05 1.993000000000e-01 1.523115577889e-05 3.146000000000e-01 1.523115577889e-05 1.832000000000e-01 1.523115577889e-05 3.029000000000e-01
1.740703517588e-05 1.993000000000e-01 1.740703517588e-05 3.146000000000e-01 1.740703517588e-05 1.832000000000e-01 1.740703517588e-05 3.029000000000e-01
1.958291457286e-05 1.993000000000e-01 1.958291457286e-05 3.146000000000e-01 1.958291457286e-05 1.832000000000e-01 1.958291457286e-05 3.029000000000e-01
2.175879396985e-05 1.993000000000e-01 2.175879396985e-05 3.146000000000e-01 2.175879396985e-05 1.832000000000e-01 2.175879396985e-05 3.029000000000e-01
2.393467336683e-05 1.993000000000e-01 2.393467336683e-05 3.145999999999e-01 2.393467336683e-05 1.832000000000e-01 2.393467336683e-05 3.029000000000e-01
2.611055276382e-05 1.993000000000e-01 2.611055276382e-05 3.145999999999e-01 2.611055276382e-05 1.832000000000e-01 2.611055276382e-05 3.029000000000e-01
2.828643216080e-05 1.993000000000e-01 2.828643216080e-05 3.145999999999e-01 2.828643216080e-05 1.832000000000e-01 2.828643216080e-05 3.029000000000e-01
3.046231155779e-05 1.993000000000e-01 3.046231155779e-05 3.145999999999e-01 3.046231155779e-05 1.832000000000e-01 3.046231155779e-05 3.029000000000e-01
3.263819095477e-05 1.993000000000e-01 3.263819095477e-05 3.145999999998e-01 3.263819095477e-05 1.832000000000e-01 3.263819095477e-05 3.029000000000e-01
3.481407035176e-05 1.993000000000e-01 3.481407035176e-05 3.145999999997e-01 3.481407035176e-05 1.832000000000e-01 3.481407035176e-05 3.029000000000e-01
3.698994974874e-05 1.993000000000e-01 3.698994974874e-05 3.145999999996e-01 3.698994974874e-05 1.832000000000e-01 3.698994974874e-05 3.029000000000e-01
3.916582914573e-05 1.993000000000e-01 3.916582914573e-05 3.145999999995e-01 3.916582914573e-05 1.832000000000e-01 3.916582914573e-05 3.029000000000e-01
4.134170854271e-05 1.993000000000e-01 4.134170854271e-05 3.145999999993e-01 4.134170854271e-05 1.832000000000e-01 4.134170854271e-05 3.029000000000e-01
4.351758793970e-05 1.993000000000e-01 4.351758793970e-05 3.145999999990e-01 4.351758793970e-05 1.832000000000e-01 4.351758793970e-05 3.029000000000e-01
4.569346733668e-05 1.993000000000e-01 4.569346733668e-05 3.145999999986e-01 4.569346733668e-05 1.832000000001e-01 4.569346733668e-05 3.029000000000e-01
4.786934673367e-05 1.993000000000e-01 4.786934673367e-05 3.145999999980e-01 4.786934673367e-05 1.832000000001e-01 4.786934673367e-05 3.029000000000e-01
5.004522613065e-05 1.993000000000e-01 5.004522613065e-05 3.145999999972e-01 5.004522613065e-05 1.832000000001e-01 5.004522613065e-05 3.029000000000e-01
5.222110552764e-05 1.993000000000e-01 5.222110552764e-05 3.145999999961e-01 5.222110552764e-05 1.832000000002e-01 5.222110552764e-05 3.029000000000e-01
5.439698492462e-05 1.993000000000e-01 5.439698492462e-05 3.145999999946e-01 5.439698492462e-05 1.832000000003e-01 5.439698492462e-05 3.029000000000e-01
5.657286432161e-05 1.993000000000e-01 5.657286432161e-05 3.145999999924e-01 5.657286432161e-05 1.832000000004e-01 5.657286432161e-05 3.029000000000e-01
5.874874371859e-05 1.993000000000e-01 5.874874371859e-05 3.145999999894e-01 5.874874371859e-05 1.832000000006e-01 5.874874371859e-05 3.029000000000e-01
6.092462311558e-05 1.993000000000e-01 6.092462311558e-05 3.145999999852e-01 6.092462311558e-05 1.832000000009e-01 6.092462311558e-05 3.029000000000e-01
6.310050251256e-05 1.993000000000e-01 6.310050251256e-05 3.145999999793e-01 6.310050251256e-05 1.832000000013e-01 6.310050251256e-05 3.029000000000e-01
6.527638190955e-05 1.993000000000e-01 6.527638190955e-05 3.145999999710e-01 6.527638190955e-05 1.832000000019e-01 6.527638190955e-05 3.029000000000e-01
6.745226130653e-05 1.993000000000e-01 6.745226130653e-05 3.145999999593e-01 6.745226130653e-05 1.832000000027e-01 6.745226130653e-05 3.029000000000e-01
6.962814070352e-05 1.993000000000e-01 6.962814070352e-05 3.145999999429e-01 6.962814070352e-05 1.832000000040e-01 6.962814070352e-05 3.029000000000e-01
7.180402010050e-05 1.993000000000e-01 7.180402010050e-05 3.145999999199e-01 7.180402010050e-05 1.832000000059e-01 7.180402010050e-05 3.029000000000e-01
7.397989949749e-05 1.993000000000e-01 7.397989949749e-05 3.145999998876e-01 7.397989949749e-05 1.832000000088e-01 7.397989949749e-05 3.029000000000e-01
7.615577889447e-05 1.993000000000e-01 7.615577889447e-05 3.145999998421e-01 7.615577889447e-05 1.832000000129e-01 7.615577889447e-05 3.029000000000e-01
7.833165829146e-05 1.993000000000e-01 7.833165829146e-05 3.145999997780e-01 7.833165829146e-05 1.832000000191e-01 7.833165829146e-05 3.029000000000e-01
8.050753768844e-05 1.993000000000e-01 8.050753768844e-05 3.145999996879e-01 8.050753768844e-05 1.832000000281e-01 8.050753768844e-05 3.029000000000e-01
8.268341708543e-05 1.993000000000e-01 8.268341708543e-05 3.145999995610e-01 8.268341708543e-05 1.832000000415e-01 8.268341708543e-05 3.029000000000e-01
8.485929648241e-05 1.993000000000e-01 8.485929648241e-05 3.145999993821e-01 8.485929648241e-05 1.832000000612e-01 8.485929648241e-05 3.029000000000e-01
8.703517587940e-05 1.993000000000e-01 8.703517587940e-05 3.145999991298e-01 8.703517587940e-05 1.832000000902e-01 8.703517587940e-05 3.029000000000e-01
8.921105527638e-05 1.993000000000e-01 8.921105527638e-05 3.145999987739e-01 8.921105527638e-05 1.832000001330e-01 8.921105527638e-05 3.029000000000e-01
9.138693467337e-05 1.993000000000e-01 9.138693467337e-05 3.145999982715e-01 9.138693467337e-05 1.832000001961e-01 9.138693467337e-05 3.029000000000e-01
9.356281407035e-05 1.993000000000e-01 9.356281407035e-05 3.145999975621e-01 9.356281407035e-05 1.832000002892e-01 9.356281407035e-05 3.029000000000e-01
9.573869346734e-05 1.993000000000e-01 9.573869346734e-05 3.145999965597e-01 9.573869346734e-05 1.832000004264e-01 9.573869346734e-05 3.029000000000e-01
9.791457286432e-05 1.993000000000e-01 9.791457286432e-05 3.145999951427e-01 9.791457286432e-05 1.832000006288e-01 9.791457286432e-05 3.029000000000e-01
1.000904522613e-04 1.993000000000e-01 1.000904522613e-04 3.145999931385e-01 1.000904522613e-04 1.832000009273e-01 1.000904522613e-04 3.029000000000e-01
1.022663316583e-04 1.993000000000e-01 1.022663316583e-04 3.145999903024e-01 1.022663316583e-04 1.832000013674e-01 1.022663316583e-04 3.029000000000e-01
1.044422110553e-04 1.993000000000e-01 1.044422110553e-04 3.145999862873e-01 1.044422110553e-04 1.832000020164e-01 1.044422110553e-04 3.029000000000e-01
1.066180904523e-04 1.993000000000e-01 1.066180904523e-04 3.145999806001e-01 1.066180904523e-04 1.832000029734e-01 1.066180904523e-04 3.029000000000e-01
1.087939698492e-04 1.993000000000e-01 1.087939698492e-04 3.145999725407e-01 1.087939698492e-04 1.832000043845e-01 1.087939698492e-04 3.029000000000e-01
1.109698492462e-04 1.993000000000e-01 1.109698492462e-04 3.145999611143e-01 1.109698492462e-04 1.832000064655e-01 1.109698492462e-04 3.029000000000e-01
1.131457286432e-04 1.993000000000e-01 1.131457286432e-04 3.145999449067e-01 1.131457286432e-04 1.832000095341e-01 1.131457286432e-04 3.029000000000e-01
1.153216080402e-04 1.993000000000e-01 1.153216080402e-04 3.145999219068e-01 1.153216080402e-04 1.832000140591e-01 1.153216080402e-04 3.029000000000e-01
1.174974874372e-04 1.993000000000e-01 1.174974874372e-04 3.145998892535e-01 1.174974874372e-04 1.832000207316e-01 1.174974874372e-04 3.029000000000e-01
1.196733668342e-04 1.993000000000e-01 1.196733668342e-04 3.145998428746e-01 1.196733668342e-04 1.832000305711e-01 1.196733668342e-04 3.029000000000e-01
1.218492462312e-04 1.993000000000e-01 1.218492462312e-04 3.145997769722e-01 1.218492462312e-04 1.832000450804e-01 1.218492462312e-04 3.029000000000e-01
1.240251256281e-04 1.993000000000e-01 1.240251256281e-04 3.145996832880e-01 1.240251256281e-04 1.832000664761e-01 1.240251256281e-04 3.029000000000e-01
1.262010050251e-04 1.993000000000e-01 1.262010050251e-04 3.145995500549e-01 1.262010050251e-04 1.832000980263e-01 1.262010050251e-04 3.029000000000e-01
1.283768844221e-04 1.993000000000e-01 1.283768844221e-04 3.145993605005e-01 1.283768844221e-04 1.832001445505e-01 1.283768844221e-04 3.029000000000e-01
1.305527638191e-04 1.993000000000e-01 1.305527638191e-04 3.145990907088e-01 1.305527638191e-04 1.832002131554e-01 1.305527638191e-04 3.029000000000e-01
1.327286432161e-04 1.993000000000e-01 1.327286432161e-04 3.145987065671e-01 1.327286432161e-04 1.832003143207e-01 1.327286432161e-04 3.029000000000e-01
1.349045226131e-04 1.993000000000e-01 1.349045226131e-04 3.145981594018e-01 1.349045226131e-04 1.832004634995e-01 1.349045226131e-04 3.029000000000e-01
1.370804020101e-04 1.993000000000e-01 1.370804020101e-04 3.145973797417e-01 1.370804020101e-04 1.832006834789e-01 1.370804020101e-04 3.029000000000e-01
1.392562814070e-04 1.993000000001e-01 1.392562814070e-04 3.145962684017e-01 1.392562814070e-04 1.832010078598e-01 1.392562814070e-04 3.029000000000e-01
1.414321608040e-04 1.993000000002e-01 1.414321608040e-04 3.145946837333e-01 1.414321608040e-04 1.832014861890e-01 1.414321608040e-04 3.029000000000e-01
1.436080402010e-04 1.993000000004e-01 1.436080402010e-04 3.145924233919e-01 1.436080402010e-04 1.832021915245e-01 1.436080402010e-04 3.029000000000e-01
1.457839195980e-04 1.993000000010e-01 1.457839195980e-04 3.145891982597e-01 1.457839195980e-04 1.832032315895e-01 1.457839195980e-04 3.029000000000e-01
1.479597989950e-04 1.993000000022e-01 1.479597989950e-04 3.145845951483e-01 1.479597989950e-04 1.832047652150e-01 1.479597989950e-04 3.029000000000e-01
1.501356783920e-04 1.993000000050e-01 1.501356783920e-04 3.145780234587e-01 1.501356783920e-04 1.832070265726e-01 1.501356783920e-04 3.029000000000e-01
1.523115577889e-04 1.993000000114e-01 1.523115577889e-04 3.145686389157e-01 1.523115577889e-04 1.832103608844e-01 1.523115577889e-04 3.029000000000e-01
1.544874371859e-04 1.993000000258e-01 1.544874371859e-04 3.145552345711e-01 1.544874371859e-04 1.832152770211e-01 1.544874371859e-04 3.029000000000e-01
1.566633165829e-04 1.993000000585e-01 1.566633165829e-04 3.145360851492e-01 1.566633165829e-04 1.832225249410e-01 1.566633165829e-04 3.029000000000e-01
1.588391959799e-04 1.993000001331e-01 1.588391959799e-04 3.145087250221e-01 1.588391959799e-04 1.832332096100e-01 1.588391959799e-04 3.029000000000e-01
1.610150753769e-04 1.993000003040e-01 1.610150753769e-04 3.144696320973e-01 1.610150753769e-04 1.832489584001e-01 1.610150753769e-04 3.029000000000e-01
1.631909547739e-04 1.993000006980e-01 1.631909547739e-04 3.144137789795e-01 1.631909547739e-04 1.832721666592e-01 1.631909547739e-04 3.029000000000e-01
1.653668341709e-04 1.993000016121e-01 1.653668341709e-04 3.143339982849e-01 1.653668341709e-04 1.833063570590e-01 1.653668341709e-04 3.029000000000e-01
1.675427135678e-04 1.993000037507e-01 1.675427135678e-04 3.142200906029e-01 1.675427135678e-04 1.833567034942e-01 1.675427135678e-04 3.029000000000e-01
1.697185929648e-04 1.993000088031e-01 1.697185929648e-04 3.140575820528e-01 1.697185929648e-04 1.834307906759e-01 1.697185929648e-04 3.029000000000e-01
1.718944723618e-04 1.993000208746e-01 1.718944723618e-04 3.138260170907e-01 1.718944723618e-04 1.835397063575e-01 1.718944723618e-04 3.029000000000e-01
1.740703517588e-04 1.993000500870e-01 1.740703517588e-04 3.134966604739e-01 1.740703517588e-04 1.836995922428e-01 1.740703517588e-04 3.029000000000e-01
1.762462311558e-04 1.993001217830e-01 1.762462311558e-04 3.130295011499e-01 1.762462311558e-04 1.839338040853e-01 1.762462311558e-04 3.028999999999e-01
1.784221105528e-04 1.993003004289e-01 1.784221105528e-04 3.123695427958e-01 1.784221105528e-04 1.842758302533e-01 1.784221105528e-04 3.028999999993e-01
1.805979899497e-04 1.993007526340e-01 1.805979899497e-04 3.114426073946e-01 1.805979899497e-04 1.847730438723e-01 1.805979899497e-04 3.028999999953e-01
1.827738693467e-04 1.993019156512e-01 1.827738693467e-04 3.101513878928e-01 1.827738693467e-04 1.854911227317e-01 1.827738693467e-04 3.028999999680e-01
1.849497487437e-04 1.993049536548e-01 1.849497487437e-04 3.083733979873e-01 1.849497487437e-04 1.865184027116e-01 1.849497487437e-04 3.028999997823e-01
1.871256281407e-04 1.993130069600e-01 1.871256281407e-04 3.059638066615e-01 1.871256281407e-04 1.879683220782e-01 1.871256281407e-04 3.028999985165e-01
1.893015075377e-04 1.993346431173e-01 1.893015075377e-04 3.027675040634e-01 1.893015075377e-04 1.899763546747e-01 1.893015075377e-04 3.028999898918e-01
1.914773869347e-04 1.993934495936e-01 1.914773869347e-04 2.986447603226e-01 1.914773869347e-04 1.926858921468e-01 1.914773869347e-04 3.028999311245e-01
1.936532663317e-04 1.995547175179e-01 1.936532663317e-04 2.935109916524e-01 1.936532663317e-04 1.962173826108e-01 1.936532663317e-04 3.028995306965e-01
1.958291457286e-04 1.999987604980e-01 1.958291457286e-04 2.873813736567e-01 1.958291457286e-04 2.006207029432e-01 1.958291457286e-04 3.028968023810e-01
1.980050251256e-04 2.012127869338e-01 1.980050251256e-04 2.803983733921e-01 1.980050251256e-04 2.058259351860e-01 1.980050251256e-04 3.028782191432e-01
2.001809045226e-04 2.044173921327e-01 2.001809045226e-04 2.728166862620e-01 2.001809045226e-04 2.116278473550e-01 2.001809045226e-04 3.027519365023e-01
2.023567839196e-04 2.120473240758e-01 2.023567839196e-04 2.649386728437e-01 2.023567839196e-04 2.177452524843e-01 2.023567839196e-04 3.019071721707e-01
2.045326633166e-04 2.264102812559e-01 2.045326633166e-04 2.570279312346e-01 2.045326633166e-04 2.239692726590e-01 2.045326633166e-04 2.967986872509e-01
2.067085427136e-04 2.449418127069e-01 2.067085427136e-04 2.492487254519e-01 2.067085427136e-04 2.303661029322e-01 2.067085427136e-04 2.779805040017e-01
2.088844221106e-04 2.619735432894e-01 2.088844221106e-04 2.416624981820e-01 2.088844221106e-04 2.374516435785e-01 2.088844221106e-04 2.571041010083e-01
2.110603015075e-04 2.768702185974e-01 2.110603015075e-04 2.342746759113e-01 2.110603015075e-04 2.461528906278e-01 2.110603015075e-04 2.471233049462e-01
2.132361809045e-04 2.908942764299e-01 2.132361809045e-04 2.270978817971e-01 2.132361809045e-04 2.571798335166e-01 2.132361809045e-04 2.235308219996e-01
2.154120603015e-04 3.027144239541e-01 2.154120603015e-04 2.201959357851e-01 2.154120603015e-04 2.697810482635e-01 2.154120603015e-04 2.010350772032e-01
2.175879396985e-04 3.107211200283e-01 2.175879396985e-04 2.136896449440e-01 2.175879396985e-04 2.815039897634e-01 2.175879396985e-04 1.973602063277e-01
2.197638190955e-04 3.152186483860e-01 2.197638190955e-04 2.077276444406e-01 2.197638190955e-04 2.902107619407e-01 2.197638190955e-04 1.970302328194e-01
2.219396984925e-04 3.174670247642e-01 2.219396984925e-04 2.024422713070e-01 2.219396984925e-04 2.956275559151e-01 2.219396984925e-04 1.970025397696e-01
2.241155778894e-04 3.185241654583e-01 2.241155778894e-04 1.979138162607e-01 2.241155778894e-04 2.986521452770e-01 2.241155778894e-04 1.970002156594e-01
2.262914572864e-04 3.190067867165e-01 2.262914572864e-04 1.941566866236e-01 2.262914572864e-04 3.002564032979e-01 2.262914572864e-04 1.970000186585e-01
2.284673366834e-04 3.192241757067e-01 2.284673366834e-04 1.911268935762e-01 2.284673366834e-04 3.010951406313e-01 2.284673366834e-04 1.970000016639e-01
2.306432160804e-04 3.193215146965e-01 2.306432160804e-04 1.887414432049e-01 2.306432160804e-04 3.015370235548e-01 2.306432160804e-04 1.970000001553e-01
2.328190954774e-04 3.193649889857e-01 2.328190954774e-04 1.868994482706e-01 2.328190954774e-04 3.017746808864e-01 2.328190954774e-04 1.970000000154e-01
2.349949748744e-04 3.193843857686e-01 2.349949748744e-04 1.854987395990e-01 2.349949748744e-04 3.019061320511e-01 2.349949748744e-04 1.970000000017e-01
2.371708542714e-04 3.193930366927e-01 2.371708542714e-04 1.844461360942e-01 2.371708542714e-04 3.019811624534e-01 2.371708542714e-04 1.970000000002e-01
2.393467336683e-04 3.193968945842e-01 2.393467336683e-04 1.836622110717e-01 2.393467336683e-04 3.020253699080e-01 2.393467336683e-04 1.970000000000e-01
2.415226130653e-04 3.193986150231e-01 2.415226130653e-04 1.830823124405e-01 2.415226130653e-04 3.020521990298e-01 2.415226130653e-04 1.970000000000e-01
2.436984924623e-04 3.193993822897e-01 2.436984924623e-04 1.826554870233e-01 2.436984924623e-04 3.020689077891e-01 2.436984924623e-04 1.970000000000e-01
2.458743718593e-04 3.193997244854e-01 2.458743718593e-04 1.823424895007e-01 2.458743718593e-04 3.020795387185e-01 2.458743718593e-04 1.970000000000e-01
2.480502512563e-04 3.193998771093e-01 2.480502512563e-04 1.821135856044e-01 2.480502512563e-04 3.020864181641e-01 2.480502512563e-04 1.970000000000e-01
2.502261306533e-04 3.193999451843e-01 2.502261306533e-04 1.819465125032e-01 2.502261306533e-04 3.020909280036e-01 2.502261306533e-04 1.970000000000e-01
2.524020100503e-04 3.193999755488e-01 2.524020100503e-04 1.818247434012e-01 2.524020100503e-04 3.020939131024e-01 2.524020100503e-04 1.970000000000e-01
2.545778894472e-04 3.193999890931e-01 2.545778894472e-04 1.817360852549e-01 2.545778894472e-04 3.020959029328e-01 2.545778894472e-04 1.970000000000e-01
2.567537688442e-04 3.193999951347e-01 2.567537688442e-04 1.816715824620e-01 2.567537688442e-04 3.020972360728e-01 2.567537688442e-04 1.970000000000e-01
2.589296482412e-04 3.193999978297e-01 2.589296482412e-04 1.816246784728e-01 2.589296482412e-04 3.020981324776e-01 2.589296482412e-04 1.970000000000e-01
2.611055276382e-04 3.193999990319e-01 2.611055276382e-04 1.815905842932e-01 2.611055276382e-04 3.020987367625e-01 2.611055276382e-04 1.970000000000e-01
2.632814070352e-04 3.193999995681e-01 2.632814070352e-04 1.815658078362e-01 2.632814070352e-04 3.020991448557e-01 2.632814070352e-04 1.970000000000e-01
2.654572864322e-04 3.193999998073e-01 2.654572864322e-04 1.815478057684e-01 2.654572864322e-04 3.020994208013e-01 2.654572864322e-04 1.970000000000e-01
2.676331658291e-04 3.193999999141e-01 2.676331658291e-04 1.815347273373e-01 2.676331658291e-04 3.020996075553e-01 2.676331658291e-04 1.970000000000e-01
2.698090452261e-04 3.193999999617e-01 2.698090452261e-04 1.815252265943e-01 2.698090452261e-04 3.020997340239e-01 2.698090452261e-04 1.970000000000e-01
2.719849246231e-04 3.193999999829e-01 2.719849246231e-04 1.815183251258e-01 2.719849246231e-04 3.020998197042e-01 2.719849246231e-04 1.970000000000e-01
2.741608040201e-04 3.193999999924e-01 2.741608040201e-04 1.815133119033e-01 2.741608040201e-04 3.020998777684e-01 2.741608040201e-04 1.970000000000e-01
2.763366834171e-04 3.193999999966e-01 2.763366834171e-04 1.815096703162e-01 2.763366834171e-04 3.020999171258e-01 2.763366834171e-04 1.970000000000e-01
2.785125628141e-04 3.193999999985e-01 2.785125628141e-04 1.815070250621e-01 2.785125628141e-04 3.020999438071e-01 2.785125628141e-04 1.970000000000e-01
2.806884422111e-04 3.193999999993e-01 2.806884422111e-04 1.815051035182e-01 2.806884422111e-04 3.020999618967e-01 2.806884422111e-04 1.970000000000e-01
2.828643216080e-04 3.193999999997e-01 2.828643216080e-04 1.815037076590e-01 2.828643216080e-04 3.020999741622e-01 2.828643216080e-04 1.970000000000e-01
2.850402010050e-04 3.193999999999e-01 2.850402010050e-04 1.815026936478e-01 2.850402010050e-04 3.020999824790e-01 2.850402010050e-04 1.970000000000e-01
2.872160804020e-04 3.193999999999e-01 2.872160804020e-04 1.815019570090e-01 2.872160804020e-04 3.020999881186e-01 2.872160804020e-04 1.970000000000e-01
2.893919597990e-04 3.194000000000e-01 2.893919597990e-04 1.815014218564e-01 2.893919597990e-04 3.020999919429e-01 2.893919597990e-04 1.970000000000e-01
2.915678391960e-04 3.194000000000e-01 2.915678391960e-04 1.815010330691e-01 2.915678391960e-04 3.020999945362e-01 2.915678391960e-04 1.970000000000e-01
2.937437185930e-04 3.194000000000e-01 2.937437185930e-04 1.815007506085e-01 2.937437185930e-04 3.020999962948e-01 2.937437185930e-04 1.970000000000e-01
2.959195979899e-04 3.194000000000e-01 2.959195979899e-04 1.815005453907e-01 2.959195979899e-04 3.020999974873e-01 2.959195979899e-04 1.970000000000e-01
2.980954773869e-04 3.194000000000e-01 2.980954773869e-04 1.815003962888e-01 2.980954773869e-04 3.020999982961e-01 2.980954773869e-04 1.970000000000e-01
3.002713567839e-04 3.194000000000e-01 3.002713567839e-04 1.815002879555e-01 3.002713567839e-04 3.020999988445e-01 3.002713567839e-04 1.970000000000e-01
3.024472361809e-04 3.194000000000e-01 3.024472361809e-04 1.815002092417e-01 3.024472361809e-04 3.020999992164e-01 3.024472361809e-04 1.970000000000e-01
3.046231155779e-04 3.194000000000e-01 3.046231155779e-04 1.815001520476e-01 3.046231155779e-04 3.020999994686e-01 3.046231155779e-04 1.970000000000e-01
3.067989949749e-04 3.194000000000e-01 3.067989949749e-04 1.815001104891e-01 3.067989949749e-04 3.020999996396e-01 3.067989949749e-04 1.970000000000e-01
3.089748743719e-04 3.194000000000e-01 3.089748743719e-04 1.815000802911e-01 3.089748743719e-04 3.020999997556e-01 3.089748743719e-04 1.970000000000e-01
3.111507537688e-04 3.194000000000e-01 3.111507537688e-04 1.815000583476e-01 3.111507537688e-04 3.020999998343e-01 3.111507537688e-04 1.970000000000e-01
3.133266331658e-04 3.194000000000e-01 3.133266331658e-04 1.815000424020e-01 3.133266331658e-04 3.020999998876e-01 3.133266331658e-04 1.970000000000e-01
3.155025125628e-04 3.194000000000e-01 3.155025125628e-04 1.815000308146e-01 3.155025125628e-04 3.020999999238e-01 3.155025125628e-04 1.970000000000e-01
3.176783919598e-04 3.194000000000e-01 3.176783919598e-04 1.815000223941e-01 3.176783919598e-04 3.020999999483e-01 3.176783919598e-04 1.970000000000e-01
3.198542713568e-04 3.194000000000e-01 3.198542713568e-04 1.815000162749e-01 3.198542713568e-04 3.020999999650e-01 3.198542713568e-04 1.970000000000e-01
3.220301507538e-04 3.194000000000e-01 3.220301507538e-04 1.815000118279e-01 3.220301507538e-04 3.020999999762e-01 3.220301507538e-04 1.970000000000e-01
3.242060301508e-04 3.194000000000e-01 3.242060301508e-04 1.815000085961e-01 3.242060301508e-04 3.020999999839e-01 3.242060301508e-04 1.970000000000e-01
3.263819095477e-04 3.194000000000e-01 3.263819095477e-04 1.815000062475e-01 3.263819095477e-04 3.020999999891e-01 3.263819095477e-04 1.970000000000e-01
3.285577889447e-04 3.194000000000e-01 3.285577889447e-04 1.815000045406e-01 3.285577889447e-04 3.020999999926e-01 3.285577889447e-04 1.970000000000e-01
3.307336683417e-04 3.194000000000e-01 3.307336683417e-04 1.815000033001e-01 3.307336683417e-04 3.020999999950e-01 3.307336683417e-04 1.970000000000e-01
3.329095477387e-04 3.194000000000e-01 3.329095477387e-04 1.815000023985e-01 3.329095477387e-04 3.020999999966e-01 3.329095477387e-04 1.970000000000e-01
3.350854271357e-04 3.194000000000e-01 3.350854271357e-04 1.815000017433e-01 3.350854271357e-04 3.020999999977e-01 3.350854271357e-04 1.970000000000e-01
3.372613065327e-04 3.194000000000e-01 3.372613065327e-04 1.815000012670e-01 3.372613065327e-04 3.020999999984e-01 3.372613065327e-04 1.970000000000e-01
3.394371859296e-04 3.194000000000e-01 3.394371859296e-04 1.815000009209e-01 3.394371859296e-04 3.020999999989e-01 3.394371859296e-04 1.970000000000e-01
3.416130653266e-04 3.194000000000e-01 3.416130653266e-04 1.815000006693e-01 3.416130653266e-04 3.020999999993e-01 3.416130653266e-04 1.970000000000e-01
3.437889447236e-04 3.194000000000e-01 3.437889447236e-04 1.815000004865e-01 3.437889447236e-04 3.020999999995e-01 3.437889447236e-04 1.970000000000e-01
3.459648241206e-04 3.194000000000e-01 3.459648241206e-04 1.815000003536e-01 3.459648241206e-04 3.020999999997e-01 3.459648241206e-04 1.970000000000e-01
3.481407035176e-04 3.194000000000e-01 3.481407035176e-04 1.815000002570e-01 3.481407035176e-04 3.020999999998e-01 3.481407035176e-04 1.970000000000e-01
3.503165829146e-04 3.194000000000e-01 3.503165829146e-04 1.815000001868e-01 3.503165829146e-04 3.020999999998e-01 3.503165829146e-04 1.970000000000e-01
3.524924623116e-04 3.194000000000e-01 3.524924623116e-04 1.815000001358e-01 3.524924623116e-04 3.020999999999e-01 3.524924623116e-04 1.970000000000e-01
3.546683417085e-04 3.194000000000e-01 3.546683417085e-04 1.815000000987e-01 3.546683417085e-04 3.020999999999e-01 3.546683417085e-04 1.970000000000e-01
3.568442211055e-04 3.194000000000e-01 3.568442211055e-04 1.815000000717e-01 3.568442211055e-04 3.021000000000e-01 3.568442211055e-04 1.970000000000e-01
3.590201005025e-04 3.194000000000e-01 3.590201005025e-04 1.815000000522e-01 3.590201005025e-04 3.021000000000e-01 3.590201005025e-04 1.970000000000e-01
3.611959798995e-04 3.194000000000e-01 3.611959798995e-04 1.815000000379e-01 3.611959798995e-04 3.021000000000e-01 3.611959798995e-04 1.970000000000e-01
3.633718592965e-04 3.194000000000e-01 3.633718592965e-04 1.815000000276e-01 3.633718592965e-04 3.021000000000e-01 3.633718592965e-04 1.970000000000e-01
3.655477386935e-04 3.194000000000e-01 3.655477386935e-04 1.815000000200e-01 3.655477386935e-04 3.021000000000e-01 3.655477386935e-04 1.970000000000e-01
3.677236180905e-04 3.194000000000e-01 3.677236180905e-04 1.815000000146e-01 3.677236180905e-04 3.021000000000e-01 3.677236180905e-04 1.970000000000e-01
3.698994974874e-04 3.194000000000e-01 3.698994974874e-04 1.815000000106e-01 3.698994974874e-04 3.021000000000e-01 3.698994974874e-04 1.970000000000e-01
3.720753768844e-04 3.194000000000e-01 3.720753768844e-04 1.815000000077e-01 3.720753768844e-04 3.021000000000e-01 3.720753768844e-04 1.970000000000e-01
3.742512562814e-04 3.194000000000e-01 3.742512562814e-04 1.815000000056e-01 3.742512562814e-04 3.021000000000e-01 3.742512562814e-04 1.970000000000e-01
3.764271356784e-04 3.194000000000e-01 3.764271356784e-04 1.815000000041e-01 3.764271356784e-04 3.021000000000e-01 3.764271356784e-04 1.970000000000e-01
3.786030150754e-04 3.194000000000e-01 3.786030150754e-04 1.815000000030e-01 3.786030150754e-04 3.021000000000e-01 3.786030150754e-04 1.970000000000e-01
3.807788944724e-04 3.194000000000e-01 3.807788944724e-04 1.815000000021e-01 3.807788944724e-04 3.021000000000e-01 3.807788944724e-04 1.970000000000e-01
3.829547738693e-04 3.194000000000e-01 3.829547738693e-04 1.815000000016e-01 3.829547738693e-04 3.021000000000e-01 3.829547738693e-04 1.970000000000e-01
3.851306532663e-04 3.194000000000e-01 3.851306532663e-04 1.815000000011e-01 3.851306532663e-04 3.021000000000e-01 3.851306532663e-04 1.970000000000e-01
3.873065326633e-04 3.194000000000e-01 3.873065326633e-04 1.815000000008e-01 3.873065326633e-04 3.021000000000e-01 3.873065326633e-04 1.970000000000e-01
3.894824120603e-04 3.194000000000e-01 3.894824120603e-04 1.815000000006e-01 3.894824120603e-04 3.021000000000e-01 3.894824120603e-04 1.970000000000e-01
3.916582914573e-04 3.194000000000e-01 3.916582914573e-04 1.815000000004e-01 3.916582914573e-04 3.021000000000e-01 3.916582914573e-04 1.970000000000e-01
3.938341708543e-04 3.194000000000e-01 3.938341708543e-04 1.815000000003e-01 3.938341708543e-04 3.021000000000e-01 3.938341708543e-04 1.970000000000e-01
3.960100502513e-04 3.194000000000e-01 3.960100502513e-04 1.815000000002e-01 3.960100502513e-04 3.021000000000e-01 3.960100502513e-04 1.970000000000e-01
3.981859296482e-04 3.194000000000e-01 3.981859296482e-04 1.815000000002e-01 3.981859296482e-04 3.021000000000e-01 3.981859296482e-04 1.970000000000e-01
4.003618090452e-04 3.194000000000e-01 4.003618090452e-04 1.815000000001e-01 4.003618090452e-04 3.021000000000e-01 4.003618090452e-04 1.970000000000e-01
4.025376884422e-04 3.194000000000e-01 4.025376884422e-04 1.815000000001e-01 4.025376884422e-04 3.021000000000e-01 4.025376884422e-04 1.970000000000e-01
4.047135678392e-04 3.194000000000e-01 4.047135678392e-04 1.815000000001e-01 4.047135678392e-04 3.021000000000e-01 4.047135678392e-04 1.970000000000e-01
4.068894472362e-04 3.194000000000e-01 4.068894472362e-04 1.815000000000e-01 4.068894472362e-04 3.021000000000e-01 4.068894472362e-04 1.970000000000e-01
4.090653266332e-04 3.194000000000e-01 4.090653266332e-04 1.815000000000e-01 4.090653266332e-04 3.021000000000e-01 4.090653266332e-04 1.970000000000e-01
4.112412060302e-04 3.194000000000e-01 4.112412060302e-04 1.815000000000e-01 4.112412060302e-04 3.021000000000e-01 4.112412060302e-04 1.970000000000e-01
4.134170854271e-04 3.194000000000e-01 4.134170854271e-04 1.815000000000e-01 4.134170854271e-04 3.021000000000e-01 4.134170854271e-04 1.970000000000e-01
4.155929648241e-04 3.194000000000e-01 4.155929648241e-04 1.815000000000e-01 4.155929648241e-04 3.021000000000e-01 4.155929648241e-04 1.970000000000e-01
4.177688442211e-04 3.194000000000e-01 4.177688442211e-04 1.815000000000e-01 4.177688442211e-04 3.021000000000e-01 4.177688442211e-04 1.970000000000e-01
4.199447236181e-04 3.194000000000e-01 4.199447236181e-04 1.815000000000e-01 4.199447236181e-04 3.021000000000e-01 4.199447236181e-04 1.970000000000e-01
4.221206030151e-04 3.194000000000e-01 4.221206030151e-04 1.815000000000e-01 4.221206030151e-04 3.021000000000e-01 4.221206030151e-04 1.970000000000e-01
4.242964824121e-04 3.194000000000e-01 4.242964824121e-04 1.815000000000e-01 4.242964824121e-04 3.021000000000e-01 4.242964824121e-04 1.970000000000e-01
4.264723618090e-04 3.194000000000e-01 4.264723618090e-04 1.815000000000e-01 4.264723618090e-04 3.021000000000e-01 4.264723618090e-04 1.970000000000e-01
4.286482412060e-04 3.194000000000e-01 4.286482412060e-04 1.815000000000e-01 4.286482412060e-04 3.021000000000e-01 4.286482412060e-04 1.970000000000e-01
4.308241206030e-04 3.194000000000e-01 4.308241206030e-04 1.815000000000e-01 4.308241206030e-04 3.021000000000e-01 4.308241206030e-04 1.970000000000e-01
4.330000000000e-04 3.194000000000e-01 4.330000000000e-04 1.815000000000e-01 4.330000000000e-04 3.021000000000e-01 4.330000000000e-04 1.970000000000e-01
