0.000000000000e+00 2.463000000000e-01 0.000000000000e+00 1.455000026425e-01 0.000000000000e+00 2.543842535146e-01 0.000000000000e+00 3.538907363947e-01
2.005025125628e-06 2.463000000000e-01 2.005025125628e-06 1.455000031000e-01 2.005025125628e-06 2.543909485697e-01 2.005025125628e-06 3.538898305623e-01
4.010050251256e-06 2.463000000000e-01 4.010050251256e-06 1.455000036367e-01 4.010050251256e-06 2.543981676394e-01 4.010050251256e-06 3.538888361677e-01
6.015075376884e-06 2.463000000000e-01 6.015075376884e-06 1.455000042664e-01 6.015075376884e-06 2.544059508989e-01 6.015075376884e-06 3.538877445549e-01
8.020100502513e-06 2.463000000000e-01 8.020100502513e-06 1.455000050050e-01 8.020100502513e-06 2.544143415124e-01 8.020100502513e-06 3.538865462227e-01
1.002512562814e-05 2.463000000000e-01 1.002512562814e-05 1.455000058716e-01 1.002512562814e-05 2.544233858454e-01 1.002512562814e-05 3.538852307418e-01
1.203015075377e-05 2.463000000000e-01 1.203015075377e-05 1.455000068881e-01 1.203015075377e-05 2.544331336907e-01 1.203015075377e-05 3.538837866649e-01
1.403517587940e-05 2.463000000000e-01 1.403517587940e-05 1.455000080808e-01 1.403517587940e-05 2.544436385087e-01 1.403517587940e-05 3.538822014266e-01
1.604020100503e-05 2.463000000000e-01 1.604020100503e-05 1.455000094799e-01 1.604020100503e-05 2.544549576834e-01 1.604020100503e-05 3.538804612352e-01
1.804522613065e-05 2.463000000000e-01 1.804522613065e-05 1.455000111213e-01 1.804522613065e-05 2.544671527937e-01 1.804522613065e-05 3.538785509532e-01
2.005025125628e-05 2.463000000000e-01 2.005025125628e-05 1.455000130469e-01 2.005025125628e-05 2.544802899025e-01 2.005025125628e-05 3.538764539655e-01
2.205527638191e-05 2.463000000000e-01 2.205527638191e-05 1.455000153060e-01 2.205527638191e-05 2.544944398627e-01 2.205527638191e-05 3.538741520366e-01
2.406030150754e-05 2.463000000000e-01 2.406030150754e-05 1.455000179563e-01 2.406030150754e-05 2.545096786417e-01 2.406030150754e-05 3.538716251522e-01
2.606532663317e-05 2.463000000000e-01 2.606532663317e-05 1.455000210656e-01 2.606532663317e-05 2.545260876653e-01 2.606532663317e-05 3.538688513465e-01
2.807035175879e-05 2.463000000000e-01 2.807035175879e-05 1.455000247134e-01 2.807035175879e-05 2.545437541808e-01 2.807035175879e-05 3.538658065127e-01
3.007537688442e-05 2.463000000000e-01 3.007537688442e-05 1.455000289930e-01 3.007537688442e-05 2.545627716410e-01 3.007537688442e-05 3.538624641946e-01
3.208040201005e-05 2.463000000000e-01 3.208040201005e-05 1.455000340139e-01 3.208040201005e-05 2.545832401095e-01 3.208040201005e-05 3.538587953591e-01
3.408542713568e-05 2.463000000000e-01 3.408542713568e-05 1.455000399044e-01 3.408542713568e-05 2.546052666870e-01 3.408542713568e-05 3.538547681461e-01
3.609045226131e-05 2.463000000000e-01 3.609045226131e-05 1.455000468154e-01 3.609045226131e-05 2.546289659598e-01 3.609045226131e-05 3.538503475941e-01
3.809547738693e-05 2.463000000000e-01 3.809547738693e-05 1.455000549236e-01 3.809547738693e-05 2.546544604716e-01 3.809547738693e-05 3.538454953405e-01
4.010050251256e-05 2.463000000000e-01 4.010050251256e-05 1.455000644366e-01 4.010050251256e-05 2.546818812161e-01 4.010050251256e-05 3.538401692926e-01
4.210552763819e-05 2.463000000000e-01 4.210552763819e-05 1.455000755978e-01 4.210552763819e-05 2.547113681539e-01 4.210552763819e-05 3.538343232665e-01
4.411055276382e-05 2.463000000000e-01 4.411055276382e-05 1.455000886931e-01 4.411055276382e-05 2.547430707503e-01 4.411055276382e-05 3.538279065932e-01
4.611557788945e-05 2.463000000000e-01 4.611557788945e-05 1.455001040577e-01 4.611557788945e-05 2.547771485358e-01 4.611557788945e-05 3.538208636856e-01
4.812060301508e-05 2.463000000000e-01 4.812060301508e-05 1.455001220853e-01 4.812060301508e-05 2.548137716867e-01 4.812060301508e-05 3.538131335656e-01
5.012562814070e-05 2.463000000000e-01 5.012562814070e-05 1.455001432379e-01 5.012562814070e-05 2.548531216255e-01 5.012562814070e-05 3.538046493456e-01
5.213065326633e-05 2.463000000000e-01 5.213065326633e-05 1.455001680574e-01 5.213065326633e-05 2.548953916398e-01 5.213065326633e-05 3.537953376622e-01
5.413567839196e-05 2.463000000000e-01 5.413567839196e-05 1.455001971804e-01 5.413567839196e-05 2.549407875159e-01 5.413567839196e-05 3.537851180556e-01
5.614070351759e-05 2.463000000000e-01 5.614070351759e-05 1.455002313538e-01 5.614070351759e-05 2.549895281856e-01 5.614070351759e-05 3.537739022919e-01
5.814572864322e-05 2.463000000000e-01 5.814572864322e-05 1.455002714544e-01 5.814572864322e-05 2.550418463820e-01 5.814572864322e-05 3.537615936220e-01
6.015075376884e-05 2.463000000000e-01 6.015075376884e-05 1.455003185118e-01 6.015075376884e-05 2.550979892998e-01 6.015075376884e-05 3.537480859718e-01
6.215577889447e-05 2.463000000000e-01 6.215577889447e-05 1.455003737346e-01 6.215577889447e-05 2.551582192544e-01 6.215577889447e-05 3.537332630578e-01
6.416080402010e-05 2.463000000000e-01 6.416080402010e-05 1.455004385419e-01 6.416080402010e-05 2.552228143334e-01 6.416080402010e-05 3.537169974225e-01
6.616582914573e-05 2.463000000000e-01 6.616582914573e-05 1.455005146004e-01 6.616582914573e-05 2.552920690326e-01 6.616582914573e-05 3.536991493810e-01
6.817085427136e-05 2.463000000000e-01 6.817085427136e-05 1.455006038671e-01 6.817085427136e-05 2.553662948653e-01 6.817085427136e-05 3.536795658737e-01
7.017587939698e-05 2.463000000000e-01 7.017587939698e-05 1.455007086409e-01 7.017587939698e-05 2.554458209364e-01 7.017587939698e-05 3.536580792154e-01
7.218090452261e-05 2.463000000000e-01 7.218090452261e-05 1.455008316220e-01 7.218090452261e-05 2.555309944647e-01 7.218090452261e-05 3.536345057346e-01
7.418592964824e-05 2.463000000000e-01 7.418592964824e-05 1.455009759829e-01 7.418592964824e-05 2.556221812397e-01 7.418592964824e-05 3.536086442929e-01
7.619095477387e-05 2.463000000000e-01 7.619095477387e-05 1.455011454513e-01 7.619095477387e-05 2.557197659933e-01 7.619095477387e-05 3.535802746757e-01
7.819597989950e-05 2.463000000000e-01 7.819597989950e-05 1.455013444079e-01 7.819597989950e-05 2.558241526659e-01 7.819597989950e-05 3.535491558461e-01
8.020100502513e-05 2.463000000000e-01 8.020100502513e-05 1.455015780022e-01 8.020100502513e-05 2.559357645410e-01 8.020100502513e-05 3.535150240509e-01
8.220603015075e-05 2.463000000000e-01 8.220603015075e-05 1.455018522880e-01 8.220603015075e-05 2.560550442200e-01 8.220603015075e-05 3.534775907696e-01
8.421105527638e-05 2.463000000001e-01 8.421105527638e-05 1.455021743839e-01 8.421105527638e-05 2.561824534041e-01 8.421105527638e-05 3.534365404958e-01
8.621608040201e-05 2.463000000001e-01 8.621608040201e-05 1.455025526631e-01 8.621608040201e-05 2.563184724462e-01 8.621608040201e-05 3.533915283423e-01
8.822110552764e-05 2.463000000001e-01 8.822110552764e-05 1.455029969764e-01 8.822110552764e-05 2.564635996279e-01 8.822110552764e-05 3.533421774580e-01
9.022613065327e-05 2.463000000002e-01 9.022613065327e-05 1.455035189166e-01 9.022613065327e-05 2.566183501146e-01 9.022613065327e-05 3.532880762493e-01
9.223115577889e-05 2.463000000004e-01 9.223115577889e-05 1.455041321310e-01 9.223115577889e-05 2.567832545308e-01 9.223115577889e-05 3.532287753959e-01
9.423618090452e-05 2.463000000007e-01 9.423618090452e-05 1.455048526905e-01 9.423618090452e-05 2.569588570950e-01 9.423618090452e-05 3.531637846528e-01
9.624120603015e-05 2.463000000012e-01 9.624120603015e-05 1.455056995274e-01 9.624120603015e-05 2.571457132425e-01 9.624120603015e-05 3.530925694339e-01
9.824623115578e-05 2.463000000021e-01 9.824623115578e-05 1.455066949540e-01 9.824623115578e-05 2.573443866573e-01 9.824623115578e-05 3.530145471697e-01
1.002512562814e-04 2.463000000035e-01 1.002512562814e-04 1.455078652776e-01 1.002512562814e-04 2.575554456259e-01 1.002512562814e-04 3.529290834383e-01
1.022562814070e-04 2.463000000060e-01 1.022562814070e-04 1.455092415307e-01 1.022562814070e-04 2.577794586162e-01 1.022562814070e-04 3.528354878693e-01
1.042613065327e-04 2.463000000102e-01 1.042613065327e-04 1.455108603388e-01 1.042613065327e-04 2.580169889745e-01 1.042613065327e-04 3.527330098233e-01
1.062663316583e-04 2.463000000174e-01 1.062663316583e-04 1.455127649536e-01 1.062663316583e-04 2.582685886250e-01 1.062663316583e-04 3.526208338551e-01
1.082713567839e-04 2.463000000296e-01 1.082713567839e-04 1.455150064826e-01 1.082713567839e-04 2.585347906460e-01 1.082713567839e-04 3.524980749723e-01
1.102763819095e-04 2.463000000505e-01 1.102763819095e-04 1.455176453566e-01 1.102763819095e-04 2.588161005883e-01 1.102763819095e-04 3.523637737064e-01
1.122814070352e-04 2.463000000859e-01 1.122814070352e-04 1.455207530819e-01 1.122814070352e-04 2.591129863926e-01 1.122814070352e-04 3.522168910185e-01
1.142864321608e-04 2.463000001462e-01 1.142864321608e-04 1.455244143358e-01 1.142864321608e-04 2.594258667588e-01 1.142864321608e-04 3.520563030709e-01
1.162914572864e-04 2.463000002489e-01 1.162914572864e-04 1.455287294760e-01 1.162914572864e-04 2.597550978126e-01 1.162914572864e-04 3.518807958971e-01
1.182964824121e-04 2.463000004238e-01 1.182964824121e-04 1.455338175507e-01 1.182964824121e-04 2.601009579177e-01 1.182964824121e-04 3.516890600137e-01
1.203015075377e-04 2.463000007215e-01 1.203015075377e-04 1.455398199144e-01 1.203015075377e-04 2.604636304843e-01 1.203015075377e-04 3.514796850198e-01
1.223065326633e-04 2.463000012283e-01 1.223065326633e-04 1.455469045787e-01 1.223065326633e-04 2.608431846362e-01 1.223065326633e-04 3.512511542325e-01
1.243115577889e-04 2.463000020911e-01 1.243115577889e-04 1.455552714553e-01 1.243115577889e-04 2.612395536157e-01 1.243115577889e-04 3.510018394087e-01
1.263165829146e-04 2.463000035599e-01 1.263165829146e-04 1.455651586860e-01 1.263165829146e-04 2.616525108359e-01 1.263165829146e-04 3.507299955951e-01
1.283216080402e-04 2.463000060605e-01 1.283216080402e-04 1.455768502966e-01 1.283216080402e-04 2.620816435293e-01 1.283216080402e-04 3.504337561368e-01
1.303266331658e-04 2.463000103177e-01 1.303266331658e-04 1.455906854684e-01 1.303266331658e-04 2.625263239979e-01 1.303266331658e-04 3.501111278492e-01
1.323316582915e-04 2.463000175652e-01 1.323316582915e-04 1.456070697877e-01 1.323316582915e-04 2.629856785460e-01 1.323316582915e-04 3.497599863164e-01
1.343366834171e-04 2.463000299040e-01 1.343366834171e-04 1.456264889154e-01 1.343366834171e-04 2.634585542717e-01 1.343366834171e-04 3.493780712171e-01
1.363417085427e-04 2.463000509103e-01 1.363417085427e-04 1.456495252269e-01 1.363417085427e-04 2.639434840147e-01 1.363417085427e-04 3.489629814838e-01
1.383467336683e-04 2.463000866731e-01 1.383467336683e-04 1.456768780930e-01 1.383467336683e-04 2.644386499099e-01 1.383467336683e-04 3.485121699716e-01
1.403517587940e-04 2.463001475585e-01 1.403517587940e-04 1.457093886307e-01 1.403517587940e-04 2.649418461768e-01 1.403517587940e-04 3.480229371212e-01
1.423567839196e-04 2.463002512150e-01 1.423567839196e-04 1.457480699421e-01 1.423567839196e-04 2.654504419933e-01 1.423567839196e-04 3.474924228526e-01
1.443618090452e-04 2.463004276893e-01 1.443618090452e-04 1.457941440829e-01 1.443618090452e-04 2.659613455560e-01 1.443618090452e-04 3.469175955788e-01
1.463668341709e-04 2.463007281351e-01 1.463668341709e-04 1.458490872752e-01 1.463668341709e-04 2.664709707199e-01 1.463668341709e-04 3.462952367812e-01
1.483718592965e-04 2.463012396395e-01 1.483718592965e-04 1.459146851906e-01 1.483718592965e-04 2.669752079326e-01 1.483718592965e-04 3.456219190016e-01
1.503768844221e-04 2.463021104593e-01 1.503768844221e-04 1.459931004829e-01 1.503768844221e-04 2.674694015349e-01 1.503768844221e-04 3.448939743529e-01
1.523819095477e-04 2.463035929721e-01 1.523819095477e-04 1.460869551300e-01 1.523819095477e-04 2.679483358666e-01 1.523819095477e-04 3.441074497153e-01
1.543869346734e-04 2.463061167536e-01 1.543869346734e-04 1.461994305071e-01 1.543869346734e-04 2.684062329929e-01 1.543869346734e-04 3.432580436277e-01
1.563919597990e-04 2.463104128542e-01 1.563919597990e-04 1.463343884020e-01 1.563919597990e-04 2.688367652191e-01 1.563919597990e-04 3.423410185111e-01
1.583969849246e-04 2.463177249697e-01 1.583969849246e-04 1.464965162554e-01 1.583969849246e-04 2.692330858649e-01 1.583969849246e-04 3.413510802882e-01
1.604020100503e-04 2.463301677531e-01 1.604020100503e-04 1.466914995509e-01 1.604020100503e-04 2.695878819837e-01 1.604020100503e-04 3.402822157649e-01
1.624070351759e-04 2.463513333131e-01 1.624070351759e-04 1.469262231116e-01 1.624070351759e-04 2.698934527878e-01 1.624070351759e-04 3.391274765071e-01
1.644120603015e-04 2.463873135311e-01 1.644120603015e-04 1.472090004940e-01 1.644120603015e-04 2.701418174203e-01 1.644120603015e-04 3.378786967075e-01
1.664170854271e-04 2.464484109390e-01 1.664170854271e-04 1.475498257955e-01 1.664170854271e-04 2.703248553366e-01 1.664170854271e-04 3.365261323460e-01
1.684221105528e-04 2.465519664672e-01 1.684221105528e-04 1.479606337130e-01 1.684221105528e-04 2.704344818520e-01 1.684221105528e-04 3.350580108347e-01
1.704271356784e-04 2.467269319600e-01 1.704271356784e-04 1.484555399072e-01 1.704271356784e-04 2.704628603120e-01 1.704271356784e-04 3.334599860391e-01
1.724321608040e-04 2.470209781776e-01 1.724321608040e-04 1.490510127314e-01 1.724321608040e-04 2.704026507944e-01 1.724321608040e-04 3.317145056631e-01
1.744371859296e-04 2.475107498577e-01 1.744371859296e-04 1.497658977615e-01 1.744371859296e-04 2.702472932160e-01 1.744371859296e-04 3.298001202264e-01
1.764422110553e-04 2.483145033802e-01 1.764422110553e-04 1.506211789442e-01 1.764422110553e-04 2.699913201900e-01 1.764422110553e-04 3.276908000819e-01
1.784472361809e-04 2.496019520773e-01 1.784472361809e-04 1.516393201806e-01 1.784472361809e-04 2.696306920084e-01 1.784472361809e-04 3.253553844668e-01
1.804522613065e-04 2.515863768297e-01 1.804522613065e-04 1.528430036408e-01 1.804522613065e-04 2.691631428019e-01 1.804522613065e-04 3.227573682416e-01
1.824572864322e-04 2.544713424252e-01 1.824572864322e-04 1.542530944274e-01 1.824572864322e-04 2.685885234457e-01 1.824572864322e-04 3.198553354359e-01
1.844623115578e-04 2.583298696992e-01 1.844623115578e-04 1.558857567470e-01 1.844623115578e-04 2.679091233810e-01 1.844623115578e-04 3.166044573811e-01
1.864673366834e-04 2.629591623731e-01 1.864673366834e-04 1.577488654589e-01 1.864673366834e-04 2.671299505490e-01 1.864673366834e-04 3.129595444753e-01
1.884723618090e-04 2.678593382019e-01 1.884723618090e-04 1.598382043590e-01 1.884723618090e-04 2.662589464943e-01 1.884723618090e-04 3.088800954023e-01
1.904773869347e-04 2.724496960992e-01 1.904773869347e-04 1.621343381140e-01 1.904773869347e-04 2.653071128199e-01 1.904773869347e-04 3.043375139984e-01
1.924824120603e-04 2.763809158658e-01 1.924824120603e-04 1.646012917217e-01 1.924824120603e-04 2.642885260098e-01 1.924824120603e-04 2.993240580271e-01
1.944874371859e-04 2.796795067706e-01 1.944874371859e-04 1.671880149381e-01 1.944874371859e-04 2.632202205406e-01 1.944874371859e-04 2.938621477508e-01
1.964924623116e-04 2.826758181111e-01 1.964924623116e-04 1.698329142387e-01 1.964924623116e-04 2.621219254111e-01 1.964924623116e-04 2.880116371256e-01
1.984974874372e-04 2.858490135765e-01 1.984974874372e-04 1.724706856779e-01 1.984974874372e-04 2.610156467554e-01 1.984974874372e-04 2.818720809976e-01
2.005025125628e-04 2.896582872974e-01 2.005025125628e-04 1.750397843546e-01 2.005025125628e-04 2.599250988110e-01 2.005025125628e-04 2.755775823517e-01
2.025075376884e-04 2.943282433146e-01 2.025075376884e-04 1.774886398771e-01 2.025075376884e-04 2.588749966415e-01 2.025075376884e-04 2.692837699887e-01
2.045125628141e-04 2.996303155289e-01 2.045125628141e-04 1.797793040107e-01 2.045125628141e-04 2.578902357929e-01 2.045125628141e-04 2.631492639781e-01
2.065175879397e-04 3.048957090911e-01 2.065175879397e-04 1.818882331462e-01 2.065175879397e-04 2.569949953928e-01 2.065175879397e-04 2.573162497511e-01
2.085226130653e-04 3.093952805792e-01 2.085226130653e-04 1.838048044115e-01 2.085226130653e-04 2.562118108197e-01 2.085226130653e-04 2.518951716228e-01
2.105276381910e-04 3.127533755495e-01 2.105276381910e-04 1.855285828067e-01 2.105276381910e-04 2.555606687485e-01 2.105276381910e-04 2.469568297852e-01
2.125326633166e-04 3.150107209130e-01 2.125326633166e-04 1.870662941039e-01 2.125326633166e-04 2.550581800594e-01 2.125326633166e-04 2.425323665429e-01
2.145376884422e-04 3.164226747556e-01 2.145376884422e-04 1.884291332689e-01 2.145376884422e-04 2.547168841086e-01 2.145376884422e-04 2.386192515629e-01
2.165427135678e-04 3.172662997690e-01 2.165427135678e-04 1.896306833102e-01 2.165427135678e-04 2.545447310285e-01 2.165427135678e-04 2.351903290864e-01
2.185477386935e-04 3.177566102019e-01 2.185477386935e-04 1.906854648862e-01 2.185477386935e-04 2.545447774680e-01 2.185477386935e-04 2.322032389376e-01
2.205527638191e-04 3.180370096013e-01 2.205527638191e-04 1.916080078943e-01 2.205527638191e-04 2.547151164751e-01 2.205527638191e-04 2.296084649191e-01
2.225577889447e-04 3.181958876608e-01 2.225577889447e-04 1.924123012066e-01 2.225577889447e-04 2.550490455045e-01 2.225577889447e-04 2.273552750006e-01
2.245628140704e-04 3.182854399168e-01 2.245628140704e-04 1.931114922513e-01 2.245628140704e-04 2.555354595024e-01 2.245628140704e-04 2.253955489408e-01
2.265678391960e-04 3.183357683424e-01 2.265678391960e-04 1.937177411879e-01 2.265678391960e-04 2.561594404144e-01 2.265678391960e-04 2.236858701098e-01
2.285728643216e-04 3.183640067499e-01 2.285728643216e-04 1.942421667246e-01 2.285728643216e-04 2.569030018156e-01 2.285728643216e-04 2.221883704070e-01
2.305778894472e-04 3.183798365748e-01 2.305778894472e-04 1.946948452272e-01 2.305778894472e-04 2.577459387817e-01 2.305778894472e-04 2.208707766094e-01
2.325829145729e-04 3.183887061031e-01 2.325829145729e-04 1.950848409567e-01 2.325829145729e-04 2.586667291953e-01 2.325829145729e-04 2.197060054079e-01
2.345879396985e-04 3.183936744780e-01 2.345879396985e-04 1.954202548619e-01 2.345879396985e-04 2.596434334107e-01 2.345879396985e-04 2.186715471517e-01
2.365929648241e-04 3.183964572301e-01 2.365929648241e-04 1.957082845789e-01 2.365929648241e-04 2.606545440526e-01 2.365929648241e-04 2.177487890946e-01
2.385979899497e-04 3.183980157530e-01 2.385979899497e-04 1.959552909917e-01 2.385979899497e-04 2.616797457808e-01 2.385979899497e-04 2.169223638414e-01
2.406030150754e-04 3.183988886215e-01 2.406030150754e-04 1.961668680892e-01 2.406030150754e-04 2.627005549381e-01 2.406030150754e-04 2.161795653693e-01
2.426080402010e-04 3.183993774901e-01 2.426080402010e-04 1.963479136413e-01 2.426080402010e-04 2.637008199030e-01 2.426080402010e-04 2.155098483440e-01
2.446130653266e-04 3.183996513003e-01 2.446130653266e-04 1.965026987501e-01 2.446130653266e-04 2.646670735631e-01 2.446130653266e-04 2.149044113288e-01
2.466180904523e-04 3.183998046650e-01 2.466180904523e-04 1.966349347781e-01 2.466180904523e-04 2.655887387101e-01 2.466180904523e-04 2.143558568098e-01
2.486231155779e-04 3.183998905707e-01 2.486231155779e-04 1.967478365551e-01 2.486231155779e-04 2.664581947308e-01 2.486231155779e-04 2.138579177786e-01
2.506281407035e-04 3.183999386924e-01 2.506281407035e-04 1.968441811252e-01 2.506281407035e-04 2.672707194158e-01 2.506281407035e-04 2.134052399701e-01
2.526331658291e-04 3.183999656503e-01 2.526331658291e-04 1.969263616077e-01 2.526331658291e-04 2.680243230331e-01 2.526331658291e-04 2.129932095272e-01
2.546381909548e-04 3.183999807531e-01 2.546381909548e-04 1.969964360058e-01 2.546381909548e-04 2.687194932417e-01 2.546381909548e-04 2.126178171067e-01
2.566432160804e-04 3.183999892148e-01 2.566432160804e-04 1.970561709965e-01 2.566432160804e-04 2.693588693655e-01 2.566432160804e-04 2.122755508624e-01
2.586482412060e-04 3.183999939559e-01 2.586482412060e-04 1.971070808842e-01 2.586482412060e-04 2.699468635309e-01 2.586482412060e-04 2.119633121000e-01
2.606532663317e-04 3.183999966126e-01 2.606532663317e-04 1.971504620005e-01 2.606532663317e-04 2.704892447556e-01 2.606532663317e-04 2.116783486228e-01
2.626582914573e-04 3.183999981014e-01 2.626582914573e-04 1.971874228968e-01 2.626582914573e-04 2.709927007882e-01 2.626582914573e-04 2.114182018157e-01
2.646633165829e-04 3.183999989357e-01 2.646633165829e-04 1.972189107040e-01 2.646633165829e-04 2.714643917684e-01 2.646633165829e-04 2.111806643741e-01
2.666683417085e-04 3.183999994034e-01 2.666683417085e-04 1.972457340460e-01 2.666683417085e-04 2.719115098650e-01 2.666683417085e-04 2.109637462681e-01
2.686733668342e-04 3.183999996655e-01 2.686733668342e-04 1.972685828810e-01 2.686733668342e-04 2.723408599653e-01 2.686733668342e-04 2.107656470832e-01
2.706783919598e-04 3.183999998125e-01 2.706783919598e-04 1.972880456311e-01 2.706783919598e-04 2.727584779562e-01 2.706783919598e-04 2.105847333066e-01
2.726834170854e-04 3.183999998948e-01 2.726834170854e-04 1.973046239299e-01 2.726834170854e-04 2.731693045653e-01 2.726834170854e-04 2.104195194624e-01
2.746884422111e-04 3.183999999410e-01 2.746884422111e-04 1.973187452923e-01 2.746884422111e-04 2.735769332868e-01 2.746884422111e-04 2.102686522591e-01
2.766934673367e-04 3.183999999669e-01 2.766934673367e-04 1.973307739796e-01 2.766934673367e-04 2.739834496591e-01 2.766934673367e-04 2.101308971075e-01
2.786984924623e-04 3.183999999814e-01 2.786984924623e-04 1.973410203024e-01 2.786984924623e-04 2.743893753065e-01 2.786984924623e-04 2.100051265239e-01
2.807035175879e-04 3.183999999896e-01 2.807035175879e-04 1.973497485758e-01 2.807035175879e-04 2.747937233570e-01 2.807035175879e-04 2.098903100445e-01
2.827085427136e-04 3.183999999942e-01 2.827085427136e-04 1.973571839165e-01 2.827085427136e-04 2.751941624588e-01 2.827085427136e-04 2.097855053661e-01
2.847135678392e-04 3.183999999967e-01 2.847135678392e-04 1.973635180438e-01 2.847135678392e-04 2.755872757991e-01 2.847135678392e-04 2.096898504953e-01
2.867185929648e-04 3.183999999982e-01 2.867185929648e-04 1.973689142285e-01 2.867185929648e-04 2.759688910924e-01 2.867185929648e-04 2.096025567379e-01
2.887236180905e-04 3.183999999990e-01 2.887236180905e-04 1.973735115121e-01 2.887236180905e-04 2.763344495189e-01 2.887236180905e-04 2.095229023959e-01
2.907286432161e-04 3.183999999994e-01 2.907286432161e-04 1.973774283028e-01 2.907286432161e-04 2.766793777965e-01 2.907286432161e-04 2.094502270729e-01
2.927336683417e-04 3.183999999997e-01 2.927336683417e-04 1.973807654387e-01 2.927336683417e-04 2.769994288598e-01 2.927336683417e-04 2.093839265036e-01
2.947386934673e-04 3.183999999998e-01 2.947386934673e-04 1.973836087968e-01 2.947386934673e-04 2.772909627413e-01 2.947386934673e-04 2.093234478454e-01
2.967437185930e-04 3.183999999999e-01 2.967437185930e-04 1.973860315154e-01 2.967437185930e-04 2.775511488918e-01 2.967437185930e-04 2.092682853774e-01
2.987487437186e-04 3.183999999999e-01 2.987487437186e-04 1.973880958857e-01 2.987487437186e-04 2.777780823441e-01 2.987487437186e-04 2.092179765659e-01
3.007537688442e-04 3.184000000000e-01 3.007537688442e-04 1.973898549627e-01 3.007537688442e-04 2.779708167303e-01 3.007537688442e-04 2.091720984567e-01
3.027587939698e-04 3.184000000000e-01 3.027587939698e-04 1.973913539369e-01 3.027587939698e-04 2.781293255588e-01 3.027587939698e-04 2.091302643675e-01
3.047638190955e-04 3.184000000000e-01 3.047638190955e-04 1.973926313013e-01 3.047638190955e-04 2.782544084121e-01 3.047638190955e-04 2.090921208498e-01
3.067688442211e-04 3.184000000000e-01 3.067688442211e-04 1.973937198457e-01 3.067688442211e-04 2.783475607368e-01 3.067688442211e-04 2.090573449003e-01
3.087738693467e-04 3.184000000000e-01 3.087738693467e-04 1.973946475031e-01 3.087738693467e-04 2.784108251474e-01 3.087738693467e-04 2.090256413986e-01
3.107788944724e-04 3.184000000000e-01 3.107788944724e-04 1.973954380696e-01 3.107788944724e-04 2.784466395080e-01 3.107788944724e-04 2.089967407544e-01
3.127839195980e-04 3.184000000000e-01 3.127839195980e-04 1.973961118183e-01 3.127839195980e-04 2.784576934097e-01 3.127839195980e-04 2.089703967464e-01
3.147889447236e-04 3.184000000000e-01 3.147889447236e-04 1.973966860217e-01 3.147889447236e-04 2.784468008058e-01 3.147889447236e-04 2.089463845385e-01
3.167939698492e-04 3.184000000000e-01 3.167939698492e-04 1.973971753959e-01 3.167939698492e-04 2.784167930638e-01 3.167939698492e-04 2.089244988588e-01
3.187989949749e-04 3.184000000000e-01 3.187989949749e-04 1.973975924798e-01 3.187989949749e-04 2.783704338577e-01 3.187989949749e-04 2.089045523282e-01
3.208040201005e-04 3.184000000000e-01 3.208040201005e-04 1.973979479574e-01 3.208040201005e-04 2.783103552504e-01 3.208040201005e-04 2.088863739283e-01
3.228090452261e-04 3.184000000000e-01 3.228090452261e-04 1.973982509326e-01 3.228090452261e-04 2.782390129795e-01 3.228090452261e-04 2.088698075955e-01
3.248140703518e-04 3.184000000000e-01 3.248140703518e-04 1.973985091630e-01 3.248140703518e-04 2.781586582378e-01 3.248140703518e-04 2.088547109338e-01
3.268190954774e-04 3.184000000000e-01 3.268190954774e-04 1.973987292594e-01 3.268190954774e-04 2.780713229781e-01 3.268190954774e-04 2.088409540342e-01
3.288241206030e-04 3.184000000000e-01 3.288241206030e-04 1.973989168552e-01 3.288241206030e-04 2.779788158372e-01 3.288241206030e-04 2.088284183942e-01
3.308291457286e-04 3.184000000000e-01 3.308291457286e-04 1.973990767511e-01 3.308291457286e-04 2.778827260315e-01 3.308291457286e-04 2.088169959284e-01
3.328341708543e-04 3.184000000000e-01 3.328341708543e-04 1.973992130385e-01 3.328341708543e-04 2.777844329398e-01 3.328341708543e-04 2.088065880634e-01
3.348391959799e-04 3.184000000000e-01 3.348391959799e-04 1.973993292042e-01 3.348391959799e-04 2.776851194781e-01 3.348391959799e-04 2.087971049090e-01
3.368442211055e-04 3.184000000000e-01 3.368442211055e-04 1.973994282196e-01 3.368442211055e-04 2.775857877584e-01 3.368442211055e-04 2.087884645009e-01
3.388492462312e-04 3.184000000000e-01 3.388492462312e-04 1.973995126175e-01 3.388492462312e-04 2.774872758657e-01 3.388492462312e-04 2.087805921079e-01
3.408542713568e-04 3.184000000000e-01 3.408542713568e-04 1.973995845561e-01 3.408542713568e-04 2.773902748896e-01 3.408542713568e-04 2.087734195991e-01
3.428592964824e-04 3.184000000000e-01 3.428592964824e-04 1.973996458753e-01 3.428592964824e-04 2.772953455899e-01 3.428592964824e-04 2.087668848649e-01
3.448643216080e-04 3.184000000000e-01 3.448643216080e-04 1.973996981428e-01 3.448643216080e-04 2.772029342771e-01 3.448643216080e-04 2.087609312888e-01
3.468693467337e-04 3.184000000000e-01 3.468693467337e-04 1.973997426951e-01 3.468693467337e-04 2.771133876403e-01 3.468693467337e-04 2.087555072648e-01
3.488743718593e-04 3.184000000000e-01 3.488743718593e-04 1.973997806711e-01 3.488743718593e-04 2.770269663724e-01 3.488743718593e-04 2.087505657561e-01
3.508793969849e-04 3.184000000000e-01 3.508793969849e-04 1.973998130418e-01 3.508793969849e-04 2.769438575298e-01 3.508793969849e-04 2.087460638932e-01
3.528844221106e-04 3.184000000000e-01 3.528844221106e-04 1.973998406345e-01 3.528844221106e-04 2.768641856237e-01 3.528844221106e-04 2.087419626061e-01
3.548894472362e-04 3.184000000000e-01 3.548894472362e-04 1.973998641546e-01 3.548894472362e-04 2.767880224809e-01 3.548894472362e-04 2.087382262895e-01
3.568944723618e-04 3.184000000000e-01 3.568944723618e-04 1.973998842033e-01 3.568944723618e-04 2.767153959443e-01 3.568944723618e-04 2.087348224961e-01
3.588994974874e-04 3.184000000000e-01 3.588994974874e-04 1.973999012929e-01 3.588994974874e-04 2.766462974924e-01 3.588994974874e-04 2.087317216586e-01
3.609045226131e-04 3.184000000000e-01 3.609045226131e-04 1.973999158603e-01 3.609045226131e-04 2.765806888723e-01 3.609045226131e-04 2.087288968338e-01
3.629095477387e-04 3.184000000000e-01 3.629095477387e-04 1.973999282777e-01 3.629095477387e-04 2.765185078381e-01 3.629095477387e-04 2.087263234715e-01
3.649145728643e-04 3.184000000000e-01 3.649145728643e-04 1.973999388624e-01 3.649145728643e-04 2.764596730888e-01 3.649145728643e-04 2.087239792018e-01
3.669195979899e-04 3.184000000000e-01 3.669195979899e-04 1.973999478850e-01 3.669195979899e-04 2.764040884926e-01 3.669195979899e-04 2.087218436423e-01
3.689246231156e-04 3.184000000000e-01 3.689246231156e-04 1.973999555760e-01 3.689246231156e-04 2.763516466830e-01 3.689246231156e-04 2.087198982221e-01
3.709296482412e-04 3.184000000000e-01 3.709296482412e-04 1.973999621320e-01 3.709296482412e-04 2.763022321006e-01 3.709296482412e-04 2.087181260207e-01
3.729346733668e-04 3.184000000000e-01 3.729346733668e-04 1.973999677204e-01 3.729346733668e-04 2.762557235529e-01 3.729346733668e-04 2.087165116220e-01
3.749396984925e-04 3.184000000000e-01 3.749396984925e-04 1.973999724841e-01 3.749396984925e-04 2.762119963532e-01 3.749396984925e-04 2.087150409808e-01
3.769447236181e-04 3.184000000000e-01 3.769447236181e-04 1.973999765447e-01 3.769447236181e-04 2.761709240955e-01 3.769447236181e-04 2.087137013009e-01
3.789497487437e-04 3.184000000000e-01 3.789497487437e-04 1.973999800061e-01 3.789497487437e-04 2.761323801165e-01 3.789497487437e-04 2.087124809242e-01
3.809547738693e-04 3.184000000000e-01 3.809547738693e-04 1.973999829567e-01 3.809547738693e-04 2.760962386860e-01 3.809547738693e-04 2.087113692298e-01
3.829597989950e-04 3.184000000000e-01 3.829597989950e-04 1.973999854718e-01 3.829597989950e-04 2.760623759684e-01 3.829597989950e-04 2.087103565416e-01
3.849648241206e-04 3.184000000000e-01 3.849648241206e-04 1.973999876158e-01 3.849648241206e-04 2.760306707857e-01 3.849648241206e-04 2.087094340448e-01
3.869698492462e-04 3.184000000000e-01 3.869698492462e-04 1.973999894434e-01 3.869698492462e-04 2.760010052144e-01 3.869698492462e-04 2.087085937086e-01
3.889748743719e-04 3.184000000000e-01 3.889748743719e-04 1.973999910012e-01 3.889748743719e-04 2.759732650399e-01 3.889748743719e-04 2.087078282173e-01
3.909798994975e-04 3.184000000000e-01 3.909798994975e-04 1.973999923292e-01 3.909798994975e-04 2.759473400927e-01 3.909798994975e-04 2.087071309061e-01
3.929849246231e-04 3.184000000000e-01 3.929849246231e-04 1.973999934612e-01 3.929849246231e-04 2.759231244840e-01 3.929849246231e-04 2.087064957034e-01
3.949899497487e-04 3.184000000000e-01 3.949899497487e-04 1.973999944261e-01 3.949899497487e-04 2.759005167583e-01 3.949899497487e-04 2.087059170785e-01
3.969949748744e-04 3.184000000000e-01 3.969949748744e-04 1.973999952487e-01 3.969949748744e-04 2.758794199773e-01 3.969949748744e-04 2.087053899925e-01
3.990000000000e-04 3.184000000000e-01 3.990000000000e-04 1.973999959498e-01 3.990000000000e-04 2.758597417463e-01 3.990000000000e-04 2.087049098555e-01
