0.000000000000e+00 3.109999874042e-01 0.000000000000e+00 3.013500000000e-01 0.000000000000e+00 1.991000000000e-01 0.000000000000e+00 1.903000016753e-01
2.311557788945e-06 3.109999851648e-01 2.311557788945e-06 3.013500000000e-01 2.311557788945e-06 1.991000000000e-01 2.311557788945e-06 1.903000020112e-01
4.623115577889e-06 3.109999825273e-01 4.623115577889e-06 3.013500000000e-01 4.623115577889e-06 1.991000000000e-01 4.623115577889e-06 1.903000024145e-01
6.934673366834e-06 3.109999794208e-01 6.934673366834e-06 3.013500000000e-01 6.934673366834e-06 1.991000000000e-01 6.934673366834e-06 1.903000028985e-01
9.246231155779e-06 3.109999757620e-01 9.246231155779e-06 3.013500000000e-01 9.246231155779e-06 1.991000000000e-01 9.246231155779e-06 1.903000034796e-01
1.155778894472e-05 3.109999714527e-01 1.155778894472e-05 3.013500000000e-01 1.155778894472e-05 1.991000000000e-01 1.155778894472e-05 1.903000041773e-01
1.386934673367e-05 3.109999663773e-01 1.386934673367e-05 3.013500000000e-01 1.386934673367e-05 1.991000000000e-01 1.386934673367e-05 1.903000050147e-01
1.618090452261e-05 3.109999603996e-01 1.618090452261e-05 3.013500000000e-01 1.618090452261e-05 1.991000000000e-01 1.618090452261e-05 1.903000060201e-01
1.849246231156e-05 3.109999533590e-01 1.849246231156e-05 3.013500000000e-01 1.849246231156e-05 1.991000000000e-01 1.849246231156e-05 1.903000072271e-01
2.080402010050e-05 3.109999450667e-01 2.080402010050e-05 3.013500000000e-01 2.080402010050e-05 1.991000000000e-01 2.080402010050e-05 1.903000086760e-01
2.311557788945e-05 3.109999353001e-01 2.311557788945e-05 3.013500000000e-01 2.311557788945e-05 1.991000000000e-01 2.311557788945e-05 1.903000104155e-01
2.542713567839e-05 3.109999237971e-01 2.542713567839e-05 3.013500000000e-01 2.542713567839e-05 1.991000000000e-01 2.542713567839e-05 1.903000125036e-01
2.773869346734e-05 3.109999102490e-01 2.773869346734e-05 3.013500000000e-01 2.773869346734e-05 1.991000000000e-01 2.773869346734e-05 1.903000150104e-01
3.005025125628e-05 3.109998942922e-01 3.005025125628e-05 3.013500000000e-01 3.005025125628e-05 1.991000000000e-01 3.005025125628e-05 1.903000180198e-01
3.236180904523e-05 3.109998754985e-01 3.236180904523e-05 3.013500000000e-01 3.236180904523e-05 1.991000000000e-01 3.236180904523e-05 1.903000216326e-01
3.467336683417e-05 3.109998533634e-01 3.467336683417e-05 3.013500000000e-01 3.467336683417e-05 1.991000000000e-01 3.467336683417e-05 1.903000259696e-01
3.698492462312e-05 3.109998272929e-01 3.698492462312e-05 3.013500000000e-01 3.698492462312e-05 1.991000000000e-01 3.698492462312e-05 1.903000311762e-01
3.929648241206e-05 3.109997965874e-01 3.929648241206e-05 3.013500000000e-01 3.929648241206e-05 1.991000000000e-01 3.929648241206e-05 1.903000374266e-01
4.160804020101e-05 3.109997604228e-01 4.160804020101e-05 3.013500000000e-01 4.160804020101e-05 1.991000000000e-01 4.160804020101e-05 1.903000449301e-01
4.391959798995e-05 3.109997178286e-01 4.391959798995e-05 3.013500000000e-01 4.391959798995e-05 1.991000000000e-01 4.391959798995e-05 1.903000539380e-01
4.623115577889e-05 3.109996676616e-01 4.623115577889e-05 3.013500000000e-01 4.623115577889e-05 1.991000000000e-01 4.623115577889e-05 1.903000647519e-01
4.854271356784e-05 3.109996085755e-01 4.854271356784e-05 3.013500000000e-01 4.854271356784e-05 1.991000000000e-01 4.854271356784e-05 1.903000777338e-01
5.085427135678e-05 3.109995389847e-01 5.085427135678e-05 3.013500000000e-01 5.085427135678e-05 1.991000000000e-01 5.085427135678e-05 1.903000933183e-01
5.316582914573e-05 3.109994570214e-01 5.316582914573e-05 3.013500000000e-01 5.316582914573e-05 1.991000000000e-01 5.316582914573e-05 1.903001120274e-01
5.547738693467e-05 3.109993604863e-01 5.547738693467e-05 3.013500000000e-01 5.547738693467e-05 1.991000000000e-01 5.547738693467e-05 1.903001344874e-01
5.778894472362e-05 3.109992467885e-01 5.778894472362e-05 3.013500000000e-01 5.778894472362e-05 1.991000000000e-01 5.778894472362e-05 1.903001614503e-01
6.010050251256e-05 3.109991128769e-01 6.010050251256e-05 3.013500000000e-01 6.010050251256e-05 1.991000000000e-01 6.010050251256e-05 1.903001938189e-01
6.241206030151e-05 3.109989551580e-01 6.241206030151e-05 3.013500000000e-01 6.241206030151e-05 1.991000000000e-01 6.241206030151e-05 1.903002326769e-01
6.472361809045e-05 3.109987693992e-01 6.472361809045e-05 3.013500000000e-01 6.472361809045e-05 1.991000000000e-01 6.472361809045e-05 1.903002793253e-01
6.703517587940e-05 3.109985506159e-01 6.703517587940e-05 3.013500000000e-01 6.703517587940e-05 1.991000000000e-01 6.703517587940e-05 1.903003353261e-01
6.934673366834e-05 3.109982929371e-01 6.934673366834e-05 3.013500000000e-01 6.934673366834e-05 1.991000000000e-01 6.934673366834e-05 1.903004025542e-01
7.165829145729e-05 3.109979894484e-01 7.165829145729e-05 3.013500000000e-01 7.165829145729e-05 1.991000000000e-01 7.165829145729e-05 1.903004832604e-01
7.396984924623e-05 3.109976320063e-01 7.396984924623e-05 3.013500000000e-01 7.396984924623e-05 1.991000000000e-01 7.396984924623e-05 1.903005801469e-01
7.628140703518e-05 3.109972110200e-01 7.628140703518e-05 3.013500000000e-01 7.628140703518e-05 1.991000000000e-01 7.628140703518e-05 1.903006964574e-01
7.859296482412e-05 3.109967151940e-01 7.859296482412e-05 3.013500000000e-01 7.859296482412e-05 1.991000000000e-01 7.859296482412e-05 1.903008360860e-01
8.090452261307e-05 3.109961312256e-01 8.090452261307e-05 3.013500000000e-01 8.090452261307e-05 1.991000000000e-01 8.090452261307e-05 1.903010037075e-01
8.321608040201e-05 3.109954434478e-01 8.321608040201e-05 3.013500000000e-01 8.321608040201e-05 1.991000000000e-01 8.321608040201e-05 1.903012049337e-01
8.552763819095e-05 3.109946334102e-01 8.552763819095e-05 3.013500000000e-01 8.552763819095e-05 1.991000000000e-01 8.552763819095e-05 1.903014465013e-01
8.783919597990e-05 3.109936793838e-01 8.783919597990e-05 3.013500000000e-01 8.783919597990e-05 1.991000000000e-01 8.783919597990e-05 1.903017364974e-01
9.015075376884e-05 3.109925557797e-01 9.015075376884e-05 3.013500000000e-01 9.015075376884e-05 1.991000000000e-01 9.015075376884e-05 1.903020846301e-01
9.246231155779e-05 3.109912324637e-01 9.246231155779e-05 3.013500000000e-01 9.246231155779e-05 1.991000000000e-01 9.246231155779e-05 1.903025025535e-01
9.477386934673e-05 3.109896739497e-01 9.477386934673e-05 3.013500000000e-01 9.477386934673e-05 1.991000000000e-01 9.477386934673e-05 1.903030042571e-01
9.708542713568e-05 3.109878384507e-01 9.708542713568e-05 3.013500000000e-01 9.708542713568e-05 1.991000000000e-01 9.708542713568e-05 1.903036065345e-01
9.939698492462e-05 3.109856767615e-01 9.939698492462e-05 3.013500000000e-01 9.939698492462e-05 1.991000000000e-01 9.939698492462e-05 1.903043295443e-01
1.017085427136e-04 3.109831309443e-01 1.017085427136e-04 3.013500000000e-01 1.017085427136e-04 1.991000000000e-01 1.017085427136e-04 1.903051974846e-01
1.040201005025e-04 3.109801327818e-01 1.040201005025e-04 3.013500000000e-01 1.040201005025e-04 1.991000000000e-01 1.040201005025e-04 1.903062394016e-01
1.063316582915e-04 3.109766019581e-01 1.063316582915e-04 3.013500000000e-01 1.063316582915e-04 1.991000000000e-01 1.063316582915e-04 1.903074901604e-01
1.086432160804e-04 3.109724439195e-01 1.086432160804e-04 3.013500000000e-01 1.086432160804e-04 1.991000000000e-01 1.086432160804e-04 1.903089916095e-01
1.109547738693e-04 3.109675473586e-01 1.109547738693e-04 3.013500000000e-01 1.109547738693e-04 1.991000000000e-01 1.109547738693e-04 1.903107939779e-01
1.132663316583e-04 3.109617812580e-01 1.132663316583e-04 3.013500000000e-01 1.132663316583e-04 1.991000000000e-01 1.132663316583e-04 1.903129575512e-01
1.155778894472e-04 3.109549914168e-01 1.155778894472e-04 3.013500000000e-01 1.155778894472e-04 1.991000000000e-01 1.155778894472e-04 1.903155546815e-01
1.178894472362e-04 3.109469963712e-01 1.178894472362e-04 3.013500000000e-01 1.178894472362e-04 1.991000000000e-01 1.178894472362e-04 1.903186721982e-01
1.202010050251e-04 3.109375826063e-01 1.202010050251e-04 3.013500000000e-01 1.202010050251e-04 1.991000000000e-01 1.202010050251e-04 1.903224142980e-01
1.225125628141e-04 3.109264989397e-01 1.225125628141e-04 3.013500000000e-01 1.225125628141e-04 1.991000000000e-01 1.225125628141e-04 1.903269060081e-01
1.248241206030e-04 3.109134499368e-01 1.248241206030e-04 3.013500000000e-01 1.248241206030e-04 1.991000000000e-01 1.248241206030e-04 1.903322973372e-01
1.271356783920e-04 3.108980882005e-01 1.271356783920e-04 3.013500000000e-01 1.271356783920e-04 1.991000000000e-01 1.271356783920e-04 1.903387682457e-01
1.294472361809e-04 3.108800053490e-01 1.294472361809e-04 3.013500000000e-01 1.294472361809e-04 1.991000000000e-01 1.294472361809e-04 1.903465345972e-01
1.317587939698e-04 3.108587214729e-01 1.317587939698e-04 3.013500000000e-01 1.317587939698e-04 1.991000000000e-01 1.317587939698e-04 1.903558552784e-01
1.340703517588e-04 3.108336728334e-01 1.340703517588e-04 3.013500000000e-01 1.340703517588e-04 1.991000000000e-01 1.340703517588e-04 1.903670407130e-01
1.363819095477e-04 3.108041975311e-01 1.363819095477e-04 3.013500000000e-01 1.363819095477e-04 1.991000000000e-01 1.363819095477e-04 1.903804630328e-01
1.386934673367e-04 3.107695188455e-01 1.386934673367e-04 3.013500000000e-01 1.386934673367e-04 1.991000000000e-01 1.386934673367e-04 1.903965682177e-01
1.410050251256e-04 3.107287259149e-01 1.410050251256e-04 3.013500000000e-01 1.410050251256e-04 1.991000000000e-01 1.410050251256e-04 1.904158905678e-01
1.433165829146e-04 3.106807513945e-01 1.433165829146e-04 3.013500000000e-01 1.433165829146e-04 1.991000000000e-01 1.433165829146e-04 1.904390699318e-01
1.456281407035e-04 3.106243457138e-01 1.456281407035e-04 3.013500000000e-01 1.456281407035e-04 1.991000000000e-01 1.456281407035e-04 1.904668721792e-01
1.479396984925e-04 3.105580475379e-01 1.479396984925e-04 3.013500000000e-01 1.479396984925e-04 1.991000000000e-01 1.479396984925e-04 1.905002134781e-01
1.502512562814e-04 3.104801500489e-01 1.502512562814e-04 3.013500000000e-01 1.502512562814e-04 1.991000000000e-01 1.502512562814e-04 1.905401890100e-01
1.525628140704e-04 3.103886626947e-01 1.525628140704e-04 3.013500000000e-01 1.525628140704e-04 1.991000000000e-01 1.525628140704e-04 1.905881068284e-01
1.548743718593e-04 3.102812681292e-01 1.548743718593e-04 3.013500000000e-01 1.548743718593e-04 1.991000000000e-01 1.548743718593e-04 1.906455276269e-01
1.571859296482e-04 3.101552742030e-01 1.571859296482e-04 3.013500000000e-01 1.571859296482e-04 1.991000000000e-01 1.571859296482e-04 1.907143112314e-01
1.594974874372e-04 3.100075610751e-01 1.594974874372e-04 3.013500000000e-01 1.594974874372e-04 1.991000000000e-01 1.594974874372e-04 1.907966706342e-01
1.618090452261e-04 3.098345238461e-01 1.618090452261e-04 3.013500000000e-01 1.618090452261e-04 1.991000000000e-01 1.618090452261e-04 1.908952343391e-01
1.641206030151e-04 3.096320115796e-01 1.641206030151e-04 3.013500000000e-01 1.641206030151e-04 1.991000000000e-01 1.641206030151e-04 1.910131176402e-01
1.664321608040e-04 3.093952642403e-01 1.664321608040e-04 3.013500000000e-01 1.664321608040e-04 1.991000000000e-01 1.664321608040e-04 1.911540031694e-01
1.687437185930e-04 3.091188499639e-01 1.687437185930e-04 3.013500000000e-01 1.687437185930e-04 1.991000000000e-01 1.687437185930e-04 1.913222305546e-01
1.710552763819e-04 3.087966062428e-01 1.710552763819e-04 3.013500000000e-01 1.710552763819e-04 1.991000000000e-01 1.710552763819e-04 1.915228942486e-01
1.733668341709e-04 3.084215900829e-01 1.733668341709e-04 3.013500000000e-01 1.733668341709e-04 1.991000000000e-01 1.733668341709e-04 1.917619474045e-01
1.756783919598e-04 3.079860439718e-01 1.756783919598e-04 3.013500000000e-01 1.756783919598e-04 1.991000000000e-01 1.756783919598e-04 1.920463079724e-01
1.779899497487e-04 3.074813865454e-01 1.779899497487e-04 3.013500000000e-01 1.779899497487e-04 1.991000000000e-01 1.779899497487e-04 1.923839608214e-01
1.803015075377e-04 3.068982389892e-01 1.803015075377e-04 3.013500000000e-01 1.803015075377e-04 1.991000000000e-01 1.803015075377e-04 1.927840465349e-01
1.826130653266e-04 3.062265001779e-01 1.826130653266e-04 3.013500000000e-01 1.826130653266e-04 1.991000000000e-01 1.826130653266e-04 1.932569234979e-01
1.849246231156e-04 3.054554847909e-01 1.849246231156e-04 3.013500000000e-01 1.849246231156e-04 1.991000000000e-01 1.849246231156e-04 1.938141850534e-01
1.872361809045e-04 3.045741383037e-01 1.872361809045e-04 3.013500000000e-01 1.872361809045e-04 1.991000000000e-01 1.872361809045e-04 1.944686081445e-01
1.895477386935e-04 3.035713395681e-01 1.895477386935e-04 3.013500000000e-01 1.895477386935e-04 1.991000000000e-01 1.895477386935e-04 1.952340047190e-01
1.918592964824e-04 3.024362938669e-01 1.918592964824e-04 3.013500000000e-01 1.918592964824e-04 1.991000000000e-01 1.918592964824e-04 1.961249436719e-01
1.941708542714e-04 3.011590044718e-01 1.941708542714e-04 3.013500000000e-01 1.941708542714e-04 1.991000000000e-01 1.941708542714e-04 1.971563116746e-01
1.964824120603e-04 2.997307857752e-01 1.964824120603e-04 3.013500000000e-01 1.964824120603e-04 1.991000000000e-01 1.964824120603e-04 1.983426897305e-01
1.987939698492e-04 2.981447421574e-01 1.987939698492e-04 3.013500000000e-01 1.987939698492e-04 1.991000000000e-01 1.987939698492e-04 1.996975444050e-01
2.011055276382e-04 2.963960790070e-01 2.011055276382e-04 3.013500000000e-01 2.011055276382e-04 1.991000000000e-01 2.011055276382e-04 2.012322766114e-01
2.034170854271e-04 2.944820291987e-01 2.034170854271e-04 3.013500000000e-01 2.034170854271e-04 1.991000000000e-01 2.034170854271e-04 2.029552484798e-01
2.057286432161e-04 2.924010607261e-01 2.057286432161e-04 3.013500000000e-01 2.057286432161e-04 1.991000000000e-01 2.057286432161e-04 2.048710385767e-01
2.080402010050e-04 2.901508666065e-01 2.080402010050e-04 3.013500000000e-01 2.080402010050e-04 1.991000000000e-01 2.080402010050e-04 2.069803891228e-01
2.103517587940e-04 2.877244140151e-01 2.103517587940e-04 3.013500000000e-01 2.103517587940e-04 1.991000000000e-01 2.103517587940e-04 2.092816648091e-01
2.126633165829e-04 2.851030516457e-01 2.126633165829e-04 3.013500000000e-01 2.126633165829e-04 1.991000000000e-01 2.126633165829e-04 2.117752523194e-01
2.149748743719e-04 2.822454325672e-01 2.149748743719e-04 3.013500000000e-01 2.149748743719e-04 1.991000000000e-01 2.149748743719e-04 2.144733803068e-01
2.172864321608e-04 2.790711652192e-01 2.172864321608e-04 3.013500000000e-01 2.172864321608e-04 1.991000000000e-01 2.172864321608e-04 2.174195414075e-01
2.195979899497e-04 2.754397199669e-01 2.195979899497e-04 3.013500000000e-01 2.195979899497e-04 1.991000000000e-01 2.195979899497e-04 2.207238115238e-01
2.219095477387e-04 2.711306405269e-01 2.219095477387e-04 3.013500000000e-01 2.219095477387e-04 1.991000000000e-01 2.219095477387e-04 2.246201568914e-01
2.242211055276e-04 2.658442926636e-01 2.242211055276e-04 3.013500000000e-01 2.242211055276e-04 1.991000000000e-01 2.242211055276e-04 2.295378038553e-01
2.265326633166e-04 2.592629302299e-01 2.265326633166e-04 3.013500000000e-01 2.265326633166e-04 1.991000000000e-01 2.265326633166e-04 2.361207481099e-01
2.288442211055e-04 2.512169234349e-01 2.288442211055e-04 3.013500000000e-01 2.288442211055e-04 1.991000000000e-01 2.288442211055e-04 2.450053876500e-01
2.311557788945e-04 2.419291936436e-01 2.311557788945e-04 3.013500000000e-01 2.311557788945e-04 1.991000000000e-01 2.311557788945e-04 2.561594737018e-01
2.334673366834e-04 2.321438291120e-01 2.334673366834e-04 3.013500000000e-01 2.334673366834e-04 1.991000000000e-01 2.334673366834e-04 2.682253283069e-01
2.357788944724e-04 2.229002778728e-01 2.357788944724e-04 3.013500000000e-01 2.357788944724e-04 1.991000000000e-01 2.357788944724e-04 2.790698155501e-01
2.380904522613e-04 2.150470366443e-01 2.380904522613e-04 3.013500000000e-01 2.380904522613e-04 1.991000000000e-01 2.380904522613e-04 2.873229555992e-01
2.404020100503e-04 2.089210908569e-01 2.404020100503e-04 3.013500000000e-01 2.404020100503e-04 1.991000000000e-01 2.404020100503e-04 2.929594589742e-01
2.427135678392e-04 2.044028698314e-01 2.427135678392e-04 3.013500000000e-01 2.427135678392e-04 1.991000000000e-01 2.427135678392e-04 2.966524850022e-01
2.450251256281e-04 2.011578348861e-01 2.450251256281e-04 3.013500000000e-01 2.450251256281e-04 1.991000000000e-01 2.450251256281e-04 2.991011007051e-01
2.473366834171e-04 1.988327655215e-01 2.473366834171e-04 3.013500000000e-01 2.473366834171e-04 1.991000000000e-01 2.473366834171e-04 3.007961680553e-01
2.496482412060e-04 1.971425668942e-01 2.496482412060e-04 3.013500000000e-01 2.496482412060e-04 1.991000000000e-01 2.496482412060e-04 3.020332217757e-01
2.519597989950e-04 1.958841144789e-01 2.519597989950e-04 3.013500000000e-01 2.519597989950e-04 1.991000000000e-01 2.519597989950e-04 3.029799977386e-01
2.542713567839e-04 1.949213286998e-01 2.542713567839e-04 3.013500000000e-01 2.542713567839e-04 1.991000000000e-01 2.542713567839e-04 3.037310841194e-01
2.565829145729e-04 1.941653985737e-01 2.565829145729e-04 3.013500000000e-01 2.565829145729e-04 1.991000000000e-01 2.565829145729e-04 3.043414173484e-01
2.588944723618e-04 1.935585572190e-01 2.588944723618e-04 3.013500000000e-01 2.588944723618e-04 1.991000000000e-01 2.588944723618e-04 3.048447429515e-01
2.612060301508e-04 1.930627486370e-01 2.612060301508e-04 3.013500000000e-01 2.612060301508e-04 1.991000000000e-01 2.612060301508e-04 3.052633294172e-01
2.635175879397e-04 1.926522803555e-01 2.635175879397e-04 3.013500000000e-01 2.635175879397e-04 1.991000000000e-01 2.635175879397e-04 3.056129890479e-01
2.658291457286e-04 1.923092351355e-01 2.658291457286e-04 3.013500000000e-01 2.658291457286e-04 1.991000000000e-01 2.658291457286e-04 3.059056741982e-01
2.681407035176e-04 1.920206556596e-01 2.681407035176e-04 3.013500000000e-01 2.681407035176e-04 1.991000000000e-01 2.681407035176e-04 3.061508434373e-01
2.704522613065e-04 1.917768258412e-01 2.704522613065e-04 3.013500000000e-01 2.704522613065e-04 1.991000000000e-01 2.704522613065e-04 3.063562080710e-01
2.727638190955e-04 1.915702169534e-01 2.727638190955e-04 3.013500000000e-01 2.727638190955e-04 1.991000000000e-01 2.727638190955e-04 3.065281658046e-01
2.750753768844e-04 1.913948330015e-01 2.750753768844e-04 3.013500000000e-01 2.750753768844e-04 1.991000000000e-01 2.750753768844e-04 3.066720741546e-01
2.773869346734e-04 1.912457953218e-01 2.773869346734e-04 3.013500000000e-01 2.773869346734e-04 1.991000000000e-01 2.773869346734e-04 3.067924390530e-01
2.796984924623e-04 1.911190710831e-01 2.796984924623e-04 3.013500000000e-01 2.796984924623e-04 1.991000000000e-01 2.796984924623e-04 3.068930558817e-01
2.820100502513e-04 1.910112892359e-01 2.820100502513e-04 3.013500000000e-01 2.820100502513e-04 1.991000000000e-01 2.820100502513e-04 3.069771214450e-01
2.843216080402e-04 1.909196105204e-01 2.843216080402e-04 3.013500000000e-01 2.843216080402e-04 1.991000000000e-01 2.843216080402e-04 3.070473262934e-01
2.866331658291e-04 1.908416317433e-01 2.866331658291e-04 3.013500000000e-01 2.866331658291e-04 1.991000000000e-01 2.866331658291e-04 3.071059324343e-01
2.889447236181e-04 1.907753125145e-01 2.889447236181e-04 3.013500000000e-01 2.889447236181e-04 1.991000000000e-01 2.889447236181e-04 3.071548393716e-01
2.912562814070e-04 1.907189173060e-01 2.912562814070e-04 3.013500000000e-01 2.912562814070e-04 1.991000000000e-01 2.912562814070e-04 3.071956404049e-01
2.935678391960e-04 1.906709684376e-01 2.935678391960e-04 3.013500000000e-01 2.935678391960e-04 1.991000000000e-01 2.935678391960e-04 3.072296706169e-01
2.958793969849e-04 1.906302072019e-01 2.958793969849e-04 3.013500000000e-01 2.958793969849e-04 1.991000000000e-01 2.958793969849e-04 3.072580477037e-01
2.981909547739e-04 1.905955612962e-01 2.981909547739e-04 3.013500000000e-01 2.981909547739e-04 1.991000000000e-01 2.981909547739e-04 3.072817066321e-01
3.005025125628e-04 1.905661173028e-01 3.005025125628e-04 3.013500000000e-01 3.005025125628e-04 1.991000000000e-01 3.005025125628e-04 3.073014289847e-01
3.028140703518e-04 1.905410973081e-01 3.028140703518e-04 3.013500000000e-01 3.028140703518e-04 1.991000000000e-01 3.028140703518e-04 3.073178677480e-01
3.051256281407e-04 1.905198389769e-01 3.051256281407e-04 3.013500000000e-01 3.051256281407e-04 1.991000000000e-01 3.051256281407e-04 3.073315682057e-01
3.074371859296e-04 1.905017785420e-01 3.074371859296e-04 3.013500000000e-01 3.074371859296e-04 1.991000000000e-01 3.074371859296e-04 3.073429855173e-01
3.097487437186e-04 1.904864362719e-01 3.097487437186e-04 3.013500000000e-01 3.097487437186e-04 1.991000000000e-01 3.097487437186e-04 3.073524994841e-01
3.120603015075e-04 1.904734040554e-01 3.120603015075e-04 3.013500000000e-01 3.120603015075e-04 1.991000000000e-01 3.120603015075e-04 3.073604269347e-01
3.143718592965e-04 1.904623347958e-01 3.143718592965e-04 3.013500000000e-01 3.143718592965e-04 1.991000000000e-01 3.143718592965e-04 3.073670321030e-01
3.166834170854e-04 1.904529333561e-01 3.166834170854e-04 3.013500000000e-01 3.166834170854e-04 1.991000000000e-01 3.166834170854e-04 3.073725353152e-01
3.189949748744e-04 1.904449488310e-01 3.189949748744e-04 3.013500000000e-01 3.189949748744e-04 1.991000000000e-01 3.189949748744e-04 3.073771202551e-01
3.213065326633e-04 1.904381679559e-01 3.213065326633e-04 3.013500000000e-01 3.213065326633e-04 1.991000000000e-01 3.213065326633e-04 3.073809400367e-01
3.236180904523e-04 1.904324094884e-01 3.236180904523e-04 3.013500000000e-01 3.236180904523e-04 1.991000000000e-01 3.236180904523e-04 3.073841222774e-01
3.259296482412e-04 1.904275194209e-01 3.259296482412e-04 3.013500000000e-01 3.259296482412e-04 1.991000000000e-01 3.259296482412e-04 3.073867733330e-01
3.282412060302e-04 1.904233669032e-01 3.282412060302e-04 3.013500000000e-01 3.282412060302e-04 1.991000000000e-01 3.282412060302e-04 3.073889818331e-01
3.305527638191e-04 1.904198407718e-01 3.305527638191e-04 3.013500000000e-01 3.305527638191e-04 1.991000000000e-01 3.305527638191e-04 3.073908216305e-01
3.328643216080e-04 1.904168465962e-01 3.328643216080e-04 3.013500000000e-01 3.328643216080e-04 1.991000000000e-01 3.328643216080e-04 3.073923542614e-01
3.351758793970e-04 1.904143041659e-01 3.351758793970e-04 3.013500000000e-01 3.351758793970e-04 1.991000000000e-01 3.351758793970e-04 3.073936309969e-01
3.374874371859e-04 1.904121453536e-01 3.374874371859e-04 3.013500000000e-01 3.374874371859e-04 1.991000000000e-01 3.374874371859e-04 3.073946945541e-01
3.397989949749e-04 1.904103122979e-01 3.397989949749e-04 3.013500000000e-01 3.397989949749e-04 1.991000000000e-01 3.397989949749e-04 3.073955805217e-01
3.421105527638e-04 1.904087558589e-01 3.421105527638e-04 3.013500000000e-01 3.421105527638e-04 1.991000000000e-01 3.421105527638e-04 3.073963185490e-01
3.444221105528e-04 1.904074343049e-01 3.444221105528e-04 3.013500000000e-01 3.444221105528e-04 1.991000000000e-01 3.444221105528e-04 3.073969333365e-01
3.467336683417e-04 1.904063121972e-01 3.467336683417e-04 3.013500000000e-01 3.467336683417e-04 1.991000000000e-01 3.467336683417e-04 3.073974454614e-01
3.490452261307e-04 1.904053594413e-01 3.490452261307e-04 3.013500000000e-01 3.490452261307e-04 1.991000000000e-01 3.490452261307e-04 3.073978720659e-01
3.513567839196e-04 1.904045504826e-01 3.513567839196e-04 3.013500000000e-01 3.513567839196e-04 1.991000000000e-01 3.513567839196e-04 3.073982274302e-01
3.536683417085e-04 1.904038636209e-01 3.536683417085e-04 3.013500000000e-01 3.536683417085e-04 1.991000000000e-01 3.536683417085e-04 3.073985234503e-01
3.559798994975e-04 1.904032804303e-01 3.559798994975e-04 3.013500000000e-01 3.559798994975e-04 1.991000000000e-01 3.559798994975e-04 3.073987700359e-01
3.582914572864e-04 1.904027852648e-01 3.582914572864e-04 3.013500000000e-01 3.582914572864e-04 1.991000000000e-01 3.582914572864e-04 3.073989754421e-01
3.606030150754e-04 1.904023648393e-01 3.606030150754e-04 3.013500000000e-01 3.606030150754e-04 1.991000000000e-01 3.606030150754e-04 3.073991465456e-01
3.629145728643e-04 1.904020078733e-01 3.629145728643e-04 3.013500000000e-01 3.629145728643e-04 1.991000000000e-01 3.629145728643e-04 3.073992890748e-01
3.652261306533e-04 1.904017047889e-01 3.652261306533e-04 3.013500000000e-01 3.652261306533e-04 1.991000000000e-01 3.652261306533e-04 3.073994078014e-01
3.675376884422e-04 1.904014474533e-01 3.675376884422e-04 3.013500000000e-01 3.675376884422e-04 1.991000000000e-01 3.675376884422e-04 3.073995067006e-01
3.698492462312e-04 1.904012289614e-01 3.698492462312e-04 3.013500000000e-01 3.698492462312e-04 1.991000000000e-01 3.698492462312e-04 3.073995890833e-01
3.721608040201e-04 1.904010434501e-01 3.721608040201e-04 3.013500000000e-01 3.721608040201e-04 1.991000000000e-01 3.721608040201e-04 3.073996577079e-01
3.744723618090e-04 1.904008859413e-01 3.744723618090e-04 3.013500000000e-01 3.744723618090e-04 1.991000000000e-01 3.744723618090e-04 3.073997148721e-01
3.767839195980e-04 1.904007522081e-01 3.767839195980e-04 3.013500000000e-01 3.767839195980e-04 1.991000000000e-01 3.767839195980e-04 3.073997624896e-01
3.790954773869e-04 1.904006386618e-01 3.790954773869e-04 3.013500000000e-01 3.790954773869e-04 1.991000000000e-01 3.790954773869e-04 3.073998021548e-01
3.814070351759e-04 1.904005422552e-01 3.814070351759e-04 3.013500000000e-01 3.814070351759e-04 1.991000000000e-01 3.814070351759e-04 3.073998351958e-01
3.837185929648e-04 1.904004604012e-01 3.837185929648e-04 3.013500000000e-01 3.837185929648e-04 1.991000000000e-01 3.837185929648e-04 3.073998627188e-01
3.860301507538e-04 1.904003909030e-01 3.860301507538e-04 3.013500000000e-01 3.860301507538e-04 1.991000000000e-01 3.860301507538e-04 3.073998856454e-01
3.883417085427e-04 1.904003318957e-01 3.883417085427e-04 3.013500000000e-01 3.883417085427e-04 1.991000000000e-01 3.883417085427e-04 3.073999047431e-01
3.906532663317e-04 1.904002817955e-01 3.906532663317e-04 3.013500000000e-01 3.906532663317e-04 1.991000000000e-01 3.906532663317e-04 3.073999206514e-01
3.929648241206e-04 1.904002392580e-01 3.929648241206e-04 3.013500000000e-01 3.929648241206e-04 1.991000000000e-01 3.929648241206e-04 3.073999339030e-01
3.952763819095e-04 1.904002031416e-01 3.952763819095e-04 3.013500000000e-01 3.952763819095e-04 1.991000000000e-01 3.952763819095e-04 3.073999449415e-01
3.975879396985e-04 1.904001724770e-01 3.975879396985e-04 3.013500000000e-01 3.975879396985e-04 1.991000000000e-01 3.975879396985e-04 3.073999541365e-01
3.998994974874e-04 1.904001464413e-01 3.998994974874e-04 3.013500000000e-01 3.998994974874e-04 1.991000000000e-01 3.998994974874e-04 3.073999617959e-01
4.022110552764e-04 1.904001243357e-01 4.022110552764e-04 3.013500000000e-01 4.022110552764e-04 1.991000000000e-01 4.022110552764e-04 3.073999681762e-01
4.045226130653e-04 1.904001055670e-01 4.045226130653e-04 3.013500000000e-01 4.045226130653e-04 1.991000000000e-01 4.045226130653e-04 3.073999734909e-01
4.068341708543e-04 1.904000896314e-01 4.068341708543e-04 3.013500000000e-01 4.068341708543e-04 1.991000000000e-01 4.068341708543e-04 3.073999779181e-01
4.091457286432e-04 1.904000761014e-01 4.091457286432e-04 3.013500000000e-01 4.091457286432e-04 1.991000000000e-01 4.091457286432e-04 3.073999816058e-01
4.114572864322e-04 1.904000646137e-01 4.114572864322e-04 3.013500000000e-01 4.114572864322e-04 1.991000000000e-01 4.114572864322e-04 3.073999846778e-01
4.137688442211e-04 1.904000548601e-01 4.137688442211e-04 3.013500000000e-01 4.137688442211e-04 1.991000000000e-01 4.137688442211e-04 3.073999872366e-01
4.160804020101e-04 1.904000465789e-01 4.160804020101e-04 3.013500000000e-01 4.160804020101e-04 1.991000000000e-01 4.160804020101e-04 3.073999893682e-01
4.183919597990e-04 1.904000395477e-01 4.183919597990e-04 3.013500000000e-01 4.183919597990e-04 1.991000000000e-01 4.183919597990e-04 3.073999911437e-01
4.207035175879e-04 1.904000335779e-01 4.207035175879e-04 3.013500000000e-01 4.207035175879e-04 1.991000000000e-01 4.207035175879e-04 3.073999926228e-01
4.230150753769e-04 1.904000285092e-01 4.230150753769e-04 3.013500000000e-01 4.230150753769e-04 1.991000000000e-01 4.230150753769e-04 3.073999938548e-01
4.253266331658e-04 1.904000242057e-01 4.253266331658e-04 3.013500000000e-01 4.253266331658e-04 1.991000000000e-01 4.253266331658e-04 3.073999948811e-01
4.276381909548e-04 1.904000205518e-01 4.276381909548e-04 3.013500000000e-01 4.276381909548e-04 1.991000000000e-01 4.276381909548e-04 3.073999957360e-01
4.299497487437e-04 1.904000174495e-01 4.299497487437e-04 3.013500000000e-01 4.299497487437e-04 1.991000000000e-01 4.299497487437e-04 3.073999964481e-01
4.322613065327e-04 1.904000148154e-01 4.322613065327e-04 3.013500000000e-01 4.322613065327e-04 1.991000000000e-01 4.322613065327e-04 3.073999970413e-01
4.345728643216e-04 1.904000125790e-01 4.345728643216e-04 3.013500000000e-01 4.345728643216e-04 1.991000000000e-01 4.345728643216e-04 3.073999975354e-01
4.368844221106e-04 1.904000106802e-01 4.368844221106e-04 3.013500000000e-01 4.368844221106e-04 1.991000000000e-01 4.368844221106e-04 3.073999979470e-01
4.391959798995e-04 1.904000090680e-01 4.391959798995e-04 3.013500000000e-01 4.391959798995e-04 1.991000000000e-01 4.391959798995e-04 3.073999982899e-01
4.415075376884e-04 1.904000076991e-01 4.415075376884e-04 3.013500000000e-01 4.415075376884e-04 1.991000000000e-01 4.415075376884e-04 3.073999985755e-01
4.438190954774e-04 1.904000065369e-01 4.438190954774e-04 3.013500000000e-01 4.438190954774e-04 1.991000000000e-01 4.438190954774e-04 3.073999988134e-01
4.461306532663e-04 1.904000055502e-01 4.461306532663e-04 3.013500000000e-01 4.461306532663e-04 1.991000000000e-01 4.461306532663e-04 3.073999990115e-01
4.484422110553e-04 1.904000047124e-01 4.484422110553e-04 3.013500000000e-01 4.484422110553e-04 1.991000000000e-01 4.484422110553e-04 3.073999991766e-01
4.507537688442e-04 1.904000040010e-01 4.507537688442e-04 3.013500000000e-01 4.507537688442e-04 1.991000000000e-01 4.507537688442e-04 3.073999993141e-01
4.530653266332e-04 1.904000033971e-01 4.530653266332e-04 3.013500000000e-01 4.530653266332e-04 1.991000000000e-01 4.530653266332e-04 3.073999994287e-01
4.553768844221e-04 1.904000028843e-01 4.553768844221e-04 3.013500000000e-01 4.553768844221e-04 1.991000000000e-01 4.553768844221e-04 3.073999995241e-01
4.576884422111e-04 1.904000024489e-01 4.576884422111e-04 3.013500000000e-01 4.576884422111e-04 1.991000000000e-01 4.576884422111e-04 3.073999996036e-01
4.600000000000e-04 1.904000020792e-01 4.600000000000e-04 3.013500000000e-01 4.600000000000e-04 1.991000000000e-01 4.600000000000e-04 3.073999996698e-01
