0.000000000000e+00 2.450257584417e-01 0.000000000000e+00 2.417960434324e-01 0.000000000000e+00 1.798091385999e-01 0.000000000000e+00 3.359270054322e-01
2.271356783920e-06 2.450275450618e-01 2.271356783920e-06 2.417956856888e-01 2.271356783920e-06 1.798150486611e-01 2.271356783920e-06 3.357612295230e-01
4.542713567839e-06 2.450294552295e-01 4.542713567839e-06 2.417952950167e-01 4.542713567839e-06 1.798212829674e-01 4.542713567839e-06 3.355939487878e-01
6.814070351759e-06 2.450314974347e-01 6.814070351759e-06 2.417948682977e-01 6.814070351759e-06 1.798278598329e-01 6.814070351759e-06 3.354252415551e-01
9.085427135678e-06 2.450336807430e-01 9.085427135678e-06 2.417944021057e-01 9.085427135678e-06 1.798347986707e-01 9.085427135678e-06 3.352551910969e-01
1.135678391960e-05 2.450360148337e-01 1.135678391960e-05 2.417938926737e-01 1.135678391960e-05 1.798421200663e-01 1.135678391960e-05 3.350838856967e-01
1.362814070352e-05 2.450385100402e-01 1.362814070352e-05 2.417933358586e-01 1.362814070352e-05 1.798498458573e-01 1.362814070352e-05 3.349114187066e-01
1.589949748744e-05 2.450411773924e-01 1.589949748744e-05 2.417927271009e-01 1.589949748744e-05 1.798579992189e-01 1.589949748744e-05 3.347378885934e-01
1.817085427136e-05 2.450440286623e-01 1.817085427136e-05 2.417920613802e-01 1.817085427136e-05 1.798666047565e-01 1.817085427136e-05 3.345633989735e-01
2.044221105528e-05 2.450470764118e-01 2.044221105528e-05 2.417913331653e-01 2.044221105528e-05 1.798756886061e-01 2.044221105528e-05 3.343880586353e-01
2.271356783920e-05 2.450503340441e-01 2.271356783920e-05 2.417905363590e-01 2.271356783920e-05 1.798852785428e-01 2.271356783920e-05 3.342119815477e-01
2.498492462312e-05 2.450538158567e-01 2.498492462312e-05 2.417896642359e-01 2.498492462312e-05 1.798954040986e-01 2.498492462312e-05 3.340352868556e-01
2.725628140704e-05 2.450575370994e-01 2.725628140704e-05 2.417887093729e-01 2.725628140704e-05 1.799060966896e-01 2.725628140704e-05 3.338580988596e-01
2.952763819095e-05 2.450615140332e-01 2.952763819095e-05 2.417876635721e-01 2.952763819095e-05 1.799173897554e-01 2.952763819095e-05 3.336805469812e-01
3.179899497487e-05 2.450657639952e-01 3.179899497487e-05 2.417865177732e-01 3.179899497487e-05 1.799293189096e-01 3.179899497487e-05 3.335027657111e-01
3.407035175879e-05 2.450703054642e-01 3.407035175879e-05 2.417852619567e-01 3.407035175879e-05 1.799419221038e-01 3.407035175879e-05 3.333248945409e-01
3.634170854271e-05 2.450751581324e-01 3.634170854271e-05 2.417838850344e-01 3.634170854271e-05 1.799552398073e-01 3.634170854271e-05 3.331470778782e-01
3.861306532663e-05 2.450803429787e-01 3.861306532663e-05 2.417823747263e-01 3.861306532663e-05 1.799693152016e-01 3.861306532663e-05 3.329694649425e-01
4.088442211055e-05 2.450858823471e-01 4.088442211055e-05 2.417807174230e-01 4.088442211055e-05 1.799841943939e-01 4.088442211055e-05 3.327922096439e-01
4.315577889447e-05 2.450918000286e-01 4.315577889447e-05 2.417788980306e-01 4.315577889447e-05 1.799999266502e-01 4.315577889447e-05 3.326154704430e-01
4.542713567839e-05 2.450981213463e-01 4.542713567839e-05 2.417768997955e-01 4.542713567839e-05 1.800165646499e-01 4.542713567839e-05 3.324394101913e-01
4.769849246231e-05 2.451048732456e-01 4.769849246231e-05 2.417747041081e-01 4.769849246231e-05 1.800341647654e-01 4.769849246231e-05 3.322641959536e-01
4.996984924623e-05 2.451120843872e-01 4.996984924623e-05 2.417722902808e-01 4.996984924623e-05 1.800527873679e-01 4.996984924623e-05 3.320899988098e-01
5.224120603015e-05 2.451197852445e-01 5.224120603015e-05 2.417696352973e-01 5.224120603015e-05 1.800724971632e-01 5.224120603015e-05 3.319169936392e-01
5.451256281407e-05 2.451280082051e-01 5.451256281407e-05 2.417667135301e-01 5.451256281407e-05 1.800933635602e-01 5.451256281407e-05 3.317453588849e-01
5.678391959799e-05 2.451367876751e-01 5.678391959799e-05 2.417634964207e-01 5.678391959799e-05 1.801154610765e-01 5.678391959799e-05 3.315752762997e-01
5.905527638191e-05 2.451461601874e-01 5.905527638191e-05 2.417599521185e-01 5.905527638191e-05 1.801388697837e-01 5.905527638191e-05 3.314069306746e-01
6.132663316583e-05 2.451561645137e-01 6.132663316583e-05 2.417560450711e-01 6.132663316583e-05 1.801636757979e-01 6.132663316583e-05 3.312405095489e-01
6.359798994975e-05 2.451668417785e-01 6.359798994975e-05 2.417517355619e-01 6.359798994975e-05 1.801899718199e-01 6.359798994975e-05 3.310762029042e-01
6.586934673367e-05 2.451782355760e-01 6.586934673367e-05 2.417469791844e-01 6.586934673367e-05 1.802178577309e-01 6.586934673367e-05 3.309142028422e-01
6.814070351759e-05 2.451903920892e-01 6.814070351759e-05 2.417417262471e-01 6.814070351759e-05 1.802474412483e-01 6.814070351759e-05 3.307547032485e-01
7.041206030151e-05 2.452033602104e-01 7.041206030151e-05 2.417359210980e-01 7.041206030151e-05 1.802788386510e-01 7.041206030151e-05 3.305978994421e-01
7.268341708543e-05 2.452171916616e-01 7.268341708543e-05 2.417295013576e-01 7.268341708543e-05 1.803121755780e-01 7.268341708543e-05 3.304439878137e-01
7.495477386935e-05 2.452319411159e-01 7.495477386935e-05 2.417223970481e-01 7.495477386935e-05 1.803475879120e-01 7.495477386935e-05 3.302931654534e-01
7.722613065327e-05 2.452476663164e-01 7.722613065327e-05 2.417145296028e-01 7.722613065327e-05 1.803852227540e-01 7.722613065327e-05 3.301456297704e-01
7.949748743719e-05 2.452644281935e-01 7.949748743719e-05 2.417058107411e-01 7.949748743719e-05 1.804252395009e-01 7.949748743719e-05 3.300015781062e-01
8.176884422111e-05 2.452822909775e-01 8.176884422111e-05 2.416961411882e-01 8.176884422111e-05 1.804678110356e-01 8.176884422111e-05 3.298612073433e-01
8.404020100503e-05 2.453013223064e-01 8.404020100503e-05 2.416854092179e-01 8.404020100503e-05 1.805131250419e-01 8.404020100503e-05 3.297247135132e-01
8.631155778894e-05 2.453215933257e-01 8.631155778894e-05 2.416734889955e-01 8.631155778894e-05 1.805613854578e-01 8.631155778894e-05 3.295922914051e-01
8.858291457286e-05 2.453431787788e-01 8.858291457286e-05 2.416602386899e-01 8.858291457286e-05 1.806128140792e-01 8.858291457286e-05 3.294641341783e-01
9.085427135678e-05 2.453661570860e-01 9.085427135678e-05 2.416454983248e-01 9.085427135678e-05 1.806676523320e-01 9.085427135678e-05 3.293404329822e-01
9.312562814070e-05 2.453906104076e-01 9.312562814070e-05 2.416290873322e-01 9.312562814070e-05 1.807261632267e-01 9.312562814070e-05 3.292213765864e-01
9.539698492462e-05 2.454166246907e-01 9.539698492462e-05 2.416108017654e-01 9.539698492462e-05 1.807886335134e-01 9.539698492462e-05 3.291071510247e-01
9.766834170854e-05 2.454442896946e-01 9.766834170854e-05 2.415904111276e-01 9.766834170854e-05 1.808553760564e-01 9.766834170854e-05 3.289979392570e-01
9.993969849246e-05 2.454736989910e-01 9.993969849246e-05 2.415676547598e-01 9.993969849246e-05 1.809267324465e-01 9.993969849246e-05 3.288939208523e-01
1.022110552764e-04 2.455049499362e-01 1.022110552764e-04 2.415422377320e-01 1.022110552764e-04 1.810030758721e-01 1.022110552764e-04 3.287952716978e-01
1.044824120603e-04 2.455381436106e-01 1.044824120603e-04 2.415138261688e-01 1.044824120603e-04 1.810848142683e-01 1.044824120603e-04 3.287021637379e-01
1.067537688442e-04 2.455733847196e-01 1.067537688442e-04 2.414820419366e-01 1.067537688442e-04 1.811723937639e-01 1.067537688442e-04 3.286147647475e-01
1.090251256281e-04 2.456107814523e-01 1.090251256281e-04 2.414464566089e-01 1.090251256281e-04 1.812663024469e-01 1.090251256281e-04 3.285332381453e-01
1.112964824121e-04 2.456504452929e-01 1.112964824121e-04 2.414065846197e-01 1.112964824121e-04 1.813670744640e-01 1.112964824121e-04 3.284577428504e-01
1.135678391960e-04 2.456924907773e-01 1.135678391960e-04 2.413618755057e-01 1.135678391960e-04 1.814752944703e-01 1.135678391960e-04 3.283884331897e-01
1.158391959799e-04 2.457370351916e-01 1.158391959799e-04 2.413117051292e-01 1.158391959799e-04 1.815916024381e-01 1.158391959799e-04 3.283254588589e-01
1.181105527638e-04 2.457841982050e-01 1.181105527638e-04 2.412553657678e-01 1.181105527638e-04 1.817166988301e-01 1.181105527638e-04 3.282689649449e-01
1.203819095477e-04 2.458341014320e-01 1.203819095477e-04 2.411920549500e-01 1.203819095477e-04 1.818513501316e-01 1.203819095477e-04 3.282190920139e-01
1.226532663317e-04 2.458868679182e-01 1.226532663317e-04 2.411208629150e-01 1.226532663317e-04 1.819963947268e-01 1.226532663317e-04 3.281759762722e-01
1.249246231156e-04 2.459426215434e-01 1.249246231156e-04 2.410407585729e-01 1.249246231156e-04 1.821527490858e-01 1.249246231156e-04 3.281397498053e-01
1.271959798995e-04 2.460014863389e-01 1.271959798995e-04 2.409505738542e-01 1.271959798995e-04 1.823214142150e-01 1.271959798995e-04 3.281105409023e-01
1.294673366834e-04 2.460635857119e-01 1.294673366834e-04 2.408489863477e-01 1.294673366834e-04 1.825034822924e-01 1.294673366834e-04 3.280884744720e-01
1.317386934673e-04 2.461290415765e-01 1.317386934673e-04 2.407345001596e-01 1.317386934673e-04 1.827001433832e-01 1.317386934673e-04 3.280736725569e-01
1.340100502513e-04 2.461979733865e-01 1.340100502513e-04 2.406054249673e-01 1.340100502513e-04 1.829126920908e-01 1.340100502513e-04 3.280662549537e-01
1.362814070352e-04 2.462704970707e-01 1.362814070352e-04 2.404598533096e-01 1.362814070352e-04 1.831425339520e-01 1.362814070352e-04 3.280663399460e-01
1.385527638191e-04 2.463467238708e-01 1.385527638191e-04 2.402956362480e-01 1.385527638191e-04 1.833911913300e-01 1.385527638191e-04 3.280740451574e-01
1.408241206030e-04 2.464267590848e-01 1.408241206030e-04 2.401103576643e-01 1.408241206030e-04 1.836603084954e-01 1.408241206030e-04 3.280894885315e-01
1.430954773869e-04 2.465107007212e-01 1.430954773869e-04 2.399013076347e-01 1.430954773869e-04 1.839516555062e-01 1.430954773869e-04 3.281127894474e-01
1.453668341709e-04 2.465986380724e-01 1.453668341709e-04 2.396654555497e-01 1.453668341709e-04 1.842671304189e-01 1.453668341709e-04 3.281440699765e-01
1.476381909548e-04 2.466906502164e-01 1.476381909548e-04 2.393994239457e-01 1.476381909548e-04 1.846087592657e-01 1.476381909548e-04 3.281834562889e-01
1.499095477387e-04 2.467868044632e-01 1.499095477387e-04 2.390994643845e-01 1.499095477387e-04 1.849786931382e-01 1.499095477387e-04 3.282310802142e-01
1.521809045226e-04 2.468871547610e-01 1.521809045226e-04 2.387614371699e-01 1.521809045226e-04 1.853792016172e-01 1.521809045226e-04 3.282870809646e-01
1.544522613065e-04 2.469917400845e-01 1.544522613065e-04 2.383807972288e-01 1.544522613065e-04 1.858126617008e-01 1.544522613065e-04 3.283516070227e-01
1.567236180905e-04 2.471005828281e-01 1.567236180905e-04 2.379525891016e-01 1.567236180905e-04 1.862815413023e-01 1.567236180905e-04 3.284248181995e-01
1.589949748744e-04 2.472136872332e-01 1.589949748744e-04 2.374714546568e-01 1.589949748744e-04 1.867883763490e-01 1.589949748744e-04 3.285068878620e-01
1.612663316583e-04 2.473310378787e-01 1.612663316583e-04 2.369316578289e-01 1.612663316583e-04 1.873357405122e-01 1.612663316583e-04 3.285980053310e-01
1.635376884422e-04 2.474525982680e-01 1.635376884422e-04 2.363271313001e-01 1.635376884422e-04 1.879262066659e-01 1.635376884422e-04 3.286983784425e-01
1.658090452261e-04 2.475783095489e-01 1.658090452261e-04 2.356515504970e-01 1.658090452261e-04 1.885622993307e-01 1.658090452261e-04 3.288082362659e-01
1.680804020101e-04 2.477080894010e-01 1.680804020101e-04 2.348984403944e-01 1.680804020101e-04 1.892464376276e-01 1.680804020101e-04 3.289278319626e-01
1.703517587940e-04 2.478418311281e-01 1.703517587940e-04 2.340613202110e-01 1.703517587940e-04 1.899808686700e-01 1.703517587940e-04 3.290574457642e-01
1.726231155779e-04 2.479794029924e-01 1.726231155779e-04 2.331338899187e-01 1.726231155779e-04 1.907675918784e-01 1.726231155779e-04 3.291973880405e-01
1.748944723618e-04 2.481206478216e-01 1.748944723618e-04 2.321102603166e-01 1.748944723618e-04 1.916082754035e-01 1.748944723618e-04 3.293480024146e-01
1.771658291457e-04 2.482653829225e-01 1.771658291457e-04 2.309852250448e-01 1.771658291457e-04 1.925041666967e-01 1.771658291457e-04 3.295096688721e-01
1.794371859296e-04 2.484134003245e-01 1.794371859296e-04 2.297545682478e-01 1.794371859296e-04 1.934560002086e-01 1.794371859296e-04 3.296828067931e-01
1.817085427136e-04 2.485644673738e-01 1.817085427136e-04 2.284153957391e-01 1.817085427136e-04 1.944639061870e-01 1.817085427136e-04 3.298678778161e-01
1.839798994975e-04 2.487183276916e-01 1.839798994975e-04 2.269664709028e-01 1.839798994975e-04 1.955273254682e-01 1.839798994975e-04 3.300653884220e-01
1.862512562814e-04 2.488747024987e-01 1.862512562814e-04 2.254085299647e-01 1.862512562814e-04 1.966449358953e-01 1.862512562814e-04 3.302758920949e-01
1.885226130653e-04 2.490332923042e-01 1.885226130653e-04 2.237445458549e-01 1.885226130653e-04 1.978145964142e-01 1.885226130653e-04 3.304999908905e-01
1.907939698492e-04 2.491937789430e-01 1.907939698492e-04 2.219799070783e-01 1.907939698492e-04 1.990333148473e-01 1.907939698492e-04 3.307383361992e-01
1.930653266332e-04 2.493558279383e-01 1.930653266332e-04 2.201224792657e-01 1.930653266332e-04 2.002972447116e-01 1.930653266332e-04 3.309916284560e-01
1.953366834171e-04 2.495190911563e-01 1.953366834171e-04 2.181825234442e-01 1.953366834171e-04 2.016017151790e-01 1.953366834171e-04 3.312606154984e-01
1.976080402010e-04 2.496832097115e-01 1.976080402010e-04 2.161724567999e-01 1.976080402010e-04 2.029412963793e-01 1.976080402010e-04 3.315460892279e-01
1.998793969849e-04 2.498478170715e-01 1.998793969849e-04 2.141064579073e-01 1.998793969849e-04 2.043098998439e-01 1.998793969849e-04 3.318488801751e-01
2.021507537688e-04 2.500125423074e-01 2.021507537688e-04 2.119999369215e-01 2.021507537688e-04 2.057009111946e-01 2.021507537688e-04 3.321698495168e-01
2.044221105528e-04 2.501770134269e-01 2.044221105528e-04 2.098689089700e-01 2.044221105528e-04 2.071073494849e-01 2.044221105528e-04 3.325098780460e-01
2.066934673367e-04 2.503408607286e-01 2.066934673367e-04 2.077293225673e-01 2.066934673367e-04 2.085220452328e-01 2.066934673367e-04 3.328698515490e-01
2.089648241206e-04 2.505037201115e-01 2.089648241206e-04 2.055964014891e-01 2.089648241206e-04 2.099378274582e-01 2.089648241206e-04 3.332506420188e-01
2.112361809045e-04 2.506652362796e-01 2.112361809045e-04 2.034840567626e-01 2.112361809045e-04 2.113477091970e-01 2.112361809045e-04 3.336530841248e-01
2.135075376884e-04 2.508250657789e-01 2.135075376884e-04 2.014044156236e-01 2.135075376884e-04 2.127450611219e-01 2.135075376884e-04 3.340779463844e-01
2.157788944724e-04 2.509828798173e-01 2.157788944724e-04 1.993674985124e-01 2.157788944724e-04 2.141237640432e-01 2.157788944724e-04 3.345258965494e-01
2.180502512563e-04 2.511383668156e-01 2.180502512563e-04 1.973810565756e-01 2.180502512563e-04 2.154783330194e-01 2.180502512563e-04 3.349974608475e-01
2.203216080402e-04 2.512912346551e-01 2.203216080402e-04 1.954505640896e-01 2.203216080402e-04 2.168040083168e-01 2.203216080402e-04 3.354929769183e-01
2.225929648241e-04 2.514412125890e-01 2.225929648241e-04 1.935793454902e-01 2.225929648241e-04 2.180968111833e-01 2.225929648241e-04 3.360125405719e-01
2.248643216080e-04 2.515880527987e-01 2.248643216080e-04 1.917688069697e-01 2.248643216080e-04 2.193535650370e-01 2.248643216080e-04 3.365559468881e-01
2.271356783920e-04 2.517315315848e-01 2.271356783920e-04 1.900187382887e-01 2.271356783920e-04 2.205718849227e-01 2.271356783920e-04 3.371226266774e-01
2.294070351759e-04 2.518714501904e-01 2.294070351759e-04 1.883276509378e-01 2.294070351759e-04 2.217501397986e-01 2.294070351759e-04 3.377115799398e-01
2.316783919598e-04 2.520076352649e-01 2.316783919598e-04 1.866931228152e-01 2.316783919598e-04 2.228873932788e-01 2.316783919598e-04 3.383213086766e-01
2.339497487437e-04 2.521399389842e-01 2.339497487437e-04 1.851121256849e-01 2.339497487437e-04 2.239833288920e-01 2.339497487437e-04 3.389497522049e-01
2.362211055276e-04 2.522682388486e-01 2.362211055276e-04 1.835813185102e-01 2.362211055276e-04 2.250381658037e-01 2.362211055276e-04 3.395942289448e-01
2.384924623116e-04 2.523924371862e-01 2.384924623116e-04 1.820972962952e-01 2.384924623116e-04 2.260525704127e-01 2.384924623116e-04 3.402513894264e-01
2.407638190955e-04 2.525124603942e-01 2.407638190955e-04 1.806567896810e-01 2.407638190955e-04 2.270275684158e-01 2.407638190955e-04 3.409171858949e-01
2.430351758794e-04 2.526282579521e-01 2.430351758794e-04 1.792568149360e-01 2.430351758794e-04 2.279644609739e-01 2.430351758794e-04 3.415868642577e-01
2.453065326633e-04 2.527398012438e-01 2.453065326633e-04 1.778947771285e-01 2.453065326633e-04 2.288647476302e-01 2.453065326633e-04 3.422549840872e-01
2.475778894472e-04 2.528470822238e-01 2.475778894472e-04 1.765685313000e-01 2.475778894472e-04 2.297300577014e-01 2.475778894472e-04 3.429154718236e-01
2.498492462312e-04 2.529501119657e-01 2.498492462312e-04 1.752764075801e-01 2.498492462312e-04 2.305620910602e-01 2.498492462312e-04 3.435617111222e-01
2.521206030151e-04 2.530489191254e-01 2.521206030151e-04 1.740172066294e-01 2.521206030151e-04 2.313625685626e-01 2.521206030151e-04 3.441866723841e-01
2.543919597990e-04 2.531435483523e-01 2.543919597990e-04 1.727901717533e-01 2.543919597990e-04 2.321331918681e-01 2.543919597990e-04 3.447830809355e-01
2.566633165829e-04 2.532340586783e-01 2.566633165829e-04 1.715949436850e-01 2.566633165829e-04 2.328756120429e-01 2.566633165829e-04 3.453436201943e-01
2.589346733668e-04 2.533205219094e-01 2.589346733668e-04 1.704315034905e-01 2.589346733668e-04 2.335914060978e-01 2.589346733668e-04 3.458611627350e-01
2.612060301508e-04 2.534030210449e-01 2.612060301508e-04 1.693001084082e-01 2.612060301508e-04 2.342820604948e-01 2.612060301508e-04 3.463290187727e-01
2.634773869347e-04 2.534816487418e-01 2.634773869347e-04 1.682012247482e-01 2.634773869347e-04 2.349489606049e-01 2.634773869347e-04 3.467411886642e-01
2.657487437186e-04 2.535565058416e-01 2.657487437186e-04 1.671354612790e-01 2.657487437186e-04 2.355933851219e-01 2.657487437186e-04 3.470926040114e-01
2.680201005025e-04 2.536276999724e-01 2.680201005025e-04 1.661035058509e-01 2.680201005025e-04 2.362165044940e-01 2.680201005025e-04 3.473793412390e-01
2.702914572864e-04 2.536953442344e-01 2.702914572864e-04 1.651060673605e-01 2.702914572864e-04 2.368193825185e-01 2.702914572864e-04 3.475987923583e-01
2.725628140704e-04 2.537595559782e-01 2.725628140704e-04 1.641438245567e-01 2.725628140704e-04 2.374029803455e-01 2.725628140704e-04 3.477497800841e-01
2.748341708543e-04 2.538204556777e-01 2.748341708543e-04 1.632173826448e-01 2.748341708543e-04 2.379681622356e-01 2.748341708543e-04 3.478326083711e-01
2.771055276382e-04 2.538781659011e-01 2.771055276382e-04 1.623272381574e-01 2.771055276382e-04 2.385157025210e-01 2.771055276382e-04 3.478490443758e-01
2.793768844221e-04 2.539328103805e-01 2.793768844221e-04 1.614737521488e-01 2.793768844221e-04 2.390462933107e-01 2.793768844221e-04 3.478022332682e-01
2.816482412060e-04 2.539845131764e-01 2.816482412060e-04 1.606571314230e-01 2.816482412060e-04 2.395605525701e-01 2.816482412060e-04 3.476965525659e-01
2.839195979899e-04 2.540333979376e-01 2.839195979899e-04 1.598774172390e-01 2.839195979899e-04 2.400590322779e-01 2.839195979899e-04 3.475374171195e-01
2.861909547739e-04 2.540795872501e-01 2.861909547739e-04 1.591344807359e-01 2.861909547739e-04 2.405422264341e-01 2.861909547739e-04 3.473310490621e-01
2.884623115578e-04 2.541232020709e-01 2.884623115578e-04 1.584280241938e-01 2.884623115578e-04 2.410105787459e-01 2.884623115578e-04 3.470842286538e-01
2.907336683417e-04 2.541643612429e-01 2.907336683417e-04 1.577575871770e-01 2.907336683417e-04 2.414644898696e-01 2.907336683417e-04 3.468040419600e-01
2.930050251256e-04 2.542031810833e-01 2.930050251256e-04 1.571225565911e-01 2.930050251256e-04 2.419043241220e-01 2.930050251256e-04 3.464976398693e-01
2.952763819095e-04 2.542397750414e-01 2.952763819095e-04 1.565221797123e-01 2.952763819095e-04 2.423304156123e-01 2.952763819095e-04 3.461720204156e-01
2.975477386935e-04 2.542742534189e-01 2.975477386935e-04 1.559555793124e-01 2.975477386935e-04 2.427430737666e-01 2.975477386935e-04 3.458338431454e-01
2.998190954774e-04 2.543067231476e-01 2.998190954774e-04 1.554217700847e-01 2.998190954774e-04 2.431425882404e-01 2.998190954774e-04 3.454892808128e-01
3.020904522613e-04 2.543372876184e-01 3.020904522613e-04 1.549196756806e-01 3.020904522613e-04 2.435292332297e-01 3.020904522613e-04 3.451439103794e-01
3.043618090452e-04 2.543660465562e-01 3.043618090452e-04 1.544481457736e-01 3.043618090452e-04 2.439032712017e-01 3.043618090452e-04 3.448026424291e-01
3.066331658291e-04 2.543930959356e-01 3.066331658291e-04 1.540059726742e-01 3.066331658291e-04 2.442649560789e-01 3.066331658291e-04 3.444696858824e-01
3.089045226131e-04 2.544185279327e-01 3.089045226131e-04 1.535919071285e-01 3.089045226131e-04 2.446145359096e-01 3.089045226131e-04 3.441485433522e-01
3.111758793970e-04 2.544424309083e-01 3.111758793970e-04 1.532046730253e-01 3.111758793970e-04 2.449522550690e-01 3.111758793970e-04 3.438420316283e-01
3.134472361809e-04 2.544648894174e-01 3.134472361809e-04 1.528429808267e-01 3.134472361809e-04 2.452783560323e-01 3.134472361809e-04 3.435523215039e-01
3.157185929648e-04 2.544859842436e-01 3.157185929648e-04 1.525055396081e-01 3.157185929648e-04 2.455930807621e-01 3.157185929648e-04 3.432809913493e-01
3.179899497487e-04 2.545057924510e-01 3.179899497487e-04 1.521910676601e-01 3.179899497487e-04 2.458966717562e-01 3.179899497487e-04 3.430290893596e-01
3.202613065327e-04 2.545243874550e-01 3.202613065327e-04 1.518983016518e-01 3.202613065327e-04 2.461893727936e-01 3.202613065327e-04 3.427972001253e-01
3.225326633166e-04 2.545418391043e-01 3.225326633166e-04 1.516260043975e-01 3.225326633166e-04 2.464714294217e-01 3.225326633166e-04 3.425855119808e-01
3.248040201005e-04 2.545582137762e-01 3.248040201005e-04 1.513729712956e-01 3.248040201005e-04 2.467430892212e-01 3.248040201005e-04 3.423938824060e-01
3.270753768844e-04 2.545735744789e-01 3.270753768844e-04 1.511380355317e-01 3.270753768844e-04 2.470046018821e-01 3.270753768844e-04 3.422218995091e-01
3.293467336683e-04 2.545879809611e-01 3.293467336683e-04 1.509200721502e-01 3.293467336683e-04 2.472562191253e-01 3.293467336683e-04 3.420689382925e-01
3.316180904523e-04 2.546014898271e-01 3.316180904523e-04 1.507180011050e-01 3.316180904523e-04 2.474981944970e-01 3.316180904523e-04 3.419342109537e-01
3.338894472362e-04 2.546141546547e-01 3.338894472362e-04 1.505307894046e-01 3.338894472362e-04 2.477307830623e-01 3.338894472362e-04 3.418168109216e-01
3.361608040201e-04 2.546260261146e-01 3.361608040201e-04 1.503574524628e-01 3.361608040201e-04 2.479542410226e-01 3.361608040201e-04 3.417157506617e-01
3.384321608040e-04 2.546371520923e-01 3.384321608040e-04 1.501970547631e-01 3.384321608040e-04 2.481688252756e-01 3.384321608040e-04 3.416299935229e-01
3.407035175879e-04 2.546475778081e-01 3.407035175879e-04 1.500487099400e-01 3.407035175879e-04 2.483747929366e-01 3.407035175879e-04 3.415584800603e-01
3.429748743719e-04 2.546573459374e-01 3.429748743719e-04 1.499115803690e-01 3.429748743719e-04 2.485724008374e-01 3.429748743719e-04 3.415001493604e-01
3.452462311558e-04 2.546664967289e-01 3.452462311558e-04 1.497848763529e-01 3.452462311558e-04 2.487619050137e-01 3.452462311558e-04 3.414539559405e-01
3.475175879397e-04 2.546750681207e-01 3.475175879397e-04 1.496678549817e-01 3.475175879397e-04 2.489435601951e-01 3.475175879397e-04 3.414188827988e-01
3.497889447236e-04 2.546830958535e-01 3.497889447236e-04 1.495598187323e-01 3.497889447236e-04 2.491176193034e-01 3.497889447236e-04 3.413939511730e-01
3.520603015075e-04 2.546906135814e-01 3.520603015075e-04 1.494601138713e-01 3.520603015075e-04 2.492843329702e-01 3.520603015075e-04 3.413782275296e-01
3.543316582915e-04 2.546976529783e-01 3.543316582915e-04 1.493681287106e-01 3.543316582915e-04 2.494439490761e-01 3.543316582915e-04 3.413708282557e-01
3.566030150754e-04 2.547042438418e-01 3.566030150754e-04 1.492832917615e-01 3.566030150754e-04 2.495967123194e-01 3.566030150754e-04 3.413709224765e-01
3.588743718593e-04 2.547104141929e-01 3.588743718593e-04 1.492050698260e-01 3.588743718593e-04 2.497428638150e-01 3.588743718593e-04 3.413777333671e-01
3.611457286432e-04 2.547161903718e-01 3.611457286432e-04 1.491329660561e-01 3.611457286432e-04 2.498826407270e-01 3.611457286432e-04 3.413905382768e-01
3.634170854271e-04 2.547215971299e-01 3.634170854271e-04 1.490665180082e-01 3.634170854271e-04 2.500162759366e-01 3.634170854271e-04 3.414086679351e-01
3.656884422111e-04 2.547266577181e-01 3.656884422111e-04 1.490052957142e-01 3.656884422111e-04 2.501439977453e-01 3.656884422111e-04 3.414315049661e-01
3.679597989950e-04 2.547313939710e-01 3.679597989950e-04 1.489488997870e-01 3.679597989950e-04 2.502660296134e-01 3.679597989950e-04 3.414584818987e-01
3.702311557789e-04 2.547358263870e-01 3.702311557789e-04 1.488969595731e-01 3.702311557789e-04 2.503825899343e-01 3.702311557789e-04 3.414890788247e-01
3.725025125628e-04 2.547399742051e-01 3.725025125628e-04 1.488491313650e-01 3.725025125628e-04 2.504938918424e-01 3.725025125628e-04 3.415228208295e-01
3.747738693467e-04 2.547438554779e-01 3.747738693467e-04 1.488050966785e-01 3.747738693467e-04 2.506001430540e-01 3.747738693467e-04 3.415592752927e-01
3.770452261307e-04 2.547474871403e-01 3.770452261307e-04 1.487645606027e-01 3.770452261307e-04 2.507015457402e-01 3.770452261307e-04 3.415980491370e-01
3.793165829146e-04 2.547508850756e-01 3.793165829146e-04 1.487272502264e-01 3.793165829146e-04 2.507982964286e-01 3.793165829146e-04 3.416387860838e-01
3.815879396985e-04 2.547540641779e-01 3.815879396985e-04 1.486929131408e-01 3.815879396985e-04 2.508905859332e-01 3.815879396985e-04 3.416811639615e-01
3.838592964824e-04 2.547570384104e-01 3.838592964824e-04 1.486613160228e-01 3.838592964824e-04 2.509785993110e-01 3.838592964824e-04 3.417248920987e-01
3.861306532663e-04 2.547598208619e-01 3.861306532663e-04 1.486322432948e-01 3.861306532663e-04 2.510625158413e-01 3.861306532663e-04 3.417697088268e-01
3.884020100503e-04 2.547624237990e-01 3.884020100503e-04 1.486054958640e-01 3.884020100503e-04 2.511425090279e-01 3.884020100503e-04 3.418153791063e-01
3.906733668342e-04 2.547648587165e-01 3.906733668342e-04 1.485808899359e-01 3.906733668342e-04 2.512187466207e-01 3.906733668342e-04 3.418616922881e-01
3.929447236181e-04 2.547671363837e-01 3.929447236181e-04 1.485582559018e-01 3.929447236181e-04 2.512913906564e-01 3.929447236181e-04 3.419084600136e-01
3.952160804020e-04 2.547692668896e-01 3.952160804020e-04 1.485374372976e-01 3.952160804020e-04 2.513605975139e-01 3.952160804020e-04 3.419555142549e-01
3.974874371859e-04 2.547712596839e-01 3.974874371859e-04 1.485182898300e-01 3.974874371859e-04 2.514265179859e-01 3.974874371859e-04 3.420027054943e-01
3.997587939698e-04 2.547731236171e-01 3.997587939698e-04 1.485006804682e-01 3.997587939698e-04 2.514892973616e-01 3.997587939698e-04 3.420499010384e-01
4.020301507538e-04 2.547748669771e-01 4.020301507538e-04 1.484844865969e-01 4.020301507538e-04 2.515490755219e-01 4.020301507538e-04 3.420969834631e-01
4.043015075377e-04 2.547764975245e-01 4.043015075377e-04 1.484695952284e-01 4.043015075377e-04 2.516059870435e-01 4.043015075377e-04 3.421438491821e-01
4.065728643216e-04 2.547780225253e-01 4.065728643216e-04 1.484559022695e-01 4.065728643216e-04 2.516601613111e-01 4.065728643216e-04 3.421904071332e-01
4.088442211055e-04 2.547794487816e-01 4.088442211055e-04 1.484433118409e-01 4.088442211055e-04 2.517117226371e-01 4.088442211055e-04 3.422365775746e-01
4.111155778894e-04 2.547807826610e-01 4.111155778894e-04 1.484317356454e-01 4.111155778894e-04 2.517607903867e-01 4.111155778894e-04 3.422822909850e-01
4.133869346734e-04 2.547820301240e-01 4.133869346734e-04 1.484210923825e-01 4.133869346734e-04 2.518074791071e-01 4.133869346734e-04 3.423274870593e-01
4.156582914573e-04 2.547831967490e-01 4.156582914573e-04 1.484113072055e-01 4.156582914573e-04 2.518518986612e-01 4.156582914573e-04 3.423721137933e-01
4.179296482412e-04 2.547842877570e-01 4.179296482412e-04 1.484023112190e-01 4.179296482412e-04 2.518941543632e-01 4.179296482412e-04 3.424161266509e-01
4.202010050251e-04 2.547853080340e-01 4.202010050251e-04 1.483940410146e-01 4.202010050251e-04 2.519343471158e-01 4.202010050251e-04 3.424594878071e-01
4.224723618090e-04 2.547862621522e-01 4.224723618090e-04 1.483864382402e-01 4.224723618090e-04 2.519725735496e-01 4.224723618090e-04 3.425021654600e-01
4.247437185930e-04 2.547871543898e-01 4.247437185930e-04 1.483794492034e-01 4.247437185930e-04 2.520089261616e-01 4.247437185930e-04 3.425441332079e-01
4.270150753769e-04 2.547879887501e-01 4.270150753769e-04 1.483730245040e-01 4.270150753769e-04 2.520434934536e-01 4.270150753769e-04 3.425853694832e-01
4.292864321608e-04 2.547887689784e-01 4.292864321608e-04 1.483671186956e-01 4.292864321608e-04 2.520763600710e-01 4.292864321608e-04 3.426258570413e-01
4.315577889447e-04 2.547894985789e-01 4.315577889447e-04 1.483616899721e-01 4.315577889447e-04 2.521076069387e-01 4.315577889447e-04 3.426655824968e-01
4.338291457286e-04 2.547901808299e-01 4.338291457286e-04 1.483566998798e-01 4.338291457286e-04 2.521373113964e-01 4.338291457286e-04 3.427045359047e-01
4.361005025126e-04 2.547908187983e-01 4.361005025126e-04 1.483521130506e-01 4.361005025126e-04 2.521655473316e-01 4.361005025126e-04 3.427427103825e-01
4.383718592965e-04 2.547914153532e-01 4.383718592965e-04 1.483478969567e-01 4.383718592965e-04 2.521923853102e-01 4.383718592965e-04 3.427801017674e-01
4.406432160804e-04 2.547919731783e-01 4.406432160804e-04 1.483440216847e-01 4.406432160804e-04 2.522178927045e-01 4.406432160804e-04 3.428167083089e-01
4.429145728643e-04 2.547924947841e-01 4.429145728643e-04 1.483404597263e-01 4.429145728643e-04 2.522421338188e-01 4.429145728643e-04 3.428525303894e-01
4.451859296482e-04 2.547929825187e-01 4.451859296482e-04 1.483371857867e-01 4.451859296482e-04 2.522651700112e-01 4.451859296482e-04 3.428875702743e-01
4.474572864322e-04 2.547934385786e-01 4.474572864322e-04 1.483341766076e-01 4.474572864322e-04 2.522870598131e-01 4.474572864322e-04 3.429218318855e-01
4.497286432161e-04 2.547938650181e-01 4.497286432161e-04 1.483314108038e-01 4.497286432161e-04 2.523078590450e-01 4.497286432161e-04 3.429553205980e-01
4.520000000000e-04 2.547942637587e-01 4.520000000000e-04 1.483288687133e-01 4.520000000000e-04 2.523276209291e-01 4.520000000000e-04 3.429880430571e-01
