0.000000000000e+00 2.857461143201e-01 0.000000000000e+00 2.037000000076e-01 0.000000000000e+00 1.183000000000e-01 0.000000000000e+00 9.375000000000e-02 0.000000000000e+00 3.017000000000e-01
2.180904522613e-06 2.857489116507e-01 2.180904522613e-06 2.037000000094e-01 2.180904522613e-06 1.183000000000e-01 2.180904522613e-06 9.375000000000e-02 2.180904522613e-06 3.017000000000e-01
4.361809045226e-06 2.857518768909e-01 4.361809045226e-06 2.037000000118e-01 4.361809045226e-06 1.183000000000e-01 4.361809045226e-06 9.375000000000e-02 4.361809045226e-06 3.017000000000e-01
6.542713567839e-06 2.857550198970e-01 6.542713567839e-06 2.037000000147e-01 6.542713567839e-06 1.183000000000e-01 6.542713567839e-06 9.375000000000e-02 6.542713567839e-06 3.017000000000e-01
8.723618090452e-06 2.857583510763e-01 8.723618090452e-06 2.037000000184e-01 8.723618090452e-06 1.183000000000e-01 8.723618090452e-06 9.375000000000e-02 8.723618090452e-06 3.017000000000e-01
1.090452261307e-05 2.857618814138e-01 1.090452261307e-05 2.037000000229e-01 1.090452261307e-05 1.183000000000e-01 1.090452261307e-05 9.375000000000e-02 1.090452261307e-05 3.017000000000e-01
1.308542713568e-05 2.857656225009e-01 1.308542713568e-05 2.037000000286e-01 1.308542713568e-05 1.183000000000e-01 1.308542713568e-05 9.375000000000e-02 1.308542713568e-05 3.017000000000e-01
1.526633165829e-05 2.857695865640e-01 1.526633165829e-05 2.037000000357e-01 1.526633165829e-05 1.183000000000e-01 1.526633165829e-05 9.375000000000e-02 1.526633165829e-05 3.017000000000e-01
1.744723618090e-05 2.857737864946e-01 1.744723618090e-05 2.037000000445e-01 1.744723618090e-05 1.183000000000e-01 1.744723618090e-05 9.375000000000e-02 1.744723618090e-05 3.017000000000e-01
1.962814070352e-05 2.857782358797e-01 1.962814070352e-05 2.037000000556e-01 1.962814070352e-05 1.183000000000e-01 1.962814070352e-05 9.375000000000e-02 1.962814070352e-05 3.017000000000e-01
2.180904522613e-05 2.857829490330e-01 2.180904522613e-05 2.037000000694e-01 2.180904522613e-05 1.183000000000e-01 2.180904522613e-05 9.375000000000e-02 2.180904522613e-05 3.017000000000e-01
2.398994974874e-05 2.857879410268e-01 2.398994974874e-05 2.037000000866e-01 2.398994974874e-05 1.183000000000e-01 2.398994974874e-05 9.375000000000e-02 2.398994974874e-05 3.017000000000e-01
2.617085427136e-05 2.857932277240e-01 2.617085427136e-05 2.037000001081e-01 2.617085427136e-05 1.183000000000e-01 2.617085427136e-05 9.375000000000e-02 2.617085427136e-05 3.017000000000e-01
2.835175879397e-05 2.857988258108e-01 2.835175879397e-05 2.037000001349e-01 2.835175879397e-05 1.183000000000e-01 2.835175879397e-05 9.375000000000e-02 2.835175879397e-05 3.017000000000e-01
3.053266331658e-05 2.858047528293e-01 3.053266331658e-05 2.037000001684e-01 3.053266331658e-05 1.183000000000e-01 3.053266331658e-05 9.375000000000e-02 3.053266331658e-05 3.017000000000e-01
3.271356783920e-05 2.858110272098e-01 3.271356783920e-05 2.037000002103e-01 3.271356783920e-05 1.183000000000e-01 3.271356783920e-05 9.375000000000e-02 3.271356783920e-05 3.017000000000e-01
3.489447236181e-05 2.858176683031e-01 3.489447236181e-05 2.037000002625e-01 3.489447236181e-05 1.183000000000e-01 3.489447236181e-05 9.375000000000e-02 3.489447236181e-05 3.017000000000e-01
3.707537688442e-05 2.858246964122e-01 3.707537688442e-05 2.037000003277e-01 3.707537688442e-05 1.183000000000e-01 3.707537688442e-05 9.375000000000e-02 3.707537688442e-05 3.017000000000e-01
3.925628140704e-05 2.858321328223e-01 3.925628140704e-05 2.037000004090e-01 3.925628140704e-05 1.183000000000e-01 3.925628140704e-05 9.375000000000e-02 3.925628140704e-05 3.017000000000e-01
4.143718592965e-05 2.858399998306e-01 4.143718592965e-05 2.037000005106e-01 4.143718592965e-05 1.183000000000e-01 4.143718592965e-05 9.375000000000e-02 4.143718592965e-05 3.017000000000e-01
4.361809045226e-05 2.858483207733e-01 4.361809045226e-05 2.037000006375e-01 4.361809045226e-05 1.183000000000e-01 4.361809045226e-05 9.375000000000e-02 4.361809045226e-05 3.017000000000e-01
4.579899497487e-05 2.858571200505e-01 4.579899497487e-05 2.037000007959e-01 4.579899497487e-05 1.183000000000e-01 4.579899497487e-05 9.375000000000e-02 4.579899497487e-05 3.017000000000e-01
4.797989949749e-05 2.858664231485e-01 4.797989949749e-05 2.037000009937e-01 4.797989949749e-05 1.183000000000e-01 4.797989949749e-05 9.375000000000e-02 4.797989949749e-05 3.017000000000e-01
5.016080402010e-05 2.858762566577e-01 5.016080402010e-05 2.037000012407e-01 5.016080402010e-05 1.183000000000e-01 5.016080402010e-05 9.375000000000e-02 5.016080402010e-05 3.016999999999e-01
5.234170854271e-05 2.858866482867e-01 5.234170854271e-05 2.037000015492e-01 5.234170854271e-05 1.183000000000e-01 5.234170854271e-05 9.375000000000e-02 5.234170854271e-05 3.016999999999e-01
5.452261306533e-05 2.858976268704e-01 5.452261306533e-05 2.037000019345e-01 5.452261306533e-05 1.183000000000e-01 5.452261306533e-05 9.375000000000e-02 5.452261306533e-05 3.016999999999e-01
5.670351758794e-05 2.859092223718e-01 5.670351758794e-05 2.037000024158e-01 5.670351758794e-05 1.183000000000e-01 5.670351758794e-05 9.375000000000e-02 5.670351758794e-05 3.016999999998e-01
5.888442211055e-05 2.859214658757e-01 5.888442211055e-05 2.037000030169e-01 5.888442211055e-05 1.183000000000e-01 5.888442211055e-05 9.375000000000e-02 5.888442211055e-05 3.016999999997e-01
6.106532663317e-05 2.859343895736e-01 6.106532663317e-05 2.037000037679e-01 6.106532663317e-05 1.183000000000e-01 6.106532663317e-05 9.375000000000e-02 6.106532663317e-05 3.016999999996e-01
6.324623115578e-05 2.859480267369e-01 6.324623115578e-05 2.037000047062e-01 6.324623115578e-05 1.183000000000e-01 6.324623115578e-05 9.375000000000e-02 6.324623115578e-05 3.016999999995e-01
6.542713567839e-05 2.859624116774e-01 6.542713567839e-05 2.037000058786e-01 6.542713567839e-05 1.183000000000e-01 6.542713567839e-05 9.375000000000e-02 6.542713567839e-05 3.016999999993e-01
6.760804020101e-05 2.859775796924e-01 6.760804020101e-05 2.037000073437e-01 6.760804020101e-05 1.183000000000e-01 6.760804020101e-05 9.375000000000e-02 6.760804020101e-05 3.016999999989e-01
6.978894472362e-05 2.859935669919e-01 6.978894472362e-05 2.037000091748e-01 6.978894472362e-05 1.183000000000e-01 6.978894472362e-05 9.375000000000e-02 6.978894472362e-05 3.016999999985e-01
7.196984924623e-05 2.860104106037e-01 7.196984924623e-05 2.037000114638e-01 7.196984924623e-05 1.183000000001e-01 7.196984924623e-05 9.375000000000e-02 7.196984924623e-05 3.016999999978e-01
7.415075376884e-05 2.860281482544e-01 7.415075376884e-05 2.037000143255e-01 7.415075376884e-05 1.183000000001e-01 7.415075376884e-05 9.375000000000e-02 7.415075376884e-05 3.016999999969e-01
7.633165829146e-05 2.860468182200e-01 7.633165829146e-05 2.037000179039e-01 7.633165829146e-05 1.183000000001e-01 7.633165829146e-05 9.375000000000e-02 7.633165829146e-05 3.016999999956e-01
7.851256281407e-05 2.860664591420e-01 7.851256281407e-05 2.037000223792e-01 7.851256281407e-05 1.183000000002e-01 7.851256281407e-05 9.375000000000e-02 7.851256281407e-05 3.016999999937e-01
8.069346733668e-05 2.860871098018e-01 8.069346733668e-05 2.037000279776e-01 8.069346733668e-05 1.183000000003e-01 8.069346733668e-05 9.375000000000e-02 8.069346733668e-05 3.016999999909e-01
8.287437185930e-05 2.861088088461e-01 8.287437185930e-05 2.037000349825e-01 8.287437185930e-05 1.183000000005e-01 8.287437185930e-05 9.375000000000e-02 8.287437185930e-05 3.016999999870e-01
8.505527638191e-05 2.861315944545e-01 8.505527638191e-05 2.037000437493e-01 8.505527638191e-05 1.183000000007e-01 8.505527638191e-05 9.375000000000e-02 8.505527638191e-05 3.016999999814e-01
8.723618090452e-05 2.861555039369e-01 8.723618090452e-05 2.037000547243e-01 8.723618090452e-05 1.183000000011e-01 8.723618090452e-05 9.375000000000e-02 8.723618090452e-05 3.016999999735e-01
8.941708542714e-05 2.861805732480e-01 8.941708542714e-05 2.037000684679e-01 8.941708542714e-05 1.183000000016e-01 8.941708542714e-05 9.375000000000e-02 8.941708542714e-05 3.016999999620e-01
9.159798994975e-05 2.862068364031e-01 9.159798994975e-05 2.037000856841e-01 9.159798994975e-05 1.183000000024e-01 9.159798994975e-05 9.375000000000e-02 9.159798994975e-05 3.016999999456e-01
9.377889447236e-05 2.862343247722e-01 9.377889447236e-05 2.037001072581e-01 9.377889447236e-05 1.183000000036e-01 9.377889447236e-05 9.375000000000e-02 9.377889447236e-05 3.016999999222e-01
9.595979899497e-05 2.862630662314e-01 9.595979899497e-05 2.037001343037e-01 9.595979899497e-05 1.183000000054e-01 9.595979899497e-05 9.375000000000e-02 9.595979899497e-05 3.016999998886e-01
9.814070351759e-05 2.862930841376e-01 9.814070351759e-05 2.037001682231e-01 9.814070351759e-05 1.183000000080e-01 9.814070351759e-05 9.375000000000e-02 9.814070351759e-05 3.016999998404e-01
1.003216080402e-04 2.863243960906e-01 1.003216080402e-04 2.037002107831e-01 1.003216080402e-04 1.183000000120e-01 1.003216080402e-04 9.375000000000e-02 1.003216080402e-04 3.016999997712e-01
1.025025125628e-04 2.863570124365e-01 1.025025125628e-04 2.037002642123e-01 1.025025125628e-04 1.183000000179e-01 1.025025125628e-04 9.375000000000e-02 1.025025125628e-04 3.016999996719e-01
1.046834170854e-04 2.863909344535e-01 1.046834170854e-04 2.037003313236e-01 1.046834170854e-04 1.183000000268e-01 1.046834170854e-04 9.375000000000e-02 1.046834170854e-04 3.016999995294e-01
1.068643216080e-04 2.864261521501e-01 1.068643216080e-04 2.037004156715e-01 1.068643216080e-04 1.183000000402e-01 1.068643216080e-04 9.375000000000e-02 1.068643216080e-04 3.016999993245e-01
1.090452261307e-04 2.864626415880e-01 1.090452261307e-04 2.037005217526e-01 1.090452261307e-04 1.183000000601e-01 1.090452261307e-04 9.375000000000e-02 1.090452261307e-04 3.016999990297e-01
1.112261306533e-04 2.865003616202e-01 1.112261306533e-04 2.037006552611e-01 1.112261306533e-04 1.183000000900e-01 1.112261306533e-04 9.375000000000e-02 1.112261306533e-04 3.016999986054e-01
1.134070351759e-04 2.865392499094e-01 1.134070351759e-04 2.037008234178e-01 1.134070351759e-04 1.183000001349e-01 1.134070351759e-04 9.375000000000e-02 1.134070351759e-04 3.016999979938e-01
1.155879396985e-04 2.865792180619e-01 1.155879396985e-04 2.037010353905e-01 1.155879396985e-04 1.183000002024e-01 1.155879396985e-04 9.375000000000e-02 1.155879396985e-04 3.016999971113e-01
1.177688442211e-04 2.866201456704e-01 1.177688442211e-04 2.037013028356e-01 1.177688442211e-04 1.183000003039e-01 1.177688442211e-04 9.375000000000e-02 1.177688442211e-04 3.016999958366e-01
1.199497487437e-04 2.866618730136e-01 1.199497487437e-04 2.037016405958e-01 1.199497487437e-04 1.183000004568e-01 1.199497487437e-04 9.375000000000e-02 1.199497487437e-04 3.016999939925e-01
1.221306532663e-04 2.867041921029e-01 1.221306532663e-04 2.037020676005e-01 1.221306532663e-04 1.183000006873e-01 1.221306532663e-04 9.375000000000e-02 1.221306532663e-04 3.016999913208e-01
1.243115577889e-04 2.867468356985e-01 1.243115577889e-04 2.037026080314e-01 1.243115577889e-04 1.183000010356e-01 1.243115577889e-04 9.375000000000e-02 1.243115577889e-04 3.016999874438e-01
1.264924623116e-04 2.867894638348e-01 1.264924623116e-04 2.037032928328e-01 1.264924623116e-04 1.183000015627e-01 1.264924623116e-04 9.375000000000e-02 1.264924623116e-04 3.016999818072e-01
1.286733668342e-04 2.868316473024e-01 1.286733668342e-04 2.037041616754e-01 1.286733668342e-04 1.183000023620e-01 1.286733668342e-04 9.375000000000e-02 1.286733668342e-04 3.016999735962e-01
1.308542713568e-04 2.868728474263e-01 1.308542713568e-04 2.037052655132e-01 1.308542713568e-04 1.183000035768e-01 1.308542713568e-04 9.375000000000e-02 1.308542713568e-04 3.016999616091e-01
1.330351758794e-04 2.869123913637e-01 1.330351758794e-04 2.037066699214e-01 1.330351758794e-04 1.183000054274e-01 1.330351758794e-04 9.375000000000e-02 1.330351758794e-04 3.016999440679e-01
1.352160804020e-04 2.869494420238e-01 1.352160804020e-04 2.037084594635e-01 1.352160804020e-04 1.183000082542e-01 1.352160804020e-04 9.375000000000e-02 1.352160804020e-04 3.016999183344e-01
1.373969849246e-04 2.869829616010e-01 1.373969849246e-04 2.037107434168e-01 1.373969849246e-04 1.183000125850e-01 1.373969849246e-04 9.375000000000e-02 1.373969849246e-04 3.016998804795e-01
1.395778894472e-04 2.870116676294e-01 1.395778894472e-04 2.037136632976e-01 1.395778894472e-04 1.183000192411e-01 1.395778894472e-04 9.375000000000e-02 1.395778894472e-04 3.016998246321e-01
1.417587939698e-04 2.870339804530e-01 1.417587939698e-04 2.037174027707e-01 1.417587939698e-04 1.183000295060e-01 1.417587939698e-04 9.375000000000e-02 1.417587939698e-04 3.016997419861e-01
1.439396984925e-04 2.870479611174e-01 1.439396984925e-04 2.037222007275e-01 1.439396984925e-04 1.183000453948e-01 1.439396984925e-04 9.375000000000e-02 1.439396984925e-04 3.016996192847e-01
1.461206030151e-04 2.870512390160e-01 1.461206030151e-04 2.037283685802e-01 1.461206030151e-04 1.183000700855e-01 1.461206030151e-04 9.375000000000e-02 1.461206030151e-04 3.016994364939e-01
1.483015075377e-04 2.870409293189e-01 1.483015075377e-04 2.037363131744e-01 1.483015075377e-04 1.183001086131e-01 1.483015075377e-04 9.375000000000e-02 1.483015075377e-04 3.016991632218e-01
1.504824120603e-04 2.870135414657e-01 1.504824120603e-04 2.037465671984e-01 1.504824120603e-04 1.183001689931e-01 1.504824120603e-04 9.375000000000e-02 1.504824120603e-04 3.016987531841e-01
1.526633165829e-04 2.869648821325e-01 1.526633165829e-04 2.037598296030e-01 1.526633165829e-04 1.183002640470e-01 1.526633165829e-04 9.375000000000e-02 1.526633165829e-04 3.016981356224e-01
1.548442211055e-04 2.868899594722e-01 1.548442211055e-04 2.037770193978e-01 1.548442211055e-04 1.183004143815e-01 1.548442211055e-04 9.375000000000e-02 1.548442211055e-04 3.016972019507e-01
1.570251256281e-04 2.867829006068e-01 1.570251256281e-04 2.037993473195e-01 1.570251256281e-04 1.183006532718e-01 1.570251256281e-04 9.375000000000e-02 1.570251256281e-04 3.016957849123e-01
1.592060301508e-04 2.866369019150e-01 1.592060301508e-04 2.038284113601e-01 1.592060301508e-04 1.183010346972e-01 1.592060301508e-04 9.375000000000e-02 1.592060301508e-04 3.016936259451e-01
1.613869346734e-04 2.864442421736e-01 1.613869346734e-04 2.038663240966e-01 1.613869346734e-04 1.183016466135e-01 1.613869346734e-04 9.375000000000e-02 1.613869346734e-04 3.016903239445e-01
1.635678391960e-04 2.861964023700e-01 1.635678391960e-04 2.039158822772e-01 1.635678391960e-04 1.183026329514e-01 1.635678391960e-04 9.375000000000e-02 1.635678391960e-04 3.016852546117e-01
1.657487437186e-04 2.858843524873e-01 1.657487437186e-04 2.039807922815e-01 1.657487437186e-04 1.183042301929e-01 1.657487437186e-04 9.375000000000e-02 1.657487437186e-04 3.016774432091e-01
1.679296482412e-04 2.854990826057e-01 1.679296482412e-04 2.040659689046e-01 1.679296482412e-04 1.183068283618e-01 1.679296482412e-04 9.375000000000e-02 1.679296482412e-04 3.016653634076e-01
1.701105527638e-04 2.850324681529e-01 1.701105527638e-04 2.041779292738e-01 1.701105527638e-04 1.183110729753e-01 1.701105527638e-04 9.375000000000e-02 1.701105527638e-04 3.016466187957e-01
1.722914572864e-04 2.844785574810e-01 1.722914572864e-04 2.043253080709e-01 1.722914572864e-04 1.183180358168e-01 1.722914572864e-04 9.375000000000e-02 1.722914572864e-04 3.016174380782e-01
1.744723618090e-04 2.838353389928e-01 1.744723618090e-04 2.045195233797e-01 1.744723618090e-04 1.183295014114e-01 1.744723618090e-04 9.375000000000e-02 1.744723618090e-04 3.015718747407e-01
1.766532663317e-04 2.831069650173e-01 1.766532663317e-04 2.047756218016e-01 1.766532663317e-04 1.183484479153e-01 1.766532663317e-04 9.375000000000e-02 1.766532663317e-04 3.015005392083e-01
1.788341708543e-04 2.823062619059e-01 1.788341708543e-04 2.051133220262e-01 1.788341708543e-04 1.183798539229e-01 1.788341708543e-04 9.375000000000e-02 1.788341708543e-04 3.013885955143e-01
1.810150753769e-04 2.814571364969e-01 1.810150753769e-04 2.055582490135e-01 1.810150753769e-04 1.184320487198e-01 1.810150753769e-04 9.375000000000e-02 1.810150753769e-04 3.012126124695e-01
1.831959798995e-04 2.805962309164e-01 1.831959798995e-04 2.061432920313e-01 1.831959798995e-04 1.185189591763e-01 1.831959798995e-04 9.375000000000e-02 1.831959798995e-04 3.009356622800e-01
1.853768844221e-04 2.797729724397e-01 1.853768844221e-04 2.069099084049e-01 1.853768844221e-04 1.186638068554e-01 1.853768844221e-04 9.375000000000e-02 1.853768844221e-04 3.004998213836e-01
1.875577889447e-04 2.790471651515e-01 1.875577889447e-04 2.079090073975e-01 1.875577889447e-04 1.189050643558e-01 1.875577889447e-04 9.375000000000e-02 1.875577889447e-04 2.998150385266e-01
1.897386934673e-04 2.784836386448e-01 1.897386934673e-04 2.092007727159e-01 1.897386934673e-04 1.193056807824e-01 1.897386934673e-04 9.375000000000e-02 1.897386934673e-04 2.987434859994e-01
1.919195979899e-04 2.781442662574e-01 1.919195979899e-04 2.108524520659e-01 1.919195979899e-04 1.199663216519e-01 1.919195979899e-04 9.375000000000e-02 1.919195979899e-04 2.970797541449e-01
1.941005025126e-04 2.780787165578e-01 1.941005025126e-04 2.129329032663e-01 1.941005025126e-04 1.210414944716e-01 1.941005025126e-04 9.375000000000e-02 1.941005025126e-04 2.945311680043e-01
1.962814070352e-04 2.783161651880e-01 1.962814070352e-04 2.155028648767e-01 1.962814070352e-04 1.227515334536e-01 1.962814070352e-04 9.375000000000e-02 1.962814070352e-04 2.907114762972e-01
1.984623115578e-04 2.788603416849e-01 1.984623115578e-04 2.186009958272e-01 1.984623115578e-04 1.253706975055e-01 1.984623115578e-04 9.375000000000e-02 1.984623115578e-04 2.851758947446e-01
2.006432160804e-04 2.796894539441e-01 2.006432160804e-04 2.222280200867e-01 2.006432160804e-04 1.291564600313e-01 2.006432160804e-04 9.375000000000e-02 2.006432160804e-04 2.775361717782e-01
2.028241206030e-04 2.807609889196e-01 2.028241206030e-04 2.263342656515e-01 2.028241206030e-04 1.341973432056e-01 2.028241206030e-04 9.375000000000e-02 2.028241206030e-04 2.676679484765e-01
2.050050251256e-04 2.820198392597e-01 2.050050251256e-04 2.308174925700e-01 2.050050251256e-04 1.402467320343e-01 2.050050251256e-04 9.375000000000e-02 2.050050251256e-04 2.559216787476e-01
2.071859296482e-04 2.834073624940e-01 2.071859296482e-04 2.355355331896e-01 2.071859296482e-04 1.467306165580e-01 2.071859296482e-04 9.375000000000e-02 2.071859296482e-04 2.431325033203e-01
2.093668341709e-04 2.848691170292e-01 2.093668341709e-04 2.403314992259e-01 2.093668341709e-04 1.530290023005e-01 2.093668341709e-04 9.375000000000e-02 2.093668341709e-04 2.303033115890e-01
2.115477386935e-04 2.863598806134e-01 2.115477386935e-04 2.450621153732e-01 2.115477386935e-04 1.588054456245e-01 2.115477386935e-04 9.375000000000e-02 2.115477386935e-04 2.181556111652e-01
2.137286432161e-04 2.878456166777e-01 2.137286432161e-04 2.496179145277e-01 2.137286432161e-04 1.640811997893e-01 2.137286432161e-04 9.375000000000e-02 2.137286432161e-04 2.069086636600e-01
2.159095477387e-04 2.893028696141e-01 2.159095477387e-04 2.539292525409e-01 2.159095477387e-04 1.690590201209e-01 2.159095477387e-04 9.375000000000e-02 2.159095477387e-04 1.964028039288e-01
2.180904522613e-04 2.907164651042e-01 2.180904522613e-04 2.579599759949e-01 2.180904522613e-04 1.739056311139e-01 2.180904522613e-04 9.375000000000e-02 2.180904522613e-04 1.863828825954e-01
2.202713567839e-04 2.920764248853e-01 2.202713567839e-04 2.616953967266e-01 2.202713567839e-04 1.786338786347e-01 2.202713567839e-04 9.375000000000e-02 2.202713567839e-04 1.767249131486e-01
2.224522613065e-04 2.933748378699e-01 2.224522613065e-04 2.651311065318e-01 2.224522613065e-04 1.831079606872e-01 2.224522613065e-04 9.375000000000e-02 2.224522613065e-04 1.675137121391e-01
2.246331658291e-04 2.946032086720e-01 2.246331658291e-04 2.682661015347e-01 2.246331658291e-04 1.871305612117e-01 2.246331658291e-04 9.375000000000e-02 2.246331658291e-04 1.589863116210e-01
2.268140703518e-04 2.957506124255e-01 2.268140703518e-04 2.711004813950e-01 2.268140703518e-04 1.905432711386e-01 2.268140703518e-04 9.375000000000e-02 2.268140703518e-04 1.514094813320e-01
2.289949748744e-04 2.968028397873e-01 2.289949748744e-04 2.736361488929e-01 2.289949748744e-04 1.932830375622e-01 2.289949748744e-04 9.375000000000e-02 2.289949748744e-04 1.449691286440e-01
2.311758793970e-04 2.977425986022e-01 2.311758793970e-04 2.758785603082e-01 2.311758793970e-04 1.953811758171e-01 2.311758793970e-04 9.375000000000e-02 2.311758793970e-04 1.397193763315e-01
2.333567839196e-04 2.985507198823e-01 2.333567839196e-04 2.778380966003e-01 2.333567839196e-04 1.969287954206e-01 2.333567839196e-04 9.375000000000e-02 2.333567839196e-04 1.355928497790e-01
2.355376884422e-04 2.992081795525e-01 2.355376884422e-04 2.795304127372e-01 2.355376884422e-04 1.980384643615e-01 2.355376884422e-04 9.375000000000e-02 2.355376884422e-04 1.324441363494e-01
2.377185929648e-04 2.996986034274e-01 2.377185929648e-04 2.809757672502e-01 2.377185929648e-04 1.988178809272e-01 2.377185929648e-04 9.375000000000e-02 2.377185929648e-04 1.300967212734e-01
2.398994974874e-04 3.000108062443e-01 2.398994974874e-04 2.821976816159e-01 2.398994974874e-04 1.993573899794e-01 2.398994974874e-04 9.375000000000e-02 2.398994974874e-04 1.283772391286e-01
2.420804020101e-04 3.001408731626e-01 2.420804020101e-04 2.832213566217e-01 2.420804020101e-04 1.997270581922e-01 2.420804020101e-04 9.375000000000e-02 2.420804020101e-04 1.271340349154e-01
2.442613065327e-04 3.000933589165e-01 2.442613065327e-04 2.840721870763e-01 2.442613065327e-04 1.999785912084e-01 2.442613065327e-04 9.375000000000e-02 2.442613065327e-04 1.262436723805e-01
2.464422110553e-04 2.998813560676e-01 2.464422110553e-04 2.847745737468e-01 2.464422110553e-04 2.001489321695e-01 2.464422110553e-04 9.375000000000e-02 2.464422110553e-04 1.256103395650e-01
2.486231155779e-04 2.995254270789e-01 2.486231155779e-04 2.853511016114e-01 2.486231155779e-04 2.002639209927e-01 2.486231155779e-04 9.375000000000e-02 2.486231155779e-04 1.251620147659e-01
2.508040201005e-04 2.990516337333e-01 2.508040201005e-04 2.858220652576e-01 2.508040201005e-04 2.003413784700e-01 2.508040201005e-04 9.375000000000e-02 2.508040201005e-04 1.248457367973e-01
2.529849246231e-04 2.984890612042e-01 2.529849246231e-04 2.862052769703e-01 2.529849246231e-04 2.003934803433e-01 2.529849246231e-04 9.375000000000e-02 2.529849246231e-04 1.246231472630e-01
2.551658291457e-04 2.978672827706e-01 2.551658291457e-04 2.865160797754e-01 2.551658291457e-04 2.004284938263e-01 2.551658291457e-04 9.375000000000e-02 2.551658291457e-04 1.244667547643e-01
2.573467336683e-04 2.972141483198e-01 2.573467336683e-04 2.867674932800e-01 2.573467336683e-04 2.004520090956e-01 2.573467336683e-04 9.375000000000e-02 2.573467336683e-04 1.243569994661e-01
2.595276381910e-04 2.965541442464e-01 2.595276381910e-04 2.869704341347e-01 2.595276381910e-04 2.004677957905e-01 2.595276381910e-04 9.375000000000e-02 2.595276381910e-04 1.242800350148e-01
2.617085427136e-04 2.959074165141e-01 2.617085427136e-04 2.871339686710e-01 2.617085427136e-04 2.004783912925e-01 2.617085427136e-04 9.375000000000e-02 2.617085427136e-04 1.242260939400e-01
2.638894472362e-04 2.952894165502e-01 2.638894472362e-04 2.872655693127e-01 2.638894472362e-04 2.004855014992e-01 2.638894472362e-04 9.375000000000e-02 2.638894472362e-04 1.241883027891e-01
2.660703517588e-04 2.947110450100e-01 2.660703517588e-04 2.873713574459e-01 2.660703517588e-04 2.004902724004e-01 2.660703517588e-04 9.375000000000e-02 2.660703517588e-04 1.241618327421e-01
2.682512562814e-04 2.941791341689e-01 2.682512562814e-04 2.874563234525e-01 2.682512562814e-04 2.004934734603e-01 2.682512562814e-04 9.375000000000e-02 2.682512562814e-04 1.241432952943e-01
2.704321608040e-04 2.936971148726e-01 2.704321608040e-04 2.875245200296e-01 2.704321608040e-04 2.004956211610e-01 2.704321608040e-04 9.375000000000e-02 2.704321608040e-04 1.241303145112e-01
2.726130653266e-04 2.932657425043e-01 2.726130653266e-04 2.875792283259e-01 2.726130653266e-04 2.004970621066e-01 2.726130653266e-04 9.375000000000e-02 2.726130653266e-04 1.241212253320e-01
2.747939698492e-04 2.928837936206e-01 2.747939698492e-04 2.876230983980e-01 2.747939698492e-04 2.004980288688e-01 2.747939698492e-04 9.375000000000e-02 2.747939698492e-04 1.241148612935e-01
2.769748743719e-04 2.925486805145e-01 2.769748743719e-04 2.876582664998e-01 2.769748743719e-04 2.004986774926e-01 2.769748743719e-04 9.375000000000e-02 2.769748743719e-04 1.241104054187e-01
2.791557788945e-04 2.922569596434e-01 2.791557788945e-04 2.876864521050e-01 2.791557788945e-04 2.004991126722e-01 2.791557788945e-04 9.375000000000e-02 2.791557788945e-04 1.241072855936e-01
2.813366834171e-04 2.920047300063e-01 2.813366834171e-04 2.877090375832e-01 2.813366834171e-04 2.004994046485e-01 2.813366834171e-04 9.375000000000e-02 2.813366834171e-04 1.241051012153e-01
2.835175879397e-04 2.917879298778e-01 2.835175879397e-04 2.877271332610e-01 2.835175879397e-04 2.004996005466e-01 2.835175879397e-04 9.375000000000e-02 2.835175879397e-04 1.241035717919e-01
2.856984924623e-04 2.916025465175e-01 2.856984924623e-04 2.877416303177e-01 2.856984924623e-04 2.004997319834e-01 2.856984924623e-04 9.375000000000e-02 2.856984924623e-04 1.241025009359e-01
2.878793969849e-04 2.914447554646e-01 2.878793969849e-04 2.877532436408e-01 2.878793969849e-04 2.004998201708e-01 2.878793969849e-04 9.375000000000e-02 2.878793969849e-04 1.241017511479e-01
2.900603015075e-04 2.913110054521e-01 2.900603015075e-04 2.877625464550e-01 2.900603015075e-04 2.004998793406e-01 2.900603015075e-04 9.375000000000e-02 2.900603015075e-04 1.241012261591e-01
2.922412060302e-04 2.911980630429e-01 2.922412060302e-04 2.877699982454e-01 2.922412060302e-04 2.004999190411e-01 2.922412060302e-04 9.375000000000e-02 2.922412060302e-04 1.241008585672e-01
2.944221105528e-04 2.911030286550e-01 2.944221105528e-04 2.877759672358e-01 2.944221105528e-04 2.004999456788e-01 2.944221105528e-04 9.375000000000e-02 2.944221105528e-04 1.241006011806e-01
2.966030150754e-04 2.910233331760e-01 2.966030150754e-04 2.877807484614e-01 2.966030150754e-04 2.004999635518e-01 2.966030150754e-04 9.375000000000e-02 2.966030150754e-04 1.241004209578e-01
2.987839195980e-04 2.909567221567e-01 2.987839195980e-04 2.877845782849e-01 2.987839195980e-04 2.004999755440e-01 2.987839195980e-04 9.375000000000e-02 2.987839195980e-04 1.241002947642e-01
3.009648241206e-04 2.909012327088e-01 3.009648241206e-04 2.877876460467e-01 3.009648241206e-04 2.004999835905e-01 3.009648241206e-04 9.375000000000e-02 3.009648241206e-04 1.241002064018e-01
3.031457286432e-04 2.908551667422e-01 3.031457286432e-04 2.877901034105e-01 3.031457286432e-04 2.004999889895e-01 3.031457286432e-04 9.375000000000e-02 3.031457286432e-04 1.241001445287e-01
3.053266331658e-04 2.908170630321e-01 3.053266331658e-04 2.877920718553e-01 3.053266331658e-04 2.004999926121e-01 3.053266331658e-04 9.375000000000e-02 3.053266331658e-04 1.241001012038e-01
3.075075376884e-04 2.907856697448e-01 3.075075376884e-04 2.877936486808e-01 3.075075376884e-04 2.004999950429e-01 3.075075376884e-04 9.375000000000e-02 3.075075376884e-04 1.241000708666e-01
3.096884422111e-04 2.907599184289e-01 3.096884422111e-04 2.877949118194e-01 3.096884422111e-04 2.004999966738e-01 3.096884422111e-04 9.375000000000e-02 3.096884422111e-04 1.241000496235e-01
3.118693467337e-04 2.907389000391e-01 3.118693467337e-04 2.877959236912e-01 3.118693467337e-04 2.004999977682e-01 3.118693467337e-04 9.375000000000e-02 3.118693467337e-04 1.241000347484e-01
3.140502512563e-04 2.907218432563e-01 3.140502512563e-04 2.877967342920e-01 3.140502512563e-04 2.004999985025e-01 3.140502512563e-04 9.375000000000e-02 3.140502512563e-04 1.241000243323e-01
3.162311557789e-04 2.907080951668e-01 3.162311557789e-04 2.877973836670e-01 3.162311557789e-04 2.004999989952e-01 3.162311557789e-04 9.375000000000e-02 3.162311557789e-04 1.241000170386e-01
3.184120603015e-04 2.906971042346e-01 3.184120603015e-04 2.877979038914e-01 3.184120603015e-04 2.004999993258e-01 3.184120603015e-04 9.375000000000e-02 3.184120603015e-04 1.241000119312e-01
3.205929648241e-04 2.906884054285e-01 3.205929648241e-04 2.877983206574e-01 3.205929648241e-04 2.004999995476e-01 3.205929648241e-04 9.375000000000e-02 3.205929648241e-04 1.241000083548e-01
3.227738693467e-04 2.906816073193e-01 3.227738693467e-04 2.877986545447e-01 3.227738693467e-04 2.004999996964e-01 3.227738693467e-04 9.375000000000e-02 3.227738693467e-04 1.241000058504e-01
3.249547738693e-04 2.906763809517e-01 3.249547738693e-04 2.877989220382e-01 3.249547738693e-04 2.004999997963e-01 3.249547738693e-04 9.375000000000e-02 3.249547738693e-04 1.241000040967e-01
3.271356783920e-04 2.906724502888e-01 3.271356783920e-04 2.877991363430e-01 3.271356783920e-04 2.004999998633e-01 3.271356783920e-04 9.375000000000e-02 3.271356783920e-04 1.241000028687e-01
3.293165829146e-04 2.906695840397e-01 3.293165829146e-04 2.877993080372e-01 3.293165829146e-04 2.004999999083e-01 3.293165829146e-04 9.375000000000e-02 3.293165829146e-04 1.241000020088e-01
3.314974874372e-04 2.906675886900e-01 3.314974874372e-04 2.877994455946e-01 3.314974874372e-04 2.004999999385e-01 3.314974874372e-04 9.375000000000e-02 3.314974874372e-04 1.241000014067e-01
3.336783919598e-04 2.906663025748e-01 3.336783919598e-04 2.877995558035e-01 3.336783919598e-04 2.004999999587e-01 3.336783919598e-04 9.375000000000e-02 3.336783919598e-04 1.241000009850e-01
3.358592964824e-04 2.906655908486e-01 3.358592964824e-04 2.877996441020e-01 3.358592964824e-04 2.004999999723e-01 3.358592964824e-04 9.375000000000e-02 3.358592964824e-04 1.241000006898e-01
3.380402010050e-04 2.906653412238e-01 3.380402010050e-04 2.877997148466e-01 3.380402010050e-04 2.004999999814e-01 3.380402010050e-04 9.375000000000e-02 3.380402010050e-04 1.241000004830e-01
3.402211055276e-04 2.906654603671e-01 3.402211055276e-04 2.877997715276e-01 3.402211055276e-04 2.004999999875e-01 3.402211055276e-04 9.375000000000e-02 3.402211055276e-04 1.241000003382e-01
3.424020100503e-04 2.906658708551e-01 3.424020100503e-04 2.877998169410e-01 3.424020100503e-04 2.004999999916e-01 3.424020100503e-04 9.375000000000e-02 3.424020100503e-04 1.241000002369e-01
3.445829145729e-04 2.906665086058e-01 3.445829145729e-04 2.877998533269e-01 3.445829145729e-04 2.004999999944e-01 3.445829145729e-04 9.375000000000e-02 3.445829145729e-04 1.241000001659e-01
3.467638190955e-04 2.906673207140e-01 3.467638190955e-04 2.877998824801e-01 3.467638190955e-04 2.004999999962e-01 3.467638190955e-04 9.375000000000e-02 3.467638190955e-04 1.241000001161e-01
3.489447236181e-04 2.906682636278e-01 3.489447236181e-04 2.877999058383e-01 3.489447236181e-04 2.004999999975e-01 3.489447236181e-04 9.375000000000e-02 3.489447236181e-04 1.241000000813e-01
3.511256281407e-04 2.906693016156e-01 3.511256281407e-04 2.877999245536e-01 3.511256281407e-04 2.004999999983e-01 3.511256281407e-04 9.375000000000e-02 3.511256281407e-04 1.241000000570e-01
3.533065326633e-04 2.906704054754e-01 3.533065326633e-04 2.877999395489e-01 3.533065326633e-04 2.004999999989e-01 3.533065326633e-04 9.375000000000e-02 3.533065326633e-04 1.241000000399e-01
3.554874371859e-04 2.906715514519e-01 3.554874371859e-04 2.877999515637e-01 3.554874371859e-04 2.004999999992e-01 3.554874371859e-04 9.375000000000e-02 3.554874371859e-04 1.241000000279e-01
3.576683417085e-04 2.906727203263e-01 3.576683417085e-04 2.877999611905e-01 3.576683417085e-04 2.004999999995e-01 3.576683417085e-04 9.375000000000e-02 3.576683417085e-04 1.241000000196e-01
3.598492462312e-04 2.906738966533e-01 3.598492462312e-04 2.877999689038e-01 3.598492462312e-04 2.004999999997e-01 3.598492462312e-04 9.375000000000e-02 3.598492462312e-04 1.241000000137e-01
3.620301507538e-04 2.906750681204e-01 3.620301507538e-04 2.877999750841e-01 3.620301507538e-04 2.004999999998e-01 3.620301507538e-04 9.375000000000e-02 3.620301507538e-04 1.241000000096e-01
3.642110552764e-04 2.906762250119e-01 3.642110552764e-04 2.877999800360e-01 3.642110552764e-04 2.004999999998e-01 3.642110552764e-04 9.375000000000e-02 3.642110552764e-04 1.241000000067e-01
3.663919597990e-04 2.906773597594e-01 3.663919597990e-04 2.877999840037e-01 3.663919597990e-04 2.004999999999e-01 3.663919597990e-04 9.375000000000e-02 3.663919597990e-04 1.241000000047e-01
3.685728643216e-04 2.906784665665e-01 3.685728643216e-04 2.877999871829e-01 3.685728643216e-04 2.004999999999e-01 3.685728643216e-04 9.375000000000e-02 3.685728643216e-04 1.241000000033e-01
3.707537688442e-04 2.906795410941e-01 3.707537688442e-04 2.877999897302e-01 3.707537688442e-04 2.005000000000e-01 3.707537688442e-04 9.375000000000e-02 3.707537688442e-04 1.241000000023e-01
3.729346733668e-04 2.906805801982e-01 3.729346733668e-04 2.877999917712e-01 3.729346733668e-04 2.005000000000e-01 3.729346733668e-04 9.375000000000e-02 3.729346733668e-04 1.241000000016e-01
3.751155778894e-04 2.906815817107e-01 3.751155778894e-04 2.877999934066e-01 3.751155778894e-04 2.005000000000e-01 3.751155778894e-04 9.375000000000e-02 3.751155778894e-04 1.241000000011e-01
3.772964824121e-04 2.906825442573e-01 3.772964824121e-04 2.877999947169e-01 3.772964824121e-04 2.005000000000e-01 3.772964824121e-04 9.375000000000e-02 3.772964824121e-04 1.241000000008e-01
3.794773869347e-04 2.906834671050e-01 3.794773869347e-04 2.877999957669e-01 3.794773869347e-04 2.005000000000e-01 3.794773869347e-04 9.375000000000e-02 3.794773869347e-04 1.241000000006e-01
3.816582914573e-04 2.906843500362e-01 3.816582914573e-04 2.877999966082e-01 3.816582914573e-04 2.005000000000e-01 3.816582914573e-04 9.375000000000e-02 3.816582914573e-04 1.241000000004e-01
3.838391959799e-04 2.906851932436e-01 3.838391959799e-04 2.877999972822e-01 3.838391959799e-04 2.005000000000e-01 3.838391959799e-04 9.375000000000e-02 3.838391959799e-04 1.241000000003e-01
3.860201005025e-04 2.906859972436e-01 3.860201005025e-04 2.877999978224e-01 3.860201005025e-04 2.005000000000e-01 3.860201005025e-04 9.375000000000e-02 3.860201005025e-04 1.241000000002e-01
3.882010050251e-04 2.906867628042e-01 3.882010050251e-04 2.877999982551e-01 3.882010050251e-04 2.005000000000e-01 3.882010050251e-04 9.375000000000e-02 3.882010050251e-04 1.241000000001e-01
3.903819095477e-04 2.906874908858e-01 3.903819095477e-04 2.877999986019e-01 3.903819095477e-04 2.005000000000e-01 3.903819095477e-04 9.375000000000e-02 3.903819095477e-04 1.241000000001e-01
3.925628140704e-04 2.906881825929e-01 3.925628140704e-04 2.877999988798e-01 3.925628140704e-04 2.005000000000e-01 3.925628140704e-04 9.375000000000e-02 3.925628140704e-04 1.241000000001e-01
3.947437185930e-04 2.906888391337e-01 3.947437185930e-04 2.877999991024e-01 3.947437185930e-04 2.005000000000e-01 3.947437185930e-04 9.375000000000e-02 3.947437185930e-04 1.241000000000e-01
3.969246231156e-04 2.906894617878e-01 3.969246231156e-04 2.877999992808e-01 3.969246231156e-04 2.005000000000e-01 3.969246231156e-04 9.375000000000e-02 3.969246231156e-04 1.241000000000e-01
3.991055276382e-04 2.906900518794e-01 3.991055276382e-04 2.877999994237e-01 3.991055276382e-04 2.005000000000e-01 3.991055276382e-04 9.375000000000e-02 3.991055276382e-04 1.241000000000e-01
4.012864321608e-04 2.906906107564e-01 4.012864321608e-04 2.877999995382e-01 4.012864321608e-04 2.005000000000e-01 4.012864321608e-04 9.375000000000e-02 4.012864321608e-04 1.241000000000e-01
4.034673366834e-04 2.906911397727e-01 4.034673366834e-04 2.877999996300e-01 4.034673366834e-04 2.005000000000e-01 4.034673366834e-04 9.375000000000e-02 4.034673366834e-04 1.241000000000e-01
4.056482412060e-04 2.906916402750e-01 4.056482412060e-04 2.877999997035e-01 4.056482412060e-04 2.005000000000e-01 4.056482412060e-04 9.375000000000e-02 4.056482412060e-04 1.241000000000e-01
4.078291457286e-04 2.906921135915e-01 4.078291457286e-04 2.877999997624e-01 4.078291457286e-04 2.005000000000e-01 4.078291457286e-04 9.375000000000e-02 4.078291457286e-04 1.241000000000e-01
4.100100502513e-04 2.906925610242e-01 4.100100502513e-04 2.877999998097e-01 4.100100502513e-04 2.005000000000e-01 4.100100502513e-04 9.375000000000e-02 4.100100502513e-04 1.241000000000e-01
4.121909547739e-04 2.906929838416e-01 4.121909547739e-04 2.877999998475e-01 4.121909547739e-04 2.005000000000e-01 4.121909547739e-04 9.375000000000e-02 4.121909547739e-04 1.241000000000e-01
4.143718592965e-04 2.906933832750e-01 4.143718592965e-04 2.877999998778e-01 4.143718592965e-04 2.005000000000e-01 4.143718592965e-04 9.375000000000e-02 4.143718592965e-04 1.241000000000e-01
4.165527638191e-04 2.906937605142e-01 4.165527638191e-04 2.877999999021e-01 4.165527638191e-04 2.005000000000e-01 4.165527638191e-04 9.375000000000e-02 4.165527638191e-04 1.241000000000e-01
4.187336683417e-04 2.906941167055e-01 4.187336683417e-04 2.877999999215e-01 4.187336683417e-04 2.005000000000e-01 4.187336683417e-04 9.375000000000e-02 4.187336683417e-04 1.241000000000e-01
4.209145728643e-04 2.906944529503e-01 4.209145728643e-04 2.877999999371e-01 4.209145728643e-04 2.005000000000e-01 4.209145728643e-04 9.375000000000e-02 4.209145728643e-04 1.241000000000e-01
4.230954773869e-04 2.906947703043e-01 4.230954773869e-04 2.877999999496e-01 4.230954773869e-04 2.005000000000e-01 4.230954773869e-04 9.375000000000e-02 4.230954773869e-04 1.241000000000e-01
4.252763819095e-04 2.906950697771e-01 4.252763819095e-04 2.877999999596e-01 4.252763819095e-04 2.005000000000e-01 4.252763819095e-04 9.375000000000e-02 4.252763819095e-04 1.241000000000e-01
4.274572864322e-04 2.906953523329e-01 4.274572864322e-04 2.877999999677e-01 4.274572864322e-04 2.005000000000e-01 4.274572864322e-04 9.375000000000e-02 4.274572864322e-04 1.241000000000e-01
4.296381909548e-04 2.906956188908e-01 4.296381909548e-04 2.877999999741e-01 4.296381909548e-04 2.005000000000e-01 4.296381909548e-04 9.375000000000e-02 4.296381909548e-04 1.241000000000e-01
4.318190954774e-04 2.906958703258e-01 4.318190954774e-04 2.877999999792e-01 4.318190954774e-04 2.005000000000e-01 4.318190954774e-04 9.375000000000e-02 4.318190954774e-04 1.241000000000e-01
4.340000000000e-04 2.906961074699e-01 4.340000000000e-04 2.877999999834e-01 4.340000000000e-04 2.005000000000e-01 4.340000000000e-04 9.375000000000e-02 4.340000000000e-04 1.241000000000e-01
