0.000000000000e+00 3.179000000000e-01 0.000000000000e+00 1.828001419545e-01 0.000000000000e+00 3.024999999988e-01 0.000000000000e+00 1.927000000000e-01
1.884422110553e-06 3.179000000000e-01 1.884422110553e-06 1.828001622853e-01 1.884422110553e-06 3.024999999985e-01 1.884422110553e-06 1.927000000000e-01
3.768844221106e-06 3.179000000000e-01 3.768844221106e-06 1.828001855279e-01 3.768844221106e-06 3.024999999981e-01 3.768844221106e-06 1.927000000000e-01
5.653266331658e-06 3.179000000000e-01 5.653266331658e-06 1.828002120993e-01 5.653266331658e-06 3.024999999976e-01 5.653266331658e-06 1.927000000000e-01
7.537688442211e-06 3.179000000000e-01 7.537688442211e-06 1.828002424762e-01 7.537688442211e-06 3.024999999970e-01 7.537688442211e-06 1.927000000000e-01
9.422110552764e-06 3.179000000000e-01 9.422110552764e-06 1.828002772037e-01 9.422110552764e-06 3.024999999962e-01 9.422110552764e-06 1.927000000000e-01
1.130653266332e-05 3.179000000000e-01 1.130653266332e-05 1.828003169049e-01 1.130653266332e-05 3.024999999951e-01 1.130653266332e-05 1.927000000000e-01
1.319095477387e-05 3.179000000000e-01 1.319095477387e-05 1.828003622921e-01 1.319095477387e-05 3.024999999938e-01 1.319095477387e-05 1.927000000000e-01
1.507537688442e-05 3.179000000000e-01 1.507537688442e-05 1.828004141796e-01 1.507537688442e-05 3.024999999922e-01 1.507537688442e-05 1.927000000000e-01
1.695979899497e-05 3.179000000000e-01 1.695979899497e-05 1.828004734983e-01 1.695979899497e-05 3.024999999900e-01 1.695979899497e-05 1.927000000000e-01
1.884422110553e-05 3.179000000000e-01 1.884422110553e-05 1.828005413127e-01 1.884422110553e-05 3.024999999874e-01 1.884422110553e-05 1.927000000000e-01
2.072864321608e-05 3.179000000000e-01 2.072864321608e-05 1.828006188393e-01 2.072864321608e-05 3.024999999840e-01 2.072864321608e-05 1.927000000000e-01
2.261306532663e-05 3.179000000000e-01 2.261306532663e-05 1.828007074691e-01 2.261306532663e-05 3.024999999797e-01 2.261306532663e-05 1.927000000000e-01
2.449748743719e-05 3.179000000000e-01 2.449748743719e-05 1.828008087923e-01 2.449748743719e-05 3.024999999742e-01 2.449748743719e-05 1.927000000000e-01
2.638190954774e-05 3.179000000000e-01 2.638190954774e-05 1.828009246268e-01 2.638190954774e-05 3.024999999673e-01 2.638190954774e-05 1.927000000000e-01
2.826633165829e-05 3.179000000000e-01 2.826633165829e-05 1.828010570508e-01 2.826633165829e-05 3.024999999585e-01 2.826633165829e-05 1.927000000000e-01
3.015075376884e-05 3.179000000000e-01 3.015075376884e-05 1.828012084400e-01 3.015075376884e-05 3.024999999473e-01 3.015075376884e-05 1.927000000000e-01
3.203517587940e-05 3.179000000000e-01 3.203517587940e-05 1.828013815107e-01 3.203517587940e-05 3.024999999332e-01 3.203517587940e-05 1.927000000000e-01
3.391959798995e-05 3.179000000000e-01 3.391959798995e-05 1.828015793676e-01 3.391959798995e-05 3.024999999152e-01 3.391959798995e-05 1.927000000000e-01
3.580402010050e-05 3.179000000000e-01 3.580402010050e-05 1.828018055606e-01 3.580402010050e-05 3.024999998924e-01 3.580402010050e-05 1.927000000000e-01
3.768844221106e-05 3.179000000000e-01 3.768844221106e-05 1.828020641474e-01 3.768844221106e-05 3.024999998634e-01 3.768844221106e-05 1.927000000000e-01
3.957286432161e-05 3.179000000000e-01 3.957286432161e-05 1.828023597671e-01 3.957286432161e-05 3.024999998266e-01 3.957286432161e-05 1.927000000000e-01
4.145728643216e-05 3.179000000000e-01 4.145728643216e-05 1.828026977229e-01 4.145728643216e-05 3.024999997799e-01 4.145728643216e-05 1.927000000000e-01
4.334170854271e-05 3.179000000000e-01 4.334170854271e-05 1.828030840773e-01 4.334170854271e-05 3.024999997205e-01 4.334170854271e-05 1.927000000000e-01
4.522613065327e-05 3.179000000000e-01 4.522613065327e-05 1.828035257610e-01 4.522613065327e-05 3.024999996451e-01 4.522613065327e-05 1.927000000000e-01
4.711055276382e-05 3.179000000000e-01 4.711055276382e-05 1.828040306967e-01 4.711055276382e-05 3.024999995493e-01 4.711055276382e-05 1.927000000000e-01
4.899497487437e-05 3.179000000000e-01 4.899497487437e-05 1.828046079416e-01 4.899497487437e-05 3.024999994275e-01 4.899497487437e-05 1.927000000000e-01
5.087939698492e-05 3.179000000000e-01 5.087939698492e-05 1.828052678494e-01 5.087939698492e-05 3.024999992728e-01 5.087939698492e-05 1.927000000000e-01
5.276381909548e-05 3.179000000000e-01 5.276381909548e-05 1.828060222559e-01 5.276381909548e-05 3.024999990761e-01 5.276381909548e-05 1.927000000000e-01
5.464824120603e-05 3.179000000000e-01 5.464824120603e-05 1.828068846910e-01 5.464824120603e-05 3.024999988260e-01 5.464824120603e-05 1.927000000000e-01
5.653266331658e-05 3.179000000000e-01 5.653266331658e-05 1.828078706213e-01 5.653266331658e-05 3.024999985080e-01 5.653266331658e-05 1.927000000000e-01
5.841708542714e-05 3.179000000000e-01 5.841708542714e-05 1.828089977266e-01 5.841708542714e-05 3.024999981034e-01 5.841708542714e-05 1.927000000000e-01
6.030150753769e-05 3.179000000000e-01 6.030150753769e-05 1.828102862168e-01 6.030150753769e-05 3.024999975887e-01 6.030150753769e-05 1.927000000000e-01
6.218592964824e-05 3.179000000000e-01 6.218592964824e-05 1.828117591934e-01 6.218592964824e-05 3.024999969337e-01 6.218592964824e-05 1.927000000000e-01
6.407035175879e-05 3.179000000000e-01 6.407035175879e-05 1.828134430627e-01 6.407035175879e-05 3.024999960998e-01 6.407035175879e-05 1.927000000000e-01
6.595477386935e-05 3.179000000000e-01 6.595477386935e-05 1.828153680083e-01 6.595477386935e-05 3.024999950380e-01 6.595477386935e-05 1.927000000000e-01
6.783919597990e-05 3.179000000000e-01 6.783919597990e-05 1.828175685303e-01 6.783919597990e-05 3.024999936855e-01 6.783919597990e-05 1.927000000000e-01
6.972361809045e-05 3.179000000000e-01 6.972361809045e-05 1.828200840616e-01 6.972361809045e-05 3.024999919620e-01 6.972361809045e-05 1.927000000000e-01
7.160804020101e-05 3.179000000000e-01 7.160804020101e-05 1.828229596724e-01 7.160804020101e-05 3.024999897652e-01 7.160804020101e-05 1.927000000000e-01
7.349246231156e-05 3.179000000000e-01 7.349246231156e-05 1.828262468734e-01 7.349246231156e-05 3.024999869640e-01 7.349246231156e-05 1.927000000000e-01
7.537688442211e-05 3.179000000000e-01 7.537688442211e-05 1.828300045350e-01 7.537688442211e-05 3.024999833905e-01 7.537688442211e-05 1.927000000000e-01
7.726130653266e-05 3.179000000000e-01 7.726130653266e-05 1.828342999350e-01 7.726130653266e-05 3.024999788298e-01 7.726130653266e-05 1.927000000000e-01
7.914572864322e-05 3.179000000000e-01 7.914572864322e-05 1.828392099561e-01 7.914572864322e-05 3.024999730066e-01 7.914572864322e-05 1.927000000000e-01
8.103015075377e-05 3.179000000000e-01 8.103015075377e-05 1.828448224519e-01 8.103015075377e-05 3.024999655678e-01 8.103015075377e-05 1.927000000000e-01
8.291457286432e-05 3.179000000000e-01 8.291457286432e-05 1.828512378060e-01 8.291457286432e-05 3.024999560600e-01 8.291457286432e-05 1.927000000000e-01
8.479899497487e-05 3.179000000000e-01 8.479899497487e-05 1.828585707107e-01 8.479899497487e-05 3.024999439013e-01 8.479899497487e-05 1.927000000000e-01
8.668341708543e-05 3.179000000000e-01 8.668341708543e-05 1.828669521955e-01 8.668341708543e-05 3.024999283434e-01 8.668341708543e-05 1.927000000000e-01
8.856783919598e-05 3.179000000000e-01 8.856783919598e-05 1.828765319405e-01 8.856783919598e-05 3.024999084237e-01 8.856783919598e-05 1.927000000000e-01
9.045226130653e-05 3.179000000000e-01 9.045226130653e-05 1.828874809120e-01 9.045226130653e-05 3.024998829028e-01 9.045226130653e-05 1.927000000000e-01
9.233668341709e-05 3.179000000000e-01 9.233668341709e-05 1.828999943658e-01 9.233668341709e-05 3.024998501832e-01 9.233668341709e-05 1.927000000000e-01
9.422110552764e-05 3.179000000000e-01 9.422110552764e-05 1.829142952668e-01 9.422110552764e-05 3.024998082041e-01 9.422110552764e-05 1.927000000000e-01
9.610552763819e-05 3.179000000000e-01 9.610552763819e-05 1.829306381806e-01 9.610552763819e-05 3.024997543042e-01 9.610552763819e-05 1.927000000000e-01
9.798994974874e-05 3.179000000000e-01 9.798994974874e-05 1.829493136992e-01 9.798994974874e-05 3.024996850432e-01 9.798994974874e-05 1.927000000000e-01
9.987437185930e-05 3.179000000000e-01 9.987437185930e-05 1.829706534708e-01 9.987437185930e-05 3.024995959690e-01 9.987437185930e-05 1.927000000000e-01
1.017587939698e-04 3.179000000000e-01 1.017587939698e-04 1.829950359116e-01 1.017587939698e-04 3.024994813135e-01 1.017587939698e-04 1.927000000000e-01
1.036432160804e-04 3.179000000000e-01 1.036432160804e-04 1.830228926845e-01 1.036432160804e-04 3.024993335954e-01 1.036432160804e-04 1.927000000000e-01
1.055276381910e-04 3.179000000000e-01 1.055276381910e-04 1.830547160423e-01 1.055276381910e-04 3.024991430995e-01 1.055276381910e-04 1.927000000000e-01
1.074120603015e-04 3.179000000000e-01 1.074120603015e-04 1.830910671373e-01 1.074120603015e-04 3.024988971946e-01 1.074120603015e-04 1.927000000000e-01
1.092964824121e-04 3.179000000000e-01 1.092964824121e-04 1.831325854139e-01 1.092964824121e-04 3.024985794377e-01 1.092964824121e-04 1.927000000000e-01
1.111809045226e-04 3.179000000000e-01 1.111809045226e-04 1.831799992072e-01 1.111809045226e-04 3.024981683968e-01 1.111809045226e-04 1.927000000000e-01
1.130653266332e-04 3.179000000000e-01 1.130653266332e-04 1.832341376794e-01 1.130653266332e-04 3.024976361011e-01 1.130653266332e-04 1.927000000000e-01
1.149497487437e-04 3.179000000000e-01 1.149497487437e-04 1.832959442376e-01 1.149497487437e-04 3.024969459981e-01 1.149497487437e-04 1.927000000000e-01
1.168341708543e-04 3.179000000000e-01 1.168341708543e-04 1.833664915772e-01 1.168341708543e-04 3.024960502578e-01 1.168341708543e-04 1.927000000000e-01
1.187185929648e-04 3.179000000000e-01 1.187185929648e-04 1.834469985063e-01 1.187185929648e-04 3.024948862095e-01 1.187185929648e-04 1.927000000000e-01
1.206030150754e-04 3.179000000000e-01 1.206030150754e-04 1.835388486997e-01 1.206030150754e-04 3.024933716267e-01 1.206030150754e-04 1.927000000000e-01
1.224874371859e-04 3.179000000000e-01 1.224874371859e-04 1.836436115342e-01 1.224874371859e-04 3.024913984801e-01 1.224874371859e-04 1.927000000000e-01
1.243718592965e-04 3.179000000000e-01 1.243718592965e-04 1.837630651418e-01 1.243718592965e-04 3.024888246499e-01 1.243718592965e-04 1.927000000000e-01
1.262562814070e-04 3.179000000000e-01 1.262562814070e-04 1.838992218042e-01 1.262562814070e-04 3.024854629194e-01 1.262562814070e-04 1.927000000000e-01
1.281407035176e-04 3.179000000000e-01 1.281407035176e-04 1.840543557847e-01 1.281407035176e-04 3.024810663391e-01 1.281407035176e-04 1.927000000000e-01
1.300251256281e-04 3.179000000000e-01 1.300251256281e-04 1.842310336598e-01 1.300251256281e-04 3.024753087477e-01 1.300251256281e-04 1.927000000000e-01
1.319095477387e-04 3.179000000000e-01 1.319095477387e-04 1.844321471696e-01 1.319095477387e-04 3.024677588188e-01 1.319095477387e-04 1.927000000000e-01
1.337939698492e-04 3.179000000000e-01 1.337939698492e-04 1.846609485542e-01 1.337939698492e-04 3.024578454564e-01 1.337939698492e-04 1.927000000000e-01
1.356783919598e-04 3.179000000000e-01 1.356783919598e-04 1.849210882904e-01 1.356783919598e-04 3.024448116213e-01 1.356783919598e-04 1.927000000000e-01
1.375628140704e-04 3.179000000000e-01 1.375628140704e-04 1.852166550944e-01 1.375628140704e-04 3.024276526913e-01 1.375628140704e-04 1.927000000000e-01
1.394472361809e-04 3.179000000000e-01 1.394472361809e-04 1.855522180280e-01 1.394472361809e-04 3.024050341572e-01 1.394472361809e-04 1.927000000000e-01
1.413316582915e-04 3.179000000000e-01 1.413316582915e-04 1.859328705626e-01 1.413316582915e-04 3.023751817367e-01 1.413316582915e-04 1.927000000000e-01
1.432160804020e-04 3.179000000000e-01 1.432160804020e-04 1.863642765542e-01 1.432160804020e-04 3.023357347463e-01 1.432160804020e-04 1.927000000000e-01
1.451005025126e-04 3.179000000000e-01 1.451005025126e-04 1.868527183116e-01 1.451005025126e-04 3.022835506735e-01 1.451005025126e-04 1.927000000000e-01
1.469849246231e-04 3.179000000000e-01 1.469849246231e-04 1.874051473773e-01 1.469849246231e-04 3.022144452292e-01 1.469849246231e-04 1.927000000000e-01
1.488693467337e-04 3.179000000000e-01 1.488693467337e-04 1.880292393713e-01 1.488693467337e-04 3.021228476615e-01 1.488693467337e-04 1.927000000000e-01
1.507537688442e-04 3.179000000000e-01 1.507537688442e-04 1.887334553916e-01 1.507537688442e-04 3.020013458654e-01 1.507537688442e-04 1.927000000000e-01
1.526381909548e-04 3.179000000000e-01 1.526381909548e-04 1.895271141261e-01 1.526381909548e-04 3.018400902199e-01 1.526381909548e-04 1.927000000000e-01
1.545226130653e-04 3.179000000000e-01 1.545226130653e-04 1.904204811148e-01 1.545226130653e-04 3.016260201896e-01 1.545226130653e-04 1.927000000000e-01
1.564070351759e-04 3.179000000000e-01 1.564070351759e-04 1.914248845155e-01 1.564070351759e-04 3.013418758154e-01 1.564070351759e-04 1.927000000000e-01
1.582914572864e-04 3.179000000000e-01 1.582914572864e-04 1.925528700973e-01 1.582914572864e-04 3.009649617691e-01 1.582914572864e-04 1.927000000000e-01
1.601758793970e-04 3.179000000000e-01 1.601758793970e-04 1.938184114986e-01 1.601758793970e-04 3.004656527244e-01 1.601758793970e-04 1.927000000000e-01
1.620603015075e-04 3.179000000000e-01 1.620603015075e-04 1.952371938719e-01 1.620603015075e-04 2.998056789544e-01 1.620603015075e-04 1.927000000000e-01
1.639447236181e-04 3.179000000000e-01 1.639447236181e-04 1.968269877266e-01 1.639447236181e-04 2.989363308635e-01 1.639447236181e-04 1.927000000000e-01
1.658291457286e-04 3.179000000000e-01 1.658291457286e-04 1.986081213659e-01 1.658291457286e-04 2.977968972559e-01 1.658291457286e-04 1.927000000000e-01
1.677135678392e-04 3.179000000000e-01 1.677135678392e-04 2.006040390016e-01 1.677135678392e-04 2.963139286743e-01 1.677135678392e-04 1.927000000000e-01
1.695979899497e-04 3.179000000000e-01 1.695979899497e-04 2.028418893004e-01 1.695979899497e-04 2.944022897001e-01 1.695979899497e-04 1.927000000000e-01
1.714824120603e-04 3.179000000000e-01 1.714824120603e-04 2.053530159580e-01 1.714824120603e-04 2.919693450947e-01 1.714824120603e-04 1.927000000000e-01
1.733668341709e-04 3.179000000000e-01 1.733668341709e-04 2.081731094942e-01 1.733668341709e-04 2.889237622865e-01 1.733668341709e-04 1.927000000000e-01
1.752512562814e-04 3.179000000000e-01 1.752512562814e-04 2.113416284121e-01 1.752512562814e-04 2.851898398448e-01 1.752512562814e-04 1.927000000000e-01
1.771356783920e-04 3.179000000000e-01 1.771356783920e-04 2.148999326195e-01 1.771356783920e-04 2.807264432358e-01 1.771356783920e-04 1.927000000000e-01
1.790201005025e-04 3.179000000000e-01 1.790201005025e-04 2.188874628441e-01 1.790201005025e-04 2.755464598073e-01 1.790201005025e-04 1.927000000000e-01
1.809045226131e-04 3.179000000000e-01 1.809045226131e-04 2.233353827903e-01 1.809045226131e-04 2.697294036618e-01 1.809045226131e-04 1.927000000000e-01
1.827889447236e-04 3.179000000000e-01 1.827889447236e-04 2.282575672646e-01 1.827889447236e-04 2.634192051893e-01 1.827889447236e-04 1.927000000000e-01
1.846733668342e-04 3.179000000000e-01 1.846733668342e-04 2.336398254713e-01 1.846733668342e-04 2.568038938976e-01 1.846733668342e-04 1.927000000000e-01
1.865577889447e-04 3.179000000000e-01 1.865577889447e-04 2.394297104266e-01 1.865577889447e-04 2.500827553575e-01 1.865577889447e-04 1.927000000000e-01
1.884422110553e-04 3.179000000000e-01 1.884422110553e-04 2.455306192454e-01 1.884422110553e-04 2.434337696619e-01 1.884422110553e-04 1.927000000000e-01
1.903266331658e-04 3.179000000000e-01 1.903266331658e-04 2.518040951844e-01 1.903266331658e-04 2.369937267100e-01 1.903266331658e-04 1.927000000000e-01
1.922110552764e-04 3.179000000000e-01 1.922110552764e-04 2.580823667121e-01 1.922110552764e-04 2.308555175154e-01 1.922110552764e-04 1.927000000000e-01
1.940954773869e-04 3.179000000000e-01 1.940954773869e-04 2.641893960371e-01 1.940954773869e-04 2.250780120884e-01 1.940954773869e-04 1.927000000000e-01
1.959798994975e-04 3.179000000000e-01 1.959798994975e-04 2.699648789777e-01 1.959798994975e-04 2.196996966195e-01 1.959798994975e-04 1.927000000000e-01
1.978643216080e-04 3.179000000000e-01 1.978643216080e-04 2.752841608130e-01 1.978643216080e-04 2.147488589458e-01 1.978643216080e-04 1.927000000000e-01
1.997487437186e-04 3.179000000000e-01 1.997487437186e-04 2.800689384104e-01 1.997487437186e-04 2.102475826552e-01 1.997487437186e-04 1.927000000000e-01
2.016331658291e-04 3.179000000000e-01 2.016331658291e-04 2.842876046893e-01 2.016331658291e-04 2.062107491466e-01 2.016331658291e-04 1.927000000000e-01
2.035175879397e-04 3.179000000000e-01 2.035175879397e-04 2.879477022080e-01 2.035175879397e-04 2.026430167043e-01 2.035175879397e-04 1.927000000000e-01
2.054020100503e-04 3.179000000000e-01 2.054020100503e-04 2.910845505092e-01 2.054020100503e-04 1.995364782642e-01 2.054020100503e-04 1.927000000000e-01
2.072864321608e-04 3.179000000000e-01 2.072864321608e-04 2.937496954880e-01 2.072864321608e-04 1.968703927471e-01 2.072864321608e-04 1.927000000000e-01
2.091708542714e-04 3.179000000000e-01 2.091708542714e-04 2.960014005109e-01 2.091708542714e-04 1.946130451301e-01 2.091708542714e-04 1.927000000000e-01
2.110552763819e-04 3.179000000000e-01 2.110552763819e-04 2.978979586021e-01 2.110552763819e-04 1.927249805134e-01 2.110552763819e-04 1.927000000000e-01
2.129396984925e-04 3.179000000000e-01 2.129396984925e-04 2.994936503220e-01 2.129396984925e-04 1.911626553194e-01 2.129396984925e-04 1.927000000000e-01
2.148241206030e-04 3.179000000000e-01 2.148241206030e-04 3.008367451895e-01 2.148241206030e-04 1.898817482765e-01 2.148241206030e-04 1.927000000000e-01
2.167085427136e-04 3.179000000000e-01 2.167085427136e-04 3.019688787174e-01 2.167085427136e-04 1.888397156169e-01 2.167085427136e-04 1.927000000000e-01
2.185929648241e-04 3.179000000000e-01 2.185929648241e-04 3.029252468429e-01 2.185929648241e-04 1.879974803231e-01 2.185929648241e-04 1.927000000000e-01
2.204773869347e-04 3.179000000000e-01 2.204773869347e-04 3.037352180352e-01 2.204773869347e-04 1.873203420369e-01 2.204773869347e-04 1.927000000000e-01
2.223618090452e-04 3.179000000000e-01 2.223618090452e-04 3.044231072238e-01 2.223618090452e-04 1.867782835893e-01 2.223618090452e-04 1.927000000000e-01
2.242462311558e-04 3.179000000000e-01 2.242462311558e-04 3.050089637429e-01 2.242462311558e-04 1.863458643688e-01 2.242462311558e-04 1.927000000000e-01
2.261306532663e-04 3.179000000000e-01 2.261306532663e-04 3.055092977473e-01 2.261306532663e-04 1.860018650060e-01 2.261306532663e-04 1.927000000000e-01
2.280150753769e-04 3.179000000000e-01 2.280150753769e-04 3.059377137767e-01 2.280150753769e-04 1.857288078860e-01 2.280150753769e-04 1.927000000000e-01
2.298994974874e-04 3.179000000000e-01 2.298994974874e-04 3.063054449990e-01 2.298994974874e-04 1.855124386167e-01 2.298994974874e-04 1.927000000000e-01
2.317839195980e-04 3.179000000000e-01 2.317839195980e-04 3.066217942537e-01 2.317839195980e-04 1.853412212657e-01 2.317839195980e-04 1.927000000000e-01
2.336683417085e-04 3.179000000000e-01 2.336683417085e-04 3.068944933755e-01 2.336683417085e-04 1.852058764551e-01 2.336683417085e-04 1.927000000000e-01
2.355527638191e-04 3.179000000000e-01 2.355527638191e-04 3.071299936602e-01 2.355527638191e-04 1.850989753912e-01 2.355527638191e-04 1.927000000000e-01
2.374371859296e-04 3.179000000000e-01 2.374371859296e-04 3.073336997305e-01 2.374371859296e-04 1.850145928971e-01 2.374371859296e-04 1.927000000000e-01
2.393216080402e-04 3.179000000000e-01 2.393216080402e-04 3.075101575935e-01 2.393216080402e-04 1.849480167790e-01 2.393216080402e-04 1.927000000000e-01
2.412060301508e-04 3.179000000000e-01 2.412060301508e-04 3.076632059768e-01 2.412060301508e-04 1.848955079660e-01 2.412060301508e-04 1.927000000000e-01
2.430904522613e-04 3.179000000000e-01 2.430904522613e-04 3.077960983891e-01 2.430904522613e-04 1.848541047409e-01 2.430904522613e-04 1.927000000000e-01
2.449748743719e-04 3.179000000000e-01 2.449748743719e-04 3.079116018915e-01 2.449748743719e-04 1.848214642966e-01 2.449748743719e-04 1.927000000000e-01
2.468592964824e-04 3.179000000000e-01 2.468592964824e-04 3.080120773519e-01 2.468592964824e-04 1.847957353239e-01 2.468592964824e-04 1.927000000000e-01
2.487437185930e-04 3.179000000000e-01 2.487437185930e-04 3.080995449503e-01 2.487437185930e-04 1.847754560552e-01 2.487437185930e-04 1.927000000000e-01
2.506281407035e-04 3.179000000000e-01 2.506281407035e-04 3.081757379071e-01 2.506281407035e-04 1.847594729886e-01 2.506281407035e-04 1.927000000000e-01
2.525125628141e-04 3.179000000000e-01 2.525125628141e-04 3.082421467729e-01 2.525125628141e-04 1.847468762843e-01 2.525125628141e-04 1.927000000000e-01
2.543969849246e-04 3.179000000000e-01 2.543969849246e-04 3.083000561199e-01 2.543969849246e-04 1.847369485291e-01 2.543969849246e-04 1.927000000000e-01
2.562814070352e-04 3.179000000000e-01 2.562814070352e-04 3.083505750903e-01 2.562814070352e-04 1.847291241728e-01 2.562814070352e-04 1.927000000000e-01
2.581658291457e-04 3.179000000000e-01 2.581658291457e-04 3.083946629477e-01 2.581658291457e-04 1.847229574546e-01 2.581658291457e-04 1.927000000000e-01
2.600502512563e-04 3.179000000000e-01 2.600502512563e-04 3.084331505476e-01 2.600502512563e-04 1.847180970696e-01 2.600502512563e-04 1.927000000000e-01
2.619346733668e-04 3.179000000000e-01 2.619346733668e-04 3.084667584534e-01 2.619346733668e-04 1.847142661723e-01 2.619346733668e-04 1.927000000000e-01
2.638190954774e-04 3.179000000000e-01 2.638190954774e-04 3.084961122830e-01 2.638190954774e-04 1.847112466029e-01 2.638190954774e-04 1.927000000000e-01
2.657035175879e-04 3.179000000000e-01 2.657035175879e-04 3.085217557553e-01 2.657035175879e-04 1.847088664492e-01 2.657035175879e-04 1.927000000000e-01
2.675879396985e-04 3.179000000000e-01 2.675879396985e-04 3.085441618183e-01 2.675879396985e-04 1.847069902418e-01 2.675879396985e-04 1.927000000000e-01
2.694723618090e-04 3.179000000000e-01 2.694723618090e-04 3.085637421694e-01 2.694723618090e-04 1.847055112268e-01 2.694723618090e-04 1.927000000000e-01
2.713567839196e-04 3.179000000000e-01 2.713567839196e-04 3.085808554215e-01 2.713567839196e-04 1.847043452766e-01 2.713567839196e-04 1.927000000000e-01
2.732412060302e-04 3.179000000000e-01 2.732412060302e-04 3.085958141250e-01 2.732412060302e-04 1.847034260920e-01 2.732412060302e-04 1.927000000000e-01
2.751256281407e-04 3.179000000000e-01 2.751256281407e-04 3.086088908179e-01 2.751256281407e-04 1.847027014221e-01 2.751256281407e-04 1.927000000000e-01
2.770100502513e-04 3.179000000000e-01 2.770100502513e-04 3.086203232497e-01 2.770100502513e-04 1.847021300857e-01 2.770100502513e-04 1.927000000000e-01
2.788944723618e-04 3.179000000000e-01 2.788944723618e-04 3.086303188986e-01 2.788944723618e-04 1.847016796247e-01 2.788944723618e-04 1.927000000000e-01
2.807788944724e-04 3.179000000000e-01 2.807788944724e-04 3.086390588836e-01 2.807788944724e-04 1.847013244554e-01 2.807788944724e-04 1.927000000000e-01
2.826633165829e-04 3.179000000000e-01 2.826633165829e-04 3.086467013571e-01 2.826633165829e-04 1.847010444118e-01 2.826633165829e-04 1.927000000000e-01
2.845477386935e-04 3.179000000000e-01 2.845477386935e-04 3.086533844502e-01 2.845477386935e-04 1.847008235974e-01 2.845477386935e-04 1.927000000000e-01
2.864321608040e-04 3.179000000000e-01 2.864321608040e-04 3.086592288322e-01 2.864321608040e-04 1.847006494808e-01 2.864321608040e-04 1.927000000000e-01
2.883165829146e-04 3.179000000000e-01 2.883165829146e-04 3.086643399368e-01 2.883165829146e-04 1.847005121832e-01 2.883165829146e-04 1.927000000000e-01
2.902010050251e-04 3.179000000000e-01 2.902010050251e-04 3.086688099001e-01 2.902010050251e-04 1.847004039164e-01 2.902010050251e-04 1.927000000000e-01
2.920854271357e-04 3.179000000000e-01 2.920854271357e-04 3.086727192483e-01 2.920854271357e-04 1.847003185403e-01 2.920854271357e-04 1.927000000000e-01
2.939698492462e-04 3.179000000000e-01 2.939698492462e-04 3.086761383689e-01 2.939698492462e-04 1.847002512138e-01 2.939698492462e-04 1.927000000000e-01
2.958542713568e-04 3.179000000000e-01 2.958542713568e-04 3.086791287931e-01 2.958542713568e-04 1.847001981200e-01 2.958542713568e-04 1.927000000000e-01
2.977386934673e-04 3.179000000000e-01 2.977386934673e-04 3.086817443150e-01 2.977386934673e-04 1.847001562495e-01 2.977386934673e-04 1.927000000000e-01
2.996231155779e-04 3.179000000000e-01 2.996231155779e-04 3.086840319676e-01 2.996231155779e-04 1.847001232293e-01 2.996231155779e-04 1.927000000000e-01
3.015075376884e-04 3.179000000000e-01 3.015075376884e-04 3.086860328757e-01 3.015075376884e-04 1.847000971883e-01 3.015075376884e-04 1.927000000000e-01
3.033919597990e-04 3.179000000000e-01 3.033919597990e-04 3.086877829995e-01 3.033919597990e-04 1.847000766511e-01 3.033919597990e-04 1.927000000000e-01
3.052763819095e-04 3.179000000000e-01 3.052763819095e-04 3.086893137850e-01 3.052763819095e-04 1.847000604542e-01 3.052763819095e-04 1.927000000000e-01
3.071608040201e-04 3.179000000000e-01 3.071608040201e-04 3.086906527318e-01 3.071608040201e-04 1.847000476803e-01 3.071608040201e-04 1.927000000000e-01
3.090452261307e-04 3.179000000000e-01 3.090452261307e-04 3.086918238891e-01 3.090452261307e-04 1.847000376058e-01 3.090452261307e-04 1.927000000000e-01
3.109296482412e-04 3.179000000000e-01 3.109296482412e-04 3.086928482893e-01 3.109296482412e-04 1.847000296601e-01 3.109296482412e-04 1.927000000000e-01
3.128140703518e-04 3.179000000000e-01 3.128140703518e-04 3.086937443268e-01 3.128140703518e-04 1.847000233935e-01 3.128140703518e-04 1.927000000000e-01
3.146984924623e-04 3.179000000000e-01 3.146984924623e-04 3.086945280897e-01 3.146984924623e-04 1.847000184510e-01 3.146984924623e-04 1.927000000000e-01
3.165829145729e-04 3.179000000000e-01 3.165829145729e-04 3.086952136485e-01 3.165829145729e-04 1.847000145528e-01 3.165829145729e-04 1.927000000000e-01
3.184673366834e-04 3.179000000000e-01 3.184673366834e-04 3.086958133100e-01 3.184673366834e-04 1.847000114783e-01 3.184673366834e-04 1.927000000000e-01
3.203517587940e-04 3.179000000000e-01 3.203517587940e-04 3.086963378381e-01 3.203517587940e-04 1.847000090534e-01 3.203517587940e-04 1.927000000000e-01
3.222361809045e-04 3.179000000000e-01 3.222361809045e-04 3.086967966476e-01 3.222361809045e-04 1.847000071407e-01 3.222361809045e-04 1.927000000000e-01
3.241206030151e-04 3.179000000000e-01 3.241206030151e-04 3.086971979732e-01 3.241206030151e-04 1.847000056322e-01 3.241206030151e-04 1.927000000000e-01
3.260050251256e-04 3.179000000000e-01 3.260050251256e-04 3.086975490177e-01 3.260050251256e-04 1.847000044424e-01 3.260050251256e-04 1.927000000000e-01
3.278894472362e-04 3.179000000000e-01 3.278894472362e-04 3.086978560812e-01 3.278894472362e-04 1.847000035039e-01 3.278894472362e-04 1.927000000000e-01
3.297738693467e-04 3.179000000000e-01 3.297738693467e-04 3.086981246741e-01 3.297738693467e-04 1.847000027637e-01 3.297738693467e-04 1.927000000000e-01
3.316582914573e-04 3.179000000000e-01 3.316582914573e-04 3.086983596166e-01 3.316582914573e-04 1.847000021799e-01 3.316582914573e-04 1.927000000000e-01
3.335427135678e-04 3.179000000000e-01 3.335427135678e-04 3.086985651247e-01 3.335427135678e-04 1.847000017194e-01 3.335427135678e-04 1.927000000000e-01
3.354271356784e-04 3.179000000000e-01 3.354271356784e-04 3.086987448862e-01 3.354271356784e-04 1.847000013562e-01 3.354271356784e-04 1.927000000000e-01
3.373115577889e-04 3.179000000000e-01 3.373115577889e-04 3.086989021268e-01 3.373115577889e-04 1.847000010697e-01 3.373115577889e-04 1.927000000000e-01
3.391959798995e-04 3.179000000000e-01 3.391959798995e-04 3.086990396681e-01 3.391959798995e-04 1.847000008438e-01 3.391959798995e-04 1.927000000000e-01
3.410804020101e-04 3.179000000000e-01 3.410804020101e-04 3.086991599780e-01 3.410804020101e-04 1.847000006655e-01 3.410804020101e-04 1.927000000000e-01
3.429648241206e-04 3.179000000000e-01 3.429648241206e-04 3.086992652154e-01 3.429648241206e-04 1.847000005250e-01 3.429648241206e-04 1.927000000000e-01
3.448492462312e-04 3.179000000000e-01 3.448492462312e-04 3.086993572687e-01 3.448492462312e-04 1.847000004141e-01 3.448492462312e-04 1.927000000000e-01
3.467336683417e-04 3.179000000000e-01 3.467336683417e-04 3.086994377895e-01 3.467336683417e-04 1.847000003266e-01 3.467336683417e-04 1.927000000000e-01
3.486180904523e-04 3.179000000000e-01 3.486180904523e-04 3.086995082226e-01 3.486180904523e-04 1.847000002576e-01 3.486180904523e-04 1.927000000000e-01
3.505025125628e-04 3.179000000000e-01 3.505025125628e-04 3.086995698320e-01 3.505025125628e-04 1.847000002032e-01 3.505025125628e-04 1.927000000000e-01
3.523869346734e-04 3.179000000000e-01 3.523869346734e-04 3.086996237229e-01 3.523869346734e-04 1.847000001603e-01 3.523869346734e-04 1.927000000000e-01
3.542713567839e-04 3.179000000000e-01 3.542713567839e-04 3.086996708624e-01 3.542713567839e-04 1.847000001264e-01 3.542713567839e-04 1.927000000000e-01
3.561557788945e-04 3.179000000000e-01 3.561557788945e-04 3.086997120964e-01 3.561557788945e-04 1.847000000997e-01 3.561557788945e-04 1.927000000000e-01
3.580402010050e-04 3.179000000000e-01 3.580402010050e-04 3.086997481645e-01 3.580402010050e-04 1.847000000787e-01 3.580402010050e-04 1.927000000000e-01
3.599246231156e-04 3.179000000000e-01 3.599246231156e-04 3.086997797141e-01 3.599246231156e-04 1.847000000620e-01 3.599246231156e-04 1.927000000000e-01
3.618090452261e-04 3.179000000000e-01 3.618090452261e-04 3.086998073112e-01 3.618090452261e-04 1.847000000489e-01 3.618090452261e-04 1.927000000000e-01
3.636934673367e-04 3.179000000000e-01 3.636934673367e-04 3.086998314510e-01 3.636934673367e-04 1.847000000386e-01 3.636934673367e-04 1.927000000000e-01
3.655778894472e-04 3.179000000000e-01 3.655778894472e-04 3.086998525666e-01 3.655778894472e-04 1.847000000304e-01 3.655778894472e-04 1.927000000000e-01
3.674623115578e-04 3.179000000000e-01 3.674623115578e-04 3.086998710368e-01 3.674623115578e-04 1.847000000240e-01 3.674623115578e-04 1.927000000000e-01
3.693467336683e-04 3.179000000000e-01 3.693467336683e-04 3.086998871931e-01 3.693467336683e-04 1.847000000189e-01 3.693467336683e-04 1.927000000000e-01
3.712311557789e-04 3.179000000000e-01 3.712311557789e-04 3.086999013254e-01 3.712311557789e-04 1.847000000149e-01 3.712311557789e-04 1.927000000000e-01
3.731155778894e-04 3.179000000000e-01 3.731155778894e-04 3.086999136872e-01 3.731155778894e-04 1.847000000118e-01 3.731155778894e-04 1.927000000000e-01
3.750000000000e-04 3.179000000000e-01 3.750000000000e-04 3.086999245003e-01 3.750000000000e-04 1.847000000093e-01 3.750000000000e-04 1.927000000000e-01
