0.000000000000e+00 3.294000000000e-01 0.000000000000e+00 1.996000000000e-01 0.000000000000e+00 2.680998145801e-01 0.000000000000e+00 2.030000038002e-01
6.231155778894e-07 3.294000000000e-01 6.231155778894e-07 1.996000000000e-01 6.231155778894e-07 2.680997943654e-01 6.231155778894e-07 2.030000045193e-01
1.246231155779e-06 3.294000000000e-01 1.246231155779e-06 1.996000000000e-01 1.246231155779e-06 2.680997719021e-01 1.246231155779e-06 2.030000053745e-01
1.869346733668e-06 3.294000000000e-01 1.869346733668e-06 1.996000000000e-01 1.869346733668e-06 2.680997469287e-01 1.869346733668e-06 2.030000063915e-01
2.492462311558e-06 3.294000000000e-01 2.492462311558e-06 1.996000000000e-01 2.492462311558e-06 2.680997191507e-01 2.492462311558e-06 2.030000076009e-01
3.115577889447e-06 3.294000000000e-01 3.115577889447e-06 1.996000000000e-01 3.115577889447e-06 2.680996882353e-01 3.115577889447e-06 2.030000090392e-01
3.738693467337e-06 3.294000000000e-01 3.738693467337e-06 1.996000000000e-01 3.738693467337e-06 2.680996538062e-01 3.738693467337e-06 2.030000107497e-01
4.361809045226e-06 3.294000000000e-01 4.361809045226e-06 1.996000000000e-01 4.361809045226e-06 2.680996154368e-01 4.361809045226e-06 2.030000127838e-01
4.984924623116e-06 3.294000000000e-01 4.984924623116e-06 1.996000000000e-01 4.984924623116e-06 2.680995726417e-01 4.984924623116e-06 2.030000152029e-01
5.608040201005e-06 3.294000000000e-01 5.608040201005e-06 1.996000000000e-01 5.608040201005e-06 2.680995248681e-01 5.608040201005e-06 2.030000180796e-01
6.231155778894e-06 3.294000000000e-01 6.231155778894e-06 1.996000000000e-01 6.231155778894e-06 2.680994714838e-01 6.231155778894e-06 2.030000215008e-01
6.854271356784e-06 3.294000000000e-01 6.854271356784e-06 1.996000000000e-01 6.854271356784e-06 2.680994117643e-01 6.854271356784e-06 2.030000255693e-01
7.477386934673e-06 3.294000000000e-01 7.477386934673e-06 1.996000000000e-01 7.477386934673e-06 2.680993448763e-01 7.477386934673e-06 2.030000304077e-01
8.100502512563e-06 3.294000000000e-01 8.100502512563e-06 1.996000000000e-01 8.100502512563e-06 2.680992698586e-01 8.100502512563e-06 2.030000361616e-01
8.723618090452e-06 3.294000000000e-01 8.723618090452e-06 1.996000000000e-01 8.723618090452e-06 2.680991855986e-01 8.723618090452e-06 2.030000430043e-01
9.346733668342e-06 3.294000000000e-01 9.346733668342e-06 1.996000000000e-01 9.346733668342e-06 2.680990908041e-01 9.346733668342e-06 2.030000511419e-01
9.969849246231e-06 3.294000000000e-01 9.969849246231e-06 1.996000000000e-01 9.969849246231e-06 2.680989839687e-01 9.969849246231e-06 2.030000608192e-01
1.059296482412e-05 3.294000000000e-01 1.059296482412e-05 1.996000000000e-01 1.059296482412e-05 2.680988633306e-01 1.059296482412e-05 2.030000723278e-01
1.121608040201e-05 3.294000000000e-01 1.121608040201e-05 1.996000000000e-01 1.121608040201e-05 2.680987268216e-01 1.121608040201e-05 2.030000860141e-01
1.183919597990e-05 3.294000000000e-01 1.183919597990e-05 1.996000000000e-01 1.183919597990e-05 2.680985720054e-01 1.183919597990e-05 2.030001022902e-01
1.246231155779e-05 3.294000000000e-01 1.246231155779e-05 1.996000000000e-01 1.246231155779e-05 2.680983960017e-01 1.246231155779e-05 2.030001216462e-01
1.308542713568e-05 3.294000000000e-01 1.308542713568e-05 1.996000000000e-01 1.308542713568e-05 2.680981953943e-01 1.308542713568e-05 2.030001446648e-01
1.370854271357e-05 3.294000000000e-01 1.370854271357e-05 1.996000000000e-01 1.370854271357e-05 2.680979661172e-01 1.370854271357e-05 2.030001720391e-01
1.433165829146e-05 3.294000000000e-01 1.433165829146e-05 1.996000000000e-01 1.433165829146e-05 2.680977033161e-01 1.433165829146e-05 2.030002045933e-01
1.495477386935e-05 3.294000000000e-01 1.495477386935e-05 1.996000000000e-01 1.495477386935e-05 2.680974011778e-01 1.495477386935e-05 2.030002433075e-01
1.557788944724e-05 3.294000000000e-01 1.557788944724e-05 1.996000000000e-01 1.557788944724e-05 2.680970527209e-01 1.557788944724e-05 2.030002893475e-01
1.620100502513e-05 3.294000000000e-01 1.620100502513e-05 1.996000000000e-01 1.620100502513e-05 2.680966495385e-01 1.620100502513e-05 2.030003440994e-01
1.682412060302e-05 3.294000000000e-01 1.682412060302e-05 1.996000000000e-01 1.682412060302e-05 2.680961814817e-01 1.682412060302e-05 2.030004092117e-01
1.744723618090e-05 3.294000000000e-01 1.744723618090e-05 1.996000000000e-01 1.744723618090e-05 2.680956362710e-01 1.744723618090e-05 2.030004866447e-01
1.807035175879e-05 3.294000000000e-01 1.807035175879e-05 1.996000000000e-01 1.807035175879e-05 2.680949990182e-01 1.807035175879e-05 2.030005787299e-01
1.869346733668e-05 3.294000000000e-01 1.869346733668e-05 1.996000000000e-01 1.869346733668e-05 2.680942516379e-01 1.869346733668e-05 2.030006882398e-01
1.931658291457e-05 3.294000000000e-01 1.931658291457e-05 1.996000000000e-01 1.931658291457e-05 2.680933721254e-01 1.931658291457e-05 2.030008184713e-01
1.993969849246e-05 3.294000000000e-01 1.993969849246e-05 1.996000000000e-01 1.993969849246e-05 2.680923336677e-01 1.993969849246e-05 2.030009733455e-01
2.056281407035e-05 3.294000000000e-01 2.056281407035e-05 1.996000000000e-01 2.056281407035e-05 2.680911035529e-01 2.056281407035e-05 2.030011575251e-01
2.118592964824e-05 3.294000000000e-01 2.118592964824e-05 1.995999999999e-01 2.118592964824e-05 2.680896418305e-01 2.118592964824e-05 2.030013765550e-01
2.180904522613e-05 3.294000000000e-01 2.180904522613e-05 1.995999999999e-01 2.180904522613e-05 2.680878996682e-01 2.180904522613e-05 2.030016370295e-01
2.243216080402e-05 3.294000000000e-01 2.243216080402e-05 1.995999999999e-01 2.243216080402e-05 2.680858173379e-01 2.243216080402e-05 2.030019467901e-01
2.305527638191e-05 3.294000000000e-01 2.305527638191e-05 1.995999999998e-01 2.305527638191e-05 2.680833217504e-01 2.305527638191e-05 2.030023151621e-01
2.367839195980e-05 3.294000000000e-01 2.367839195980e-05 1.995999999997e-01 2.367839195980e-05 2.680803234398e-01 2.367839195980e-05 2.030027532350e-01
2.430150753769e-05 3.294000000000e-01 2.430150753769e-05 1.995999999995e-01 2.430150753769e-05 2.680767128816e-01 2.430150753769e-05 2.030032741958e-01
2.492462311558e-05 3.294000000000e-01 2.492462311558e-05 1.995999999992e-01 2.492462311558e-05 2.680723560034e-01 2.492462311558e-05 2.030038937265e-01
2.554773869347e-05 3.294000000000e-01 2.554773869347e-05 1.995999999989e-01 2.554773869347e-05 2.680670887205e-01 2.554773869347e-05 2.030046304749e-01
2.617085427136e-05 3.294000000000e-01 2.617085427136e-05 1.995999999983e-01 2.617085427136e-05 2.680607103001e-01 2.617085427136e-05 2.030055066162e-01
2.679396984925e-05 3.294000000000e-01 2.679396984925e-05 1.995999999974e-01 2.679396984925e-05 2.680529753199e-01 2.679396984925e-05 2.030065485192e-01
2.741708542714e-05 3.294000000000e-01 2.741708542714e-05 1.995999999960e-01 2.741708542714e-05 2.680435839498e-01 2.741708542714e-05 2.030077875390e-01
2.804020100503e-05 3.294000000000e-01 2.804020100503e-05 1.995999999940e-01 2.804020100503e-05 2.680321702451e-01 2.804020100503e-05 2.030092609595e-01
2.866331658291e-05 3.294000000000e-01 2.866331658291e-05 1.995999999908e-01 2.866331658291e-05 2.680182880929e-01 2.866331658291e-05 2.030110131132e-01
2.928643216080e-05 3.294000000000e-01 2.928643216080e-05 1.995999999861e-01 2.928643216080e-05 2.680013944131e-01 2.928643216080e-05 2.030130967120e-01
2.990954773869e-05 3.294000000000e-01 2.990954773869e-05 1.995999999790e-01 2.990954773869e-05 2.679808291776e-01 2.990954773869e-05 2.030155744297e-01
3.053266331658e-05 3.294000000000e-01 3.053266331658e-05 1.995999999682e-01 3.053266331658e-05 2.679557917857e-01 3.053266331658e-05 2.030185207812e-01
3.115577889447e-05 3.294000000000e-01 3.115577889447e-05 1.995999999517e-01 3.115577889447e-05 2.679253133328e-01 3.115577889447e-05 2.030220243562e-01
3.177889447236e-05 3.294000000000e-01 3.177889447236e-05 1.995999999269e-01 3.177889447236e-05 2.678882243436e-01 3.177889447236e-05 2.030261904716e-01
3.240201005025e-05 3.294000000000e-01 3.240201005025e-05 1.995999998892e-01 3.240201005025e-05 2.678431176480e-01 3.240201005025e-05 2.030311443230e-01
3.302512562814e-05 3.294000000000e-01 3.302512562814e-05 1.995999998321e-01 3.302512562814e-05 2.677883062692e-01 3.302512562814e-05 2.030370347253e-01
3.364824120603e-05 3.294000000000e-01 3.364824120603e-05 1.995999997456e-01 3.364824120603e-05 2.677217765486e-01 3.364824120603e-05 2.030440385539e-01
3.427135678392e-05 3.294000000000e-01 3.427135678392e-05 1.995999996144e-01 3.427135678392e-05 2.676411372941e-01 3.427135678392e-05 2.030523660151e-01
3.489447236181e-05 3.293999999999e-01 3.489447236181e-05 1.995999994157e-01 3.489447236181e-05 2.675435666325e-01 3.489447236181e-05 2.030622668984e-01
3.551758793970e-05 3.293999999998e-01 3.551758793970e-05 1.995999991146e-01 3.551758793970e-05 2.674257595694e-01 3.551758793970e-05 2.030740379905e-01
3.614070351759e-05 3.293999999997e-01 3.614070351759e-05 1.995999986582e-01 3.614070351759e-05 2.672838812265e-01 3.614070351759e-05 2.030880318633e-01
3.676381909548e-05 3.293999999994e-01 3.676381909548e-05 1.995999979667e-01 3.676381909548e-05 2.671135335068e-01 3.676381909548e-05 2.031046672856e-01
3.738693467337e-05 3.293999999988e-01 3.738693467337e-05 1.995999969186e-01 3.738693467337e-05 2.669097467895e-01 3.738693467337e-05 2.031244415520e-01
3.801005025126e-05 3.293999999977e-01 3.801005025126e-05 1.995999953304e-01 3.801005025126e-05 2.666670134132e-01 3.801005025126e-05 2.031479450732e-01
3.863316582915e-05 3.293999999956e-01 3.863316582915e-05 1.995999929234e-01 3.863316582915e-05 2.663793862612e-01 3.863316582915e-05 2.031758786332e-01
3.925628140704e-05 3.293999999915e-01 3.925628140704e-05 1.995999892753e-01 3.925628140704e-05 2.660406735696e-01 3.925628140704e-05 2.032090737908e-01
3.987939698492e-05 3.293999999838e-01 3.987939698492e-05 1.995999837460e-01 3.987939698492e-05 2.656447693339e-01 3.987939698492e-05 2.032485169856e-01
4.050251256281e-05 3.293999999690e-01 4.050251256281e-05 1.995999753648e-01 4.050251256281e-05 2.651861652805e-01 4.050251256281e-05 2.032953780148e-01
4.112562814070e-05 3.293999999407e-01 4.112562814070e-05 1.995999626593e-01 4.112562814070e-05 2.646606911430e-01 4.112562814070e-05 2.033510436736e-01
4.174874371859e-05 3.293999998865e-01 4.174874371859e-05 1.995999433954e-01 4.174874371859e-05 2.640665171787e-01 4.174874371859e-05 2.034171575171e-01
4.237185929648e-05 3.293999997831e-01 4.237185929648e-05 1.995999141819e-01 4.237185929648e-05 2.634054136083e-01 4.237185929648e-05 2.034956669213e-01
4.299497487437e-05 3.293999995853e-01 4.299497487437e-05 1.995998698667e-01 4.299497487437e-05 2.626841775950e-01 4.299497487437e-05 2.035888789231e-01
4.361809045226e-05 3.293999992071e-01 4.361809045226e-05 1.995998026161e-01 4.361809045226e-05 2.619159864180e-01 4.361809045226e-05 2.036995267636e-01
4.424120603015e-05 3.293999984840e-01 4.424120603015e-05 1.995997005026e-01 4.424120603015e-05 2.611211973881e-01 4.424120603015e-05 2.038308497208e-01
4.486432160804e-05 3.293999971015e-01 4.486432160804e-05 1.995995453330e-01 4.486432160804e-05 2.603267993263e-01 4.486432160804e-05 2.039866898556e-01
4.548743718593e-05 3.293999944584e-01 4.548743718593e-05 1.995993092866e-01 4.548743718593e-05 2.595634033014e-01 4.548743718593e-05 2.041716109412e-01
4.611055276382e-05 3.293999894050e-01 4.611055276382e-05 1.995989496765e-01 4.611055276382e-05 2.588585492877e-01 4.611055276382e-05 2.043910475092e-01
4.673366834171e-05 3.293999797436e-01 4.673366834171e-05 1.995984007009e-01 4.673366834171e-05 2.582255832167e-01 4.673366834171e-05 2.046514962937e-01
4.735678391960e-05 3.293999612719e-01 4.735678391960e-05 1.995975602954e-01 4.735678391960e-05 2.576489299881e-01 4.735678391960e-05 2.049607694705e-01
4.797989949749e-05 3.293999259560e-01 4.797989949749e-05 1.995962688377e-01 4.797989949749e-05 2.570695560735e-01 4.797989949749e-05 2.053283407355e-01
4.860301507538e-05 3.293998584359e-01 4.860301507538e-05 1.995942739920e-01 4.860301507538e-05 2.563782124780e-01 4.860301507538e-05 2.057658342430e-01
4.922613065327e-05 3.293997293452e-01 4.922613065327e-05 1.995911713492e-01 4.922613065327e-05 2.554264698138e-01 4.922613065327e-05 2.062877370448e-01
4.984924623116e-05 3.293994825382e-01 4.984924623116e-05 1.995863016520e-01 4.984924623116e-05 2.540629002251e-01 4.984924623116e-05 2.069124643499e-01
5.047236180905e-05 3.293990106680e-01 5.047236180905e-05 1.995785680526e-01 5.047236180905e-05 2.521912328957e-01 5.047236180905e-05 2.076639823429e-01
5.109547738693e-05 3.293981084649e-01 5.109547738693e-05 1.995661023760e-01 5.109547738693e-05 2.498313855795e-01 5.109547738693e-05 2.085743051991e-01
5.171859296482e-05 3.293963832025e-01 5.171859296482e-05 1.995456401015e-01 5.171859296482e-05 2.471529941176e-01 5.171859296482e-05 2.096873359857e-01
5.234170854271e-05 3.293930820470e-01 5.234170854271e-05 1.995113238197e-01 5.234170854271e-05 2.444565341175e-01 5.234170854271e-05 2.110646958568e-01
5.296482412060e-05 3.293867519478e-01 5.296482412060e-05 1.994523731966e-01 5.296482412060e-05 2.421014514621e-01 5.296482412060e-05 2.127942876908e-01
5.358793969849e-05 3.293745223134e-01 5.358793969849e-05 1.993485035890e-01 5.358793969849e-05 2.404095506699e-01 5.358793969849e-05 2.150020810272e-01
5.421105527638e-05 3.293502888365e-01 5.421105527638e-05 1.991609385183e-01 5.421105527638e-05 2.395845848168e-01 5.421105527638e-05 2.178662767154e-01
5.483417085427e-05 3.292983088746e-01 5.483417085427e-05 1.988152045083e-01 5.483417085427e-05 2.396772447828e-01 5.483417085427e-05 2.216292084016e-01
5.545728643216e-05 3.291617439624e-01 5.545728643216e-05 1.981704860927e-01 5.545728643216e-05 2.405993193370e-01 5.545728643216e-05 2.265942121714e-01
5.608040201005e-05 3.286596796789e-01 5.608040201005e-05 1.969748290628e-01 5.608040201005e-05 2.421698106064e-01 5.608040201005e-05 2.330826715932e-01
5.670351758794e-05 3.262644406692e-01 5.670351758794e-05 1.948357706875e-01 5.670351758794e-05 2.441693161009e-01 5.670351758794e-05 2.413214109128e-01
5.732663316583e-05 3.164260353077e-01 5.732663316583e-05 1.913210307720e-01 5.732663316583e-05 2.463848620037e-01 5.732663316583e-05 2.512622871362e-01
5.794974874372e-05 3.000524518309e-01 5.794974874372e-05 1.863467983493e-01 5.794974874372e-05 2.486376331299e-01 5.794974874372e-05 2.624269022869e-01
5.857286432161e-05 2.915303442842e-01 5.857286432161e-05 1.805955479218e-01 5.857286432161e-05 2.507942834904e-01 5.857286432161e-05 2.739468057233e-01
5.919597989950e-05 2.872627231404e-01 5.919597989950e-05 1.751433276359e-01 5.919597989950e-05 2.527665354060e-01 5.919597989950e-05 2.848639178829e-01
5.981909547739e-05 2.827323084431e-01 5.981909547739e-05 1.705501138066e-01 5.981909547739e-05 2.545043584255e-01 5.981909547739e-05 2.944948412867e-01
6.044221105528e-05 2.772673433233e-01 6.044221105528e-05 1.667125861067e-01 6.044221105528e-05 2.559868499529e-01 6.044221105528e-05 3.025895489465e-01
6.106532663317e-05 2.716273587501e-01 6.106532663317e-05 1.633549158230e-01 6.106532663317e-05 2.572133525989e-01 6.106532663317e-05 3.092412740243e-01
6.168844221106e-05 2.668384373587e-01 6.168844221106e-05 1.603427850064e-01 6.168844221106e-05 2.581960214682e-01 6.168844221106e-05 3.147025688016e-01
6.231155778894e-05 2.634124026694e-01 6.231155778894e-05 1.576912847616e-01 6.231155778894e-05 2.589541894403e-01 6.231155778894e-05 3.192437578309e-01
6.293467336683e-05 2.612512192738e-01 6.293467336683e-05 1.554628039425e-01 6.293467336683e-05 2.595104139256e-01 6.293467336683e-05 3.230872413151e-01
6.355778894472e-05 2.599943141353e-01 6.355778894472e-05 1.536875670009e-01 6.355778894472e-05 2.598878970725e-01 6.355778894472e-05 3.263941436441e-01
6.418090452261e-05 2.592976244398e-01 6.418090452261e-05 1.523411098797e-01 6.418090452261e-05 2.601089356677e-01 6.418090452261e-05 3.292740481592e-01
6.480402010050e-05 2.589217163288e-01 6.480402010050e-05 1.513598328497e-01 6.480402010050e-05 2.601940945994e-01 6.480402010050e-05 3.318001527079e-01
6.542713567839e-05 2.587218338087e-01 6.542713567839e-05 1.506659964502e-01 6.542713567839e-05 2.601618604504e-01 6.542713567839e-05 3.340224895424e-01
6.605025125628e-05 2.586163756268e-01 6.605025125628e-05 1.501860163018e-01 6.605025125628e-05 2.600285950547e-01 6.605025125628e-05 3.359773622967e-01
6.667336683417e-05 2.585609647387e-01 6.667336683417e-05 1.498590308553e-01 6.667336683417e-05 2.598086622181e-01 6.667336683417e-05 3.376933404694e-01
6.729648241206e-05 2.585319132650e-01 6.729648241206e-05 1.496386065923e-01 6.729648241206e-05 2.595146422341e-01 6.729648241206e-05 3.391947291709e-01
6.791959798995e-05 2.585166991322e-01 6.791959798995e-05 1.494910721484e-01 6.791959798995e-05 2.591575789394e-01 6.791959798995e-05 3.405033906239e-01
6.854271356784e-05 2.585087363020e-01 6.854271356784e-05 1.493927954183e-01 6.854271356784e-05 2.587472251366e-01 6.854271356784e-05 3.416395813084e-01
6.916582914573e-05 2.585045699857e-01 6.916582914573e-05 1.493275388219e-01 6.916582914573e-05 2.582922665796e-01 6.916582914573e-05 3.426222532382e-01
6.978894472362e-05 2.585023904391e-01 6.978894472362e-05 1.492842993350e-01 6.978894472362e-05 2.578005142769e-01 6.978894472362e-05 3.434690988030e-01
7.041206030151e-05 2.585012503391e-01 7.041206030151e-05 1.492556885375e-01 7.041206030151e-05 2.572790611029e-01 7.041206030151e-05 3.441965003974e-01
7.103517587940e-05 2.585006539902e-01 7.103517587940e-05 1.492367747206e-01 7.103517587940e-05 2.567344027546e-01 7.103517587940e-05 3.448194693990e-01
7.165829145729e-05 2.585003420670e-01 7.165829145729e-05 1.492242788991e-01 7.165829145729e-05 2.561725256607e-01 7.165829145729e-05 3.453516124903e-01
7.228140703518e-05 2.585001789161e-01 7.228140703518e-05 1.492160265599e-01 7.228140703518e-05 2.555989659979e-01 7.228140703518e-05 3.458051369836e-01
7.290452261307e-05 2.585000935808e-01 7.290452261307e-05 1.492105780793e-01 7.290452261307e-05 2.550188448561e-01 7.290452261307e-05 3.461908933079e-01
7.352763819095e-05 2.585000489467e-01 7.352763819095e-05 1.492069814229e-01 7.352763819095e-05 2.544368849529e-01 7.352763819095e-05 3.465184469827e-01
7.415075376884e-05 2.585000256012e-01 7.415075376884e-05 1.492046074626e-01 7.415075376884e-05 2.538574142754e-01 7.415075376884e-05 3.467961708525e-01
7.477386934673e-05 2.585000133905e-01 7.477386934673e-05 1.492030406547e-01 7.477386934673e-05 2.532843616949e-01 7.477386934673e-05 3.470313489693e-01
7.539698492462e-05 2.585000070038e-01 7.539698492462e-05 1.492020066154e-01 7.539698492462e-05 2.527212490273e-01 7.539698492462e-05 3.472302850294e-01
7.602010050251e-05 2.585000036633e-01 7.602010050251e-05 1.492013242068e-01 7.602010050251e-05 2.521711832712e-01 7.602010050251e-05 3.473984100191e-01
7.664321608040e-05 2.585000019160e-01 7.664321608040e-05 1.492008738642e-01 7.664321608040e-05 2.516368519067e-01 7.664321608040e-05 3.475403853401e-01
7.726633165829e-05 2.585000010022e-01 7.726633165829e-05 1.492005766733e-01 7.726633165829e-05 2.511205232590e-01 7.726633165829e-05 3.476601990433e-01
7.788944723618e-05 2.585000005242e-01 7.788944723618e-05 1.492003805522e-01 7.788944723618e-05 2.506240530802e-01 7.788944723618e-05 3.477612538475e-01
7.851256281407e-05 2.585000002742e-01 7.851256281407e-05 1.492002511294e-01 7.851256281407e-05 2.501488977397e-01 7.851256281407e-05 3.478464464013e-01
7.913567839196e-05 2.585000001434e-01 7.913567839196e-05 1.492001657221e-01 7.913567839196e-05 2.496961337731e-01 7.913567839196e-05 3.479182377800e-01
7.975879396985e-05 2.585000000750e-01 7.975879396985e-05 1.492001093611e-01 7.975879396985e-05 2.492664830514e-01 7.975879396985e-05 3.479787155734e-01
8.038190954774e-05 2.585000000392e-01 8.038190954774e-05 1.492000721680e-01 8.038190954774e-05 2.488603425013e-01 8.038190954774e-05 3.480296481281e-01
8.100502512563e-05 2.585000000205e-01 8.100502512563e-05 1.492000476241e-01 8.100502512563e-05 2.484778171210e-01 8.100502512563e-05 3.480725316315e-01
8.162814070352e-05 2.585000000107e-01 8.162814070352e-05 1.492000314274e-01 8.162814070352e-05 2.481187549880e-01 8.162814070352e-05 3.481086307615e-01
8.225125628141e-05 2.585000000056e-01 8.225125628141e-05 1.492000207391e-01 8.225125628141e-05 2.477827830058e-01 8.225125628141e-05 3.481390136292e-01
8.287437185930e-05 2.585000000029e-01 8.287437185930e-05 1.492000136859e-01 8.287437185930e-05 2.474693422659e-01 8.287437185930e-05 3.481645817051e-01
8.349748743719e-05 2.585000000015e-01 8.349748743719e-05 1.492000090314e-01 8.349748743719e-05 2.471777220801e-01 8.349748743719e-05 3.481860953740e-01
8.412060301508e-05 2.585000000008e-01 8.412060301508e-05 1.492000059599e-01 8.412060301508e-05 2.469070919419e-01 8.412060301508e-05 3.482041957001e-01
8.474371859296e-05 2.585000000004e-01 8.474371859296e-05 1.492000039329e-01 8.474371859296e-05 2.466565308760e-01 8.474371859296e-05 3.482194229276e-01
8.536683417085e-05 2.585000000002e-01 8.536683417085e-05 1.492000025954e-01 8.536683417085e-05 2.464250538327e-01 8.536683417085e-05 3.482322321781e-01
8.598994974874e-05 2.585000000001e-01 8.598994974874e-05 1.492000017127e-01 8.598994974874e-05 2.462116349526e-01 8.598994974874e-05 3.482430067505e-01
8.661306532663e-05 2.585000000001e-01 8.661306532663e-05 1.492000011302e-01 8.661306532663e-05 2.460152276698e-01 8.661306532663e-05 3.482520693756e-01
8.723618090452e-05 2.585000000000e-01 8.723618090452e-05 1.492000007458e-01 8.723618090452e-05 2.458347817364e-01 8.723618090452e-05 3.482596917307e-01
8.785929648241e-05 2.585000000000e-01 8.785929648241e-05 1.492000004922e-01 8.785929648241e-05 2.456692573352e-01 8.785929648241e-05 3.482661024758e-01
8.848241206030e-05 2.585000000000e-01 8.848241206030e-05 1.492000003248e-01 8.848241206030e-05 2.455176365055e-01 8.848241206030e-05 3.482714940369e-01
8.910552763819e-05 2.585000000000e-01 8.910552763819e-05 1.492000002143e-01 8.910552763819e-05 2.453789321432e-01 8.910552763819e-05 3.482760283274e-01
8.972864321608e-05 2.585000000000e-01 8.972864321608e-05 1.492000001414e-01 8.972864321608e-05 2.452521948517e-01 8.972864321608e-05 3.482798415726e-01
9.035175879397e-05 2.585000000000e-01 9.035175879397e-05 1.492000000933e-01 9.035175879397e-05 2.451365179246e-01 9.035175879397e-05 3.482830483750e-01
9.097487437186e-05 2.585000000000e-01 9.097487437186e-05 1.492000000616e-01 9.097487437186e-05 2.450310407291e-01 9.097487437186e-05 3.482857451393e-01
9.159798994975e-05 2.585000000000e-01 9.159798994975e-05 1.492000000406e-01 9.159798994975e-05 2.449349507468e-01 9.159798994975e-05 3.482880129573e-01
9.222110552764e-05 2.585000000000e-01 9.222110552764e-05 1.492000000268e-01 9.222110552764e-05 2.448474845042e-01 9.222110552764e-05 3.482899200361e-01
9.284422110553e-05 2.585000000000e-01 9.284422110553e-05 1.492000000177e-01 9.284422110553e-05 2.447679276023e-01 9.284422110553e-05 3.482915237436e-01
9.346733668342e-05 2.585000000000e-01 9.346733668342e-05 1.492000000117e-01 9.346733668342e-05 2.446956140318e-01 9.346733668342e-05 3.482928723286e-01
9.409045226131e-05 2.585000000000e-01 9.409045226131e-05 1.492000000077e-01 9.409045226131e-05 2.446299249325e-01 9.409045226131e-05 3.482940063694e-01
9.471356783920e-05 2.585000000000e-01 9.471356783920e-05 1.492000000051e-01 9.471356783920e-05 2.445702869356e-01 9.471356783920e-05 3.482949599923e-01
9.533668341709e-05 2.585000000000e-01 9.533668341709e-05 1.492000000034e-01 9.533668341709e-05 2.445161702043e-01 9.533668341709e-05 3.482957618969e-01
9.595979899497e-05 2.585000000000e-01 9.595979899497e-05 1.492000000022e-01 9.595979899497e-05 2.444670862687e-01 9.595979899497e-05 3.482964362185e-01
9.658291457286e-05 2.585000000000e-01 9.658291457286e-05 1.492000000015e-01 9.658291457286e-05 2.444225857346e-01 9.658291457286e-05 3.482970032537e-01
9.720603015075e-05 2.585000000000e-01 9.720603015075e-05 1.492000000010e-01 9.720603015075e-05 2.443822559288e-01 9.720603015075e-05 3.482974800707e-01
9.782914572864e-05 2.585000000000e-01 9.782914572864e-05 1.492000000006e-01 9.782914572864e-05 2.443457185325e-01 9.782914572864e-05 3.482978810228e-01
9.845226130653e-05 2.585000000000e-01 9.845226130653e-05 1.492000000004e-01 9.845226130653e-05 2.443126272424e-01 9.845226130653e-05 3.482982181801e-01
9.907537688442e-05 2.585000000000e-01 9.907537688442e-05 1.492000000003e-01 9.907537688442e-05 2.442826654882e-01 9.907537688442e-05 3.482985016922e-01
9.969849246231e-05 2.585000000000e-01 9.969849246231e-05 1.492000000002e-01 9.969849246231e-05 2.442555442309e-01 9.969849246231e-05 3.482987400945e-01
1.003216080402e-04 2.585000000000e-01 1.003216080402e-04 1.492000000001e-01 1.003216080402e-04 2.442309998554e-01 1.003216080402e-04 3.482989405640e-01
1.009447236181e-04 2.585000000000e-01 1.009447236181e-04 1.492000000001e-01 1.009447236181e-04 2.442087921701e-01 1.009447236181e-04 3.482991091363e-01
1.015678391960e-04 2.585000000000e-01 1.015678391960e-04 1.492000000001e-01 1.015678391960e-04 2.441887025185e-01 1.015678391960e-04 3.482992508865e-01
1.021909547739e-04 2.585000000000e-01 1.021909547739e-04 1.492000000000e-01 1.021909547739e-04 2.441705320062e-01 1.021909547739e-04 3.482993700822e-01
1.028140703518e-04 2.585000000000e-01 1.028140703518e-04 1.492000000000e-01 1.028140703518e-04 2.441540998442e-01 1.028140703518e-04 3.482994703122e-01
1.034371859296e-04 2.585000000000e-01 1.034371859296e-04 1.492000000000e-01 1.034371859296e-04 2.441392418066e-01 1.034371859296e-04 3.482995545941e-01
1.040603015075e-04 2.585000000000e-01 1.040603015075e-04 1.492000000000e-01 1.040603015075e-04 2.441258087998e-01 1.040603015075e-04 3.482996254654e-01
1.046834170854e-04 2.585000000000e-01 1.046834170854e-04 1.492000000000e-01 1.046834170854e-04 2.441136655386e-01 1.046834170854e-04 3.482996850600e-01
1.053065326633e-04 2.585000000000e-01 1.053065326633e-04 1.492000000000e-01 1.053065326633e-04 2.441026893255e-01 1.053065326633e-04 3.482997351722e-01
1.059296482412e-04 2.585000000000e-01 1.059296482412e-04 1.492000000000e-01 1.059296482412e-04 2.440927689266e-01 1.059296482412e-04 3.482997773107e-01
1.065527638191e-04 2.585000000000e-01 1.065527638191e-04 1.492000000000e-01 1.065527638191e-04 2.440838035390e-01 1.065527638191e-04 3.482998127442e-01
1.071758793970e-04 2.585000000000e-01 1.071758793970e-04 1.492000000000e-01 1.071758793970e-04 2.440757018447e-01 1.071758793970e-04 3.482998425398e-01
1.077989949749e-04 2.585000000000e-01 1.077989949749e-04 1.492000000000e-01 1.077989949749e-04 2.440683811432e-01 1.077989949749e-04 3.482998675943e-01
1.084221105528e-04 2.585000000000e-01 1.084221105528e-04 1.492000000000e-01 1.084221105528e-04 2.440617665601e-01 1.084221105528e-04 3.482998886623e-01
1.090452261307e-04 2.585000000000e-01 1.090452261307e-04 1.492000000000e-01 1.090452261307e-04 2.440557903231e-01 1.090452261307e-04 3.482999063780e-01
1.096683417085e-04 2.585000000000e-01 1.096683417085e-04 1.492000000000e-01 1.096683417085e-04 2.440503911025e-01 1.096683417085e-04 3.482999212749e-01
1.102914572864e-04 2.585000000000e-01 1.102914572864e-04 1.492000000000e-01 1.102914572864e-04 2.440455134104e-01 1.102914572864e-04 3.482999338014e-01
1.109145728643e-04 2.585000000000e-01 1.109145728643e-04 1.492000000000e-01 1.109145728643e-04 2.440411070536e-01 1.109145728643e-04 3.482999443347e-01
1.115376884422e-04 2.585000000000e-01 1.115376884422e-04 1.492000000000e-01 1.115376884422e-04 2.440371266358e-01 1.115376884422e-04 3.482999531920e-01
1.121608040201e-04 2.585000000000e-01 1.121608040201e-04 1.492000000000e-01 1.121608040201e-04 2.440335311053e-01 1.121608040201e-04 3.482999606399e-01
1.127839195980e-04 2.585000000000e-01 1.127839195980e-04 1.492000000000e-01 1.127839195980e-04 2.440302833448e-01 1.127839195980e-04 3.482999669028e-01
1.134070351759e-04 2.585000000000e-01 1.134070351759e-04 1.492000000000e-01 1.134070351759e-04 2.440273497980e-01 1.134070351759e-04 3.482999721691e-01
1.140301507538e-04 2.585000000000e-01 1.140301507538e-04 1.492000000000e-01 1.140301507538e-04 2.440247001315e-01 1.140301507538e-04 3.482999765975e-01
1.146532663317e-04 2.585000000000e-01 1.146532663317e-04 1.492000000000e-01 1.146532663317e-04 2.440223069281e-01 1.146532663317e-04 3.482999803212e-01
1.152763819095e-04 2.585000000000e-01 1.152763819095e-04 1.492000000000e-01 1.152763819095e-04 2.440201454084e-01 1.152763819095e-04 3.482999834525e-01
1.158994974874e-04 2.585000000000e-01 1.158994974874e-04 1.492000000000e-01 1.158994974874e-04 2.440181931792e-01 1.158994974874e-04 3.482999860855e-01
1.165226130653e-04 2.585000000000e-01 1.165226130653e-04 1.492000000000e-01 1.165226130653e-04 2.440164300052e-01 1.165226130653e-04 3.482999882995e-01
1.171457286432e-04 2.585000000000e-01 1.171457286432e-04 1.492000000000e-01 1.171457286432e-04 2.440148376020e-01 1.171457286432e-04 3.482999901612e-01
1.177688442211e-04 2.585000000000e-01 1.177688442211e-04 1.492000000000e-01 1.177688442211e-04 2.440133994491e-01 1.177688442211e-04 3.482999917268e-01
1.183919597990e-04 2.585000000000e-01 1.183919597990e-04 1.492000000000e-01 1.183919597990e-04 2.440121006208e-01 1.183919597990e-04 3.482999930432e-01
1.190150753769e-04 2.585000000000e-01 1.190150753769e-04 1.492000000000e-01 1.190150753769e-04 2.440109276327e-01 1.190150753769e-04 3.482999941501e-01
1.196381909548e-04 2.585000000000e-01 1.196381909548e-04 1.492000000000e-01 1.196381909548e-04 2.440098683028e-01 1.196381909548e-04 3.482999950809e-01
1.202613065327e-04 2.585000000000e-01 1.202613065327e-04 1.492000000000e-01 1.202613065327e-04 2.440089116269e-01 1.202613065327e-04 3.482999958636e-01
1.208844221106e-04 2.585000000000e-01 1.208844221106e-04 1.492000000000e-01 1.208844221106e-04 2.440080476642e-01 1.208844221106e-04 3.482999965218e-01
1.215075376884e-04 2.585000000000e-01 1.215075376884e-04 1.492000000000e-01 1.215075376884e-04 2.440072674355e-01 1.215075376884e-04 3.482999970752e-01
1.221306532663e-04 2.585000000000e-01 1.221306532663e-04 1.492000000000e-01 1.221306532663e-04 2.440065628300e-01 1.221306532663e-04 3.482999975406e-01
1.227537688442e-04 2.585000000000e-01 1.227537688442e-04 1.492000000000e-01 1.227537688442e-04 2.440059265219e-01 1.227537688442e-04 3.482999979320e-01
1.233768844221e-04 2.585000000000e-01 1.233768844221e-04 1.492000000000e-01 1.233768844221e-04 2.440053518942e-01 1.233768844221e-04 3.482999982610e-01
1.240000000000e-04 2.585000000000e-01 1.240000000000e-04 1.492000000000e-01 1.240000000000e-04 2.440048329705e-01 1.240000000000e-04 3.482999985377e-01
