0.000000000000e+00 3.242419436867e-01 0.000000000000e+00 1.933000276859e-01 0.000000000000e+00 1.690016459335e-01 0.000000000000e+00 3.126355480168e-01
2.236180904523e-06 3.242149203418e-01 2.236180904523e-06 1.933000326447e-01 2.236180904523e-06 1.690344157501e-01 2.236180904523e-06 3.125968137383e-01
4.472361809045e-06 3.241863053344e-01 4.472361809045e-06 1.933000384917e-01 4.472361809045e-06 1.690698384892e-01 4.472361809045e-06 3.125561435515e-01
6.708542713568e-06 3.241560055307e-01 6.708542713568e-06 1.933000453859e-01 6.708542713568e-06 1.691081254007e-01 6.708542713568e-06 3.125134434547e-01
8.944723618090e-06 3.241239224462e-01 8.944723618090e-06 1.933000535150e-01 8.944723618090e-06 1.691495039598e-01 8.944723618090e-06 3.124686151647e-01
1.118090452261e-05 3.240899519512e-01 1.118090452261e-05 1.933000631001e-01 1.118090452261e-05 1.691942190109e-01 1.118090452261e-05 3.124215559496e-01
1.341708542714e-05 3.240539839636e-01 1.341708542714e-05 1.933000744020e-01 1.341708542714e-05 1.692425339769e-01 1.341708542714e-05 3.123721584604e-01
1.565326633166e-05 3.240159021253e-01 1.565326633166e-05 1.933000877281e-01 1.565326633166e-05 1.692947321299e-01 1.565326633166e-05 3.123203105577e-01
1.788944723618e-05 3.239755834650e-01 1.788944723618e-05 1.933001034411e-01 1.788944723618e-05 1.693511179272e-01 1.788944723618e-05 3.122658951365e-01
2.012562814070e-05 3.239328980437e-01 2.012562814070e-05 1.933001219684e-01 2.012562814070e-05 1.694120184078e-01 2.012562814070e-05 3.122087899486e-01
2.236180904523e-05 3.238877085855e-01 2.236180904523e-05 1.933001438142e-01 2.236180904523e-05 1.694777846495e-01 2.236180904523e-05 3.121488674228e-01
2.459798994975e-05 3.238398700910e-01 2.459798994975e-05 1.933001695728e-01 2.459798994975e-05 1.695487932821e-01 2.459798994975e-05 3.120859944835e-01
2.683417085427e-05 3.237892294346e-01 2.683417085427e-05 1.933001999450e-01 2.683417085427e-05 1.696254480513e-01 2.683417085427e-05 3.120200323691e-01
2.907035175879e-05 3.237356249444e-01 2.907035175879e-05 1.933002357572e-01 2.907035175879e-05 1.697081814277e-01 2.907035175879e-05 3.119508364496e-01
3.130653266332e-05 3.236788859648e-01 3.130653266332e-05 1.933002779837e-01 3.130653266332e-05 1.697974562506e-01 3.130653266332e-05 3.118782560452e-01
3.354271356784e-05 3.236188324021e-01 3.354271356784e-05 1.933003277735e-01 3.354271356784e-05 1.698937673962e-01 3.354271356784e-05 3.118021342457e-01
3.577889447236e-05 3.235552742522e-01 3.577889447236e-05 1.933003864810e-01 3.577889447236e-05 1.699976434562e-01 3.577889447236e-05 3.117223077331e-01
3.801507537688e-05 3.234880111113e-01 3.801507537688e-05 1.933004557036e-01 3.801507537688e-05 1.701096484089e-01 3.801507537688e-05 3.116386066064e-01
4.025125628141e-05 3.234168316692e-01 4.025125628141e-05 1.933005373247e-01 4.025125628141e-05 1.702303832624e-01 4.025125628141e-05 3.115508542123e-01
4.248743718593e-05 3.233415131853e-01 4.248743718593e-05 1.933006335649e-01 4.248743718593e-05 1.703604876453e-01 4.248743718593e-05 3.114588669799e-01
4.472361809045e-05 3.232618209485e-01 4.472361809045e-05 1.933007470426e-01 4.472361809045e-05 1.705006413134e-01 4.472361809045e-05 3.113624542638e-01
4.695979899497e-05 3.231775077209e-01 4.695979899497e-05 1.933008808452e-01 4.695979899497e-05 1.706515655409e-01 4.695979899497e-05 3.112614181947e-01
4.919597989950e-05 3.230883131666e-01 4.919597989950e-05 1.933010386129e-01 4.919597989950e-05 1.708140243523e-01 4.919597989950e-05 3.111555535408e-01
5.143216080402e-05 3.229939632654e-01 5.143216080402e-05 1.933012246381e-01 5.143216080402e-05 1.709888255511e-01 5.143216080402e-05 3.110446475801e-01
5.366834170854e-05 3.228941697143e-01 5.366834170854e-05 1.933014439816e-01 5.366834170854e-05 1.711768214901e-01 5.366834170854e-05 3.109284799865e-01
5.590452261307e-05 3.227886293168e-01 5.590452261307e-05 1.933017026110e-01 5.590452261307e-05 1.713789095246e-01 5.590452261307e-05 3.108068227316e-01
5.814070351759e-05 3.226770233625e-01 5.814070351759e-05 1.933020075622e-01 5.814070351759e-05 1.715960320799e-01 5.814070351759e-05 3.106794400032e-01
6.037688442211e-05 3.225590169982e-01 6.037688442211e-05 1.933023671313e-01 6.037688442211e-05 1.718291762579e-01 6.037688442211e-05 3.105460881435e-01
6.261306532663e-05 3.224342585937e-01 6.261306532663e-05 1.933027911002e-01 6.261306532663e-05 1.720793729006e-01 6.261306532663e-05 3.104065156088e-01
6.484924623116e-05 3.223023791041e-01 6.484924623116e-05 1.933032910020e-01 6.484924623116e-05 1.723476950186e-01 6.484924623116e-05 3.102604629532e-01
6.708542713568e-05 3.221629914324e-01 6.708542713568e-05 1.933038804354e-01 6.708542713568e-05 1.726352554902e-01 6.708542713568e-05 3.101076628382e-01
6.932160804020e-05 3.220156897942e-01 6.932160804020e-05 1.933045754335e-01 6.932160804020e-05 1.729432039248e-01 6.932160804020e-05 3.099478400704e-01
7.155778894472e-05 3.218600490906e-01 7.155778894472e-05 1.933053949003e-01 7.155778894472e-05 1.732727225859e-01 7.155778894472e-05 3.097807116701e-01
7.379396984925e-05 3.216956242909e-01 7.379396984925e-05 1.933063611238e-01 7.379396984925e-05 1.736250212625e-01 7.379396984925e-05 3.096059869726e-01
7.603015075377e-05 3.215219498321e-01 7.603015075377e-05 1.933075003818e-01 7.603015075377e-05 1.740013309783e-01 7.603015075377e-05 3.094233677642e-01
7.826633165829e-05 3.213385390378e-01 7.826633165829e-05 1.933088436553e-01 7.826633165829e-05 1.744028964343e-01 7.826633165829e-05 3.092325484548e-01
8.050251256281e-05 3.211448835641e-01 8.050251256281e-05 1.933104274696e-01 8.050251256281e-05 1.748309670833e-01 8.050251256281e-05 3.090332162893e-01
8.273869346734e-05 3.209404528773e-01 8.273869346734e-05 1.933122948856e-01 8.273869346734e-05 1.752867867524e-01 8.273869346734e-05 3.088250515978e-01
8.497487437186e-05 3.207246937695e-01 8.497487437186e-05 1.933144966673e-01 8.497487437186e-05 1.757715817442e-01 8.497487437186e-05 3.086077280876e-01
8.721105527638e-05 3.204970299203e-01 8.721105527638e-05 1.933170926580e-01 8.721105527638e-05 1.762865473734e-01 8.721105527638e-05 3.083809131749e-01
8.944723618090e-05 3.202568615097e-01 8.944723618090e-05 1.933201534009e-01 8.944723618090e-05 1.768328329300e-01 8.944723618090e-05 3.081442683578e-01
9.168341708543e-05 3.200035648918e-01 9.168341708543e-05 1.933237620484e-01 9.168341708543e-05 1.774115250977e-01 9.168341708543e-05 3.078974496283e-01
9.391959798995e-05 3.197364923354e-01 9.391959798995e-05 1.933280166096e-01 9.391959798995e-05 1.780236299061e-01 9.391959798995e-05 3.076401079223e-01
9.615577889447e-05 3.194549718413e-01 9.615577889447e-05 1.933330325970e-01 9.615577889447e-05 1.786700533519e-01 9.615577889447e-05 3.073718896027e-01
9.839195979899e-05 3.191583070431e-01 9.839195979899e-05 1.933389461406e-01 9.839195979899e-05 1.793515808882e-01 9.839195979899e-05 3.070924369727e-01
1.006281407035e-04 3.188457772009e-01 1.006281407035e-04 1.933459176519e-01 1.006281407035e-04 1.800688560521e-01 1.006281407035e-04 3.068013888124e-01
1.028643216080e-04 3.185166372955e-01 1.028643216080e-04 1.933541361333e-01 1.028643216080e-04 1.808223585743e-01 1.028643216080e-04 3.064983809294e-01
1.051005025126e-04 3.181701182331e-01 1.051005025126e-04 1.933638242419e-01 1.051005025126e-04 1.816123823927e-01 1.051005025126e-04 3.061830467157e-01
1.073366834171e-04 3.178054271665e-01 1.073366834171e-04 1.933752442398e-01 1.073366834171e-04 1.824390140674e-01 1.073366834171e-04 3.058550176957e-01
1.095728643216e-04 3.174217479420e-01 1.095728643216e-04 1.933887049779e-01 1.095728643216e-04 1.833021121631e-01 1.095728643216e-04 3.055139240513e-01
1.118090452261e-04 3.170182416799e-01 1.118090452261e-04 1.934045700880e-01 1.118090452261e-04 1.842012882263e-01 1.118090452261e-04 3.051593951048e-01
1.140452261307e-04 3.165940474936e-01 1.140452261307e-04 1.934232675819e-01 1.140452261307e-04 1.851358900271e-01 1.140452261307e-04 3.047910597377e-01
1.162814070352e-04 3.161482833560e-01 1.162814070352e-04 1.934453010871e-01 1.162814070352e-04 1.861049877594e-01 1.162814070352e-04 3.044085467193e-01
1.185175879397e-04 3.156800471172e-01 1.185175879397e-04 1.934712629781e-01 1.185175879397e-04 1.871073638929e-01 1.185175879397e-04 3.040114849145e-01
1.207537688442e-04 3.151884176785e-01 1.207537688442e-04 1.935018497003e-01 1.207537688442e-04 1.881415073337e-01 1.207537688442e-04 3.035995033351e-01
1.229899497487e-04 3.146724563278e-01 1.229899497487e-04 1.935378796142e-01 1.229899497487e-04 1.892056124896e-01 1.229899497487e-04 3.031722309944e-01
1.252261306533e-04 3.141312082392e-01 1.252261306533e-04 1.935803137293e-01 1.252261306533e-04 1.902975837332e-01 1.252261306533e-04 3.027292965191e-01
1.274623115578e-04 3.135637041395e-01 1.274623115578e-04 1.936302797244e-01 1.274623115578e-04 1.914150456214e-01 1.274623115578e-04 3.022703274642e-01
1.296984924623e-04 3.129689621457e-01 1.296984924623e-04 1.936890996822e-01 1.296984924623e-04 1.925553590691e-01 1.296984924623e-04 3.017949492735e-01
1.319346733668e-04 3.123459897748e-01 1.319346733668e-04 1.937583219810e-01 1.319346733668e-04 1.937156434786e-01 1.319346733668e-04 3.013027838192e-01
1.341708542714e-04 3.116937861303e-01 1.341708542714e-04 1.938397577843e-01 1.341708542714e-04 1.948928046257e-01 1.341708542714e-04 3.007934474448e-01
1.364070351759e-04 3.110113442702e-01 1.364070351759e-04 1.939355225376e-01 1.364070351759e-04 1.960835678845e-01 1.364070351759e-04 3.002665484339e-01
1.386432160804e-04 3.102976537617e-01 1.386432160804e-04 1.940480828081e-01 1.386432160804e-04 1.972845161659e-01 1.386432160804e-04 2.997216838125e-01
1.408793969849e-04 3.095517034341e-01 1.408793969849e-04 1.941803086633e-01 1.408793969849e-04 1.984921317505e-01 1.408793969849e-04 2.991584353916e-01
1.431155778894e-04 3.087724843418e-01 1.431155778894e-04 1.943355315659e-01 1.431155778894e-04 1.997028410359e-01 1.431155778894e-04 2.985763649455e-01
1.453517587940e-04 3.079589929562e-01 1.453517587940e-04 1.945176074107e-01 1.453517587940e-04 2.009130610888e-01 1.453517587940e-04 2.979750084164e-01
1.475879396985e-04 3.071102346120e-01 1.475879396985e-04 1.947309838324e-01 1.475879396985e-04 2.021192468210e-01 1.475879396985e-04 2.973538690335e-01
1.498241206030e-04 3.062252272404e-01 1.498241206030e-04 1.949807701989e-01 1.498241206030e-04 2.033179375787e-01 1.498241206030e-04 2.967124092271e-01
1.520603015075e-04 3.053030054311e-01 1.520603015075e-04 1.952728077366e-01 1.520603015075e-04 2.045058019705e-01 1.520603015075e-04 2.960500412237e-01
1.542964824121e-04 3.043426248754e-01 1.542964824121e-04 1.956137359503e-01 1.542964824121e-04 2.056796798368e-01 1.542964824121e-04 2.953661162075e-01
1.565326633166e-04 3.033431672540e-01 1.565326633166e-04 1.960110498616e-01 1.565326633166e-04 2.068366203967e-01 1.565326633166e-04 2.946599119471e-01
1.587688442211e-04 3.023037456455e-01 1.587688442211e-04 1.964731405664e-01 1.587688442211e-04 2.079739157746e-01 1.587688442211e-04 2.939306187995e-01
1.610050251256e-04 3.012235105427e-01 1.610050251256e-04 1.970093092460e-01 1.610050251256e-04 2.090891293036e-01 1.610050251256e-04 2.931773240317e-01
1.632412060302e-04 3.001016565766e-01 1.632412060302e-04 1.976297421605e-01 1.632412060302e-04 2.101801182151e-01 1.632412060302e-04 2.923989944368e-01
1.654773869347e-04 2.989374300564e-01 1.654773869347e-04 1.983454315645e-01 1.654773869347e-04 2.112450505352e-01 1.654773869347e-04 2.915944572754e-01
1.677135678392e-04 2.977301374415e-01 1.677135678392e-04 1.991680253556e-01 1.677135678392e-04 2.122824162172e-01 1.677135678392e-04 2.907623796460e-01
1.699497487437e-04 2.964791548646e-01 1.699497487437e-04 2.001095872775e-01 1.699497487437e-04 2.132910327235e-01 1.699497487437e-04 2.899012464830e-01
1.721859296482e-04 2.951839388220e-01 1.721859296482e-04 2.011822506217e-01 1.721859296482e-04 2.142700454329e-01 1.721859296482e-04 2.890093375092e-01
1.744221105528e-04 2.938440381348e-01 1.744221105528e-04 2.023977528121e-01 1.744221105528e-04 2.152189233797e-01 1.744221105528e-04 2.880847036263e-01
1.766582914573e-04 2.924591072695e-01 1.766582914573e-04 2.037668473278e-01 1.766582914573e-04 2.161374509217e-01 1.766582914573e-04 2.871251434316e-01
1.788944723618e-04 2.910289210707e-01 1.788944723618e-04 2.052986042420e-01 1.788944723618e-04 2.170257160000e-01 1.788944723618e-04 2.861281807937e-01
1.811306532663e-04 2.895533909192e-01 1.811306532663e-04 2.069996316325e-01 1.811306532663e-04 2.178840956735e-01 1.811306532663e-04 2.850910447162e-01
1.833668341709e-04 2.880325822708e-01 1.833668341709e-04 2.088732763203e-01 1.833668341709e-04 2.187132396121e-01 1.833668341709e-04 2.840106530729e-01
1.856030150754e-04 2.864667334593e-01 1.856030150754e-04 2.109188908534e-01 1.856030150754e-04 2.195140521992e-01 1.856030150754e-04 2.828836021901e-01
1.878391959799e-04 2.848562755650e-01 1.878391959799e-04 2.131312790584e-01 1.878391959799e-04 2.202876738442e-01 1.878391959799e-04 2.817061646977e-01
1.900753768844e-04 2.832018530495e-01 1.900753768844e-04 2.155004475139e-01 1.900753768844e-04 2.210354620394e-01 1.900753768844e-04 2.804742985272e-01
1.923115577889e-04 2.815043447536e-01 1.923115577889e-04 2.180117870557e-01 1.923115577889e-04 2.217589726146e-01 1.923115577889e-04 2.791836703874e-01
1.945477386935e-04 2.797648847409e-01 1.945477386935e-04 2.206467808723e-01 1.945477386935e-04 2.224599415634e-01 1.945477386935e-04 2.778296974360e-01
1.967839195980e-04 2.779848823570e-01 1.967839195980e-04 2.233842826015e-01 1.967839195980e-04 2.231402677216e-01 1.967839195980e-04 2.764076111229e-01
1.990201005025e-04 2.761660407682e-01 1.990201005025e-04 2.262023345389e-01 1.990201005025e-04 2.238019964980e-01 1.990201005025e-04 2.749125472100e-01
2.012562814070e-04 2.743103731550e-01 2.012562814070e-04 2.290804145289e-01 2.012562814070e-04 2.244473047696e-01 2.012562814070e-04 2.733396656603e-01
2.034924623116e-04 2.724202156665e-01 2.034924623116e-04 2.320019252856e-01 2.034924623116e-04 2.250784869781e-01 2.034924623116e-04 2.716843032964e-01
2.057286432161e-04 2.704982362125e-01 2.057286432161e-04 2.349566841385e-01 2.057286432161e-04 2.256979423884e-01 2.057286432161e-04 2.699421607212e-01
2.079648241206e-04 2.685474381797e-01 2.079648241206e-04 2.379431385158e-01 2.079648241206e-04 2.263081634074e-01 2.079648241206e-04 2.681095228516e-01
2.102010050251e-04 2.665711582187e-01 2.102010050251e-04 2.409700160391e-01 2.102010050251e-04 2.269117247964e-01 2.102010050251e-04 2.661835094724e-01
2.124371859296e-04 2.645730573649e-01 2.124371859296e-04 2.440571033701e-01 2.124371859296e-04 2.275112735627e-01 2.124371859296e-04 2.641623485024e-01
2.146733668342e-04 2.625571049285e-01 2.146733668342e-04 2.472348223833e-01 2.146733668342e-04 2.281095192641e-01 2.146733668342e-04 2.620456603577e-01
2.169095477387e-04 2.605275548142e-01 2.169095477387e-04 2.505422403813e-01 2.169095477387e-04 2.287092244235e-01 2.169095477387e-04 2.598347372479e-01
2.191457286432e-04 2.584889142020e-01 2.191457286432e-04 2.540231513243e-01 2.191457286432e-04 2.293131947146e-01 2.191457286432e-04 2.575327970287e-01
2.213819095477e-04 2.564459048289e-01 2.213819095477e-04 2.577199801568e-01 2.213819095477e-04 2.299242685540e-01 2.213819095477e-04 2.551451880871e-01
2.236180904523e-04 2.544034174327e-01 2.236180904523e-04 2.616656069808e-01 2.236180904523e-04 2.305453057152e-01 2.236180904523e-04 2.526795205090e-01
2.258542713568e-04 2.523664602410e-01 2.258542713568e-04 2.658738704750e-01 2.258542713568e-04 2.311791745702e-01 2.258542713568e-04 2.501457002580e-01
2.280904522613e-04 2.503401026879e-01 2.280904522613e-04 2.703304370702e-01 2.280904522613e-04 2.318287375645e-01 2.280904522613e-04 2.475558478140e-01
2.303266331658e-04 2.483294157944e-01 2.303266331658e-04 2.749865905208e-01 2.303266331658e-04 2.324968345438e-01 2.303266331658e-04 2.449240907765e-01
2.325628140704e-04 2.463394108404e-01 2.325628140704e-04 2.797587101830e-01 2.325628140704e-04 2.331862635789e-01 2.325628140704e-04 2.422662307690e-01
2.347989949749e-04 2.443749780699e-01 2.347989949749e-04 2.845351863543e-01 2.347989949749e-04 2.338997589814e-01 2.347989949749e-04 2.395992974125e-01
2.370351758794e-04 2.424408271962e-01 2.370351758794e-04 2.891902441259e-01 2.370351758794e-04 2.346399662690e-01 2.370351758794e-04 2.369410144204e-01
2.392713567839e-04 2.405414314129e-01 2.392713567839e-04 2.936015051294e-01 2.392713567839e-04 2.354094139303e-01 2.392713567839e-04 2.343092130781e-01
2.415075376884e-04 2.386809764656e-01 2.415075376884e-04 2.976665512388e-01 2.415075376884e-04 2.362104819546e-01 2.415075376884e-04 2.317212347366e-01
2.437437185930e-04 2.368633161190e-01 2.437437185930e-04 3.013142314897e-01 2.437437185930e-04 2.370453672363e-01 2.437437185930e-04 2.291933653301e-01
2.459798994975e-04 2.350919350698e-01 2.459798994975e-04 3.045086697330e-01 2.459798994975e-04 2.379160461346e-01 2.459798994975e-04 2.267403410700e-01
2.482160804020e-04 2.333699200376e-01 2.482160804020e-04 3.072465676363e-01 2.482160804020e-04 2.388242346651e-01 2.482160804020e-04 2.243749560667e-01
2.504522613065e-04 2.316999394273e-01 2.504522613065e-04 3.095501565810e-01 2.504522613065e-04 2.397713470173e-01 2.504522613065e-04 2.221077911874e-01
2.526884422111e-04 2.300842316225e-01 2.526884422111e-04 3.114585549663e-01 2.526884422111e-04 2.407584533216e-01 2.526884422111e-04 2.199470708537e-01
2.549246231156e-04 2.285246016595e-01 2.549246231156e-04 3.130196756788e-01 2.549246231156e-04 2.417862378219e-01 2.549246231156e-04 2.178986426281e-01
2.571608040201e-04 2.270224257569e-01 2.571608040201e-04 3.142838486518e-01 2.571608040201e-04 2.428549588290e-01 2.571608040201e-04 2.159660648138e-01
2.593969849246e-04 2.255786629559e-01 2.593969849246e-04 3.152994708964e-01 2.593969849246e-04 2.439644120225e-01 2.593969849246e-04 2.141507808000e-01
2.616331658291e-04 2.241938729581e-01 2.616331658291e-04 3.161104697863e-01 2.616331658291e-04 2.451138988069e-01 2.616331658291e-04 2.124523557511e-01
2.638693467337e-04 2.228682391404e-01 2.638693467337e-04 3.167551455297e-01 2.638693467337e-04 2.463022015032e-01 2.638693467337e-04 2.108687511343e-01
2.661055276382e-04 2.216015956758e-01 2.661055276382e-04 3.172659398049e-01 2.661055276382e-04 2.475275671363e-01 2.661055276382e-04 2.093966148285e-01
2.683417085427e-04 2.203934576872e-01 2.683417085427e-04 3.176697549994e-01 2.683417085427e-04 2.487877014583e-01 2.683417085427e-04 2.080315683095e-01
2.705778894472e-04 2.192430534052e-01 2.705778894472e-04 3.179885522854e-01 2.705778894472e-04 2.500797746112e-01 2.705778894472e-04 2.067684768606e-01
2.728140703518e-04 2.181493573767e-01 2.728140703518e-04 3.182400511605e-01 2.728140703518e-04 2.514004394747e-01 2.728140703518e-04 2.056016932479e-01
2.750502512563e-04 2.171111238730e-01 2.750502512563e-04 3.184384254664e-01 2.750502512563e-04 2.527458632833e-01 2.750502512563e-04 2.045252693534e-01
2.772864321608e-04 2.161269197650e-01 2.772864321608e-04 3.185949407806e-01 2.772864321608e-04 2.541117725420e-01 2.772864321608e-04 2.035331336181e-01
2.795226130653e-04 2.151951562554e-01 2.795226130653e-04 3.187185096948e-01 2.795226130653e-04 2.554935106559e-01 2.795226130653e-04 2.026192347045e-01
2.817587939698e-04 2.143141189867e-01 2.817587939698e-04 3.188161600201e-01 2.817587939698e-04 2.568861070554e-01 2.817587939698e-04 2.017776535667e-01
2.839949748744e-04 2.134819961589e-01 2.839949748744e-04 3.188934208256e-01 2.839949748744e-04 2.582843559899e-01 2.839949748744e-04 2.010026872170e-01
2.862311557789e-04 2.126969044081e-01 2.862311557789e-04 3.189546357307e-01 2.862311557789e-04 2.596829026262e-01 2.862311557789e-04 2.002889080222e-01
2.884673366834e-04 2.119569122904e-01 2.884673366834e-04 3.190032142850e-01 2.884673366834e-04 2.610763336697e-01 2.884673366834e-04 1.996312025060e-01
2.907035175879e-04 2.112600613036e-01 2.907035175879e-04 3.190418320115e-01 2.907035175879e-04 2.624592694595e-01 2.907035175879e-04 1.990247934784e-01
2.929396984925e-04 2.106043844507e-01 2.929396984925e-04 3.190725886492e-01 2.929396984925e-04 2.638264543989e-01 2.929396984925e-04 1.984652489953e-01
2.951758793970e-04 2.099879224038e-01 2.951758793970e-04 3.190971327863e-01 2.951758793970e-04 2.651728426778e-01 2.951758793970e-04 1.979484812258e-01
2.974120603015e-04 2.094087373745e-01 2.974120603015e-04 3.191167597220e-01 2.974120603015e-04 2.664936765136e-01 2.974120603015e-04 1.974707378523e-01
2.996482412060e-04 2.088649248262e-01 2.996482412060e-04 3.191324881429e-01 2.996482412060e-04 2.677845545609e-01 2.996482412060e-04 1.970285881821e-01
3.018844221106e-04 2.083546231887e-01 3.018844221106e-04 3.191451201153e-01 3.018844221106e-04 2.690414886777e-01 3.018844221106e-04 1.966189057296e-01
3.041206030151e-04 2.078760217448e-01 3.041206030151e-04 3.191552879849e-01 3.041206030151e-04 2.702609478485e-01 3.041206030151e-04 1.962388486629e-01
3.063567839196e-04 2.074273668691e-01 3.063567839196e-04 3.191634910261e-01 3.063567839196e-04 2.714398886981e-01 3.063567839196e-04 1.958858391877e-01
3.085929648241e-04 2.070069667949e-01 3.085929648241e-04 3.191701240804e-01 3.085929648241e-04 2.725757726445e-01 3.085929648241e-04 1.955575426747e-01
3.108291457286e-04 2.066131950841e-01 3.108291457286e-04 3.191754999416e-01 3.108291457286e-04 2.736665702914e-01 3.108291457286e-04 1.952518471207e-01
3.130653266332e-04 2.062444929645e-01 3.130653266332e-04 3.191798668609e-01 3.130653266332e-04 2.747107541262e-01 3.130653266332e-04 1.949668433545e-01
3.153015075377e-04 2.058993706905e-01 3.153015075377e-04 3.191834222458e-01 3.153015075377e-04 2.757072809399e-01 3.153015075377e-04 1.947008062649e-01
3.175376884422e-04 2.055764080706e-01 3.175376884422e-04 3.191863233908e-01 3.175376884422e-04 2.766555656254e-01 3.175376884422e-04 1.944521772188e-01
3.197738693467e-04 2.052742542939e-01 3.197738693467e-04 3.191886958905e-01 3.197738693467e-04 2.775554481302e-01 3.197738693467e-04 1.942195477582e-01
3.220100502513e-04 2.049916271723e-01 3.220100502513e-04 3.191906402450e-01 3.220100502513e-04 2.784071553570e-01 3.220100502513e-04 1.940016446047e-01
3.242462311558e-04 2.047273119065e-01 3.242462311558e-04 3.191922370514e-01 3.242462311558e-04 2.792112597380e-01 3.242462311558e-04 1.937973159583e-01
3.264824120603e-04 2.044801594674e-01 3.264824120603e-04 3.191935510912e-01 3.264824120603e-04 2.799686360655e-01 3.264824120603e-04 1.936055190469e-01
3.287185929648e-04 2.042490846765e-01 3.287185929648e-04 3.191946345525e-01 3.287185929648e-04 2.806804179775e-01 3.287185929648e-04 1.934253088625e-01
3.309547738693e-04 2.040330640562e-01 3.309547738693e-04 3.191955295753e-01 3.309547738693e-04 2.813479552780e-01 3.309547738693e-04 1.932558280100e-01
3.331909547739e-04 2.038311335104e-01 3.331909547739e-04 3.191962702641e-01 3.331909547739e-04 2.819727730488e-01 3.331909547739e-04 1.930962975856e-01
3.354271356784e-04 2.036423858900e-01 3.354271356784e-04 3.191968842844e-01 3.354271356784e-04 2.825565332789e-01 3.354271356784e-04 1.929460090030e-01
3.376633165829e-04 2.034659684853e-01 3.376633165829e-04 3.191973941293e-01 3.376633165829e-04 2.831009995343e-01 3.376633165829e-04 1.928043166816e-01
3.398994974874e-04 2.033010804845e-01 3.398994974874e-04 3.191978181283e-01 3.398994974874e-04 2.836080049963e-01 3.398994974874e-04 1.926706315189e-01
3.421356783920e-04 2.031469704269e-01 3.421356783920e-04 3.191981712511e-01 3.421356783920e-04 2.840794240355e-01 3.421356783920e-04 1.925444150689e-01
3.443718592965e-04 2.030029336786e-01 3.443718592965e-04 3.191984657504e-01 3.443718592965e-04 2.845171473528e-01 3.443718592965e-04 1.924251743569e-01
3.466080402010e-04 2.028683099481e-01 3.466080402010e-04 3.191987116760e-01 3.466080402010e-04 2.849230606108e-01 3.466080402010e-04 1.923124572630e-01
3.488442211055e-04 2.027424808606e-01 3.488442211055e-04 3.191989172882e-01 3.488442211055e-04 2.852990263945e-01 3.488442211055e-04 1.922058484145e-01
3.510804020101e-04 2.026248676017e-01 3.510804020101e-04 3.191990893901e-01 3.510804020101e-04 2.856468692860e-01 3.510804020101e-04 1.921049655325e-01
3.533165829146e-04 2.025149286404e-01 3.533165829146e-04 3.191992335950e-01 3.533165829146e-04 2.859683637934e-01 3.533165829146e-04 1.920094561812e-01
3.555527638191e-04 2.024121575394e-01 3.555527638191e-04 3.191993545437e-01 3.555527638191e-04 2.862652248583e-01 3.555527638191e-04 1.919189948769e-01
3.577889447236e-04 2.023160808546e-01 3.577889447236e-04 3.191994560793e-01 3.577889447236e-04 2.865391006540e-01 3.577889447236e-04 1.918332805145e-01
3.600251256281e-04 2.022262561305e-01 3.600251256281e-04 3.191995413897e-01 3.600251256281e-04 2.867915673913e-01 3.600251256281e-04 1.917520340760e-01
3.622613065327e-04 2.021422699891e-01 3.622613065327e-04 3.191996131238e-01 3.622613065327e-04 2.870241258599e-01 3.622613065327e-04 1.916749965889e-01
3.644974874372e-04 2.020637363150e-01 3.644974874372e-04 3.191996734857e-01 3.644974874372e-04 2.872381994479e-01 3.644974874372e-04 1.916019273064e-01
3.667336683417e-04 2.019902945350e-01 3.667336683417e-04 3.191997243122e-01 3.667336683417e-04 2.874351334029e-01 3.667336683417e-04 1.915326020817e-01
3.689698492462e-04 2.019216079896e-01 3.689698492462e-04 3.191997671358e-01 3.689698492462e-04 2.876161951204e-01 3.689698492462e-04 1.914668119172e-01
3.712060301508e-04 2.018573623966e-01 3.712060301508e-04 3.191998032371e-01 3.712060301508e-04 2.877825752663e-01 3.712060301508e-04 1.914043616650e-01
3.734422110553e-04 2.017972644009e-01 3.734422110553e-04 3.191998336871e-01 3.734422110553e-04 2.879353895653e-01 3.734422110553e-04 1.913450688644e-01
3.756783919598e-04 2.017410402100e-01 3.756783919598e-04 3.191998593827e-01 3.756783919598e-04 2.880756811050e-01 3.756783919598e-04 1.912887626981e-01
3.779145728643e-04 2.016884343112e-01 3.779145728643e-04 3.191998810758e-01 3.779145728643e-04 2.882044230309e-01 3.779145728643e-04 1.912352830549e-01
3.801507537688e-04 2.016392082656e-01 3.801507537688e-04 3.191998993971e-01 3.801507537688e-04 2.883225215206e-01 3.801507537688e-04 1.911844796866e-01
3.823869346734e-04 2.015931395775e-01 3.823869346734e-04 3.191999148765e-01 3.823869346734e-04 2.884308189481e-01 3.823869346734e-04 1.911362114472e-01
3.846231155779e-04 2.015500206340e-01 3.846231155779e-04 3.191999279591e-01 3.846231155779e-04 2.885300971598e-01 3.846231155779e-04 1.910903456075e-01
3.868592964824e-04 2.015096577120e-01 3.868592964824e-04 3.191999390195e-01 3.868592964824e-04 2.886210808006e-01 3.868592964824e-04 1.910467572331e-01
3.890954773869e-04 2.014718700482e-01 3.890954773869e-04 3.191999483729e-01 3.890954773869e-04 2.887044406393e-01 3.890954773869e-04 1.910053286228e-01
3.913316582915e-04 2.014364889703e-01 3.913316582915e-04 3.191999562847e-01 3.913316582915e-04 2.887807968510e-01 3.913316582915e-04 1.909659487967e-01
3.935678391960e-04 2.014033570829e-01 3.935678391960e-04 3.191999629787e-01 3.935678391960e-04 2.888507222266e-01 3.935678391960e-04 1.909285130324e-01
3.958040201005e-04 2.013723275088e-01 3.958040201005e-04 3.191999686436e-01 3.958040201005e-04 2.889147452836e-01 3.958040201005e-04 1.908929224401e-01
3.980402010050e-04 2.013432631793e-01 3.980402010050e-04 3.191999734385e-01 3.980402010050e-04 2.889733532610e-01 3.980402010050e-04 1.908590835765e-01
4.002763819095e-04 2.013160361715e-01 4.002763819095e-04 3.191999774977e-01 4.002763819095e-04 2.890269949849e-01 4.002763819095e-04 1.908269080899e-01
4.025125628141e-04 2.012905270903e-01 4.025125628141e-04 3.191999809347e-01 4.025125628141e-04 2.890760835964e-01 4.025125628141e-04 1.907963123953e-01
4.047487437186e-04 2.012666244919e-01 4.047487437186e-04 3.191999838453e-01 4.047487437186e-04 2.891209991369e-01 4.047487437186e-04 1.907672173761e-01
4.069849246231e-04 2.012442243455e-01 4.069849246231e-04 3.191999863104e-01 4.069849246231e-04 2.891620909896e-01 4.069849246231e-04 1.907395481087e-01
4.092211055276e-04 2.012232295320e-01 4.092211055276e-04 3.191999883985e-01 4.092211055276e-04 2.891996801759e-01 4.092211055276e-04 1.907132336092e-01
4.114572864322e-04 2.012035493759e-01 4.114572864322e-04 3.191999901674e-01 4.114572864322e-04 2.892340615097e-01 4.114572864322e-04 1.906882065985e-01
4.136934673367e-04 2.011850992099e-01 4.136934673367e-04 3.191999916661e-01 4.136934673367e-04 2.892655056138e-01 4.136934673367e-04 1.906644032857e-01
4.159296482412e-04 2.011677999683e-01 4.159296482412e-04 3.191999929360e-01 4.159296482412e-04 2.892942608012e-01 4.159296482412e-04 1.906417631663e-01
4.181658291457e-04 2.011515778082e-01 4.181658291457e-04 3.191999940121e-01 4.181658291457e-04 2.893205548276e-01 4.181658291457e-04 1.906202288351e-01
4.204020100503e-04 2.011363637573e-01 4.204020100503e-04 3.191999949240e-01 4.204020100503e-04 2.893445965213e-01 4.204020100503e-04 1.905997458122e-01
4.226381909548e-04 2.011220933846e-01 4.226381909548e-04 3.191999956969e-01 4.226381909548e-04 2.893665772954e-01 4.226381909548e-04 1.905802623804e-01
4.248743718593e-04 2.011087064946e-01 4.248743718593e-04 3.191999963519e-01 4.248743718593e-04 2.893866725497e-01 4.248743718593e-04 1.905617294336e-01
4.271105527638e-04 2.010961468417e-01 4.271105527638e-04 3.191999969071e-01 4.271105527638e-04 2.894050429680e-01 4.271105527638e-04 1.905441003351e-01
4.293467336683e-04 2.010843618646e-01 4.293467336683e-04 3.191999973778e-01 4.293467336683e-04 2.894218357178e-01 4.293467336683e-04 1.905273307849e-01
4.315829145729e-04 2.010733024387e-01 4.315829145729e-04 3.191999977767e-01 4.315829145729e-04 2.894371855573e-01 4.315829145729e-04 1.905113786949e-01
4.338190954774e-04 2.010629226454e-01 4.338190954774e-04 3.191999981149e-01 4.338190954774e-04 2.894512158576e-01 4.338190954774e-04 1.904962040729e-01
4.360552763819e-04 2.010531795573e-01 4.360552763819e-04 3.191999984016e-01 4.360552763819e-04 2.894640395440e-01 4.360552763819e-04 1.904817689118e-01
4.382914572864e-04 2.010440330376e-01 4.382914572864e-04 3.191999986447e-01 4.382914572864e-04 2.894757599634e-01 4.382914572864e-04 1.904680370873e-01
4.405276381910e-04 2.010354455545e-01 4.405276381910e-04 3.191999988508e-01 4.405276381910e-04 2.894864716827e-01 4.405276381910e-04 1.904549742602e-01
4.427638190955e-04 2.010273820065e-01 4.427638190955e-04 3.191999990256e-01 4.427638190955e-04 2.894962612224e-01 4.427638190955e-04 1.904425477848e-01
4.450000000000e-04 2.010198095611e-01 4.450000000000e-04 3.191999991737e-01 4.450000000000e-04 2.895052077313e-01 4.450000000000e-04 1.904307266225e-01
