0.000000000000e+00 3.150000000000e-01 0.000000000000e+00 3.122701754899e-01 0.000000000000e+00 1.861000205333e-01 0.000000000000e+00 1.866000000000e-01
2.080402010050e-06 3.150000000000e-01 2.080402010050e-06 3.122678109014e-01 2.080402010050e-06 1.861000239165e-01 2.080402010050e-06 1.866000000000e-01
4.160804020101e-06 3.150000000000e-01 4.160804020101e-06 3.122652589455e-01 4.160804020101e-06 1.861000278576e-01 4.160804020101e-06 1.866000000000e-01
6.241206030151e-06 3.150000000000e-01 6.241206030151e-06 3.122625047927e-01 6.241206030151e-06 1.861000324485e-01 6.241206030151e-06 1.866000000000e-01
8.321608040201e-06 3.150000000000e-01 8.321608040201e-06 3.122595324427e-01 8.321608040201e-06 1.861000377965e-01 8.321608040201e-06 1.866000000000e-01
1.040201005025e-05 3.150000000000e-01 1.040201005025e-05 3.122563246322e-01 1.040201005025e-05 1.861000440266e-01 1.040201005025e-05 1.866000000001e-01
1.248241206030e-05 3.150000000000e-01 1.248241206030e-05 3.122528627361e-01 1.248241206030e-05 1.861000512843e-01 1.248241206030e-05 1.866000000001e-01
1.456281407035e-05 3.150000000000e-01 1.456281407035e-05 3.122491266604e-01 1.456281407035e-05 1.861000597392e-01 1.456281407035e-05 1.866000000001e-01
1.664321608040e-05 3.150000000000e-01 1.664321608040e-05 3.122450947273e-01 1.664321608040e-05 1.861000695889e-01 1.664321608040e-05 1.866000000001e-01
1.872361809045e-05 3.150000000000e-01 1.872361809045e-05 3.122407435510e-01 1.872361809045e-05 1.861000810637e-01 1.872361809045e-05 1.866000000002e-01
2.080402010050e-05 3.150000000000e-01 2.080402010050e-05 3.122360479045e-01 2.080402010050e-05 1.861000944319e-01 2.080402010050e-05 1.866000000002e-01
2.288442211055e-05 3.150000000000e-01 2.288442211055e-05 3.122309805751e-01 2.288442211055e-05 1.861001100061e-01 2.288442211055e-05 1.866000000003e-01
2.496482412060e-05 3.150000000000e-01 2.496482412060e-05 3.122255122102e-01 2.496482412060e-05 1.861001281506e-01 2.496482412060e-05 1.866000000004e-01
2.704522613065e-05 3.150000000000e-01 2.704522613065e-05 3.122196111504e-01 2.704522613065e-05 1.861001492898e-01 2.704522613065e-05 1.866000000006e-01
2.912562814070e-05 3.150000000000e-01 2.912562814070e-05 3.122132432494e-01 2.912562814070e-05 1.861001739184e-01 2.912562814070e-05 1.866000000008e-01
3.120603015075e-05 3.150000000000e-01 3.120603015075e-05 3.122063716817e-01 3.120603015075e-05 1.861002026126e-01 3.120603015075e-05 1.866000000011e-01
3.328643216080e-05 3.150000000000e-01 3.328643216080e-05 3.121989567342e-01 3.328643216080e-05 1.861002360442e-01 3.328643216080e-05 1.866000000015e-01
3.536683417085e-05 3.150000000000e-01 3.536683417085e-05 3.121909555829e-01 3.536683417085e-05 1.861002749956e-01 3.536683417085e-05 1.866000000020e-01
3.744723618090e-05 3.150000000000e-01 3.744723618090e-05 3.121823220522e-01 3.744723618090e-05 1.861003203788e-01 3.744723618090e-05 1.866000000027e-01
3.952763819095e-05 3.150000000000e-01 3.952763819095e-05 3.121730063570e-01 3.952763819095e-05 1.861003732567e-01 3.952763819095e-05 1.866000000036e-01
4.160804020101e-05 3.150000000000e-01 4.160804020101e-05 3.121629548246e-01 4.160804020101e-05 1.861004348675e-01 4.160804020101e-05 1.866000000048e-01
4.368844221106e-05 3.149999999999e-01 4.368844221106e-05 3.121521095961e-01 4.368844221106e-05 1.861005066546e-01 4.368844221106e-05 1.866000000065e-01
4.576884422111e-05 3.149999999999e-01 4.576884422111e-05 3.121404083066e-01 4.576884422111e-05 1.861005902998e-01 4.576884422111e-05 1.866000000088e-01
4.784924623116e-05 3.149999999999e-01 4.784924623116e-05 3.121277837408e-01 4.784924623116e-05 1.861006877630e-01 4.784924623116e-05 1.866000000119e-01
4.992964824121e-05 3.149999999998e-01 4.992964824121e-05 3.121141634640e-01 4.992964824121e-05 1.861008013285e-01 4.992964824121e-05 1.866000000160e-01
5.201005025126e-05 3.149999999997e-01 5.201005025126e-05 3.120994694260e-01 5.201005025126e-05 1.861009336582e-01 5.201005025126e-05 1.866000000216e-01
5.409045226131e-05 3.149999999996e-01 5.409045226131e-05 3.120836175371e-01 5.409045226131e-05 1.861010878542e-01 5.409045226131e-05 1.866000000291e-01
5.617085427136e-05 3.149999999994e-01 5.617085427136e-05 3.120665172134e-01 5.617085427136e-05 1.861012675322e-01 5.617085427136e-05 1.866000000392e-01
5.825125628141e-05 3.149999999992e-01 5.825125628141e-05 3.120480708894e-01 5.825125628141e-05 1.861014769056e-01 5.825125628141e-05 1.866000000528e-01
6.033165829146e-05 3.149999999988e-01 6.033165829146e-05 3.120281734976e-01 6.033165829146e-05 1.861017208852e-01 6.033165829146e-05 1.866000000712e-01
6.241206030151e-05 3.149999999983e-01 6.241206030151e-05 3.120067119110e-01 6.241206030151e-05 1.861020051941e-01 6.241206030151e-05 1.866000000960e-01
6.449246231156e-05 3.149999999976e-01 6.449246231156e-05 3.119835643480e-01 6.449246231156e-05 1.861023365026e-01 6.449246231156e-05 1.866000001295e-01
6.657286432161e-05 3.149999999967e-01 6.657286432161e-05 3.119585997363e-01 6.657286432161e-05 1.861027225848e-01 6.657286432161e-05 1.866000001746e-01
6.865326633166e-05 3.149999999952e-01 6.865326633166e-05 3.119316770352e-01 6.865326633166e-05 1.861031725013e-01 6.865326633166e-05 1.866000002353e-01
7.073366834171e-05 3.149999999932e-01 7.073366834171e-05 3.119026445128e-01 7.073366834171e-05 1.861036968119e-01 7.073366834171e-05 1.866000003173e-01
7.281407035176e-05 3.149999999903e-01 7.281407035176e-05 3.118713389761e-01 7.281407035176e-05 1.861043078247e-01 7.281407035176e-05 1.866000004278e-01
7.489447236181e-05 3.149999999862e-01 7.489447236181e-05 3.118375849529e-01 7.489447236181e-05 1.861050198844e-01 7.489447236181e-05 1.866000005767e-01
7.697487437186e-05 3.149999999804e-01 7.697487437186e-05 3.118011938224e-01 7.697487437186e-05 1.861058497102e-01 7.697487437186e-05 1.866000007776e-01
7.905527638191e-05 3.149999999720e-01 7.905527638191e-05 3.117619628929e-01 7.905527638191e-05 1.861068167887e-01 7.905527638191e-05 1.866000010483e-01
8.113567839196e-05 3.149999999601e-01 8.113567839196e-05 3.117196744245e-01 8.113567839196e-05 1.861079438319e-01 8.113567839196e-05 1.866000014133e-01
8.321608040201e-05 3.149999999432e-01 8.321608040201e-05 3.116740945959e-01 8.321608040201e-05 1.861092573112e-01 8.321608040201e-05 1.866000019055e-01
8.529648241206e-05 3.149999999191e-01 8.529648241206e-05 3.116249724123e-01 8.529648241206e-05 1.861107880793e-01 8.529648241206e-05 1.866000025690e-01
8.737688442211e-05 3.149999998848e-01 8.737688442211e-05 3.115720385554e-01 8.737688442211e-05 1.861125720957e-01 8.737688442211e-05 1.866000034636e-01
8.945728643216e-05 3.149999998359e-01 8.945728643216e-05 3.115150041720e-01 8.945728643216e-05 1.861146512713e-01 8.945728643216e-05 1.866000046696e-01
9.153768844221e-05 3.149999997663e-01 9.153768844221e-05 3.114535596035e-01 9.153768844221e-05 1.861170744528e-01 9.153768844221e-05 1.866000062957e-01
9.361809045226e-05 3.149999996671e-01 9.361809045226e-05 3.113873730538e-01 9.361809045226e-05 1.861198985698e-01 9.361809045226e-05 1.866000084879e-01
9.569849246231e-05 3.149999995258e-01 9.569849246231e-05 3.113160891976e-01 9.569849246231e-05 1.861231899712e-01 9.569849246231e-05 1.866000114435e-01
9.777889447236e-05 3.149999993244e-01 9.777889447236e-05 3.112393277306e-01 9.777889447236e-05 1.861270259816e-01 9.777889447236e-05 1.866000154283e-01
9.985929648241e-05 3.149999990376e-01 9.985929648241e-05 3.111566818612e-01 9.985929648241e-05 1.861314967142e-01 9.985929648241e-05 1.866000208006e-01
1.019396984925e-04 3.149999986291e-01 1.019396984925e-04 3.110677167494e-01 1.019396984925e-04 1.861367071820e-01 1.019396984925e-04 1.866000280437e-01
1.040201005025e-04 3.149999980471e-01 1.040201005025e-04 3.109719678932e-01 1.040201005025e-04 1.861427797559e-01 1.040201005025e-04 1.866000378090e-01
1.061005025126e-04 3.149999972179e-01 1.061005025126e-04 3.108689394693e-01 1.061005025126e-04 1.861498570259e-01 1.061005025126e-04 1.866000509747e-01
1.081809045226e-04 3.149999960367e-01 1.081809045226e-04 3.107581026310e-01 1.081809045226e-04 1.861581051309e-01 1.081809045226e-04 1.866000687249e-01
1.102613065327e-04 3.149999943539e-01 1.102613065327e-04 3.106388937703e-01 1.102613065327e-04 1.861677176320e-01 1.102613065327e-04 1.866000926560e-01
1.123417085427e-04 3.149999919565e-01 1.123417085427e-04 3.105107127501e-01 1.123417085427e-04 1.861789200178e-01 1.123417085427e-04 1.866001249205e-01
1.144221105528e-04 3.149999885410e-01 1.144221105528e-04 3.103729211136e-01 1.144221105528e-04 1.861919749409e-01 1.144221105528e-04 1.866001684201e-01
1.165025125628e-04 3.149999836748e-01 1.165025125628e-04 3.102248402777e-01 1.165025125628e-04 1.862071883018e-01 1.165025125628e-04 1.866002270671e-01
1.185829145729e-04 3.149999767419e-01 1.185829145729e-04 3.100657497167e-01 1.185829145729e-04 1.862249163140e-01 1.185829145729e-04 1.866003061364e-01
1.206633165829e-04 3.149999668640e-01 1.206633165829e-04 3.098948851428e-01 1.206633165829e-04 1.862455737013e-01 1.206633165829e-04 1.866004127394e-01
1.227437185930e-04 3.149999527903e-01 1.227437185930e-04 3.097114366859e-01 1.227437185930e-04 1.862696432021e-01 1.227437185930e-04 1.866005564643e-01
1.248241206030e-04 3.149999327376e-01 1.248241206030e-04 3.095145470738e-01 1.248241206030e-04 1.862976865777e-01 1.248241206030e-04 1.866007502377e-01
1.269045226131e-04 3.149999041657e-01 1.269045226131e-04 3.093033098082e-01 1.269045226131e-04 1.863303573484e-01 1.269045226131e-04 1.866010114881e-01
1.289849246231e-04 3.149998634538e-01 1.289849246231e-04 3.090767673247e-01 1.289849246231e-04 1.863684155092e-01 1.289849246231e-04 1.866013637128e-01
1.310653266332e-04 3.149998054427e-01 1.310653266332e-04 3.088339091156e-01 1.310653266332e-04 1.864127445037e-01 1.310653266332e-04 1.866018385914e-01
1.331457286432e-04 3.149997227791e-01 1.331457286432e-04 3.085736697801e-01 1.331457286432e-04 1.864643707697e-01 1.331457286432e-04 1.866024788345e-01
1.352261306533e-04 3.149996049835e-01 1.352261306533e-04 3.082949269495e-01 1.352261306533e-04 1.865244861914e-01 1.352261306533e-04 1.866033420245e-01
1.373065326633e-04 3.149994371197e-01 1.373065326633e-04 3.079964990100e-01 1.373065326633e-04 1.865944738268e-01 1.373065326633e-04 1.866045057925e-01
1.393869346734e-04 3.149991978993e-01 1.393869346734e-04 3.076771425168e-01 1.393869346734e-04 1.866759372921e-01 1.393869346734e-04 1.866060747964e-01
1.414673366834e-04 3.149988569787e-01 1.414673366834e-04 3.073355491515e-01 1.414673366834e-04 1.867707341982e-01 1.414673366834e-04 1.866081901251e-01
1.435477386935e-04 3.149983711056e-01 1.435477386935e-04 3.069703420279e-01 1.435477386935e-04 1.868810140270e-01 1.435477386935e-04 1.866110419710e-01
1.456281407035e-04 3.149976786262e-01 1.456281407035e-04 3.065800710866e-01 1.456281407035e-04 1.870092608035e-01 1.456281407035e-04 1.866148867025e-01
1.477085427136e-04 3.149966916527e-01 1.477085427136e-04 3.061632072447e-01 1.477085427136e-04 1.871583408545e-01 1.477085427136e-04 1.866200698565e-01
1.497889447236e-04 3.149952848985e-01 1.497889447236e-04 3.057181348703e-01 1.497889447236e-04 1.873315558297e-01 1.497889447236e-04 1.866270570911e-01
1.518693467337e-04 3.149932797612e-01 1.518693467337e-04 3.052431420415e-01 1.518693467337e-04 1.875327009791e-01 1.518693467337e-04 1.866364758311e-01
1.539497487437e-04 3.149904216354e-01 1.539497487437e-04 3.047364079119e-01 1.539497487437e-04 1.877661284105e-01 1.539497487437e-04 1.866491712521e-01
1.560301507538e-04 3.149863475814e-01 1.560301507538e-04 3.041959863492e-01 1.560301507538e-04 1.880368146608e-01 1.560301507538e-04 1.866662814631e-01
1.581105527638e-04 3.149805402630e-01 1.581105527638e-04 3.036197848323e-01 1.581105527638e-04 1.883504313825e-01 1.581105527638e-04 1.866893383156e-01
1.601909547739e-04 3.149722623571e-01 1.601909547739e-04 3.030055373908e-01 1.601909547739e-04 1.887134172278e-01 1.601909547739e-04 1.867204023032e-01
1.622713567839e-04 3.149604632190e-01 1.622713567839e-04 3.023507701536e-01 1.622713567839e-04 1.891330480739e-01 1.622713567839e-04 1.867622425770e-01
1.643517587940e-04 3.149436462104e-01 1.643517587940e-04 3.016527578535e-01 1.643517587940e-04 1.896175015569e-01 1.643517587940e-04 1.868185762517e-01
1.664321608040e-04 3.149196803987e-01 1.664321608040e-04 3.009084694320e-01 1.664321608040e-04 1.901759104270e-01 1.664321608040e-04 1.868943848687e-01
1.685125628141e-04 3.148855339032e-01 1.685125628141e-04 3.001145007345e-01 1.685125628141e-04 1.908183975470e-01 1.685125628141e-04 1.869963298800e-01
1.705929648241e-04 3.148368975123e-01 1.705929648241e-04 2.992669922374e-01 1.705929648241e-04 1.915560834586e-01 1.705929648241e-04 1.871332926738e-01
1.726733668342e-04 3.147676559239e-01 1.726733668342e-04 2.983615298850e-01 1.726733668342e-04 1.924010554822e-01 1.726733668342e-04 1.873170666165e-01
1.747537688442e-04 3.146691500122e-01 1.747537688442e-04 2.973930275496e-01 1.747537688442e-04 1.933662855159e-01 1.747537688442e-04 1.875632261376e-01
1.768341708543e-04 3.145291578297e-01 1.768341708543e-04 2.963555905353e-01 1.768341708543e-04 1.944654824069e-01 1.768341708543e-04 1.878921862306e-01
1.789145728643e-04 3.143305078464e-01 1.789145728643e-04 2.952423611541e-01 1.789145728643e-04 1.957128644765e-01 1.789145728643e-04 1.883304368031e-01
1.809949748744e-04 3.140492332302e-01 1.809949748744e-04 2.940453500125e-01 1.809949748744e-04 1.971228391137e-01 1.809949748744e-04 1.889118777227e-01
1.830753768844e-04 3.136521979606e-01 1.830753768844e-04 2.927552606350e-01 1.830753768844e-04 1.987095800013e-01 1.830753768844e-04 1.896790755343e-01
1.851557788945e-04 3.130942072641e-01 1.851557788945e-04 2.913613208498e-01 1.851557788945e-04 2.004864991537e-01 1.851557788945e-04 1.906840944708e-01
1.872361809045e-04 3.123148127754e-01 1.872361809045e-04 2.898511423724e-01 1.872361809045e-04 2.024656209130e-01 1.872361809045e-04 1.919883170331e-01
1.893165829146e-04 3.112354184297e-01 1.893165829146e-04 2.882106405084e-01 1.893165829146e-04 2.046568782070e-01 1.893165829146e-04 1.936603972273e-01
1.913969849246e-04 3.097579664744e-01 1.913969849246e-04 2.864240586977e-01 1.913969849246e-04 2.070673667298e-01 1.913969849246e-04 1.957713037386e-01
1.934773869347e-04 3.077674134818e-01 1.934773869347e-04 2.844741567491e-01 1.934773869347e-04 2.097006081887e-01 1.934773869347e-04 1.983855703129e-01
1.955577889447e-04 3.051410422564e-01 1.955577889447e-04 2.823426347077e-01 1.955577889447e-04 2.125558862913e-01 1.955577889447e-04 2.015487633936e-01
1.976381909548e-04 3.017673856022e-01 1.976381909548e-04 2.800108719434e-01 1.976381909548e-04 2.156277250380e-01 1.976381909548e-04 2.052731173077e-01
1.997185929648e-04 2.975744519959e-01 1.997185929648e-04 2.774610563643e-01 1.997185929648e-04 2.189055747810e-01 1.997185929648e-04 2.095260333392e-01
2.017989949749e-04 2.925598472278e-01 2.017989949749e-04 2.746777525422e-01 2.017989949749e-04 2.223737556368e-01 2.017989949749e-04 2.142283477333e-01
2.038793969849e-04 2.868067112492e-01 2.038793969849e-04 2.716499004711e-01 2.038793969849e-04 2.260116811810e-01 2.038793969849e-04 2.192686672518e-01
2.059597989950e-04 2.804675660165e-01 2.059597989950e-04 2.683731428876e-01 2.059597989950e-04 2.297943522136e-01 2.059597989950e-04 2.245350483350e-01
2.080402010050e-04 2.737124676379e-01 2.080402010050e-04 2.648522531133e-01 2.080402010050e-04 2.336930777435e-01 2.080402010050e-04 2.299570783364e-01
2.101206030151e-04 2.666649053028e-01 2.101206030151e-04 2.611032993761e-01 2.101206030151e-04 2.376763559517e-01 2.101206030151e-04 2.355439074367e-01
2.122010050251e-04 2.593678319941e-01 2.122010050251e-04 2.571550785726e-01 2.122010050251e-04 2.417108376167e-01 2.122010050251e-04 2.414001005918e-01
2.142814070352e-04 2.518126913541e-01 2.142814070352e-04 2.530493393029e-01 2.142814070352e-04 2.457623000101e-01 2.142814070352e-04 2.477013246315e-01
2.163618090452e-04 2.440266581465e-01 2.163618090452e-04 2.488394396439e-01 2.163618090452e-04 2.497965772259e-01 2.163618090452e-04 2.546171260624e-01
2.184422110553e-04 2.361670823915e-01 2.184422110553e-04 2.445873588794e-01 2.184422110553e-04 2.537804161343e-01 2.184422110553e-04 2.621882372612e-01
2.205226130653e-04 2.285491926694e-01 2.205226130653e-04 2.403593497103e-01 2.205226130653e-04 2.576822474215e-01 2.205226130653e-04 2.702106967385e-01
2.226030150754e-04 2.215678970465e-01 2.226030150754e-04 2.362208649697e-01 2.226030150754e-04 2.614728724408e-01 2.226030150754e-04 2.782205885758e-01
2.246834170854e-04 2.155576931758e-01 2.246834170854e-04 2.322315921412e-01 2.246834170854e-04 2.651260670770e-01 2.246834170854e-04 2.856354574529e-01
2.267638190955e-04 2.106862661448e-01 2.267638190955e-04 2.284413999353e-01 2.267638190955e-04 2.686190962370e-01 2.267638190955e-04 2.919780242721e-01
2.288442211055e-04 2.069389690262e-01 2.288442211055e-04 2.248877556785e-01 2.288442211055e-04 2.719331225326e-01 2.288442211055e-04 2.970265375968e-01
2.309246231156e-04 2.041745496643e-01 2.309246231156e-04 2.215948075095e-01 2.309246231156e-04 2.750534860986e-01 2.309246231156e-04 3.008145562042e-01
2.330050251256e-04 2.021985670971e-01 2.330050251256e-04 2.185739718068e-01 2.330050251256e-04 2.779698331740e-01 2.330050251256e-04 3.035327587625e-01
2.350854271357e-04 2.008179441318e-01 2.350854271357e-04 2.158256256959e-01 2.350854271357e-04 2.806760797205e-01 2.350854271357e-04 3.054227208518e-01
2.371658291457e-04 1.998685042049e-01 2.371658291457e-04 2.133414150975e-01 2.371658291457e-04 2.831702106939e-01 2.371658291457e-04 3.067094470996e-01
2.392462311558e-04 1.992226017007e-01 2.392462311558e-04 2.111067288007e-01 2.392462311558e-04 2.854539316880e-01 2.392462311558e-04 3.075739739441e-01
2.413266331658e-04 1.987863441276e-01 2.413266331658e-04 2.091030049442e-01 2.413266331658e-04 2.875322035280e-01 2.413266331658e-04 3.081504075172e-01
2.434070351759e-04 1.984930627374e-01 2.434070351759e-04 2.073096731084e-01 2.434070351759e-04 2.894126991962e-01 2.434070351759e-04 3.085333025893e-01
2.454874371859e-04 1.982964845562e-01 2.454874371859e-04 2.057056548027e-01 2.454874371859e-04 2.911052251447e-01 2.454874371859e-04 3.087873582971e-01
2.475678391960e-04 1.981649624923e-01 2.475678391960e-04 2.042704301247e-01 2.475678391960e-04 2.926211461061e-01 2.475678391960e-04 3.089560523647e-01
2.496482412060e-04 1.980770575434e-01 2.496482412060e-04 2.029847273920e-01 2.496482412060e-04 2.939728455334e-01 2.496482412060e-04 3.090682949589e-01
2.517286432161e-04 1.980183346302e-01 2.517286432161e-04 2.018309127859e-01 2.517286432161e-04 2.951732447258e-01 2.517286432161e-04 3.091431998476e-01
2.538090452261e-04 1.979791121058e-01 2.538090452261e-04 2.007931581994e-01 2.538090452261e-04 2.962353943144e-01 2.538090452261e-04 3.091933715455e-01
2.558894472362e-04 1.979529120555e-01 2.558894472362e-04 1.998574561771e-01 2.558894472362e-04 2.971721434007e-01 2.558894472362e-04 3.092271182780e-01
2.579698492462e-04 1.979354063445e-01 2.579698492462e-04 1.990115373571e-01 2.579698492462e-04 2.979958849968e-01 2.579698492462e-04 3.092499218705e-01
2.600502512563e-04 1.979237054417e-01 2.600502512563e-04 1.982447320155e-01 2.600502512563e-04 2.987183717482e-01 2.600502512563e-04 3.092654066601e-01
2.621306532663e-04 1.979158809205e-01 2.621306532663e-04 1.975478051494e-01 2.621306532663e-04 2.993505931257e-01 2.621306532663e-04 3.092759756525e-01
2.642110552764e-04 1.979106458514e-01 2.642110552764e-04 1.969127847504e-01 2.642110552764e-04 2.999027040113e-01 2.642110552764e-04 3.092832275409e-01
2.662914572864e-04 1.979071412821e-01 2.662914572864e-04 1.963327955430e-01 2.662914572864e-04 3.003839945046e-01 2.662914572864e-04 3.092882300762e-01
2.683718592965e-04 1.979047937488e-01 2.683718592965e-04 1.958019051852e-01 2.683718592965e-04 3.008028914395e-01 2.683718592965e-04 3.092916994715e-01
2.704522613065e-04 1.979032202434e-01 2.704522613065e-04 1.953149863240e-01 2.704522613065e-04 3.011669832070e-01 2.704522613065e-04 3.092941183696e-01
2.725326633166e-04 1.979021648440e-01 2.725326633166e-04 1.948675955634e-01 2.725326633166e-04 3.014830607853e-01 2.725326633166e-04 3.092958136120e-01
2.746130653266e-04 1.979014564595e-01 2.746130653266e-04 1.944558689624e-01 2.746130653266e-04 3.017571692011e-01 2.746130653266e-04 3.092970076664e-01
2.766934673367e-04 1.979009806475e-01 2.766934673367e-04 1.940764328771e-01 2.766934673367e-04 3.019946648821e-01 2.766934673367e-04 3.092978527566e-01
2.787738693467e-04 1.979006608128e-01 2.787738693467e-04 1.937263285655e-01 2.787738693467e-04 3.022002754552e-01 2.787738693467e-04 3.092984536002e-01
2.808542713568e-04 1.979004456591e-01 2.808542713568e-04 1.934029488437e-01 2.808542713568e-04 3.023781594632e-01 2.808542713568e-04 3.092988826230e-01
2.829346733668e-04 1.979003008105e-01 2.829346733668e-04 1.931039851129e-01 2.829346733668e-04 3.025319642296e-01 2.829346733668e-04 3.092991901855e-01
2.850150753769e-04 1.979002032151e-01 2.850150753769e-04 1.928273831946e-01 2.850150753769e-04 3.026648806921e-01 2.850150753769e-04 3.092994114893e-01
2.870954773869e-04 1.979001374035e-01 2.870954773869e-04 1.925713065720e-01 2.870954773869e-04 3.027796944877e-01 2.870954773869e-04 3.092995712667e-01
2.891758793970e-04 1.979000929873e-01 2.891758793970e-04 1.923341058134e-01 2.891758793970e-04 3.028788329133e-01 2.891758793970e-04 3.092996869797e-01
2.912562814070e-04 1.979000629852e-01 2.912562814070e-04 1.921142931235e-01 2.912562814070e-04 3.029644076349e-01 2.912562814070e-04 3.092997710153e-01
2.933366834171e-04 1.979000427019e-01 2.933366834171e-04 1.919105211305e-01 2.933366834171e-04 3.030382531958e-01 2.933366834171e-04 3.092998321993e-01
2.954170854271e-04 1.979000289770e-01 2.954170854271e-04 1.917215651630e-01 2.954170854271e-04 3.031019614899e-01 2.954170854271e-04 3.092998768463e-01
2.974974874372e-04 1.979000196815e-01 2.974974874372e-04 1.915463083917e-01 2.974974874372e-04 3.031569124405e-01 2.974974874372e-04 3.092999094915e-01
2.995778894472e-04 1.979000133803e-01 2.995778894472e-04 1.913837293253e-01 2.995778894472e-04 3.032043011706e-01 2.995778894472e-04 3.092999334041e-01
3.016582914573e-04 1.979000091049e-01 3.016582914573e-04 1.912328912346e-01 3.016582914573e-04 3.032451619638e-01 3.016582914573e-04 3.092999509477e-01
3.037386934673e-04 1.979000062014e-01 3.037386934673e-04 1.910929331615e-01 3.037386934673e-04 3.032803893243e-01 3.037386934673e-04 3.092999638367e-01
3.058190954774e-04 1.979000042277e-01 3.058190954774e-04 1.909630622298e-01 3.058190954774e-04 3.033107564314e-01 3.058190954774e-04 3.092999733177e-01
3.078994974874e-04 1.979000028849e-01 3.078994974874e-04 1.908425470263e-01 3.078994974874e-04 3.033369312705e-01 3.078994974874e-04 3.092999802993e-01
3.099798994975e-04 1.979000019704e-01 3.099798994975e-04 1.907307118682e-01 3.099798994975e-04 3.033594907043e-01 3.099798994975e-04 3.092999854452e-01
3.120603015075e-04 1.979000013470e-01 3.120603015075e-04 1.906269318030e-01 3.120603015075e-04 3.033789327245e-01 3.120603015075e-04 3.092999892414e-01
3.141407035176e-04 1.979000009217e-01 3.141407035176e-04 1.905306282177e-01 3.141407035176e-04 3.033956871018e-01 3.141407035176e-04 3.092999920438e-01
3.162211055276e-04 1.979000006312e-01 3.162211055276e-04 1.904412649596e-01 3.162211055276e-04 3.034101246342e-01 3.162211055276e-04 3.092999941138e-01
3.183015075377e-04 1.979000004327e-01 3.183015075377e-04 1.903583448847e-01 3.183015075377e-04 3.034225651655e-01 3.183015075377e-04 3.092999956438e-01
3.203819095477e-04 1.979000002969e-01 3.203819095477e-04 1.902814067701e-01 3.203819095477e-04 3.034332845336e-01 3.203819095477e-04 3.092999967751e-01
3.224623115578e-04 1.979000002039e-01 3.224623115578e-04 1.902100225358e-01 3.224623115578e-04 3.034425205853e-01 3.224623115578e-04 3.092999976120e-01
3.245427135678e-04 1.979000001401e-01 3.245427135678e-04 1.901437947313e-01 3.245427135678e-04 3.034504783794e-01 3.245427135678e-04 3.092999982313e-01
3.266231155779e-04 1.979000000964e-01 3.266231155779e-04 1.900823542533e-01 3.266231155779e-04 3.034573346847e-01 3.266231155779e-04 3.092999986898e-01
3.287035175879e-04 1.979000000663e-01 3.287035175879e-04 1.900253582617e-01 3.287035175879e-04 3.034632418672e-01 3.287035175879e-04 3.092999990292e-01
3.307839195980e-04 1.979000000457e-01 3.307839195980e-04 1.899724882734e-01 3.307839195980e-04 3.034683312470e-01 3.307839195980e-04 3.092999992806e-01
3.328643216080e-04 1.979000000315e-01 3.328643216080e-04 1.899234484095e-01 3.328643216080e-04 3.034727159967e-01 3.328643216080e-04 3.092999994668e-01
3.349447236181e-04 1.979000000217e-01 3.349447236181e-04 1.898779637821e-01 3.349447236181e-04 3.034764936431e-01 3.349447236181e-04 3.092999996048e-01
3.370251256281e-04 1.979000000150e-01 3.370251256281e-04 1.898357790052e-01 3.370251256281e-04 3.034797482256e-01 3.370251256281e-04 3.092999997071e-01
3.391055276382e-04 1.979000000104e-01 3.391055276382e-04 1.897966568164e-01 3.391055276382e-04 3.034825521578e-01 3.391055276382e-04 3.092999997828e-01
3.411859296482e-04 1.979000000072e-01 3.411859296482e-04 1.897603768014e-01 3.411859296482e-04 3.034849678341e-01 3.411859296482e-04 3.092999998390e-01
3.432663316583e-04 1.979000000050e-01 3.432663316583e-04 1.897267342103e-01 3.432663316583e-04 3.034870490132e-01 3.432663316583e-04 3.092999998806e-01
3.453467336683e-04 1.979000000034e-01 3.453467336683e-04 1.896955388581e-01 3.453467336683e-04 3.034888420130e-01 3.453467336683e-04 3.092999999115e-01
3.474271356784e-04 1.979000000024e-01 3.474271356784e-04 1.896666141045e-01 3.474271356784e-04 3.034903867393e-01 3.474271356784e-04 3.092999999344e-01
3.495075376884e-04 1.979000000017e-01 3.495075376884e-04 1.896397959030e-01 3.495075376884e-04 3.034917175726e-01 3.495075376884e-04 3.092999999513e-01
3.515879396985e-04 1.979000000011e-01 3.515879396985e-04 1.896149319186e-01 3.515879396985e-04 3.034928641330e-01 3.515879396985e-04 3.092999999639e-01
3.536683417085e-04 1.979000000008e-01 3.536683417085e-04 1.895918807052e-01 3.536683417085e-04 3.034938519392e-01 3.536683417085e-04 3.092999999732e-01
3.557487437186e-04 1.979000000006e-01 3.557487437186e-04 1.895705109404e-01 3.557487437186e-04 3.034947029756e-01 3.557487437186e-04 3.092999999802e-01
3.578291457286e-04 1.979000000004e-01 3.578291457286e-04 1.895507007133e-01 3.578291457286e-04 3.034954361824e-01 3.578291457286e-04 3.092999999853e-01
3.599095477387e-04 1.979000000003e-01 3.599095477387e-04 1.895323368609e-01 3.599095477387e-04 3.034960678765e-01 3.599095477387e-04 3.092999999891e-01
3.619899497487e-04 1.979000000002e-01 3.619899497487e-04 1.895153143510e-01 3.619899497487e-04 3.034966121151e-01 3.619899497487e-04 3.092999999919e-01
3.640703517588e-04 1.979000000001e-01 3.640703517588e-04 1.894995357073e-01 3.640703517588e-04 3.034970810087e-01 3.640703517588e-04 3.092999999940e-01
3.661507537688e-04 1.979000000001e-01 3.661507537688e-04 1.894849104739e-01 3.661507537688e-04 3.034974849903e-01 3.661507537688e-04 3.092999999955e-01
3.682311557789e-04 1.979000000001e-01 3.682311557789e-04 1.894713547175e-01 3.682311557789e-04 3.034978330481e-01 3.682311557789e-04 3.092999999967e-01
3.703115577889e-04 1.979000000000e-01 3.703115577889e-04 1.894587905639e-01 3.703115577889e-04 3.034981329255e-01 3.703115577889e-04 3.092999999976e-01
3.723919597990e-04 1.979000000000e-01 3.723919597990e-04 1.894471457661e-01 3.723919597990e-04 3.034983912936e-01 3.723919597990e-04 3.092999999982e-01
3.744723618090e-04 1.979000000000e-01 3.744723618090e-04 1.894363533037e-01 3.744723618090e-04 3.034986138994e-01 3.744723618090e-04 3.092999999987e-01
3.765527638191e-04 1.979000000000e-01 3.765527638191e-04 1.894263510088e-01 3.765527638191e-04 3.034988056943e-01 3.765527638191e-04 3.092999999990e-01
3.786331658291e-04 1.979000000000e-01 3.786331658291e-04 1.894170812195e-01 3.786331658291e-04 3.034989709438e-01 3.786331658291e-04 3.092999999993e-01
3.807135678392e-04 1.979000000000e-01 3.807135678392e-04 1.894084904563e-01 3.807135678392e-04 3.034991133229e-01 3.807135678392e-04 3.092999999995e-01
3.827939698492e-04 1.979000000000e-01 3.827939698492e-04 1.894005291226e-01 3.827939698492e-04 3.034992359976e-01 3.827939698492e-04 3.092999999996e-01
3.848743718593e-04 1.979000000000e-01 3.848743718593e-04 1.893931512251e-01 3.848743718593e-04 3.034993416956e-01 3.848743718593e-04 3.092999999997e-01
3.869547738693e-04 1.979000000000e-01 3.869547738693e-04 1.893863141148e-01 3.869547738693e-04 3.034994327669e-01 3.869547738693e-04 3.092999999998e-01
3.890351758794e-04 1.979000000000e-01 3.890351758794e-04 1.893799782460e-01 3.890351758794e-04 3.034995112359e-01 3.890351758794e-04 3.092999999998e-01
3.911155778894e-04 1.979000000000e-01 3.911155778894e-04 1.893741069522e-01 3.911155778894e-04 3.034995788471e-01 3.911155778894e-04 3.092999999999e-01
3.931959798995e-04 1.979000000000e-01 3.931959798995e-04 1.893686662382e-01 3.931959798995e-04 3.034996371033e-01 3.931959798995e-04 3.092999999999e-01
3.952763819095e-04 1.979000000000e-01 3.952763819095e-04 1.893636245870e-01 3.952763819095e-04 3.034996872991e-01 3.952763819095e-04 3.092999999999e-01
3.973567839196e-04 1.979000000000e-01 3.973567839196e-04 1.893589527803e-01 3.973567839196e-04 3.034997305502e-01 3.973567839196e-04 3.092999999999e-01
3.994371859296e-04 1.979000000000e-01 3.994371859296e-04 1.893546237323e-01 3.994371859296e-04 3.034997678175e-01 3.994371859296e-04 3.093000000000e-01
4.015175879397e-04 1.979000000000e-01 4.015175879397e-04 1.893506123342e-01 4.015175879397e-04 3.034997999291e-01 4.015175879397e-04 3.093000000000e-01
4.035979899497e-04 1.979000000000e-01 4.035979899497e-04 1.893468953117e-01 4.035979899497e-04 3.034998275985e-01 4.035979899497e-04 3.093000000000e-01
4.056783919598e-04 1.979000000000e-01 4.056783919598e-04 1.893434510910e-01 4.056783919598e-04 3.034998514403e-01 4.056783919598e-04 3.093000000000e-01
4.077587939698e-04 1.979000000000e-01 4.077587939698e-04 1.893402596754e-01 4.077587939698e-04 3.034998719842e-01 4.077587939698e-04 3.093000000000e-01
4.098391959799e-04 1.979000000000e-01 4.098391959799e-04 1.893373025306e-01 4.098391959799e-04 3.034998896865e-01 4.098391959799e-04 3.093000000000e-01
4.119195979899e-04 1.979000000000e-01 4.119195979899e-04 1.893345624781e-01 4.119195979899e-04 3.034999049402e-01 4.119195979899e-04 3.093000000000e-01
4.140000000000e-04 1.979000000000e-01 4.140000000000e-04 1.893320235967e-01 4.140000000000e-04 3.034999180843e-01 4.140000000000e-04 3.093000000000e-01
