0.000000000000e+00 2.029000000000e-01 0.000000000000e+00 1.914002087046e-01 0.000000000000e+00 3.021000000000e-01 0.000000000000e+00 3.037000000000e-01
2.100502512563e-06 2.029000000000e-01 2.100502512563e-06 1.914002378230e-01 2.100502512563e-06 3.021000000000e-01 2.100502512563e-06 3.037000000000e-01
4.201005025126e-06 2.029000000000e-01 4.201005025126e-06 1.914002710041e-01 4.201005025126e-06 3.021000000000e-01 4.201005025126e-06 3.037000000000e-01
6.301507537688e-06 2.029000000000e-01 6.301507537688e-06 1.914003088145e-01 6.301507537688e-06 3.021000000000e-01 6.301507537688e-06 3.036999999999e-01
8.402010050251e-06 2.029000000000e-01 8.402010050251e-06 1.914003519002e-01 8.402010050251e-06 3.021000000000e-01 8.402010050251e-06 3.036999999999e-01
1.050251256281e-05 2.029000000000e-01 1.050251256281e-05 1.914004009971e-01 1.050251256281e-05 3.021000000000e-01 1.050251256281e-05 3.036999999999e-01
1.260301507538e-05 2.029000000000e-01 1.260301507538e-05 1.914004569440e-01 1.260301507538e-05 3.021000000000e-01 1.260301507538e-05 3.036999999999e-01
1.470351758794e-05 2.029000000000e-01 1.470351758794e-05 1.914005206965e-01 1.470351758794e-05 3.021000000000e-01 1.470351758794e-05 3.036999999998e-01
1.680402010050e-05 2.029000000000e-01 1.680402010050e-05 1.914005933436e-01 1.680402010050e-05 3.021000000000e-01 1.680402010050e-05 3.036999999997e-01
1.890452261307e-05 2.029000000000e-01 1.890452261307e-05 1.914006761262e-01 1.890452261307e-05 3.021000000000e-01 1.890452261307e-05 3.036999999996e-01
2.100502512563e-05 2.029000000000e-01 2.100502512563e-05 1.914007704584e-01 2.100502512563e-05 3.021000000000e-01 2.100502512563e-05 3.036999999995e-01
2.310552763819e-05 2.029000000000e-01 2.310552763819e-05 1.914008779516e-01 2.310552763819e-05 3.021000000000e-01 2.310552763819e-05 3.036999999993e-01
2.520603015075e-05 2.029000000000e-01 2.520603015075e-05 1.914010004419e-01 2.520603015075e-05 3.021000000000e-01 2.520603015075e-05 3.036999999991e-01
2.730653266332e-05 2.029000000000e-01 2.730653266332e-05 1.914011400214e-01 2.730653266332e-05 3.021000000000e-01 2.730653266332e-05 3.036999999988e-01
2.940703517588e-05 2.029000000000e-01 2.940703517588e-05 1.914012990744e-01 2.940703517588e-05 3.021000000000e-01 2.940703517588e-05 3.036999999984e-01
3.150753768844e-05 2.029000000000e-01 3.150753768844e-05 1.914014803176e-01 3.150753768844e-05 3.021000000000e-01 3.150753768844e-05 3.036999999978e-01
3.360804020101e-05 2.029000000000e-01 3.360804020101e-05 1.914016868466e-01 3.360804020101e-05 3.021000000000e-01 3.360804020101e-05 3.036999999971e-01
3.570854271357e-05 2.029000000000e-01 3.570854271357e-05 1.914019221890e-01 3.570854271357e-05 3.021000000000e-01 3.570854271357e-05 3.036999999961e-01
3.780904522613e-05 2.029000000000e-01 3.780904522613e-05 1.914021903643e-01 3.780904522613e-05 3.021000000000e-01 3.780904522613e-05 3.036999999947e-01
3.990954773869e-05 2.029000000000e-01 3.990954773869e-05 1.914024959528e-01 3.990954773869e-05 3.021000000000e-01 3.990954773869e-05 3.036999999928e-01
4.201005025126e-05 2.029000000000e-01 4.201005025126e-05 1.914028441736e-01 4.201005025126e-05 3.021000000000e-01 4.201005025126e-05 3.036999999903e-01
4.411055276382e-05 2.029000000000e-01 4.411055276382e-05 1.914032409736e-01 4.411055276382e-05 3.021000000000e-01 4.411055276382e-05 3.036999999870e-01
4.621105527638e-05 2.029000000000e-01 4.621105527638e-05 1.914036931293e-01 4.621105527638e-05 3.021000000000e-01 4.621105527638e-05 3.036999999825e-01
4.831155778894e-05 2.029000000000e-01 4.831155778894e-05 1.914042083621e-01 4.831155778894e-05 3.021000000000e-01 4.831155778894e-05 3.036999999764e-01
5.041206030151e-05 2.029000000000e-01 5.041206030151e-05 1.914047954702e-01 5.041206030151e-05 3.021000000000e-01 5.041206030151e-05 3.036999999681e-01
5.251256281407e-05 2.029000000000e-01 5.251256281407e-05 1.914054644787e-01 5.251256281407e-05 3.021000000000e-01 5.251256281407e-05 3.036999999571e-01
5.461306532663e-05 2.029000000000e-01 5.461306532663e-05 1.914062268104e-01 5.461306532663e-05 3.021000000000e-01 5.461306532663e-05 3.036999999421e-01
5.671356783920e-05 2.029000000000e-01 5.671356783920e-05 1.914070954807e-01 5.671356783920e-05 3.021000000000e-01 5.671356783920e-05 3.036999999220e-01
5.881407035176e-05 2.029000000000e-01 5.881407035176e-05 1.914080853193e-01 5.881407035176e-05 3.021000000000e-01 5.881407035176e-05 3.036999998948e-01
6.091457286432e-05 2.029000000000e-01 6.091457286432e-05 1.914092132230e-01 6.091457286432e-05 3.021000000000e-01 6.091457286432e-05 3.036999998583e-01
6.301507537688e-05 2.029000000000e-01 6.301507537688e-05 1.914104984436e-01 6.301507537688e-05 3.021000000000e-01 6.301507537688e-05 3.036999998090e-01
6.511557788945e-05 2.029000000000e-01 6.511557788945e-05 1.914119629155e-01 6.511557788945e-05 3.021000000000e-01 6.511557788945e-05 3.036999997425e-01
6.721608040201e-05 2.029000000000e-01 6.721608040201e-05 1.914136316290e-01 6.721608040201e-05 3.021000000000e-01 6.721608040201e-05 3.036999996529e-01
6.931658291457e-05 2.029000000000e-01 6.931658291457e-05 1.914155330555e-01 6.931658291457e-05 3.021000000000e-01 6.931658291457e-05 3.036999995322e-01
7.141708542714e-05 2.029000000000e-01 7.141708542714e-05 1.914176996313e-01 7.141708542714e-05 3.021000000000e-01 7.141708542714e-05 3.036999993694e-01
7.351758793970e-05 2.029000000000e-01 7.351758793970e-05 1.914201683089e-01 7.351758793970e-05 3.021000000000e-01 7.351758793970e-05 3.036999991501e-01
7.561809045226e-05 2.029000000000e-01 7.561809045226e-05 1.914229811841e-01 7.561809045226e-05 3.021000000000e-01 7.561809045226e-05 3.036999988544e-01
7.771859296482e-05 2.029000000000e-01 7.771859296482e-05 1.914261862099e-01 7.771859296482e-05 3.020999999999e-01 7.771859296482e-05 3.036999984559e-01
7.981909547739e-05 2.029000000000e-01 7.981909547739e-05 1.914298380088e-01 7.981909547739e-05 3.020999999999e-01 7.981909547739e-05 3.036999979187e-01
8.191959798995e-05 2.029000000000e-01 8.191959798995e-05 1.914339987976e-01 8.191959798995e-05 3.020999999998e-01 8.191959798995e-05 3.036999971947e-01
8.402010050251e-05 2.029000000000e-01 8.402010050251e-05 1.914387394384e-01 8.402010050251e-05 3.020999999996e-01 8.402010050251e-05 3.036999962188e-01
8.612060301508e-05 2.029000000000e-01 8.612060301508e-05 1.914441406348e-01 8.612060301508e-05 3.020999999994e-01 8.612060301508e-05 3.036999949034e-01
8.822110552764e-05 2.029000000000e-01 8.822110552764e-05 1.914502942911e-01 8.822110552764e-05 3.020999999990e-01 8.822110552764e-05 3.036999931304e-01
9.032160804020e-05 2.029000000000e-01 9.032160804020e-05 1.914573050579e-01 9.032160804020e-05 3.020999999983e-01 9.032160804020e-05 3.036999907406e-01
9.242211055276e-05 2.029000000000e-01 9.242211055276e-05 1.914652920873e-01 9.242211055276e-05 3.020999999972e-01 9.242211055276e-05 3.036999875195e-01
9.452261306533e-05 2.029000000000e-01 9.452261306533e-05 1.914743910269e-01 9.452261306533e-05 3.020999999954e-01 9.452261306533e-05 3.036999831778e-01
9.662311557789e-05 2.029000000000e-01 9.662311557789e-05 1.914847562830e-01 9.662311557789e-05 3.020999999924e-01 9.662311557789e-05 3.036999773257e-01
9.872361809045e-05 2.029000000000e-01 9.872361809045e-05 1.914965635882e-01 9.872361809045e-05 3.020999999874e-01 9.872361809045e-05 3.036999694379e-01
1.008241206030e-04 2.029000000000e-01 1.008241206030e-04 1.915100129123e-01 1.008241206030e-04 3.020999999791e-01 1.008241206030e-04 3.036999588061e-01
1.029246231156e-04 2.029000000000e-01 1.029246231156e-04 1.915253317608e-01 1.029246231156e-04 3.020999999655e-01 1.029246231156e-04 3.036999444757e-01
1.050251256281e-04 2.029000000000e-01 1.050251256281e-04 1.915427789089e-01 1.050251256281e-04 3.020999999428e-01 1.050251256281e-04 3.036999251601e-01
1.071256281407e-04 2.029000000000e-01 1.071256281407e-04 1.915626486239e-01 1.071256281407e-04 3.020999999053e-01 1.071256281407e-04 3.036998991251e-01
1.092261306533e-04 2.029000000000e-01 1.092261306533e-04 1.915852754367e-01 1.092261306533e-04 3.020999998432e-01 1.092261306533e-04 3.036998640333e-01
1.113266331658e-04 2.029000000000e-01 1.113266331658e-04 1.916110395248e-01 1.113266331658e-04 3.020999997404e-01 1.113266331658e-04 3.036998167338e-01
1.134271356784e-04 2.029000000000e-01 1.134271356784e-04 1.916403727785e-01 1.134271356784e-04 3.020999995701e-01 1.134271356784e-04 3.036997529801e-01
1.155276381910e-04 2.029000000000e-01 1.155276381910e-04 1.916737656243e-01 1.155276381910e-04 3.020999992882e-01 1.155276381910e-04 3.036996670481e-01
1.176281407035e-04 2.029000000000e-01 1.176281407035e-04 1.917117746875e-01 1.176281407035e-04 3.020999988212e-01 1.176281407035e-04 3.036995512229e-01
1.197286432161e-04 2.029000000000e-01 1.197286432161e-04 1.917550313763e-01 1.197286432161e-04 3.020999980480e-01 1.197286432161e-04 3.036993951055e-01
1.218291457286e-04 2.029000000000e-01 1.218291457286e-04 1.918042514765e-01 1.218291457286e-04 3.020999967674e-01 1.218291457286e-04 3.036991846799e-01
1.239296482412e-04 2.029000000000e-01 1.239296482412e-04 1.918602458447e-01 1.239296482412e-04 3.020999946467e-01 1.239296482412e-04 3.036989010544e-01
1.260301507538e-04 2.029000000000e-01 1.260301507538e-04 1.919239322864e-01 1.260301507538e-04 3.020999911348e-01 1.260301507538e-04 3.036985187665e-01
1.281306532663e-04 2.029000000000e-01 1.281306532663e-04 1.919963487004e-01 1.281306532663e-04 3.020999853185e-01 1.281306532663e-04 3.036980034973e-01
1.302311557789e-04 2.029000000000e-01 1.302311557789e-04 1.920786675647e-01 1.302311557789e-04 3.020999756860e-01 1.302311557789e-04 3.036973089918e-01
1.323316582915e-04 2.029000000000e-01 1.323316582915e-04 1.921722118188e-01 1.323316582915e-04 3.020999597327e-01 1.323316582915e-04 3.036963729093e-01
1.344321608040e-04 2.029000000000e-01 1.344321608040e-04 1.922784721851e-01 1.344321608040e-04 3.020999333107e-01 1.344321608040e-04 3.036951112313e-01
1.365326633166e-04 2.029000000000e-01 1.365326633166e-04 1.923991259403e-01 1.365326633166e-04 3.020998895489e-01 1.365326633166e-04 3.036934107278e-01
1.386331658291e-04 2.029000000000e-01 1.386331658291e-04 1.925360571255e-01 1.386331658291e-04 3.020998170659e-01 1.386331658291e-04 3.036911188091e-01
1.407336683417e-04 2.029000000000e-01 1.407336683417e-04 1.926913781513e-01 1.407336683417e-04 3.020996970081e-01 1.407336683417e-04 3.036880298580e-01
1.428341708543e-04 2.029000000000e-01 1.428341708543e-04 1.928674527449e-01 1.428341708543e-04 3.020994981428e-01 1.428341708543e-04 3.036838668274e-01
1.449346733668e-04 2.029000000000e-01 1.449346733668e-04 1.930669201966e-01 1.449346733668e-04 3.020991687282e-01 1.449346733668e-04 3.036782564725e-01
1.470351758794e-04 2.029000000000e-01 1.470351758794e-04 1.932927209521e-01 1.470351758794e-04 3.020986230423e-01 1.470351758794e-04 3.036706960325e-01
1.491356783920e-04 2.029000000000e-01 1.491356783920e-04 1.935481238042e-01 1.491356783920e-04 3.020977190625e-01 1.491356783920e-04 3.036605084399e-01
1.512361809045e-04 2.029000000000e-01 1.512361809045e-04 1.938367553940e-01 1.512361809045e-04 3.020962214821e-01 1.512361809045e-04 3.036467821616e-01
1.533366834171e-04 2.029000000000e-01 1.533366834171e-04 1.941626335991e-01 1.533366834171e-04 3.020937404357e-01 1.533366834171e-04 3.036282904941e-01
1.554371859296e-04 2.029000000000e-01 1.554371859296e-04 1.945302079942e-01 1.554371859296e-04 3.020896300001e-01 1.554371859296e-04 3.036033834680e-01
1.575376884422e-04 2.029000000002e-01 1.575376884422e-04 1.949444134082e-01 1.575376884422e-04 3.020828201208e-01 1.575376884422e-04 3.035698433602e-01
1.596381909548e-04 2.029000000007e-01 1.596381909548e-04 1.954107475398e-01 1.596381909548e-04 3.020715384831e-01 1.596381909548e-04 3.035246920742e-01
1.617386934673e-04 2.029000000035e-01 1.617386934673e-04 1.959353919958e-01 1.617386934673e-04 3.020528507974e-01 1.617386934673e-04 3.034639352042e-01
1.638391959799e-04 2.029000000165e-01 1.638391959799e-04 1.965254102366e-01 1.638391959799e-04 3.020219024620e-01 1.638391959799e-04 3.033822233307e-01
1.659396984925e-04 2.029000000785e-01 1.659396984925e-04 1.971890793552e-01 1.659396984925e-04 3.019706718887e-01 1.659396984925e-04 3.032724057703e-01
1.680402010050e-04 2.029000003742e-01 1.680402010050e-04 1.979364509778e-01 1.680402010050e-04 3.018859328385e-01 1.680402010050e-04 3.031249450323e-01
1.701407035176e-04 2.029000017831e-01 1.701407035176e-04 1.987802983443e-01 1.701407035176e-04 3.017459563882e-01 1.701407035176e-04 3.029271497879e-01
1.722412060302e-04 2.029000084968e-01 1.722412060302e-04 1.997377035321e-01 1.722412060302e-04 3.015152614443e-01 1.722412060302e-04 3.026621646065e-01
1.743417085427e-04 2.029000404888e-01 1.743417085427e-04 2.008326844176e-01 1.743417085427e-04 3.011364976879e-01 1.743417085427e-04 3.023076097084e-01
1.764422110553e-04 2.029001929376e-01 1.764422110553e-04 2.021004624840e-01 1.764422110553e-04 3.005185284164e-01 1.764422110553e-04 3.018336480358e-01
1.785427135678e-04 2.029009193871e-01 1.785427135678e-04 2.035942030141e-01 1.785427135678e-04 2.995205857211e-01 1.785427135678e-04 3.011999483066e-01
1.806432160804e-04 2.029043809020e-01 1.806432160804e-04 2.053951801403e-01 1.806432160804e-04 2.979354047504e-01 1.806432160804e-04 3.003501969800e-01
1.827437185930e-04 2.029208705418e-01 1.827437185930e-04 2.076268951835e-01 1.827437185930e-04 2.954818313356e-01 1.827437185930e-04 2.992007129063e-01
1.848442211055e-04 2.029993188147e-01 1.848442211055e-04 2.104716180429e-01 1.848442211055e-04 2.918305694341e-01 1.848442211055e-04 2.976145732170e-01
1.869447236181e-04 2.033701813973e-01 1.869447236181e-04 2.141820072743e-01 1.869447236181e-04 2.866961957668e-01 1.869447236181e-04 2.953413004875e-01
1.890452261307e-04 2.050723485030e-01 1.890452261307e-04 2.190685477281e-01 1.890452261307e-04 2.800010048267e-01 1.890452261307e-04 2.918838712236e-01
1.911457286432e-04 2.119391622986e-01 1.911457286432e-04 2.254286755237e-01 1.911457286432e-04 2.720164218394e-01 1.911457286432e-04 2.862629778266e-01
1.932462311558e-04 2.297601467143e-01 1.932462311558e-04 2.333883972508e-01 1.932462311558e-04 2.632918473855e-01 1.932462311558e-04 2.768751764158e-01
1.953467336683e-04 2.489117772803e-01 1.953467336683e-04 2.426970453370e-01 1.953467336683e-04 2.543076613893e-01 1.953467336683e-04 2.624238391682e-01
1.974472361809e-04 2.584322332552e-01 1.974472361809e-04 2.526429354906e-01 1.974472361809e-04 2.451274158853e-01 1.974472361809e-04 2.446407336469e-01
1.995477386935e-04 2.680709375248e-01 1.995477386935e-04 2.622640019747e-01 1.995477386935e-04 2.354403159546e-01 1.995477386935e-04 2.283954057889e-01
2.016482412060e-04 2.891706270809e-01 2.016482412060e-04 2.707592372339e-01 2.016482412060e-04 2.250738220136e-01 2.016482412060e-04 2.165657437651e-01
2.037487437186e-04 3.078045409333e-01 2.037487437186e-04 2.777662339708e-01 2.037487437186e-04 2.145575619582e-01 2.037487437186e-04 2.085063780982e-01
2.058492462312e-04 3.137374626371e-01 2.058492462312e-04 2.833342489306e-01 2.058492462312e-04 2.050474784870e-01 2.058492462312e-04 2.027267172079e-01
2.079497487437e-04 3.149363013947e-01 2.079497487437e-04 2.877281059973e-01 2.079497487437e-04 1.975449390373e-01 2.079497487437e-04 1.982752493545e-01
2.100502512563e-04 3.151532824302e-01 2.100502512563e-04 2.912520431802e-01 2.100502512563e-04 1.923056805668e-01 2.100502512563e-04 1.947059048580e-01
2.121507537688e-04 3.151917483082e-01 2.121507537688e-04 2.941611286603e-01 2.121507537688e-04 1.889645127689e-01 2.121507537688e-04 1.918160499207e-01
2.142512562814e-04 3.151985430655e-01 2.142512562814e-04 2.966395604191e-01 2.142512562814e-04 1.869574344176e-01 2.142512562814e-04 1.894917363459e-01
2.163517587940e-04 3.151997427320e-01 2.163517587940e-04 2.988096445200e-01 2.163517587940e-04 1.857946796577e-01 2.163517587940e-04 1.876455387208e-01
2.184522613065e-04 3.151999545606e-01 2.184522613065e-04 3.007486714677e-01 2.184522613065e-04 1.851349155353e-01 2.184522613065e-04 1.861984093705e-01
2.205527638191e-04 3.151999919720e-01 2.205527638191e-04 3.025042112941e-01 2.205527638191e-04 1.847647949262e-01 2.205527638191e-04 1.850774863298e-01
2.226532663317e-04 3.151999985812e-01 2.226532663317e-04 3.041054018474e-01 2.226532663317e-04 1.845583899449e-01 2.226532663317e-04 1.842177822398e-01
2.247537688442e-04 3.151999997491e-01 2.247537688442e-04 3.055705012431e-01 2.247537688442e-04 1.844436099717e-01 2.247537688442e-04 1.835636156373e-01
2.268542713568e-04 3.151999999556e-01 2.268542713568e-04 3.069116500662e-01 2.268542713568e-04 1.843798508123e-01 2.268542713568e-04 1.830689088592e-01
2.289547738693e-04 3.151999999921e-01 2.289547738693e-04 3.081377417824e-01 2.289547738693e-04 1.843444360974e-01 2.289547738693e-04 1.826965619380e-01
2.310552763819e-04 3.151999999986e-01 2.310552763819e-04 3.092560770682e-01 2.310552763819e-04 1.843247552704e-01 2.310552763819e-04 1.824173197945e-01
2.331557788945e-04 3.151999999998e-01 2.331557788945e-04 3.102732641380e-01 2.331557788945e-04 1.843138087390e-01 2.331557788945e-04 1.822084715844e-01
2.352562814070e-04 3.152000000000e-01 2.352562814070e-04 3.111956661831e-01 2.352562814070e-04 1.843077135801e-01 2.352562814070e-04 1.820525913316e-01
2.373567839196e-04 3.152000000000e-01 2.373567839196e-04 3.120295865921e-01 2.373567839196e-04 1.843043154359e-01 2.373567839196e-04 1.819364236588e-01
2.394572864322e-04 3.152000000000e-01 2.394572864322e-04 3.127813101250e-01 2.394572864322e-04 1.843024182745e-01 2.394572864322e-04 1.818499504003e-01
2.415577889447e-04 3.152000000000e-01 2.415577889447e-04 3.134570717111e-01 2.415577889447e-04 1.843013575033e-01 2.415577889447e-04 1.817856361407e-01
2.436582914573e-04 3.152000000000e-01 2.436582914573e-04 3.140629951426e-01 2.436582914573e-04 1.843007634320e-01 2.436582914573e-04 1.817378330048e-01
2.457587939698e-04 3.152000000000e-01 2.457587939698e-04 3.146050255583e-01 2.457587939698e-04 1.843004301616e-01 2.457587939698e-04 1.817023189776e-01
2.478592964824e-04 3.152000000000e-01 2.478592964824e-04 3.150888682948e-01 2.478592964824e-04 1.843002428624e-01 2.478592964824e-04 1.816759440892e-01
2.499597989950e-04 3.152000000000e-01 2.499597989950e-04 3.155199398426e-01 2.499597989950e-04 1.843001374008e-01 2.499597989950e-04 1.816563616049e-01
2.520603015075e-04 3.152000000000e-01 2.520603015075e-04 3.159033326509e-01 2.520603015075e-04 1.843000779021e-01 2.520603015075e-04 1.816418250796e-01
2.541608040201e-04 3.152000000000e-01 2.541608040201e-04 3.162437933092e-01 2.541608040201e-04 1.843000442657e-01 2.541608040201e-04 1.816310358408e-01
2.562613065327e-04 3.152000000000e-01 2.562613065327e-04 3.165457125212e-01 2.562613065327e-04 1.843000252097e-01 2.562613065327e-04 1.816230287544e-01
2.583618090452e-04 3.152000000000e-01 2.583618090452e-04 3.168131248375e-01 2.583618090452e-04 1.843000143902e-01 2.583618090452e-04 1.816170868765e-01
2.604623115578e-04 3.152000000000e-01 2.604623115578e-04 3.170497160518e-01 2.604623115578e-04 1.843000082335e-01 2.604623115578e-04 1.816126778031e-01
2.625628140704e-04 3.152000000000e-01 2.625628140704e-04 3.172588363138e-01 2.625628140704e-04 1.843000047220e-01 2.625628140704e-04 1.816094062655e-01
2.646633165829e-04 3.152000000000e-01 2.646633165829e-04 3.174435172570e-01 2.646633165829e-04 1.843000027146e-01 2.646633165829e-04 1.816069788595e-01
2.667638190955e-04 3.152000000000e-01 2.667638190955e-04 3.176064917214e-01 2.667638190955e-04 1.843000015643e-01 2.667638190955e-04 1.816051778232e-01
2.688643216080e-04 3.152000000000e-01 2.688643216080e-04 3.177502149294e-01 2.688643216080e-04 1.843000009036e-01 2.688643216080e-04 1.816038415516e-01
2.709648241206e-04 3.152000000000e-01 2.709648241206e-04 3.178768862214e-01 2.709648241206e-04 1.843000005231e-01 2.709648241206e-04 1.816028501235e-01
2.730653266332e-04 3.152000000000e-01 2.730653266332e-04 3.179884706806e-01 2.730653266332e-04 1.843000003036e-01 2.730653266332e-04 1.816021145544e-01
2.751658291457e-04 3.152000000000e-01 2.751658291457e-04 3.180867201582e-01 2.751658291457e-04 1.843000001766e-01 2.751658291457e-04 1.816015688185e-01
2.772663316583e-04 3.152000000000e-01 2.772663316583e-04 3.181731933587e-01 2.772663316583e-04 1.843000001029e-01 2.772663316583e-04 1.816011639264e-01
2.793668341709e-04 3.152000000000e-01 2.793668341709e-04 3.182492747646e-01 2.793668341709e-04 1.843000000601e-01 2.793668341709e-04 1.816008635304e-01
2.814673366834e-04 3.152000000000e-01 2.814673366834e-04 3.183161922715e-01 2.814673366834e-04 1.843000000352e-01 2.814673366834e-04 1.816006406623e-01
2.835678391960e-04 3.152000000000e-01 2.835678391960e-04 3.183750334736e-01 2.835678391960e-04 1.843000000207e-01 2.835678391960e-04 1.816004753137e-01
2.856683417085e-04 3.152000000000e-01 2.856683417085e-04 3.184267605921e-01 2.856683417085e-04 1.843000000121e-01 2.856683417085e-04 1.816003526396e-01
2.877688442211e-04 3.152000000000e-01 2.877688442211e-04 3.184722240735e-01 2.877688442211e-04 1.843000000071e-01 2.877688442211e-04 1.816002616265e-01
2.898693467337e-04 3.152000000000e-01 2.898693467337e-04 3.185121749140e-01 2.898693467337e-04 1.843000000042e-01 2.898693467337e-04 1.816001941030e-01
2.919698492462e-04 3.152000000000e-01 2.919698492462e-04 3.185472757792e-01 2.919698492462e-04 1.843000000025e-01 2.919698492462e-04 1.816001440066e-01
2.940703517588e-04 3.152000000000e-01 2.940703517588e-04 3.185781109988e-01 2.940703517588e-04 1.843000000015e-01 2.940703517588e-04 1.816001068397e-01
2.961708542714e-04 3.152000000000e-01 2.961708542714e-04 3.186051955228e-01 2.961708542714e-04 1.843000000009e-01 2.961708542714e-04 1.816000792652e-01
2.982713567839e-04 3.152000000000e-01 2.982713567839e-04 3.186289829245e-01 2.982713567839e-04 1.843000000005e-01 2.982713567839e-04 1.816000588075e-01
3.003718592965e-04 3.152000000000e-01 3.003718592965e-04 3.186498725341e-01 3.003718592965e-04 1.843000000003e-01 3.003718592965e-04 1.816000436298e-01
3.024723618090e-04 3.152000000000e-01 3.024723618090e-04 3.186682157863e-01 3.024723618090e-04 1.843000000002e-01 3.024723618090e-04 1.816000323693e-01
3.045728643216e-04 3.152000000000e-01 3.045728643216e-04 3.186843218566e-01 3.045728643216e-04 1.843000000001e-01 3.045728643216e-04 1.816000240150e-01
3.066733668342e-04 3.152000000000e-01 3.066733668342e-04 3.186984626601e-01 3.066733668342e-04 1.843000000001e-01 3.066733668342e-04 1.816000178169e-01
3.087738693467e-04 3.152000000000e-01 3.087738693467e-04 3.187108772770e-01 3.087738693467e-04 1.843000000000e-01 3.087738693467e-04 1.816000132185e-01
3.108743718593e-04 3.152000000000e-01 3.108743718593e-04 3.187217758689e-01 3.108743718593e-04 1.843000000000e-01 3.108743718593e-04 1.816000098069e-01
3.129748743719e-04 3.152000000000e-01 3.129748743719e-04 3.187313431381e-01 3.129748743719e-04 1.843000000000e-01 3.129748743719e-04 1.816000072758e-01
3.150753768844e-04 3.152000000000e-01 3.150753768844e-04 3.187397413825e-01 3.150753768844e-04 1.843000000000e-01 3.150753768844e-04 1.816000053980e-01
3.171758793970e-04 3.152000000000e-01 3.171758793970e-04 3.187471131907e-01 3.171758793970e-04 1.843000000000e-01 3.171758793970e-04 1.816000040048e-01
3.192763819095e-04 3.152000000000e-01 3.192763819095e-04 3.187535838180e-01 3.192763819095e-04 1.843000000000e-01 3.192763819095e-04 1.816000029712e-01
3.213768844221e-04 3.152000000000e-01 3.213768844221e-04 3.187592632797e-01 3.213768844221e-04 1.843000000000e-01 3.213768844221e-04 1.816000022044e-01
3.234773869347e-04 3.152000000000e-01 3.234773869347e-04 3.187642481955e-01 3.234773869347e-04 1.843000000000e-01 3.234773869347e-04 1.816000016354e-01
3.255778894472e-04 3.152000000000e-01 3.255778894472e-04 3.187686234124e-01 3.255778894472e-04 1.843000000000e-01 3.255778894472e-04 1.816000012133e-01
3.276783919598e-04 3.152000000000e-01 3.276783919598e-04 3.187724634326e-01 3.276783919598e-04 1.843000000000e-01 3.276783919598e-04 1.816000009002e-01
3.297788944724e-04 3.152000000000e-01 3.297788944724e-04 3.187758336708e-01 3.297788944724e-04 1.843000000000e-01 3.297788944724e-04 1.816000006679e-01
3.318793969849e-04 3.152000000000e-01 3.318793969849e-04 3.187787915583e-01 3.318793969849e-04 1.843000000000e-01 3.318793969849e-04 1.816000004955e-01
3.339798994975e-04 3.152000000000e-01 3.339798994975e-04 3.187813875150e-01 3.339798994975e-04 1.843000000000e-01 3.339798994975e-04 1.816000003676e-01
3.360804020101e-04 3.152000000000e-01 3.360804020101e-04 3.187836658027e-01 3.360804020101e-04 1.843000000000e-01 3.360804020101e-04 1.816000002727e-01
3.381809045226e-04 3.152000000000e-01 3.381809045226e-04 3.187856652761e-01 3.381809045226e-04 1.843000000000e-01 3.381809045226e-04 1.816000002023e-01
3.402814070352e-04 3.152000000000e-01 3.402814070352e-04 3.187874200419e-01 3.402814070352e-04 1.843000000000e-01 3.402814070352e-04 1.816000001501e-01
3.423819095477e-04 3.152000000000e-01 3.423819095477e-04 3.187889600376e-01 3.423819095477e-04 1.843000000000e-01 3.423819095477e-04 1.816000001114e-01
3.444824120603e-04 3.152000000000e-01 3.444824120603e-04 3.187903115409e-01 3.444824120603e-04 1.843000000000e-01 3.444824120603e-04 1.816000000826e-01
3.465829145729e-04 3.152000000000e-01 3.465829145729e-04 3.187914976164e-01 3.465829145729e-04 1.843000000000e-01 3.465829145729e-04 1.816000000613e-01
3.486834170854e-04 3.152000000000e-01 3.486834170854e-04 3.187925385077e-01 3.486834170854e-04 1.843000000000e-01 3.486834170854e-04 1.816000000455e-01
3.507839195980e-04 3.152000000000e-01 3.507839195980e-04 3.187934519827e-01 3.507839195980e-04 1.843000000000e-01 3.507839195980e-04 1.816000000337e-01
3.528844221106e-04 3.152000000000e-01 3.528844221106e-04 3.187942536353e-01 3.528844221106e-04 1.843000000000e-01 3.528844221106e-04 1.816000000250e-01
3.549849246231e-04 3.152000000000e-01 3.549849246231e-04 3.187949571520e-01 3.549849246231e-04 1.843000000000e-01 3.549849246231e-04 1.816000000186e-01
3.570854271357e-04 3.152000000000e-01 3.570854271357e-04 3.187955745444e-01 3.570854271357e-04 1.843000000000e-01 3.570854271357e-04 1.816000000138e-01
3.591859296482e-04 3.152000000000e-01 3.591859296482e-04 3.187961163545e-01 3.591859296482e-04 1.843000000000e-01 3.591859296482e-04 1.816000000102e-01
3.612864321608e-04 3.152000000000e-01 3.612864321608e-04 3.187965918341e-01 3.612864321608e-04 1.843000000000e-01 3.612864321608e-04 1.816000000076e-01
3.633869346734e-04 3.152000000000e-01 3.633869346734e-04 3.187970091029e-01 3.633869346734e-04 1.843000000000e-01 3.633869346734e-04 1.816000000056e-01
3.654874371859e-04 3.152000000000e-01 3.654874371859e-04 3.187973752868e-01 3.654874371859e-04 1.843000000000e-01 3.654874371859e-04 1.816000000042e-01
3.675879396985e-04 3.152000000000e-01 3.675879396985e-04 3.187976966393e-01 3.675879396985e-04 1.843000000000e-01 3.675879396985e-04 1.816000000031e-01
3.696884422111e-04 3.152000000000e-01 3.696884422111e-04 3.187979786488e-01 3.696884422111e-04 1.843000000000e-01 3.696884422111e-04 1.816000000023e-01
3.717889447236e-04 3.152000000000e-01 3.717889447236e-04 3.187982261318e-01 3.717889447236e-04 1.843000000000e-01 3.717889447236e-04 1.816000000017e-01
3.738894472362e-04 3.152000000000e-01 3.738894472362e-04 3.187984433150e-01 3.738894472362e-04 1.843000000000e-01 3.738894472362e-04 1.816000000013e-01
3.759899497487e-04 3.152000000000e-01 3.759899497487e-04 3.187986339080e-01 3.759899497487e-04 1.843000000000e-01 3.759899497487e-04 1.816000000009e-01
3.780904522613e-04 3.152000000000e-01 3.780904522613e-04 3.187988011662e-01 3.780904522613e-04 1.843000000000e-01 3.780904522613e-04 1.816000000007e-01
3.801909547739e-04 3.152000000000e-01 3.801909547739e-04 3.187989479464e-01 3.801909547739e-04 1.843000000000e-01 3.801909547739e-04 1.816000000005e-01
3.822914572864e-04 3.152000000000e-01 3.822914572864e-04 3.187990767557e-01 3.822914572864e-04 1.843000000000e-01 3.822914572864e-04 1.816000000004e-01
3.843919597990e-04 3.152000000000e-01 3.843919597990e-04 3.187991897943e-01 3.843919597990e-04 1.843000000000e-01 3.843919597990e-04 1.816000000003e-01
3.864924623116e-04 3.152000000000e-01 3.864924623116e-04 3.187992889930e-01 3.864924623116e-04 1.843000000000e-01 3.864924623116e-04 1.816000000002e-01
3.885929648241e-04 3.152000000000e-01 3.885929648241e-04 3.187993760463e-01 3.885929648241e-04 1.843000000000e-01 3.885929648241e-04 1.816000000002e-01
3.906934673367e-04 3.152000000000e-01 3.906934673367e-04 3.187994524411e-01 3.906934673367e-04 1.843000000000e-01 3.906934673367e-04 1.816000000001e-01
3.927939698492e-04 3.152000000000e-01 3.927939698492e-04 3.187995194826e-01 3.927939698492e-04 1.843000000000e-01 3.927939698492e-04 1.816000000001e-01
3.948944723618e-04 3.152000000000e-01 3.948944723618e-04 3.187995783157e-01 3.948944723618e-04 1.843000000000e-01 3.948944723618e-04 1.816000000001e-01
3.969949748744e-04 3.152000000000e-01 3.969949748744e-04 3.187996299455e-01 3.969949748744e-04 1.843000000000e-01 3.969949748744e-04 1.816000000000e-01
3.990954773869e-04 3.152000000000e-01 3.990954773869e-04 3.187996752539e-01 3.990954773869e-04 1.843000000000e-01 3.990954773869e-04 1.816000000000e-01
4.011959798995e-04 3.152000000000e-01 4.011959798995e-04 3.187997150149e-01 4.011959798995e-04 1.843000000000e-01 4.011959798995e-04 1.816000000000e-01
4.032964824121e-04 3.152000000000e-01 4.032964824121e-04 3.187997499078e-01 4.032964824121e-04 1.843000000000e-01 4.032964824121e-04 1.816000000000e-01
4.053969849246e-04 3.152000000000e-01 4.053969849246e-04 3.187997805284e-01 4.053969849246e-04 1.843000000000e-01 4.053969849246e-04 1.816000000000e-01
4.074974874372e-04 3.152000000000e-01 4.074974874372e-04 3.187998073999e-01 4.074974874372e-04 1.843000000000e-01 4.074974874372e-04 1.816000000000e-01
4.095979899497e-04 3.152000000000e-01 4.095979899497e-04 3.187998309814e-01 4.095979899497e-04 1.843000000000e-01 4.095979899497e-04 1.816000000000e-01
4.116984924623e-04 3.152000000000e-01 4.116984924623e-04 3.187998516756e-01 4.116984924623e-04 1.843000000000e-01 4.116984924623e-04 1.816000000000e-01
4.137989949749e-04 3.152000000000e-01 4.137989949749e-04 3.187998698361e-01 4.137989949749e-04 1.843000000000e-01 4.137989949749e-04 1.816000000000e-01
4.158994974874e-04 3.152000000000e-01 4.158994974874e-04 3.187998857731e-01 4.158994974874e-04 1.843000000000e-01 4.158994974874e-04 1.816000000000e-01
4.180000000000e-04 3.152000000000e-01 4.180000000000e-04 3.187998997587e-01 4.180000000000e-04 1.843000000000e-01 4.180000000000e-04 1.816000000000e-01
