0.000000000000e+00 3.160000000000e-01 0.000000000000e+00 3.097999999937e-01 0.000000000000e+00 1.867000000000e-01 0.000000000000e+00 1.902500000000e-01
1.849246231156e-06 3.160000000000e-01 1.849246231156e-06 3.097999999921e-01 1.849246231156e-06 1.867000000000e-01 1.849246231156e-06 1.902500000000e-01
3.698492462312e-06 3.160000000000e-01 3.698492462312e-06 3.097999999901e-01 3.698492462312e-06 1.867000000000e-01 3.698492462312e-06 1.902500000000e-01
5.547738693467e-06 3.160000000000e-01 5.547738693467e-06 3.097999999876e-01 5.547738693467e-06 1.867000000000e-01 5.547738693467e-06 1.902500000000e-01
7.396984924623e-06 3.160000000000e-01 7.396984924623e-06 3.097999999845e-01 7.396984924623e-06 1.867000000000e-01 7.396984924623e-06 1.902500000000e-01
9.246231155779e-06 3.160000000000e-01 9.246231155779e-06 3.097999999806e-01 9.246231155779e-06 1.867000000000e-01 9.246231155779e-06 1.902500000000e-01
1.109547738693e-05 3.160000000000e-01 1.109547738693e-05 3.097999999756e-01 1.109547738693e-05 1.867000000000e-01 1.109547738693e-05 1.902500000000e-01
1.294472361809e-05 3.160000000000e-01 1.294472361809e-05 3.097999999695e-01 1.294472361809e-05 1.867000000000e-01 1.294472361809e-05 1.902500000000e-01
1.479396984925e-05 3.160000000000e-01 1.479396984925e-05 3.097999999618e-01 1.479396984925e-05 1.867000000000e-01 1.479396984925e-05 1.902500000000e-01
1.664321608040e-05 3.160000000000e-01 1.664321608040e-05 3.097999999521e-01 1.664321608040e-05 1.867000000000e-01 1.664321608040e-05 1.902500000000e-01
1.849246231156e-05 3.160000000000e-01 1.849246231156e-05 3.097999999400e-01 1.849246231156e-05 1.867000000001e-01 1.849246231156e-05 1.902500000000e-01
2.034170854271e-05 3.160000000000e-01 2.034170854271e-05 3.097999999248e-01 2.034170854271e-05 1.867000000001e-01 2.034170854271e-05 1.902500000000e-01
2.219095477387e-05 3.160000000000e-01 2.219095477387e-05 3.097999999057e-01 2.219095477387e-05 1.867000000001e-01 2.219095477387e-05 1.902500000000e-01
2.404020100503e-05 3.160000000000e-01 2.404020100503e-05 3.097999998819e-01 2.404020100503e-05 1.867000000001e-01 2.404020100503e-05 1.902500000000e-01
2.588944723618e-05 3.160000000000e-01 2.588944723618e-05 3.097999998520e-01 2.588944723618e-05 1.867000000002e-01 2.588944723618e-05 1.902500000000e-01
2.773869346734e-05 3.160000000000e-01 2.773869346734e-05 3.097999998145e-01 2.773869346734e-05 1.867000000003e-01 2.773869346734e-05 1.902500000000e-01
2.958793969849e-05 3.160000000000e-01 2.958793969849e-05 3.097999997675e-01 2.958793969849e-05 1.867000000004e-01 2.958793969849e-05 1.902500000000e-01
3.143718592965e-05 3.160000000000e-01 3.143718592965e-05 3.097999997085e-01 3.143718592965e-05 1.867000000005e-01 3.143718592965e-05 1.902500000000e-01
3.328643216080e-05 3.160000000000e-01 3.328643216080e-05 3.097999996347e-01 3.328643216080e-05 1.867000000007e-01 3.328643216080e-05 1.902500000000e-01
3.513567839196e-05 3.160000000000e-01 3.513567839196e-05 3.097999995421e-01 3.513567839196e-05 1.867000000009e-01 3.513567839196e-05 1.902500000000e-01
3.698492462312e-05 3.160000000000e-01 3.698492462312e-05 3.097999994259e-01 3.698492462312e-05 1.867000000013e-01 3.698492462312e-05 1.902500000000e-01
3.883417085427e-05 3.160000000000e-01 3.883417085427e-05 3.097999992804e-01 3.883417085427e-05 1.867000000018e-01 3.883417085427e-05 1.902500000000e-01
4.068341708543e-05 3.160000000000e-01 4.068341708543e-05 3.097999990978e-01 4.068341708543e-05 1.867000000024e-01 4.068341708543e-05 1.902500000000e-01
4.253266331658e-05 3.160000000000e-01 4.253266331658e-05 3.097999988688e-01 4.253266331658e-05 1.867000000034e-01 4.253266331658e-05 1.902500000000e-01
4.438190954774e-05 3.160000000000e-01 4.438190954774e-05 3.097999985817e-01 4.438190954774e-05 1.867000000046e-01 4.438190954774e-05 1.902500000000e-01
4.623115577889e-05 3.160000000000e-01 4.623115577889e-05 3.097999982215e-01 4.623115577889e-05 1.867000000064e-01 4.623115577889e-05 1.902500000000e-01
4.808040201005e-05 3.160000000000e-01 4.808040201005e-05 3.097999977697e-01 4.808040201005e-05 1.867000000088e-01 4.808040201005e-05 1.902500000000e-01
4.992964824121e-05 3.160000000000e-01 4.992964824121e-05 3.097999972028e-01 4.992964824121e-05 1.867000000121e-01 4.992964824121e-05 1.902500000000e-01
5.177889447236e-05 3.160000000000e-01 5.177889447236e-05 3.097999964917e-01 5.177889447236e-05 1.867000000167e-01 5.177889447236e-05 1.902500000000e-01
5.362814070352e-05 3.160000000000e-01 5.362814070352e-05 3.097999955993e-01 5.362814070352e-05 1.867000000230e-01 5.362814070352e-05 1.902500000000e-01
5.547738693467e-05 3.160000000000e-01 5.547738693467e-05 3.097999944794e-01 5.547738693467e-05 1.867000000316e-01 5.547738693467e-05 1.902500000000e-01
5.732663316583e-05 3.160000000000e-01 5.732663316583e-05 3.097999930739e-01 5.732663316583e-05 1.867000000436e-01 5.732663316583e-05 1.902500000000e-01
5.917587939698e-05 3.160000000000e-01 5.917587939698e-05 3.097999913095e-01 5.917587939698e-05 1.867000000600e-01 5.917587939698e-05 1.902500000000e-01
6.102512562814e-05 3.160000000000e-01 6.102512562814e-05 3.097999890944e-01 6.102512562814e-05 1.867000000827e-01 6.102512562814e-05 1.902500000000e-01
6.287437185930e-05 3.160000000000e-01 6.287437185930e-05 3.097999863132e-01 6.287437185930e-05 1.867000001140e-01 6.287437185930e-05 1.902500000000e-01
6.472361809045e-05 3.160000000000e-01 6.472361809045e-05 3.097999828204e-01 6.472361809045e-05 1.867000001570e-01 6.472361809045e-05 1.902500000000e-01
6.657286432161e-05 3.160000000000e-01 6.657286432161e-05 3.097999784333e-01 6.657286432161e-05 1.867000002164e-01 6.657286432161e-05 1.902500000000e-01
6.842211055276e-05 3.160000000000e-01 6.842211055276e-05 3.097999729220e-01 6.842211055276e-05 1.867000002981e-01 6.842211055276e-05 1.902500000000e-01
7.027135678392e-05 3.160000000000e-01 7.027135678392e-05 3.097999659971e-01 7.027135678392e-05 1.867000004107e-01 7.027135678392e-05 1.902500000000e-01
7.212060301508e-05 3.160000000000e-01 7.212060301508e-05 3.097999572943e-01 7.212060301508e-05 1.867000005659e-01 7.212060301508e-05 1.902500000000e-01
7.396984924623e-05 3.160000000000e-01 7.396984924623e-05 3.097999463548e-01 7.396984924623e-05 1.867000007798e-01 7.396984924623e-05 1.902500000000e-01
7.581909547739e-05 3.160000000000e-01 7.581909547739e-05 3.097999326008e-01 7.581909547739e-05 1.867000010744e-01 7.581909547739e-05 1.902500000000e-01
7.766834170854e-05 3.160000000000e-01 7.766834170854e-05 3.097999153042e-01 7.766834170854e-05 1.867000014804e-01 7.766834170854e-05 1.902500000000e-01
7.951758793970e-05 3.160000000000e-01 7.951758793970e-05 3.097998935469e-01 7.951758793970e-05 1.867000020399e-01 7.951758793970e-05 1.902500000000e-01
8.136683417085e-05 3.160000000000e-01 8.136683417085e-05 3.097998661716e-01 8.136683417085e-05 1.867000028108e-01 8.136683417085e-05 1.902500000000e-01
8.321608040201e-05 3.160000000000e-01 8.321608040201e-05 3.097998317180e-01 8.321608040201e-05 1.867000038730e-01 8.321608040201e-05 1.902500000000e-01
8.506532663317e-05 3.160000000000e-01 8.506532663317e-05 3.097997883434e-01 8.506532663317e-05 1.867000053367e-01 8.506532663317e-05 1.902500000000e-01
8.691457286432e-05 3.160000000000e-01 8.691457286432e-05 3.097997337210e-01 8.691457286432e-05 1.867000073538e-01 8.691457286432e-05 1.902500000000e-01
8.876381909548e-05 3.160000000000e-01 8.876381909548e-05 3.097996649118e-01 8.876381909548e-05 1.867000101333e-01 8.876381909548e-05 1.902500000000e-01
9.061306532663e-05 3.160000000000e-01 9.061306532663e-05 3.097995782018e-01 9.061306532663e-05 1.867000139636e-01 9.061306532663e-05 1.902500000000e-01
9.246231155779e-05 3.160000000000e-01 9.246231155779e-05 3.097994688946e-01 9.246231155779e-05 1.867000192419e-01 9.246231155779e-05 1.902500000000e-01
9.431155778894e-05 3.160000000000e-01 9.431155778894e-05 3.097993310494e-01 9.431155778894e-05 1.867000265159e-01 9.431155778894e-05 1.902500000000e-01
9.616080402010e-05 3.160000000000e-01 9.616080402010e-05 3.097991571465e-01 9.616080402010e-05 1.867000365404e-01 9.616080402010e-05 1.902500000000e-01
9.801005025126e-05 3.160000000000e-01 9.801005025126e-05 3.097989376627e-01 9.801005025126e-05 1.867000503554e-01 9.801005025126e-05 1.902500000000e-01
9.985929648241e-05 3.160000000000e-01 9.985929648241e-05 3.097986605301e-01 9.985929648241e-05 1.867000693948e-01 9.985929648241e-05 1.902500000000e-01
1.017085427136e-04 3.160000000000e-01 1.017085427136e-04 3.097983104466e-01 1.017085427136e-04 1.867000956350e-01 1.017085427136e-04 1.902500000000e-01
1.035577889447e-04 3.160000000000e-01 1.035577889447e-04 3.097978679973e-01 1.035577889447e-04 1.867001317999e-01 1.035577889447e-04 1.902500000000e-01
1.054070351759e-04 3.160000000000e-01 1.054070351759e-04 3.097973085326e-01 1.054070351759e-04 1.867001816446e-01 1.054070351759e-04 1.902500000000e-01
1.072562814070e-04 3.160000000000e-01 1.072562814070e-04 3.097966007350e-01 1.072562814070e-04 1.867002503455e-01 1.072562814070e-04 1.902500000000e-01
1.091055276382e-04 3.160000000000e-01 1.091055276382e-04 3.097957047879e-01 1.091055276382e-04 1.867003450383e-01 1.091055276382e-04 1.902500000000e-01
1.109547738693e-04 3.160000000000e-01 1.109547738693e-04 3.097945700318e-01 1.109547738693e-04 1.867004755604e-01 1.109547738693e-04 1.902500000000e-01
1.128040201005e-04 3.160000000000e-01 1.128040201005e-04 3.097931319633e-01 1.128040201005e-04 1.867006554738e-01 1.128040201005e-04 1.902500000000e-01
1.146532663317e-04 3.160000000000e-01 1.146532663317e-04 3.097913083892e-01 1.146532663317e-04 1.867009034765e-01 1.146532663317e-04 1.902500000000e-01
1.165025125628e-04 3.160000000000e-01 1.165025125628e-04 3.097889944918e-01 1.165025125628e-04 1.867012453481e-01 1.165025125628e-04 1.902500000000e-01
1.183517587940e-04 3.160000000000e-01 1.183517587940e-04 3.097860564950e-01 1.183517587940e-04 1.867017166331e-01 1.183517587940e-04 1.902500000000e-01
1.202010050251e-04 3.160000000000e-01 1.202010050251e-04 3.097823235230e-01 1.202010050251e-04 1.867023663421e-01 1.202010050251e-04 1.902500000000e-01
1.220502512563e-04 3.160000000000e-01 1.220502512563e-04 3.097775771314e-01 1.220502512563e-04 1.867032620547e-01 1.220502512563e-04 1.902500000000e-01
1.238994974874e-04 3.160000000000e-01 1.238994974874e-04 3.097715378309e-01 1.238994974874e-04 1.867044969580e-01 1.238994974874e-04 1.902500000000e-01
1.257487437186e-04 3.160000000000e-01 1.257487437186e-04 3.097638477274e-01 1.257487437186e-04 1.867061995523e-01 1.257487437186e-04 1.902500000000e-01
1.275979899497e-04 3.160000000000e-01 1.275979899497e-04 3.097540481432e-01 1.275979899497e-04 1.867085470354e-01 1.275979899497e-04 1.902500000000e-01
1.294472361809e-04 3.160000000000e-01 1.294472361809e-04 3.097415507473e-01 1.294472361809e-04 1.867117837550e-01 1.294472361809e-04 1.902500000000e-01
1.312964824121e-04 3.160000000000e-01 1.312964824121e-04 3.097256002936e-01 1.312964824121e-04 1.867162466457e-01 1.312964824121e-04 1.902500000000e-01
1.331457286432e-04 3.160000000000e-01 1.331457286432e-04 3.097052265021e-01 1.331457286432e-04 1.867224002835e-01 1.331457286432e-04 1.902500000000e-01
1.349949748744e-04 3.160000000000e-01 1.349949748744e-04 3.096791819036e-01 1.349949748744e-04 1.867308851690e-01 1.349949748744e-04 1.902500000000e-01
1.368442211055e-04 3.160000000000e-01 1.368442211055e-04 3.096458615464e-01 1.368442211055e-04 1.867425841935e-01 1.368442211055e-04 1.902500000000e-01
1.386934673367e-04 3.160000000000e-01 1.386934673367e-04 3.096031992886e-01 1.386934673367e-04 1.867587140456e-01 1.386934673367e-04 1.902500000000e-01
1.405427135678e-04 3.160000000000e-01 1.405427135678e-04 3.095485339250e-01 1.405427135678e-04 1.867809507528e-01 1.405427135678e-04 1.902500000000e-01
1.423919597990e-04 3.160000000000e-01 1.423919597990e-04 3.094784365486e-01 1.423919597990e-04 1.868116017856e-01 1.423919597990e-04 1.902500000000e-01
1.442412060302e-04 3.160000000000e-01 1.442412060302e-04 3.093884882920e-01 1.442412060302e-04 1.868538413757e-01 1.442412060302e-04 1.902500000000e-01
1.460904522613e-04 3.160000000000e-01 1.460904522613e-04 3.092729949071e-01 1.460904522613e-04 1.869120310890e-01 1.460904522613e-04 1.902500000000e-01
1.479396984925e-04 3.160000000000e-01 1.479396984925e-04 3.091246215760e-01 1.479396984925e-04 1.869921542943e-01 1.479396984925e-04 1.902500000000e-01
1.497889447236e-04 3.160000000000e-01 1.497889447236e-04 3.089339281101e-01 1.497889447236e-04 1.871024007308e-01 1.497889447236e-04 1.902500000000e-01
1.516381909548e-04 3.160000000000e-01 1.516381909548e-04 3.086887817556e-01 1.516381909548e-04 1.872539449693e-01 1.516381909548e-04 1.902500000000e-01
1.534874371859e-04 3.160000000000e-01 1.534874371859e-04 3.083736231639e-01 1.534874371859e-04 1.874619678957e-01 1.534874371859e-04 1.902500000000e-01
1.553366834171e-04 3.160000000000e-01 1.553366834171e-04 3.079685625148e-01 1.553366834171e-04 1.877469686177e-01 1.553366834171e-04 1.902500000000e-01
1.571859296482e-04 3.160000000000e-01 1.571859296482e-04 3.074482904971e-01 1.571859296482e-04 1.881363962183e-01 1.571859296482e-04 1.902500000000e-01
1.590351758794e-04 3.160000000000e-01 1.590351758794e-04 3.067808081673e-01 1.590351758794e-04 1.886665805377e-01 1.590351758794e-04 1.902500000000e-01
1.608844221106e-04 3.160000000000e-01 1.608844221106e-04 3.059260188961e-01 1.608844221106e-04 1.893848333629e-01 1.608844221106e-04 1.902500000000e-01
1.627336683417e-04 3.160000000000e-01 1.627336683417e-04 3.048342965339e-01 1.627336683417e-04 1.903513920799e-01 1.627336683417e-04 1.902500000000e-01
1.645829145729e-04 3.160000000000e-01 1.645829145729e-04 3.034452613117e-01 1.645829145729e-04 1.916405549015e-01 1.645829145729e-04 1.902500000000e-01
1.664321608040e-04 3.160000000000e-01 1.664321608040e-04 3.016871722555e-01 1.664321608040e-04 1.933399142961e-01 1.664321608040e-04 1.902500000000e-01
1.682814070352e-04 3.160000000000e-01 1.682814070352e-04 2.994775824894e-01 1.682814070352e-04 1.955461484036e-01 1.682814070352e-04 1.902500000000e-01
1.701306532663e-04 3.160000000000e-01 1.701306532663e-04 2.967261652577e-01 1.701306532663e-04 1.983557182299e-01 1.701306532663e-04 1.902500000000e-01
1.719798994975e-04 3.160000000000e-01 1.719798994975e-04 2.933407930965e-01 1.719798994975e-04 2.018496710573e-01 1.719798994975e-04 1.902500000000e-01
1.738291457286e-04 3.160000000000e-01 1.738291457286e-04 2.892378195918e-01 1.738291457286e-04 2.060742658248e-01 1.738291457286e-04 1.902500000000e-01
1.756783919598e-04 3.160000000000e-01 1.756783919598e-04 2.843567587560e-01 1.756783919598e-04 2.110232564109e-01 1.756783919598e-04 1.902500000000e-01
1.775276381910e-04 3.160000000000e-01 1.775276381910e-04 2.786779339166e-01 1.775276381910e-04 2.166313427333e-01 1.775276381910e-04 1.902500000000e-01
1.793768844221e-04 3.160000000000e-01 1.793768844221e-04 2.722393550475e-01 1.793768844221e-04 2.227873524204e-01 1.793768844221e-04 1.902500000000e-01
1.812261306533e-04 3.160000000000e-01 1.812261306533e-04 2.651470778443e-01 1.812261306533e-04 2.293669194319e-01 1.812261306533e-04 1.902500000000e-01
1.830753768844e-04 3.160000000000e-01 1.830753768844e-04 2.575733004843e-01 1.830753768844e-04 2.362706046935e-01 1.830753768844e-04 1.902500000000e-01
1.849246231156e-04 3.160000000000e-01 1.849246231156e-04 2.497397209517e-01 1.849246231156e-04 2.434442417818e-01 1.849246231156e-04 1.902500000000e-01
1.867738693467e-04 3.160000000000e-01 1.867738693467e-04 2.418893635608e-01 1.867738693467e-04 2.508631203344e-01 1.867738693467e-04 1.902500000000e-01
1.886231155779e-04 3.160000000000e-01 1.886231155779e-04 2.342549815255e-01 1.886231155779e-04 2.584812159115e-01 1.886231155779e-04 1.902500000000e-01
1.904723618090e-04 3.160000000000e-01 1.904723618090e-04 2.270330170041e-01 1.904723618090e-04 2.661719969956e-01 1.904723618090e-04 1.902500000000e-01
1.923216080402e-04 3.160000000000e-01 1.923216080402e-04 2.203686236079e-01 1.923216080402e-04 2.737021624940e-01 1.923216080402e-04 1.902500000000e-01
1.941708542714e-04 3.160000000000e-01 1.941708542714e-04 2.143521903902e-01 1.941708542714e-04 2.807666590272e-01 1.941708542714e-04 1.902500000000e-01
1.960201005025e-04 3.160000000000e-01 1.960201005025e-04 2.090242713519e-01 1.960201005025e-04 2.870725837667e-01 1.960201005025e-04 1.902500000000e-01
1.978693467337e-04 3.160000000000e-01 1.978693467337e-04 2.043849119000e-01 1.978693467337e-04 2.924230559129e-01 1.978693467337e-04 1.902500000000e-01
1.997185929648e-04 3.160000000000e-01 1.997185929648e-04 2.004042155181e-01 1.997185929648e-04 2.967556183481e-01 1.997185929648e-04 1.902500000000e-01
2.015678391960e-04 3.160000000000e-01 2.015678391960e-04 1.970322929786e-01 2.015678391960e-04 3.001269784056e-01 2.015678391960e-04 1.902500000000e-01
2.034170854271e-04 3.160000000000e-01 2.034170854271e-04 1.942077340083e-01 2.034170854271e-04 3.026678847081e-01 2.034170854271e-04 1.902500000000e-01
2.052663316583e-04 3.160000000000e-01 2.052663316583e-04 1.918643158709e-01 2.052663316583e-04 3.045365805691e-01 2.052663316583e-04 1.902500000000e-01
2.071155778894e-04 3.160000000000e-01 2.071155778894e-04 1.899359591131e-01 2.071155778894e-04 3.058862349934e-01 2.071155778894e-04 1.902500000000e-01
2.089648241206e-04 3.160000000000e-01 2.089648241206e-04 1.883600987194e-01 2.089648241206e-04 3.068483873153e-01 2.089648241206e-04 1.902500000000e-01
2.108140703518e-04 3.160000000000e-01 2.108140703518e-04 1.870797259815e-01 2.108140703518e-04 3.075280232237e-01 2.108140703518e-04 1.902500000000e-01
2.126633165829e-04 3.160000000000e-01 2.126633165829e-04 1.860443929280e-01 2.126633165829e-04 3.080050600121e-01 2.126633165829e-04 1.902500000000e-01
2.145125628141e-04 3.160000000000e-01 2.145125628141e-04 1.852104662434e-01 2.145125628141e-04 3.083384538414e-01 2.145125628141e-04 1.902500000000e-01
2.163618090452e-04 3.160000000000e-01 2.163618090452e-04 1.845408831311e-01 2.163618090452e-04 3.085707933056e-01 2.163618090452e-04 1.902500000000e-01
2.182110552764e-04 3.160000000000e-01 2.182110552764e-04 1.840046118124e-01 2.182110552764e-04 3.087324117580e-01 2.182110552764e-04 1.902500000000e-01
2.200603015075e-04 3.160000000000e-01 2.200603015075e-04 1.835759667317e-01 2.200603015075e-04 3.088447095547e-01 2.200603015075e-04 1.902500000000e-01
2.219095477387e-04 3.160000000000e-01 2.219095477387e-04 1.832338812494e-01 2.219095477387e-04 3.089226890108e-01 2.219095477387e-04 1.902500000000e-01
2.237587939698e-04 3.160000000000e-01 2.237587939698e-04 1.829612024918e-01 2.237587939698e-04 3.089768228841e-01 2.237587939698e-04 1.902500000000e-01
2.256080402010e-04 3.160000000000e-01 2.256080402010e-04 1.827440447790e-01 2.256080402010e-04 3.090144017910e-01 2.256080402010e-04 1.902500000000e-01
2.274572864322e-04 3.160000000000e-01 2.274572864322e-04 1.825712185632e-01 2.274572864322e-04 3.090404921753e-01 2.274572864322e-04 1.902500000000e-01
2.293065326633e-04 3.160000000000e-01 2.293065326633e-04 1.824337392754e-01 2.293065326633e-04 3.090586110787e-01 2.293065326633e-04 1.902500000000e-01
2.311557788945e-04 3.160000000000e-01 2.311557788945e-04 1.823244130454e-01 2.311557788945e-04 3.090711985242e-01 2.311557788945e-04 1.902500000000e-01
2.330050251256e-04 3.160000000000e-01 2.330050251256e-04 1.822374923195e-01 2.330050251256e-04 3.090799468845e-01 2.330050251256e-04 1.902500000000e-01
2.348542713568e-04 3.160000000000e-01 2.348542713568e-04 1.821683927389e-01 2.348542713568e-04 3.090860299333e-01 2.348542713568e-04 1.902500000000e-01
2.367035175879e-04 3.160000000000e-01 2.367035175879e-04 1.821134623484e-01 2.367035175879e-04 3.090902618684e-01 2.367035175879e-04 1.902500000000e-01
2.385527638191e-04 3.160000000000e-01 2.385527638191e-04 1.820697946877e-01 2.385527638191e-04 3.090932076051e-01 2.385527638191e-04 1.902500000000e-01
2.404020100503e-04 3.160000000000e-01 2.404020100503e-04 1.820350781864e-01 2.404020100503e-04 3.090952592302e-01 2.404020100503e-04 1.902500000000e-01
2.422512562814e-04 3.160000000000e-01 2.422512562814e-04 1.820074752790e-01 2.422512562814e-04 3.090966889848e-01 2.422512562814e-04 1.902500000000e-01
2.441005025126e-04 3.160000000000e-01 2.441005025126e-04 1.819855256684e-01 2.441005025126e-04 3.090976859811e-01 2.441005025126e-04 1.902500000000e-01
2.459497487437e-04 3.160000000000e-01 2.459497487437e-04 1.819680690878e-01 2.459497487437e-04 3.090983816497e-01 2.459497487437e-04 1.902500000000e-01
2.477989949749e-04 3.160000000000e-01 2.477989949749e-04 1.819541837406e-01 2.477989949749e-04 3.090988673803e-01 2.477989949749e-04 1.902500000000e-01
2.496482412060e-04 3.160000000000e-01 2.496482412060e-04 1.819431372965e-01 2.496482412060e-04 3.090992067554e-01 2.496482412060e-04 1.902500000000e-01
2.514974874372e-04 3.160000000000e-01 2.514974874372e-04 1.819343479225e-01 2.514974874372e-04 3.090994440359e-01 2.514974874372e-04 1.902500000000e-01
2.533467336683e-04 3.160000000000e-01 2.533467336683e-04 1.819273533136e-01 2.533467336683e-04 3.090996100513e-01 2.533467336683e-04 1.902500000000e-01
2.551959798995e-04 3.160000000000e-01 2.551959798995e-04 1.819217860925e-01 2.551959798995e-04 3.090997262882e-01 2.551959798995e-04 1.902500000000e-01
2.570452261307e-04 3.160000000000e-01 2.570452261307e-04 1.819173542749e-01 2.570452261307e-04 3.090998077313e-01 2.570452261307e-04 1.902500000000e-01
2.588944723618e-04 3.160000000000e-01 2.588944723618e-04 1.819138257598e-01 2.588944723618e-04 3.090998648376e-01 2.588944723618e-04 1.902500000000e-01
2.607437185930e-04 3.160000000000e-01 2.607437185930e-04 1.819110160156e-01 2.607437185930e-04 3.090999049092e-01 2.607437185930e-04 1.902500000000e-01
2.625929648241e-04 3.160000000000e-01 2.625929648241e-04 1.819087783045e-01 2.625929648241e-04 3.090999330489e-01 2.625929648241e-04 1.902500000000e-01
2.644422110553e-04 3.160000000000e-01 2.644422110553e-04 1.819069959208e-01 2.644422110553e-04 3.090999528245e-01 2.644422110553e-04 1.902500000000e-01
2.662914572864e-04 3.160000000000e-01 2.662914572864e-04 1.819055760271e-01 2.662914572864e-04 3.090999667329e-01 2.662914572864e-04 1.902500000000e-01
2.681407035176e-04 3.160000000000e-01 2.681407035176e-04 1.819044447594e-01 2.681407035176e-04 3.090999765224e-01 2.681407035176e-04 1.902500000000e-01
2.699899497487e-04 3.160000000000e-01 2.699899497487e-04 1.819035433394e-01 2.699899497487e-04 3.090999834181e-01 2.699899497487e-04 1.902500000000e-01
2.718391959799e-04 3.160000000000e-01 2.718391959799e-04 1.819028249851e-01 2.718391959799e-04 3.090999882793e-01 2.718391959799e-04 1.902500000000e-01
2.736884422111e-04 3.160000000000e-01 2.736884422111e-04 1.819022524562e-01 2.736884422111e-04 3.090999917089e-01 2.736884422111e-04 1.902500000000e-01
2.755376884422e-04 3.160000000000e-01 2.755376884422e-04 1.819017961032e-01 2.755376884422e-04 3.090999941304e-01 2.755376884422e-04 1.902500000000e-01
2.773869346734e-04 3.160000000000e-01 2.773869346734e-04 1.819014323165e-01 2.773869346734e-04 3.090999958414e-01 2.773869346734e-04 1.902500000000e-01
2.792361809045e-04 3.160000000000e-01 2.792361809045e-04 1.819011422934e-01 2.792361809045e-04 3.090999970514e-01 2.792361809045e-04 1.902500000000e-01
2.810854271357e-04 3.160000000000e-01 2.810854271357e-04 1.819009110569e-01 2.810854271357e-04 3.090999979078e-01 2.810854271357e-04 1.902500000000e-01
2.829346733668e-04 3.160000000000e-01 2.829346733668e-04 1.819007266760e-01 2.829346733668e-04 3.090999985143e-01 2.829346733668e-04 1.902500000000e-01
2.847839195980e-04 3.160000000000e-01 2.847839195980e-04 1.819005796449e-01 2.847839195980e-04 3.090999989442e-01 2.847839195980e-04 1.902500000000e-01
2.866331658291e-04 3.160000000000e-01 2.866331658291e-04 1.819004623891e-01 2.866331658291e-04 3.090999992492e-01 2.866331658291e-04 1.902500000000e-01
2.884824120603e-04 3.160000000000e-01 2.884824120603e-04 1.819003688723e-01 2.884824120603e-04 3.090999994657e-01 2.884824120603e-04 1.902500000000e-01
2.903316582915e-04 3.160000000000e-01 2.903316582915e-04 1.819002942836e-01 2.903316582915e-04 3.090999996195e-01 2.903316582915e-04 1.902500000000e-01
2.921809045226e-04 3.160000000000e-01 2.921809045226e-04 1.819002347883e-01 2.921809045226e-04 3.090999997288e-01 2.921809045226e-04 1.902500000000e-01
2.940301507538e-04 3.160000000000e-01 2.940301507538e-04 1.819001873294e-01 2.940301507538e-04 3.090999998066e-01 2.940301507538e-04 1.902500000000e-01
2.958793969849e-04 3.160000000000e-01 2.958793969849e-04 1.819001494698e-01 2.958793969849e-04 3.090999998620e-01 2.958793969849e-04 1.902500000000e-01
2.977286432161e-04 3.160000000000e-01 2.977286432161e-04 1.819001192663e-01 2.977286432161e-04 3.090999999014e-01 2.977286432161e-04 1.902500000000e-01
2.995778894472e-04 3.160000000000e-01 2.995778894472e-04 1.819000951695e-01 2.995778894472e-04 3.090999999296e-01 2.995778894472e-04 1.902500000000e-01
3.014271356784e-04 3.160000000000e-01 3.014271356784e-04 1.819000759439e-01 3.014271356784e-04 3.090999999496e-01 3.014271356784e-04 1.902500000000e-01
3.032763819095e-04 3.160000000000e-01 3.032763819095e-04 1.819000606041e-01 3.032763819095e-04 3.090999999640e-01 3.032763819095e-04 1.902500000000e-01
3.051256281407e-04 3.160000000000e-01 3.051256281407e-04 1.819000483643e-01 3.051256281407e-04 3.090999999742e-01 3.051256281407e-04 1.902500000000e-01
3.069748743719e-04 3.160000000000e-01 3.069748743719e-04 1.819000385975e-01 3.069748743719e-04 3.090999999815e-01 3.069748743719e-04 1.902500000000e-01
3.088241206030e-04 3.160000000000e-01 3.088241206030e-04 1.819000308039e-01 3.088241206030e-04 3.090999999868e-01 3.088241206030e-04 1.902500000000e-01
3.106733668342e-04 3.160000000000e-01 3.106733668342e-04 1.819000245846e-01 3.106733668342e-04 3.090999999905e-01 3.106733668342e-04 1.902500000000e-01
3.125226130653e-04 3.160000000000e-01 3.125226130653e-04 1.819000196214e-01 3.125226130653e-04 3.090999999932e-01 3.125226130653e-04 1.902500000000e-01
3.143718592965e-04 3.160000000000e-01 3.143718592965e-04 1.819000156606e-01 3.143718592965e-04 3.090999999951e-01 3.143718592965e-04 1.902500000000e-01
3.162211055276e-04 3.160000000000e-01 3.162211055276e-04 1.819000124995e-01 3.162211055276e-04 3.090999999965e-01 3.162211055276e-04 1.902500000000e-01
3.180703517588e-04 3.160000000000e-01 3.180703517588e-04 1.819000099767e-01 3.180703517588e-04 3.090999999975e-01 3.180703517588e-04 1.902500000000e-01
3.199195979899e-04 3.160000000000e-01 3.199195979899e-04 1.819000079633e-01 3.199195979899e-04 3.090999999982e-01 3.199195979899e-04 1.902500000000e-01
3.217688442211e-04 3.160000000000e-01 3.217688442211e-04 1.819000063563e-01 3.217688442211e-04 3.090999999987e-01 3.217688442211e-04 1.902500000000e-01
3.236180904523e-04 3.160000000000e-01 3.236180904523e-04 1.819000050736e-01 3.236180904523e-04 3.090999999991e-01 3.236180904523e-04 1.902500000000e-01
3.254673366834e-04 3.160000000000e-01 3.254673366834e-04 1.819000040499e-01 3.254673366834e-04 3.090999999993e-01 3.254673366834e-04 1.902500000000e-01
3.273165829146e-04 3.160000000000e-01 3.273165829146e-04 1.819000032328e-01 3.273165829146e-04 3.090999999995e-01 3.273165829146e-04 1.902500000000e-01
3.291658291457e-04 3.160000000000e-01 3.291658291457e-04 1.819000025805e-01 3.291658291457e-04 3.090999999996e-01 3.291658291457e-04 1.902500000000e-01
3.310150753769e-04 3.160000000000e-01 3.310150753769e-04 1.819000020599e-01 3.310150753769e-04 3.090999999997e-01 3.310150753769e-04 1.902500000000e-01
3.328643216080e-04 3.160000000000e-01 3.328643216080e-04 1.819000016444e-01 3.328643216080e-04 3.090999999998e-01 3.328643216080e-04 1.902500000000e-01
3.347135678392e-04 3.160000000000e-01 3.347135678392e-04 1.819000013126e-01 3.347135678392e-04 3.090999999999e-01 3.347135678392e-04 1.902500000000e-01
3.365628140704e-04 3.160000000000e-01 3.365628140704e-04 1.819000010479e-01 3.365628140704e-04 3.090999999999e-01 3.365628140704e-04 1.902500000000e-01
3.384120603015e-04 3.160000000000e-01 3.384120603015e-04 1.819000008365e-01 3.384120603015e-04 3.090999999999e-01 3.384120603015e-04 1.902500000000e-01
3.402613065327e-04 3.160000000000e-01 3.402613065327e-04 1.819000006678e-01 3.402613065327e-04 3.091000000000e-01 3.402613065327e-04 1.902500000000e-01
3.421105527638e-04 3.160000000000e-01 3.421105527638e-04 1.819000005331e-01 3.421105527638e-04 3.091000000000e-01 3.421105527638e-04 1.902500000000e-01
3.439597989950e-04 3.160000000000e-01 3.439597989950e-04 1.819000004256e-01 3.439597989950e-04 3.091000000000e-01 3.439597989950e-04 1.902500000000e-01
3.458090452261e-04 3.160000000000e-01 3.458090452261e-04 1.819000003397e-01 3.458090452261e-04 3.091000000000e-01 3.458090452261e-04 1.902500000000e-01
3.476582914573e-04 3.160000000000e-01 3.476582914573e-04 1.819000002712e-01 3.476582914573e-04 3.091000000000e-01 3.476582914573e-04 1.902500000000e-01
3.495075376884e-04 3.160000000000e-01 3.495075376884e-04 1.819000002165e-01 3.495075376884e-04 3.091000000000e-01 3.495075376884e-04 1.902500000000e-01
3.513567839196e-04 3.160000000000e-01 3.513567839196e-04 1.819000001729e-01 3.513567839196e-04 3.091000000000e-01 3.513567839196e-04 1.902500000000e-01
3.532060301508e-04 3.160000000000e-01 3.532060301508e-04 1.819000001380e-01 3.532060301508e-04 3.091000000000e-01 3.532060301508e-04 1.902500000000e-01
3.550552763819e-04 3.160000000000e-01 3.550552763819e-04 1.819000001102e-01 3.550552763819e-04 3.091000000000e-01 3.550552763819e-04 1.902500000000e-01
3.569045226131e-04 3.160000000000e-01 3.569045226131e-04 1.819000000880e-01 3.569045226131e-04 3.091000000000e-01 3.569045226131e-04 1.902500000000e-01
3.587537688442e-04 3.160000000000e-01 3.587537688442e-04 1.819000000702e-01 3.587537688442e-04 3.091000000000e-01 3.587537688442e-04 1.902500000000e-01
3.606030150754e-04 3.160000000000e-01 3.606030150754e-04 1.819000000561e-01 3.606030150754e-04 3.091000000000e-01 3.606030150754e-04 1.902500000000e-01
3.624522613065e-04 3.160000000000e-01 3.624522613065e-04 1.819000000448e-01 3.624522613065e-04 3.091000000000e-01 3.624522613065e-04 1.902500000000e-01
3.643015075377e-04 3.160000000000e-01 3.643015075377e-04 1.819000000357e-01 3.643015075377e-04 3.091000000000e-01 3.643015075377e-04 1.902500000000e-01
3.661507537688e-04 3.160000000000e-01 3.661507537688e-04 1.819000000285e-01 3.661507537688e-04 3.091000000000e-01 3.661507537688e-04 1.902500000000e-01
3.680000000000e-04 3.160000000000e-01 3.680000000000e-04 1.819000000228e-01 3.680000000000e-04 3.091000000000e-01 3.680000000000e-04 1.902500000000e-01
