0.000000000000e+00 3.434999994109e-01 0.000000000000e+00 2.472999874343e-01 0.000000000000e+00 1.673031162595e-01 0.000000000000e+00 2.419000001348e-01
2.070351758794e-06 3.434999992984e-01 2.070351758794e-06 2.472999852465e-01 2.070351758794e-06 1.673033924283e-01 2.070351758794e-06 2.419000001665e-01
4.140703517588e-06 3.434999991644e-01 4.140703517588e-06 2.472999826776e-01 4.140703517588e-06 1.673036930694e-01 4.140703517588e-06 2.419000002057e-01
6.211055276382e-06 3.434999990048e-01 6.211055276382e-06 2.472999796611e-01 6.211055276382e-06 1.673040203512e-01 6.211055276382e-06 2.419000002540e-01
8.281407035176e-06 3.434999988147e-01 8.281407035176e-06 2.472999761189e-01 8.281407035176e-06 1.673043766337e-01 8.281407035176e-06 2.419000003138e-01
1.035175879397e-05 3.434999985884e-01 1.035175879397e-05 2.472999719593e-01 1.035175879397e-05 1.673047644862e-01 1.035175879397e-05 2.419000003875e-01
1.242211055276e-05 3.434999983188e-01 1.242211055276e-05 2.472999670746e-01 1.242211055276e-05 1.673051867055e-01 1.242211055276e-05 2.419000004787e-01
1.449246231156e-05 3.434999979977e-01 1.449246231156e-05 2.472999613383e-01 1.449246231156e-05 1.673056463357e-01 1.449246231156e-05 2.419000005912e-01
1.656281407035e-05 3.434999976153e-01 1.656281407035e-05 2.472999546019e-01 1.656281407035e-05 1.673061466909e-01 1.656281407035e-05 2.419000007302e-01
1.863316582915e-05 3.434999971599e-01 1.863316582915e-05 2.472999466908e-01 1.863316582915e-05 1.673066913783e-01 1.863316582915e-05 2.419000009020e-01
2.070351758794e-05 3.434999966175e-01 2.070351758794e-05 2.472999373999e-01 2.070351758794e-05 1.673072843244e-01 2.070351758794e-05 2.419000011140e-01
2.277386934673e-05 3.434999959716e-01 2.277386934673e-05 2.472999264884e-01 2.277386934673e-05 1.673079298032e-01 2.277386934673e-05 2.419000013760e-01
2.484422110553e-05 3.434999952023e-01 2.484422110553e-05 2.472999136733e-01 2.484422110553e-05 1.673086324672e-01 2.484422110553e-05 2.419000016996e-01
2.691457286432e-05 3.434999942860e-01 2.691457286432e-05 2.472998986223e-01 2.691457286432e-05 1.673093973803e-01 2.691457286432e-05 2.419000020992e-01
2.898492462312e-05 3.434999931948e-01 2.898492462312e-05 2.472998809448e-01 2.898492462312e-05 1.673102300545e-01 2.898492462312e-05 2.419000025928e-01
3.105527638191e-05 3.434999918951e-01 3.105527638191e-05 2.472998601821e-01 3.105527638191e-05 1.673111364893e-01 3.105527638191e-05 2.419000032025e-01
3.312562814070e-05 3.434999903473e-01 3.312562814070e-05 2.472998357951e-01 3.312562814070e-05 1.673121232151e-01 3.312562814070e-05 2.419000039556e-01
3.519597989950e-05 3.434999885039e-01 3.519597989950e-05 2.472998071506e-01 3.519597989950e-05 1.673131973394e-01 3.519597989950e-05 2.419000048857e-01
3.726633165829e-05 3.434999863084e-01 3.726633165829e-05 2.472997735046e-01 3.726633165829e-05 1.673143665983e-01 3.726633165829e-05 2.419000060346e-01
3.933668341709e-05 3.434999836937e-01 3.933668341709e-05 2.472997339828e-01 3.933668341709e-05 1.673156394117e-01 3.933668341709e-05 2.419000074536e-01
4.140703517588e-05 3.434999805796e-01 4.140703517588e-05 2.472996875580e-01 4.140703517588e-05 1.673170249433e-01 4.140703517588e-05 2.419000092063e-01
4.347738693467e-05 3.434999768708e-01 4.347738693467e-05 2.472996330231e-01 4.347738693467e-05 1.673185331667e-01 4.347738693467e-05 2.419000113711e-01
4.554773869347e-05 3.434999724537e-01 4.554773869347e-05 2.472995689601e-01 4.554773869347e-05 1.673201749361e-01 4.554773869347e-05 2.419000140449e-01
4.761809045226e-05 3.434999671930e-01 4.761809045226e-05 2.472994937021e-01 4.761809045226e-05 1.673219620642e-01 4.761809045226e-05 2.419000173475e-01
4.968844221106e-05 3.434999609277e-01 4.968844221106e-05 2.472994052907e-01 4.968844221106e-05 1.673239074063e-01 4.968844221106e-05 2.419000214267e-01
5.175879396985e-05 3.434999534658e-01 5.175879396985e-05 2.472993014244e-01 5.175879396985e-05 1.673260249519e-01 5.175879396985e-05 2.419000264651e-01
5.382914572864e-05 3.434999445790e-01 5.382914572864e-05 2.472991793984e-01 5.382914572864e-05 1.673283299243e-01 5.382914572864e-05 2.419000326882e-01
5.589949748744e-05 3.434999339949e-01 5.589949748744e-05 2.472990360341e-01 5.589949748744e-05 1.673308388887e-01 5.589949748744e-05 2.419000403747e-01
5.796984924623e-05 3.434999213896e-01 5.796984924623e-05 2.472988675956e-01 5.796984924623e-05 1.673335698702e-01 5.796984924623e-05 2.419000498687e-01
6.004020100503e-05 3.434999063770e-01 6.004020100503e-05 2.472986696923e-01 6.004020100503e-05 1.673365424812e-01 6.004020100503e-05 2.419000615950e-01
6.211055276382e-05 3.434998884974e-01 6.211055276382e-05 2.472984371637e-01 6.211055276382e-05 1.673397780604e-01 6.211055276382e-05 2.419000760788e-01
6.418090452261e-05 3.434998672032e-01 6.418090452261e-05 2.472981639444e-01 6.418090452261e-05 1.673432998234e-01 6.418090452261e-05 2.419000939683e-01
6.625125628141e-05 3.434998418423e-01 6.625125628141e-05 2.472978429049e-01 6.625125628141e-05 1.673471330267e-01 6.625125628141e-05 2.419001160645e-01
6.832160804020e-05 3.434998116382e-01 6.832160804020e-05 2.472974656652e-01 6.832160804020e-05 1.673513051456e-01 6.832160804020e-05 2.419001433565e-01
7.039195979899e-05 3.434997756659e-01 7.039195979899e-05 2.472970223749e-01 7.039195979899e-05 1.673558460666e-01 7.039195979899e-05 2.419001770661e-01
7.246231155779e-05 3.434997328238e-01 7.246231155779e-05 2.472965014546e-01 7.246231155779e-05 1.673607882974e-01 7.246231155779e-05 2.419002187022e-01
7.453266331658e-05 3.434996818001e-01 7.453266331658e-05 2.472958892925e-01 7.453266331658e-05 1.673661671938e-01 7.453266331658e-05 2.419002701289e-01
7.660301507538e-05 3.434996210321e-01 7.660301507538e-05 2.472951698872e-01 7.660301507538e-05 1.673720212058e-01 7.660301507538e-05 2.419003336483e-01
7.867336683417e-05 3.434995486591e-01 7.867336683417e-05 2.472943244275e-01 7.867336683417e-05 1.673783921455e-01 7.867336683417e-05 2.419004121038e-01
8.074371859296e-05 3.434994624649e-01 8.074371859296e-05 2.472933307985e-01 8.074371859296e-05 1.673853254756e-01 8.074371859296e-05 2.419005090075e-01
8.281407035176e-05 3.434993598099e-01 8.281407035176e-05 2.472921630010e-01 8.281407035176e-05 1.673928706235e-01 8.281407035176e-05 2.419006286975e-01
8.488442211055e-05 3.434992375508e-01 8.488442211055e-05 2.472907904690e-01 8.488442211055e-05 1.674010813207e-01 8.488442211055e-05 2.419007765315e-01
8.695477386935e-05 3.434990919437e-01 8.695477386935e-05 2.472891772661e-01 8.695477386935e-05 1.674100159705e-01 8.695477386935e-05 2.419009591274e-01
8.902512562814e-05 3.434989185299e-01 8.902512562814e-05 2.472872811422e-01 8.902512562814e-05 1.674197380451e-01 8.902512562814e-05 2.419011846587e-01
9.109547738693e-05 3.434987119992e-01 9.109547738693e-05 2.472850524237e-01 9.109547738693e-05 1.674303165157e-01 9.109547738693e-05 2.419014632209e-01
9.316582914573e-05 3.434984660275e-01 9.316582914573e-05 2.472824327084e-01 9.316582914573e-05 1.674418263167e-01 9.316582914573e-05 2.419018072831e-01
9.523618090452e-05 3.434981730830e-01 9.523618090452e-05 2.472793533329e-01 9.523618090452e-05 1.674543488473e-01 9.523618090452e-05 2.419022322459e-01
9.730653266332e-05 3.434978241956e-01 9.730653266332e-05 2.472757335696e-01 9.730653266332e-05 1.674679725126e-01 9.730653266332e-05 2.419027571303e-01
9.937688442211e-05 3.434974086823e-01 9.937688442211e-05 2.472714785092e-01 9.937688442211e-05 1.674827933070e-01 9.937688442211e-05 2.419034054288e-01
1.014472361809e-04 3.434969138201e-01 1.014472361809e-04 2.472664765725e-01 1.014472361809e-04 1.674989154426e-01 1.014472361809e-04 2.419042061562e-01
1.035175879397e-04 3.434963244567e-01 1.035175879397e-04 2.472605965872e-01 1.035175879397e-04 1.675164520265e-01 1.035175879397e-04 2.419051951470e-01
1.055879396985e-04 3.434956225460e-01 1.055879396985e-04 2.472536843564e-01 1.055879396985e-04 1.675355257884e-01 1.055879396985e-04 2.419064166571e-01
1.076582914573e-04 3.434947865962e-01 1.076582914573e-04 2.472455586290e-01 1.076582914573e-04 1.675562698631e-01 1.076582914573e-04 2.419079253420e-01
1.097286432161e-04 3.434937910113e-01 1.097286432161e-04 2.472360063722e-01 1.097286432161e-04 1.675788286307e-01 1.097286432161e-04 2.419097886978e-01
1.117989949749e-04 3.434926053073e-01 1.117989949749e-04 2.472247772260e-01 1.117989949749e-04 1.676033586184e-01 1.117989949749e-04 2.419120900751e-01
1.138693467337e-04 3.434911931783e-01 1.138693467337e-04 2.472115770034e-01 1.138693467337e-04 1.676300294671e-01 1.138693467337e-04 2.419149323971e-01
1.159396984925e-04 3.434895113846e-01 1.159396984925e-04 2.471960600763e-01 1.159396984925e-04 1.676590249677e-01 1.159396984925e-04 2.419184427485e-01
1.180100502513e-04 3.434875084270e-01 1.180100502513e-04 2.471778204626e-01 1.180100502513e-04 1.676905441712e-01 1.180100502513e-04 2.419227780343e-01
1.200804020101e-04 3.434851229680e-01 1.200804020101e-04 2.471563814054e-01 1.200804020101e-04 1.677248025788e-01 1.200804020101e-04 2.419281319586e-01
1.221507537688e-04 3.434822819495e-01 1.221507537688e-04 2.471311831998e-01 1.221507537688e-04 1.677620334181e-01 1.221507537688e-04 2.419347436255e-01
1.242211055276e-04 3.434788983500e-01 1.242211055276e-04 2.471015689943e-01 1.242211055276e-04 1.678024890148e-01 1.242211055276e-04 2.419429081355e-01
1.262914572864e-04 3.434748685084e-01 1.262914572864e-04 2.470667682549e-01 1.262914572864e-04 1.678464422694e-01 1.262914572864e-04 2.419529896303e-01
1.283618090452e-04 3.434700689331e-01 1.283618090452e-04 2.470258775444e-01 1.283618090452e-04 1.678941882572e-01 1.283618090452e-04 2.419654373407e-01
1.304321608040e-04 3.434643524920e-01 1.304321608040e-04 2.469778382309e-01 1.304321608040e-04 1.679460459705e-01 1.304321608040e-04 2.419808053084e-01
1.325025125628e-04 3.434575438617e-01 1.325025125628e-04 2.469214107048e-01 1.325025125628e-04 1.680023602350e-01 1.325025125628e-04 2.419997765935e-01
1.345728643216e-04 3.434494340867e-01 1.345728643216e-04 2.468551446528e-01 1.345728643216e-04 1.680635038448e-01 1.345728643216e-04 2.420231929422e-01
1.366432160804e-04 3.434397740662e-01 1.366432160804e-04 2.467773449181e-01 1.366432160804e-04 1.681298799781e-01 1.366432160804e-04 2.420520910773e-01
1.387135678392e-04 3.434282667463e-01 1.387135678392e-04 2.466860324720e-01 1.387135678392e-04 1.682019249877e-01 1.387135678392e-04 2.420877469832e-01
1.407839195980e-04 3.434145577413e-01 1.407839195980e-04 2.465789000454e-01 1.407839195980e-04 1.682801117003e-01 1.407839195980e-04 2.421317297868e-01
1.428542713568e-04 3.433982240421e-01 1.428542713568e-04 2.464532620308e-01 1.428542713568e-04 1.683649534175e-01 1.428542713568e-04 2.421859670641e-01
1.449246231156e-04 3.433787603790e-01 1.449246231156e-04 2.463059983825e-01 1.449246231156e-04 1.684570089027e-01 1.449246231156e-04 2.422528236247e-01
1.469949748744e-04 3.433555626915e-01 1.469949748744e-04 2.461334924378e-01 1.469949748744e-04 1.685568887606e-01 1.469949748744e-04 2.423351959802e-01
1.490653266332e-04 3.433279079958e-01 1.490653266332e-04 2.459315628796e-01 1.490653266332e-04 1.686652637992e-01 1.490653266332e-04 2.424366247556e-01
1.511356783920e-04 3.432949297301e-01 1.511356783920e-04 2.456953904982e-01 1.511356783920e-04 1.687828762232e-01 1.511356783920e-04 2.425614271322e-01
1.532060301508e-04 3.432555873520e-01 1.532060301508e-04 2.454194410157e-01 1.532060301508e-04 1.689105548819e-01 1.532060301508e-04 2.427148508911e-01
1.552763819095e-04 3.432086285480e-01 1.552763819095e-04 2.450973860675e-01 1.552763819095e-04 1.690492363228e-01 1.552763819095e-04 2.429032505480e-01
1.573467336683e-04 3.431525418157e-01 1.573467336683e-04 2.447220255059e-01 1.573467336683e-04 1.691999941648e-01 1.573467336683e-04 2.431342841374e-01
1.594170854271e-04 3.430854963283e-01 1.594170854271e-04 2.442852155607e-01 1.594170854271e-04 1.693640803747e-01 1.594170854271e-04 2.434171260549e-01
1.614874371859e-04 3.430052647547e-01 1.614874371859e-04 2.437778090442e-01 1.614874371859e-04 1.695429835520e-01 1.614874371859e-04 2.437626865299e-01
1.635577889447e-04 3.429091229228e-01 1.635577889447e-04 2.431896157028e-01 1.635577889447e-04 1.697385114587e-01 1.635577889447e-04 2.441838212907e-01
1.656281407035e-04 3.427937176028e-01 1.656281407035e-04 2.425093929081e-01 1.656281407035e-04 1.699529079959e-01 1.656281407035e-04 2.446955053936e-01
1.676984924623e-04 3.426548898909e-01 1.676984924623e-04 2.417248789364e-01 1.676984924623e-04 1.701890189033e-01 1.676984924623e-04 2.453149329578e-01
1.697688442211e-04 3.424874361511e-01 1.697688442211e-04 2.408228828278e-01 1.697688442211e-04 1.704505259464e-01 1.697688442211e-04 2.460614904035e-01
1.718391959799e-04 3.422847805254e-01 1.718391959799e-04 2.397894457712e-01 1.718391959799e-04 1.707422765198e-01 1.718391959799e-04 2.469565369406e-01
1.739095477387e-04 3.420385217414e-01 1.739095477387e-04 2.386100885716e-01 1.739095477387e-04 1.710707444889e-01 1.739095477387e-04 2.480229170556e-01
1.759798994975e-04 3.417378013868e-01 1.759798994975e-04 2.372701573455e-01 1.759798994975e-04 1.714446681234e-01 1.759798994975e-04 2.492841334048e-01
1.780502512563e-04 3.413684203685e-01 1.780502512563e-04 2.357552745713e-01 1.780502512563e-04 1.718759200932e-01 1.780502512563e-04 2.507631360962e-01
1.801206030151e-04 3.409116058329e-01 1.801206030151e-04 2.340518946253e-01 1.801206030151e-04 1.723806675189e-01 1.801206030151e-04 2.524807491296e-01
1.821909547739e-04 3.403423074016e-01 1.821909547739e-04 2.321479521588e-01 1.821909547739e-04 1.729808657375e-01 1.821909547739e-04 2.544538674618e-01
1.842613065327e-04 3.396268941188e-01 1.842613065327e-04 2.300335790756e-01 1.842613065327e-04 1.737060757617e-01 1.842613065327e-04 2.566937183007e-01
1.863316582915e-04 3.387201680211e-01 1.863316582915e-04 2.277018533819e-01 1.863316582915e-04 1.745954636615e-01 1.863316582915e-04 2.592046643715e-01
1.884020100503e-04 3.375617829122e-01 1.884020100503e-04 2.251495334228e-01 1.884020100503e-04 1.756995717913e-01 1.884020100503e-04 2.619841787539e-01
1.904723618090e-04 3.360725978807e-01 1.904723618090e-04 2.223777267472e-01 1.904723618090e-04 1.770809817399e-01 1.904723618090e-04 2.650246513130e-01
1.925427135678e-04 3.341524117964e-01 1.925427135678e-04 2.193924457692e-01 1.925427135678e-04 1.788123051234e-01 1.925427135678e-04 2.683174907380e-01
1.946130653266e-04 3.316820900751e-01 1.946130653266e-04 2.162050120405e-01 1.946130653266e-04 1.809692345827e-01 1.946130653266e-04 2.718594735199e-01
1.966834170854e-04 3.285350546031e-01 1.966834170854e-04 2.128322839334e-01 1.966834170854e-04 1.836163109109e-01 1.966834170854e-04 2.756604145091e-01
1.987537688442e-04 3.246039351283e-01 1.987537688442e-04 2.092966932042e-01 1.987537688442e-04 1.867848381487e-01 1.987537688442e-04 2.797500047538e-01
2.008241206030e-04 3.198443067529e-01 2.008241206030e-04 2.056260786702e-01 2.008241206030e-04 1.904471536910e-01 2.008241206030e-04 2.841802004183e-01
2.028944723618e-04 3.143250413947e-01 2.028944723618e-04 2.018532979901e-01 2.028944723618e-04 1.944982114017e-01 2.028944723618e-04 2.890182848793e-01
2.049648241206e-04 3.082573140685e-01 2.049648241206e-04 1.980155856260e-01 2.049648241206e-04 1.987588044292e-01 2.049648241206e-04 2.943258618067e-01
2.070351758794e-04 3.019698856889e-01 2.070351758794e-04 1.941536174424e-01 2.070351758794e-04 2.030076402669e-01 2.070351758794e-04 3.001228224896e-01
2.091055276382e-04 2.958262394853e-01 2.091055276382e-04 1.903102535896e-01 2.091055276382e-04 2.070324605411e-01 2.091055276382e-04 3.063447612790e-01
2.111758793970e-04 2.901245309994e-01 2.111758793970e-04 1.865289701562e-01 2.111758793970e-04 2.106767875692e-01 2.111758793970e-04 3.128147637570e-01
2.132462311558e-04 2.850361855637e-01 2.132462311558e-04 1.828520536085e-01 2.132462311558e-04 2.138621367155e-01 2.132462311558e-04 3.192546919188e-01
2.153165829146e-04 2.806054431981e-01 2.153165829146e-04 1.793187033294e-01 2.153165829146e-04 2.165822943849e-01 2.153165829146e-04 3.253442599848e-01
2.173869346734e-04 2.767894556404e-01 2.173869346734e-04 1.759632410855e-01 2.173869346734e-04 2.188807765084e-01 2.173869346734e-04 3.308040548527e-01
2.194572864322e-04 2.735055402153e-01 2.194572864322e-04 1.728136390053e-01 2.194572864322e-04 2.208255000843e-01 2.194572864322e-04 3.354600449283e-01
2.215276381910e-04 2.706652763145e-01 2.215276381910e-04 1.698905403320e-01 2.215276381910e-04 2.224892959843e-01 2.215276381910e-04 3.392618982401e-01
2.235979899497e-04 2.681917116420e-01 2.235979899497e-04 1.672068689058e-01 2.235979899497e-04 2.239384583102e-01 2.235979899497e-04 3.422594624425e-01
2.256683417085e-04 2.660243468320e-01 2.256683417085e-04 1.647680272461e-01 2.256683417085e-04 2.252278450628e-01 2.256683417085e-04 3.445611231265e-01
2.277386934673e-04 2.641177605337e-01 2.277386934673e-04 1.625725961748e-01 2.277386934673e-04 2.264000744825e-01 2.277386934673e-04 3.462955797283e-01
2.298090452261e-04 2.624380072130e-01 2.298090452261e-04 1.606133912642e-01 2.298090452261e-04 2.274867670257e-01 2.298090452261e-04 3.475865973740e-01
2.318793969849e-04 2.609589595828e-01 2.318793969849e-04 1.588787106581e-01 2.318793969849e-04 2.285105242261e-01 2.318793969849e-04 3.485406320912e-01
2.339497487437e-04 2.596594390886e-01 2.339497487437e-04 1.573536207836e-01 2.339497487437e-04 2.294869521269e-01 2.339497487437e-04 3.492433073897e-01
2.360201005025e-04 2.585212771113e-01 2.360201005025e-04 1.560211597681e-01 2.360201005025e-04 2.304264307804e-01 2.360201005025e-04 3.497606385736e-01
2.380904522613e-04 2.575281569914e-01 2.380904522613e-04 1.548633801534e-01 2.380904522613e-04 2.313355445526e-01 2.380904522613e-04 3.501421718166e-01
2.401608040201e-04 2.566650104231e-01 2.401608040201e-04 1.538621923997e-01 2.401608040201e-04 2.322181870353e-01 2.401608040201e-04 3.504244724678e-01
2.422311557789e-04 2.559177607430e-01 2.422311557789e-04 1.530000025836e-01 2.422311557789e-04 2.330763910997e-01 2.422311557789e-04 3.506342575184e-01
2.443015075377e-04 2.552732560259e-01 2.443015075377e-04 1.522601594443e-01 2.443015075377e-04 2.339109412748e-01 2.443015075377e-04 3.507909454172e-01
2.463718592965e-04 2.547192868899e-01 2.463718592965e-04 1.516272381357e-01 2.463718592965e-04 2.347218198295e-01 2.463718592965e-04 3.509086224255e-01
2.484422110553e-04 2.542446261615e-01 2.484422110553e-04 1.510871927305e-01 2.484422110553e-04 2.355085283622e-01 2.484422110553e-04 3.509975112557e-01
2.505125628141e-04 2.538390576581e-01 2.505125628141e-04 1.506274090893e-01 2.505125628141e-04 2.362703171892e-01 2.505125628141e-04 3.510650468576e-01
2.525829145729e-04 2.534933807406e-01 2.525829145729e-04 1.502366863083e-01 2.525829145729e-04 2.370063467639e-01 2.525829145729e-04 3.511166552884e-01
2.546532663317e-04 2.531993885608e-01 2.546532663317e-04 1.499051702206e-01 2.546532663317e-04 2.377157990302e-01 2.546532663317e-04 3.511563138937e-01
2.567236180905e-04 2.529498236419e-01 2.567236180905e-04 1.496242574393e-01 2.567236180905e-04 2.383979518634e-01 2.567236180905e-04 3.511869529167e-01
2.587939698492e-04 2.527383166733e-01 2.587939698492e-04 1.493864838224e-01 2.587939698492e-04 2.390522262601e-01 2.587939698492e-04 3.512107431968e-01
2.608643216080e-04 2.525593146504e-01 2.608643216080e-04 1.491854073165e-01 2.608643216080e-04 2.396782134187e-01 2.608643216080e-04 3.512293024652e-01
2.629346733668e-04 2.524080037633e-01 2.629346733668e-04 1.490154919752e-01 2.629346733668e-04 2.402756870341e-01 2.629346733668e-04 3.512438436059e-01
2.650050251256e-04 2.522802313203e-01 2.650050251256e-04 1.488719975231e-01 2.650050251256e-04 2.408446048191e-01 2.650050251256e-04 3.512552815598e-01
2.670753768844e-04 2.521724298405e-01 2.670753768844e-04 1.487508770336e-01 2.670753768844e-04 2.413851023115e-01 2.670753768844e-04 3.512643107227e-01
2.691457286432e-04 2.520815454222e-01 2.691457286432e-04 1.486486840132e-01 2.691457286432e-04 2.418974813180e-01 2.691457286432e-04 3.512714612478e-01
2.712160804020e-04 2.520049716548e-01 2.712160804020e-04 1.485624893014e-01 2.712160804020e-04 2.423821948150e-01 2.712160804020e-04 3.512771402159e-01
2.732864321608e-04 2.519404897073e-01 2.732864321608e-04 1.484898076210e-01 2.732864321608e-04 2.428398297172e-01 2.732864321608e-04 3.512816619126e-01
2.753567839196e-04 2.518862147610e-01 2.753567839196e-04 1.484285332589e-01 2.753567839196e-04 2.432710886029e-01 2.753567839196e-04 3.512852702253e-01
2.774271356784e-04 2.518405486441e-01 2.774271356784e-04 1.483768841557e-01 2.774271356784e-04 2.436767712261e-01 2.774271356784e-04 3.512881553151e-01
2.794974874372e-04 2.518021383220e-01 2.794974874372e-04 1.483333535938e-01 2.794974874372e-04 2.440577564409e-01 2.794974874372e-04 3.512904661023e-01
2.815678391960e-04 2.517698397844e-01 2.815678391960e-04 1.482966686509e-01 2.815678391960e-04 2.444149849891e-01 2.815678391960e-04 3.512923196775e-01
2.836381909548e-04 2.517426868142e-01 2.836381909548e-04 1.482657546111e-01 2.836381909548e-04 2.447494434688e-01 2.836381909548e-04 3.512938084384e-01
2.857085427136e-04 2.517198641106e-01 2.857085427136e-04 1.482397045756e-01 2.857085427136e-04 2.450621496853e-01 2.857085427136e-04 3.512950055338e-01
2.877788944724e-04 2.517006842531e-01 2.877788944724e-04 1.482177535825e-01 2.877788944724e-04 2.453541394993e-01 2.877788944724e-04 3.512959690421e-01
2.898492462312e-04 2.516845680248e-01 2.898492462312e-04 1.481992566120e-01 2.898492462312e-04 2.456264552138e-01 2.898492462312e-04 3.512967451943e-01
2.919195979899e-04 2.516710276505e-01 2.919195979899e-04 1.481836699279e-01 2.919195979899e-04 2.458801354889e-01 2.919195979899e-04 3.512973708749e-01
2.939899497487e-04 2.516596525522e-01 2.939899497487e-04 1.481705352716e-01 2.939899497487e-04 2.461162067307e-01 2.939899497487e-04 3.512978755695e-01
2.960603015075e-04 2.516500972679e-01 2.960603015075e-04 1.481594664884e-01 2.960603015075e-04 2.463356758742e-01 2.960603015075e-04 3.512982828905e-01
2.981306532663e-04 2.516420712202e-01 2.981306532663e-04 1.481501382230e-01 2.981306532663e-04 2.465395244565e-01 2.981306532663e-04 3.512986117756e-01
3.002010050251e-04 2.516353300653e-01 3.002010050251e-04 1.481422763716e-01 3.002010050251e-04 2.467287038695e-01 3.002010050251e-04 3.512988774333e-01
3.022713567839e-04 2.516296683844e-01 3.022713567839e-04 1.481356500228e-01 3.022713567839e-04 2.469041316715e-01 3.022713567839e-04 3.512990920911e-01
3.043417085427e-04 2.516249135174e-01 3.043417085427e-04 1.481300646587e-01 3.043417085427e-04 2.470666888389e-01 3.043417085427e-04 3.512992655898e-01
3.064120603015e-04 2.516209203628e-01 3.064120603015e-04 1.481253564223e-01 3.064120603015e-04 2.472172178418e-01 3.064120603015e-04 3.512994058560e-01
3.084824120603e-04 2.516175669958e-01 3.084824120603e-04 1.481213872844e-01 3.084824120603e-04 2.473565214304e-01 3.084824120603e-04 3.512995192789e-01
3.105527638191e-04 2.516147509789e-01 3.105527638191e-04 1.481180409710e-01 3.105527638191e-04 2.474853620303e-01 3.105527638191e-04 3.512996110124e-01
3.126231155779e-04 2.516123862553e-01 3.126231155779e-04 1.481152195320e-01 3.126231155779e-04 2.476044616496e-01 3.126231155779e-04 3.512996852152e-01
3.146934673367e-04 2.516104005360e-01 3.146934673367e-04 1.481128404507e-01 3.146934673367e-04 2.477145022104e-01 3.146934673367e-04 3.512997452456e-01
3.167638190955e-04 2.516087331008e-01 3.167638190955e-04 1.481108342086e-01 3.167638190955e-04 2.478161262287e-01 3.167638190955e-04 3.512997938159e-01
3.188341708543e-04 2.516073329506e-01 3.188341708543e-04 1.481091422355e-01 3.188341708543e-04 2.479099377715e-01 3.188341708543e-04 3.512998331176e-01
3.209045226131e-04 2.516061572525e-01 3.209045226131e-04 1.481077151819e-01 3.209045226131e-04 2.479965036323e-01 3.209045226131e-04 3.512998649220e-01
3.229748743719e-04 2.516051700344e-01 3.229748743719e-04 1.481065114652e-01 3.229748743719e-04 2.480763546718e-01 3.229748743719e-04 3.512998906611e-01
3.250452261307e-04 2.516043410864e-01 3.250452261307e-04 1.481054960447e-01 3.250452261307e-04 2.481499872786e-01 3.250452261307e-04 3.512999114929e-01
3.271155778894e-04 2.516036450391e-01 3.271155778894e-04 1.481046393904e-01 3.271155778894e-04 2.482178649121e-01 3.271155778894e-04 3.512999283538e-01
3.291859296482e-04 2.516030605883e-01 3.291859296482e-04 1.481039166147e-01 3.291859296482e-04 2.482804196954e-01 3.291859296482e-04 3.512999420013e-01
3.312562814070e-04 2.516025698440e-01 3.312562814070e-04 1.481033067408e-01 3.312562814070e-04 2.483380540305e-01 3.312562814070e-04 3.512999530482e-01
3.333266331658e-04 2.516021577836e-01 3.333266331658e-04 1.481027920867e-01 3.333266331658e-04 2.483911422152e-01 3.333266331658e-04 3.512999619905e-01
3.353969849246e-04 2.516018117923e-01 3.353969849246e-04 1.481023577469e-01 3.353969849246e-04 2.484400320426e-01 3.353969849246e-04 3.512999692292e-01
3.374673366834e-04 2.516015212773e-01 3.374673366834e-04 1.481019911547e-01 3.374673366834e-04 2.484850463694e-01 3.374673366834e-04 3.512999750890e-01
3.395376884422e-04 2.516012773442e-01 3.395376884422e-04 1.481016817151e-01 3.395376884422e-04 2.485264846426e-01 3.395376884422e-04 3.512999798327e-01
3.416080402010e-04 2.516010725243e-01 3.416080402010e-04 1.481014204942e-01 3.416080402010e-04 2.485646243742e-01 3.416080402010e-04 3.512999836730e-01
3.436783919598e-04 2.516009005463e-01 3.436783919598e-04 1.481011999581e-01 3.436783919598e-04 2.485997225604e-01 3.436783919598e-04 3.512999867818e-01
3.457487437186e-04 2.516007561443e-01 3.457487437186e-04 1.481010137534e-01 3.457487437186e-04 2.486320170384e-01 3.457487437186e-04 3.512999892987e-01
3.478190954774e-04 2.516006348967e-01 3.478190954774e-04 1.481008565212e-01 3.478190954774e-04 2.486617277798e-01 3.478190954774e-04 3.512999913363e-01
3.498894472362e-04 2.516005330909e-01 3.498894472362e-04 1.481007237414e-01 3.498894472362e-04 2.486890581176e-01 3.498894472362e-04 3.512999929858e-01
3.519597989950e-04 2.516004476096e-01 3.519597989950e-04 1.481006116011e-01 3.519597989950e-04 2.487141959082e-01 3.519597989950e-04 3.512999943213e-01
3.540301507538e-04 2.516003758351e-01 3.540301507538e-04 1.481005168833e-01 3.540301507538e-04 2.487373146275e-01 3.540301507538e-04 3.512999954025e-01
3.561005025126e-04 2.516003155696e-01 3.561005025126e-04 1.481004368739e-01 3.561005025126e-04 2.487585744014e-01 3.561005025126e-04 3.512999962778e-01
3.581708542714e-04 2.516002649677e-01 3.581708542714e-04 1.481003692827e-01 3.581708542714e-04 2.487781229755e-01 3.581708542714e-04 3.512999969865e-01
3.602412060302e-04 2.516002224798e-01 3.602412060302e-04 1.481003121772e-01 3.602412060302e-04 2.487960966217e-01 3.602412060302e-04 3.512999975602e-01
3.623115577889e-04 2.516001868049e-01 3.623115577889e-04 1.481002639261e-01 3.623115577889e-04 2.488126209874e-01 3.623115577889e-04 3.512999980247e-01
3.643819095477e-04 2.516001568504e-01 3.643819095477e-04 1.481002231530e-01 3.643819095477e-04 2.488278118886e-01 3.643819095477e-04 3.512999984008e-01
3.664522613065e-04 2.516001316992e-01 3.664522613065e-04 1.481001886956e-01 3.664522613065e-04 2.488417760486e-01 3.664522613065e-04 3.512999987053e-01
3.685226130653e-04 2.516001105811e-01 3.685226130653e-04 1.481001595732e-01 3.685226130653e-04 2.488546117869e-01 3.685226130653e-04 3.512999989518e-01
3.705929648241e-04 2.516000928492e-01 3.705929648241e-04 1.481001349574e-01 3.705929648241e-04 2.488664096590e-01 3.705929648241e-04 3.512999991513e-01
3.726633165829e-04 2.516000779607e-01 3.726633165829e-04 1.481001141489e-01 3.726633165829e-04 2.488772530517e-01 3.726633165829e-04 3.512999993129e-01
3.747336683417e-04 2.516000654595e-01 3.747336683417e-04 1.481000965574e-01 3.747336683417e-04 2.488872187351e-01 3.747336683417e-04 3.512999994437e-01
3.768040201005e-04 2.516000549630e-01 3.768040201005e-04 1.481000816841e-01 3.768040201005e-04 2.488963773748e-01 3.768040201005e-04 3.512999995496e-01
3.788743718593e-04 2.516000461496e-01 3.788743718593e-04 1.481000691079e-01 3.788743718593e-04 2.489047940060e-01 3.788743718593e-04 3.512999996354e-01
3.809447236181e-04 2.516000387494e-01 3.809447236181e-04 1.481000584731e-01 3.809447236181e-04 2.489125284735e-01 3.809447236181e-04 3.512999997048e-01
3.830150753769e-04 2.516000325359e-01 3.830150753769e-04 1.481000494791e-01 3.830150753769e-04 2.489196358373e-01 3.830150753769e-04 3.512999997610e-01
3.850854271357e-04 2.516000273187e-01 3.850854271357e-04 1.481000418722e-01 3.850854271357e-04 2.489261667492e-01 3.850854271357e-04 3.512999998065e-01
3.871557788945e-04 2.516000229381e-01 3.871557788945e-04 1.481000354378e-01 3.871557788945e-04 2.489321678001e-01 3.871557788945e-04 3.512999998433e-01
3.892261306533e-04 2.516000192599e-01 3.892261306533e-04 1.481000299947e-01 3.892261306533e-04 2.489376818404e-01 3.892261306533e-04 3.512999998732e-01
3.912964824121e-04 2.516000161716e-01 3.912964824121e-04 1.481000253899e-01 3.912964824121e-04 2.489427482767e-01 3.912964824121e-04 3.512999998973e-01
3.933668341709e-04 2.516000135784e-01 3.933668341709e-04 1.481000214938e-01 3.933668341709e-04 2.489474033454e-01 3.933668341709e-04 3.512999999169e-01
3.954371859296e-04 2.516000114011e-01 3.954371859296e-04 1.481000181971e-01 3.954371859296e-04 2.489516803644e-01 3.954371859296e-04 3.512999999327e-01
3.975075376884e-04 2.516000095729e-01 3.975075376884e-04 1.481000154073e-01 3.975075376884e-04 2.489556099661e-01 3.975075376884e-04 3.512999999455e-01
3.995778894472e-04 2.516000080379e-01 3.995778894472e-04 1.481000130464e-01 3.995778894472e-04 2.489592203118e-01 3.995778894472e-04 3.512999999559e-01
4.016482412060e-04 2.516000067490e-01 4.016482412060e-04 1.481000110481e-01 4.016482412060e-04 2.489625372891e-01 4.016482412060e-04 3.512999999643e-01
4.037185929648e-04 2.516000056668e-01 4.037185929648e-04 1.481000093567e-01 4.037185929648e-04 2.489655846945e-01 4.037185929648e-04 3.512999999711e-01
4.057889447236e-04 2.516000047581e-01 4.057889447236e-04 1.481000079249e-01 4.057889447236e-04 2.489683844006e-01 4.057889447236e-04 3.512999999766e-01
4.078592964824e-04 2.516000039951e-01 4.078592964824e-04 1.481000067127e-01 4.078592964824e-04 2.489709565110e-01 4.078592964824e-04 3.512999999810e-01
4.099296482412e-04 2.516000033545e-01 4.099296482412e-04 1.481000056864e-01 4.099296482412e-04 2.489733195023e-01 4.099296482412e-04 3.512999999847e-01
4.120000000000e-04 2.516000028166e-01 4.120000000000e-04 1.481000048174e-01 4.120000000000e-04 2.489754903549e-01 4.120000000000e-04 3.512999999876e-01
