0.000000000000e+00 3.209845616791e-01 0.000000000000e+00 1.921000000000e-01 0.000000000000e+00 1.738004239337e-01 0.000000000000e+00 3.130963874013e-01
2.090452261307e-06 3.209831698460e-01 2.090452261307e-06 1.921000000000e-01 2.090452261307e-06 1.738004912982e-01 2.090452261307e-06 3.130959837071e-01
4.180904522613e-06 3.209816525621e-01 4.180904522613e-06 1.921000000000e-01 4.180904522613e-06 1.738005693681e-01 4.180904522613e-06 3.130955349024e-01
6.271356783920e-06 3.209799985257e-01 6.271356783920e-06 1.921000000000e-01 6.271356783920e-06 1.738006598447e-01 6.271356783920e-06 3.130950359467e-01
8.361809045226e-06 3.209781954176e-01 8.361809045226e-06 1.921000000000e-01 8.361809045226e-06 1.738007646997e-01 8.361809045226e-06 3.130944812362e-01
1.045226130653e-05 3.209762298102e-01 1.045226130653e-05 1.921000000001e-01 1.045226130653e-05 1.738008862183e-01 1.045226130653e-05 3.130938645412e-01
1.254271356784e-05 3.209740870678e-01 1.254271356784e-05 1.921000000001e-01 1.254271356784e-05 1.738010270488e-01 1.254271356784e-05 3.130931789362e-01
1.463316582915e-05 3.209717512381e-01 1.463316582915e-05 1.921000000001e-01 1.463316582915e-05 1.738011902603e-01 1.463316582915e-05 3.130924167217e-01
1.672361809045e-05 3.209692049342e-01 1.672361809045e-05 1.921000000001e-01 1.672361809045e-05 1.738013794098e-01 1.672361809045e-05 3.130915693386e-01
1.881407035176e-05 3.209664292058e-01 1.881407035176e-05 1.921000000002e-01 1.881407035176e-05 1.738015986197e-01 1.881407035176e-05 3.130906272714e-01
2.090452261307e-05 3.209634033993e-01 2.090452261307e-05 1.921000000003e-01 2.090452261307e-05 1.738018526673e-01 2.090452261307e-05 3.130895799422e-01
2.299497487437e-05 3.209601050050e-01 2.299497487437e-05 1.921000000004e-01 2.299497487437e-05 1.738021470892e-01 2.299497487437e-05 3.130884155916e-01
2.508542713568e-05 3.209565094909e-01 2.508542713568e-05 1.921000000005e-01 2.508542713568e-05 1.738024883018e-01 2.508542713568e-05 3.130871211472e-01
2.717587939698e-05 3.209525901217e-01 2.717587939698e-05 1.921000000007e-01 2.717587939698e-05 1.738028837411e-01 2.717587939698e-05 3.130856820770e-01
2.926633165829e-05 3.209483177619e-01 2.926633165829e-05 1.921000000009e-01 2.926633165829e-05 1.738033420250e-01 2.926633165829e-05 3.130840822265e-01
3.135678391960e-05 3.209436606613e-01 3.135678391960e-05 1.921000000012e-01 3.135678391960e-05 1.738038731402e-01 3.135678391960e-05 3.130823036382e-01
3.344723618090e-05 3.209385842213e-01 3.344723618090e-05 1.921000000017e-01 3.344723618090e-05 1.738044886605e-01 3.344723618090e-05 3.130803263502e-01
3.553768844221e-05 3.209330507410e-01 3.553768844221e-05 1.921000000023e-01 3.553768844221e-05 1.738052019985e-01 3.553768844221e-05 3.130781281732e-01
3.762814070352e-05 3.209270191405e-01 3.762814070352e-05 1.921000000031e-01 3.762814070352e-05 1.738060286973e-01 3.762814070352e-05 3.130756844423e-01
3.971859296482e-05 3.209204446602e-01 3.971859296482e-05 1.921000000042e-01 3.971859296482e-05 1.738069867691e-01 3.971859296482e-05 3.130729677412e-01
4.180904522613e-05 3.209132785330e-01 4.180904522613e-05 1.921000000057e-01 4.180904522613e-05 1.738080970869e-01 4.180904522613e-05 3.130699475965e-01
4.389949748744e-05 3.209054676290e-01 4.389949748744e-05 1.921000000078e-01 4.389949748744e-05 1.738093838384e-01 4.389949748744e-05 3.130665901373e-01
4.598994974874e-05 3.208969540674e-01 4.598994974874e-05 1.921000000106e-01 4.598994974874e-05 1.738108750519e-01 4.598994974874e-05 3.130628577181e-01
4.808040201005e-05 3.208876747963e-01 4.808040201005e-05 1.921000000145e-01 4.808040201005e-05 1.738126032054e-01 4.808040201005e-05 3.130587084988e-01
5.017085427136e-05 3.208775611348e-01 5.017085427136e-05 1.921000000197e-01 5.017085427136e-05 1.738146059316e-01 5.017085427136e-05 3.130540959800e-01
5.226130653266e-05 3.208665382755e-01 5.226130653266e-05 1.921000000268e-01 5.226130653266e-05 1.738169268349e-01 5.226130653266e-05 3.130489684859e-01
5.435175879397e-05 3.208545247447e-01 5.435175879397e-05 1.921000000364e-01 5.435175879397e-05 1.738196164367e-01 5.435175879397e-05 3.130432685913e-01
5.644221105528e-05 3.208414318150e-01 5.644221105528e-05 1.921000000495e-01 5.644221105528e-05 1.738227332704e-01 5.644221105528e-05 3.130369324849e-01
5.853266331658e-05 3.208271628689e-01 5.853266331658e-05 1.921000000674e-01 5.853266331658e-05 1.738263451477e-01 5.853266331658e-05 3.130298892641e-01
6.062311557789e-05 3.208116127066e-01 6.062311557789e-05 1.921000000917e-01 6.062311557789e-05 1.738305306254e-01 6.062311557789e-05 3.130220601524e-01
6.271356783920e-05 3.207946667960e-01 6.271356783920e-05 1.921000001247e-01 6.271356783920e-05 1.738353807006e-01 6.271356783920e-05 3.130133576315e-01
6.480402010050e-05 3.207762004588e-01 6.480402010050e-05 1.921000001697e-01 6.480402010050e-05 1.738410007725e-01 6.480402010050e-05 3.130036844799e-01
6.689447236181e-05 3.207560779882e-01 6.689447236181e-05 1.921000002309e-01 6.689447236181e-05 1.738475129094e-01 6.689447236181e-05 3.129929327080e-01
6.898492462312e-05 3.207341516931e-01 6.898492462312e-05 1.921000003141e-01 6.898492462312e-05 1.738550584697e-01 6.898492462312e-05 3.129809823783e-01
7.107537688442e-05 3.207102608621e-01 7.107537688442e-05 1.921000004273e-01 7.107537688442e-05 1.738638011284e-01 7.107537688442e-05 3.129677003004e-01
7.316582914573e-05 3.206842306431e-01 7.316582914573e-05 1.921000005813e-01 7.316582914573e-05 1.738739303713e-01 7.316582914573e-05 3.129529385861e-01
7.525628140704e-05 3.206558708305e-01 7.525628140704e-05 1.921000007909e-01 7.525628140704e-05 1.738856655268e-01 7.525628140704e-05 3.129365330539e-01
7.734673366834e-05 3.206249745538e-01 7.734673366834e-05 1.921000010759e-01 7.734673366834e-05 1.738992604141e-01 7.734673366834e-05 3.129183014645e-01
7.943718592965e-05 3.205913168613e-01 7.943718592965e-05 1.921000014638e-01 7.943718592965e-05 1.739150086967e-01 7.943718592965e-05 3.128980415741e-01
8.152763819095e-05 3.205546531903e-01 8.152763819095e-05 1.921000019914e-01 8.152763819095e-05 1.739332500438e-01 8.152763819095e-05 3.128755289867e-01
8.361809045226e-05 3.205147177166e-01 8.361809045226e-05 1.921000027093e-01 8.361809045226e-05 1.739543772117e-01 8.361809045226e-05 3.128505147880e-01
8.570854271357e-05 3.204712215760e-01 8.570854271357e-05 1.921000036859e-01 8.570854271357e-05 1.739788441723e-01 8.570854271357e-05 3.128227229401e-01
8.779899497487e-05 3.204238509476e-01 8.779899497487e-05 1.921000050147e-01 8.779899497487e-05 1.740071754276e-01 8.779899497487e-05 3.127918474186e-01
8.988944723618e-05 3.203722649919e-01 8.988944723618e-05 1.921000068225e-01 8.988944723618e-05 1.740399766649e-01 8.988944723618e-05 3.127575490681e-01
9.197989949749e-05 3.203160936345e-01 9.197989949749e-05 1.921000092821e-01 9.197989949749e-05 1.740779469161e-01 9.197989949749e-05 3.127194521564e-01
9.407035175879e-05 3.202549351846e-01 9.407035175879e-05 1.921000126285e-01 9.407035175879e-05 1.741218923998e-01 9.407035175879e-05 3.126771406037e-01
9.616080402010e-05 3.201883537817e-01 9.616080402010e-05 1.921000171815e-01 9.616080402010e-05 1.741727422290e-01 9.616080402010e-05 3.126301538642e-01
9.825125628141e-05 3.201158766578e-01 9.825125628141e-05 1.921000233762e-01 9.825125628141e-05 1.742315661707e-01 9.825125628141e-05 3.125779824388e-01
1.003417085427e-04 3.200369912080e-01 1.003417085427e-04 1.921000318046e-01 1.003417085427e-04 1.742995946376e-01 1.003417085427e-04 3.125200629982e-01
1.024321608040e-04 3.199511418575e-01 1.024321608040e-04 1.921000432723e-01 1.024321608040e-04 1.743782410754e-01 1.024321608040e-04 3.124557730977e-01
1.045226130653e-04 3.198577267158e-01 1.045226130653e-04 1.921000588755e-01 1.045226130653e-04 1.744691268736e-01 1.045226130653e-04 3.123844254680e-01
1.066130653266e-04 3.197560940080e-01 1.066130653266e-04 1.921000801057e-01 1.066130653266e-04 1.745741088709e-01 1.066130653266e-04 3.123052618722e-01
1.087035175879e-04 3.196455382702e-01 1.087035175879e-04 1.921001089926e-01 1.087035175879e-04 1.746953094387e-01 1.087035175879e-04 3.122174465245e-01
1.107939698492e-04 3.195252963003e-01 1.107939698492e-04 1.921001482982e-01 1.107939698492e-04 1.748351489971e-01 1.107939698492e-04 3.121200590747e-01
1.128844221106e-04 3.193945428487e-01 1.128844221106e-04 1.921002017810e-01 1.128844221106e-04 1.749963806329e-01 1.128844221106e-04 3.120120871726e-01
1.149748743719e-04 3.192523860379e-01 1.149748743719e-04 1.921002745557e-01 1.149748743719e-04 1.751821262426e-01 1.149748743719e-04 3.118924186435e-01
1.170653266332e-04 3.190978624911e-01 1.170653266332e-04 1.921003735828e-01 1.170653266332e-04 1.753959132856e-01 1.170653266332e-04 3.117598333189e-01
1.191557788945e-04 3.189299321548e-01 1.191557788945e-04 1.921005083349e-01 1.191557788945e-04 1.756417107990e-01 1.191557788945e-04 3.116129945900e-01
1.212462311558e-04 3.187474727870e-01 1.212462311558e-04 1.921006917035e-01 1.212462311558e-04 1.759239627727e-01 1.212462311558e-04 3.114504407773e-01
1.233366834171e-04 3.185492740858e-01 1.233366834171e-04 1.921009412334e-01 1.233366834171e-04 1.762476162946e-01 1.233366834171e-04 3.112705764393e-01
1.254271356784e-04 3.183340314157e-01 1.254271356784e-04 1.921012808034e-01 1.254271356784e-04 1.766181410598e-01 1.254271356784e-04 3.110716637763e-01
1.275175879397e-04 3.181003390852e-01 1.275175879397e-04 1.921017429127e-01 1.275175879397e-04 1.770415358845e-01 1.275175879397e-04 3.108518143309e-01
1.296080402010e-04 3.178466831087e-01 1.296080402010e-04 1.921023717953e-01 1.296080402010e-04 1.775243168283e-01 1.296080402010e-04 3.106089812247e-01
1.316984924623e-04 3.175714333692e-01 1.316984924623e-04 1.921032276572e-01 1.316984924623e-04 1.780734804646e-01 1.316984924623e-04 3.103409522267e-01
1.337889447236e-04 3.172728350709e-01 1.337889447236e-04 1.921043924452e-01 1.337889447236e-04 1.786964348754e-01 1.337889447236e-04 3.100453439939e-01
1.358793969849e-04 3.169489993394e-01 1.358793969849e-04 1.921059776988e-01 1.358793969849e-04 1.794008902670e-01 1.358793969849e-04 3.097195978829e-01
1.379698492462e-04 3.165978927861e-01 1.379698492462e-04 1.921081352365e-01 1.379698492462e-04 1.801947009702e-01 1.379698492462e-04 3.093609777726e-01
1.400603015075e-04 3.162173258046e-01 1.400603015075e-04 1.921110716983e-01 1.400603015075e-04 1.810856513322e-01 1.400603015075e-04 3.089665703862e-01
1.421507537688e-04 3.158049393067e-01 1.421507537688e-04 1.921150683322e-01 1.421507537688e-04 1.820811800313e-01 1.421507537688e-04 3.085332886193e-01
1.442412060302e-04 3.153581895359e-01 1.442412060302e-04 1.921205079073e-01 1.442412060302e-04 1.831880410326e-01 1.442412060302e-04 3.080578783891e-01
1.463316582915e-04 3.148743305172e-01 1.463316582915e-04 1.921279113074e-01 1.463316582915e-04 1.844119050901e-01 1.463316582915e-04 3.075369294865e-01
1.484221105528e-04 3.143503936177e-01 1.484221105528e-04 1.921379872572e-01 1.484221105528e-04 1.857569134661e-01 1.484221105528e-04 3.069668908373e-01
1.505125628141e-04 3.137831636020e-01 1.505125628141e-04 1.921516998398e-01 1.505125628141e-04 1.872252051189e-01 1.505125628141e-04 3.063440904434e-01
1.526030150754e-04 3.131691504898e-01 1.526030150754e-04 1.921703600695e-01 1.526030150754e-04 1.888164491522e-01 1.526030150754e-04 3.056647600689e-01
1.546934673367e-04 3.125045564626e-01 1.546934673367e-04 1.921957498948e-01 1.546934673367e-04 1.905274243515e-01 1.546934673367e-04 3.049250644372e-01
1.567839195980e-04 3.117852370558e-01 1.567839195980e-04 1.922302897550e-01 1.567839195980e-04 1.923516950349e-01 1.567839195980e-04 3.041211343187e-01
1.588743718593e-04 3.110066559394e-01 1.588743718593e-04 1.922772643102e-01 1.588743718593e-04 1.942794347966e-01 1.588743718593e-04 3.032491023966e-01
1.609648241206e-04 3.101638327829e-01 1.609648241206e-04 1.923411252799e-01 1.609648241206e-04 1.962974447581e-01 1.609648241206e-04 3.023051402154e-01
1.630552763819e-04 3.092512840879e-01 1.630552763819e-04 1.924278953962e-01 1.630552763819e-04 1.983893993527e-01 1.630552763819e-04 3.012854938655e-01
1.651457286432e-04 3.082629575436e-01 1.651457286432e-04 1.925457029128e-01 1.651457286432e-04 2.005363307857e-01 1.651457286432e-04 3.001865153757e-01
1.672361809045e-04 3.071921615185e-01 1.672361809045e-04 1.927054809136e-01 1.672361809045e-04 2.027173355909e-01 1.672361809045e-04 2.990046861531e-01
1.693266331658e-04 3.060314928963e-01 1.693266331658e-04 1.929218676275e-01 1.693266331658e-04 2.049104575525e-01 1.693266331658e-04 2.977366283158e-01
1.714170854271e-04 3.047727687328e-01 1.714170854271e-04 1.932143388163e-01 1.714170854271e-04 2.070936762453e-01 1.714170854271e-04 2.963790995567e-01
1.735075376884e-04 3.034069703041e-01 1.735075376884e-04 1.936085833606e-01 1.735075376884e-04 2.092459148308e-01 1.735075376884e-04 2.949289674165e-01
1.755979899497e-04 3.019242121380e-01 1.755979899497e-04 1.941380856839e-01 1.755979899497e-04 2.113479780247e-01 1.755979899497e-04 2.933831597347e-01
1.776884422111e-04 3.003137535623e-01 1.776884422111e-04 1.948457846151e-01 1.776884422111e-04 2.133833419313e-01 1.776884422111e-04 2.917385898066e-01
1.797788944724e-04 2.985640759472e-01 1.797788944724e-04 1.957855138394e-01 1.797788944724e-04 2.153387392646e-01 1.797788944724e-04 2.899920576067e-01
1.818693467337e-04 2.966630545940e-01 1.818693467337e-04 1.970226747169e-01 1.818693467337e-04 2.172045116004e-01 1.818693467337e-04 2.881401325315e-01
1.839597989950e-04 2.945982590212e-01 1.839597989950e-04 1.986332586409e-01 1.839597989950e-04 2.189747290795e-01 1.839597989950e-04 2.861790285428e-01
1.860502512563e-04 2.923574174339e-01 1.860502512563e-04 2.007000163907e-01 1.860502512563e-04 2.206471024074e-01 1.860502512563e-04 2.841044892994e-01
1.881407035176e-04 2.899290778657e-01 1.881407035176e-04 2.033045156840e-01 1.881407035176e-04 2.222227287807e-01 1.881407035176e-04 2.819117085180e-01
1.902311557789e-04 2.873034866921e-01 1.902311557789e-04 2.065144801746e-01 1.902311557789e-04 2.237057213766e-01 1.902311557789e-04 2.795953186991e-01
1.923216080402e-04 2.844736817533e-01 1.923216080402e-04 2.103676566746e-01 1.923216080402e-04 2.251027719991e-01 1.923216080402e-04 2.771494882575e-01
1.944120603015e-04 2.814367601913e-01 1.944120603015e-04 2.148565304862e-01 1.944120603015e-04 2.264226903734e-01 1.944120603015e-04 2.745681710812e-01
1.965025125628e-04 2.781952312998e-01 1.965025125628e-04 2.199212370834e-01 1.965025125628e-04 2.276759538394e-01 1.965025125628e-04 2.718455509902e-01
1.985929648241e-04 2.747583082225e-01 1.985929648241e-04 2.254582262227e-01 1.985929648241e-04 2.288742901134e-01 1.985929648241e-04 2.689767132276e-01
2.006834170854e-04 2.711429416098e-01 2.006834170854e-04 2.313470013057e-01 2.006834170854e-04 2.300303051241e-01 2.006834170854e-04 2.659585527721e-01
2.027738693467e-04 2.673743713154e-01 2.027738693467e-04 2.374873685391e-01 2.027738693467e-04 2.311571587919e-01 2.027738693467e-04 2.627908927146e-01
2.048643216080e-04 2.634859881132e-01 2.048643216080e-04 2.438305853452e-01 2.048643216080e-04 2.322682845535e-01 2.048643216080e-04 2.594777358787e-01
2.069547738693e-04 2.595183690067e-01 2.069547738693e-04 2.503861232923e-01 2.069547738693e-04 2.333771435450e-01 2.069547738693e-04 2.560285147503e-01
2.090452261307e-04 2.555174744522e-01 2.090452261307e-04 2.571937881056e-01 2.090452261307e-04 2.344970015026e-01 2.090452261307e-04 2.524591504381e-01
2.111356783920e-04 2.515321507418e-01 2.111356783920e-04 2.642663506528e-01 2.111356783920e-04 2.356407154072e-01 2.111356783920e-04 2.487926983831e-01
2.132261306533e-04 2.476112258827e-01 2.132261306533e-04 2.715262126570e-01 2.132261306533e-04 2.368205174426e-01 2.132261306533e-04 2.450593664327e-01
2.153165829146e-04 2.438005786278e-01 2.153165829146e-04 2.787724695241e-01 2.153165829146e-04 2.380477858161e-01 2.153165829146e-04 2.412957537262e-01
2.174070351759e-04 2.401405678515e-01 2.174070351759e-04 2.857074533513e-01 2.174070351759e-04 2.393327952853e-01 2.174070351759e-04 2.375432762907e-01
2.194974874372e-04 2.366641305806e-01 2.194974874372e-04 2.920177538366e-01 2.194974874372e-04 2.406844447704e-01 2.194974874372e-04 2.338458967814e-01
2.215879396985e-04 2.333957176348e-01 2.215879396985e-04 2.974661717718e-01 2.215879396985e-04 2.421099650765e-01 2.215879396985e-04 2.302474229827e-01
2.236783919598e-04 2.303510788344e-01 2.236783919598e-04 3.019451982302e-01 2.236783919598e-04 2.436146162368e-01 2.236783919598e-04 2.267887383131e-01
2.257688442211e-04 2.275377770188e-01 2.257688442211e-04 3.054746692959e-01 2.257688442211e-04 2.452013908259e-01 2.257688442211e-04 2.235053454037e-01
2.278592964824e-04 2.249562282220e-01 2.278592964824e-04 3.081620269731e-01 2.278592964824e-04 2.468707460332e-01 2.278592964824e-04 2.204255348938e-01
2.299497487437e-04 2.226010402196e-01 2.299497487437e-04 3.101546218942e-01 2.299497487437e-04 2.486203922932e-01 2.299497487437e-04 2.175693589726e-01
2.320402010050e-04 2.204624426136e-01 2.320402010050e-04 3.116031714915e-01 2.320402010050e-04 2.504451686707e-01 2.320402010050e-04 2.149484344465e-01
2.341306532663e-04 2.185276498823e-01 2.341306532663e-04 3.126412803180e-01 2.341306532663e-04 2.523370338508e-01 2.341306532663e-04 2.125664657014e-01
2.362211055276e-04 2.167820557718e-01 2.362211055276e-04 3.133777754814e-01 2.362211055276e-04 2.542851957121e-01 2.362211055276e-04 2.104202921292e-01
2.383115577889e-04 2.152102094773e-01 2.383115577889e-04 3.138966547491e-01 2.383115577889e-04 2.562763919525e-01 2.383115577889e-04 2.085012352479e-01
2.404020100503e-04 2.137965641316e-01 2.404020100503e-04 3.142604962354e-01 2.404020100503e-04 2.582953199077e-01 2.404020100503e-04 2.067965385003e-01
2.424924623116e-04 2.125260144192e-01 2.424924623116e-04 3.145148319830e-01 2.424924623116e-04 2.603251973458e-01 2.424924623116e-04 2.052907392731e-01
2.445829145729e-04 2.113842542423e-01 2.445829145729e-04 3.146922701029e-01 2.445829145729e-04 2.623484201638e-01 2.445829145729e-04 2.039668692638e-01
2.466733668342e-04 2.103579903425e-01 2.466733668342e-04 3.148159158891e-01 2.466733668342e-04 2.643472703527e-01 2.466733668342e-04 2.028074318795e-01
2.487638190955e-04 2.094350468217e-01 2.487638190955e-04 3.149020251366e-01 2.487638190955e-04 2.663046207140e-01 2.487638190955e-04 2.017951462779e-01
2.508542713568e-04 2.086043913084e-01 2.508542713568e-04 3.149619809631e-01 2.508542713568e-04 2.682045829765e-01 2.508542713568e-04 2.009134748089e-01
2.529447236181e-04 2.078561079899e-01 2.529447236181e-04 3.150037300625e-01 2.529447236181e-04 2.700330531378e-01 2.529447236181e-04 2.001469653774e-01
2.550351758794e-04 2.071813371127e-01 2.550351758794e-04 3.150328094587e-01 2.550351758794e-04 2.717781206494e-01 2.550351758794e-04 1.994814456234e-01
2.571256281407e-04 2.065721954912e-01 2.571256281407e-04 3.150530727909e-01 2.571256281407e-04 2.734303240541e-01 2.571256281407e-04 1.989041050288e-01
2.592160804020e-04 2.060216883494e-01 2.592160804020e-04 3.150672005039e-01 2.592160804020e-04 2.749827521007e-01 2.592160804020e-04 1.984034968508e-01
2.613065326633e-04 2.055236194965e-01 2.613065326633e-04 3.150770566121e-01 2.613065326633e-04 2.764310036969e-01 2.613065326633e-04 1.979694861513e-01
2.633969849246e-04 2.050725043297e-01 2.633969849246e-04 3.150839374452e-01 2.633969849246e-04 2.777730305836e-01 2.633969849246e-04 1.975931643958e-01
2.654874371859e-04 2.046634883331e-01 2.654874371859e-04 3.150887447597e-01 2.654874371859e-04 2.790088925625e-01 2.654874371859e-04 1.972667458493e-01
2.675778894472e-04 2.042922724698e-01 2.675778894472e-04 3.150921060828e-01 2.675778894472e-04 2.801404566438e-01 2.675778894472e-04 1.969834566005e-01
2.696683417085e-04 2.039550459993e-01 2.696683417085e-04 3.150944583236e-01 2.696683417085e-04 2.811710694238e-01 2.696683417085e-04 1.967374235553e-01
2.717587939698e-04 2.036484267009e-01 2.717587939698e-04 3.150961058514e-01 2.717587939698e-04 2.821052275085e-01 2.717587939698e-04 1.965235681021e-01
2.738492462312e-04 2.033694081440e-01 2.738492462312e-04 3.150972608390e-01 2.738492462312e-04 2.829482650650e-01 2.738492462312e-04 1.963375072143e-01
2.759396984925e-04 2.031153134644e-01 2.759396984925e-04 3.150980712932e-01 2.759396984925e-04 2.837060716112e-01 2.759396984925e-04 1.961754634002e-01
2.780301507538e-04 2.028837550150e-01 2.780301507538e-04 3.150986405366e-01 2.780301507538e-04 2.843848476876e-01 2.780301507538e-04 1.960341839835e-01
2.801206030151e-04 2.026725992456e-01 2.801206030151e-04 3.150990407552e-01 2.801206030151e-04 2.849909015057e-01 2.801206030151e-04 1.959108696003e-01
2.822110552764e-04 2.024799361822e-01 2.822110552764e-04 3.150993224222e-01 2.822110552764e-04 2.855304862213e-01 2.822110552764e-04 1.958031114347e-01
2.843015075377e-04 2.023040529214e-01 2.843015075377e-04 3.150995208596e-01 2.843015075377e-04 2.860096750959e-01 2.843015075377e-04 1.957088365079e-01
2.863919597990e-04 2.021434106092e-01 2.863919597990e-04 3.150996608082e-01 2.863919597990e-04 2.864342703786e-01 2.863919597990e-04 1.956262602473e-01
2.884824120603e-04 2.019966244304e-01 2.884824120603e-04 3.150997596131e-01 2.884824120603e-04 2.868097410445e-01 2.884824120603e-04 1.955538455369e-01
2.905728643216e-04 2.018624461952e-01 2.905728643216e-04 3.150998294459e-01 2.905728643216e-04 2.871411843941e-01 2.905728643216e-04 1.954902674786e-01
2.926633165829e-04 2.017397491590e-01 2.926633165829e-04 3.150998788561e-01 2.926633165829e-04 2.874333067497e-01 2.926633165829e-04 1.954343831391e-01
2.947537688442e-04 2.016275147650e-01 2.947537688442e-04 3.150999138551e-01 2.947537688442e-04 2.876904189452e-01 2.947537688442e-04 1.953852056251e-01
2.968442211055e-04 2.015248210394e-01 2.968442211055e-04 3.150999386739e-01 2.968442211055e-04 2.879164428761e-01 2.968442211055e-04 1.953418818944e-01
2.989346733668e-04 2.014308324109e-01 2.989346733668e-04 3.150999562933e-01 2.989346733668e-04 2.881149259752e-01 2.989346733668e-04 1.953036737812e-01
3.010251256281e-04 2.013447907566e-01 3.010251256281e-04 3.150999688157e-01 3.010251256281e-04 2.882890610614e-01 3.010251256281e-04 1.952699417763e-01
3.031155778894e-04 2.012660075078e-01 3.031155778894e-04 3.150999777257e-01 3.031155778894e-04 2.884417095337e-01 3.031155778894e-04 1.952401311668e-01
3.052060301508e-04 2.011938566723e-01 3.052060301508e-04 3.150999840725e-01 3.052060301508e-04 2.885754263452e-01 3.052060301508e-04 1.952137601887e-01
3.072964824121e-04 2.011277686508e-01 3.072964824121e-04 3.150999885985e-01 3.072964824121e-04 2.886924855775e-01 3.072964824121e-04 1.951904098992e-01
3.093869346734e-04 2.010672247453e-01 3.093869346734e-04 3.150999918296e-01 3.093869346734e-04 2.887949057575e-01 3.093869346734e-04 1.951697155138e-01
3.114773869347e-04 2.010117522685e-01 3.114773869347e-04 3.150999941389e-01 3.114773869347e-04 2.888844743138e-01 3.114773869347e-04 1.951513589920e-01
3.135678391960e-04 2.009609201796e-01 3.135678391960e-04 3.150999957912e-01 3.135678391960e-04 2.889627707706e-01 3.135678391960e-04 1.951350626874e-01
3.156582914573e-04 2.009143351815e-01 3.156582914573e-04 3.150999969746e-01 3.156582914573e-04 2.890311884325e-01 3.156582914573e-04 1.951205839033e-01
3.177487437186e-04 2.008716382218e-01 3.177487437186e-04 3.150999978231e-01 3.177487437186e-04 2.890909544302e-01 3.177487437186e-04 1.951077102221e-01
3.198391959799e-04 2.008325013525e-01 3.198391959799e-04 3.150999984321e-01 3.198391959799e-04 2.891431480807e-01 3.198391959799e-04 1.950962554926e-01
3.219296482412e-04 2.007966249029e-01 3.219296482412e-04 3.150999988697e-01 3.219296482412e-04 2.891887175792e-01 3.219296482412e-04 1.950860563793e-01
3.240201005025e-04 2.007637349335e-01 3.240201005025e-04 3.150999991844e-01 3.240201005025e-04 2.892284950786e-01 3.240201005025e-04 1.950769693920e-01
3.261105527638e-04 2.007335809371e-01 3.261105527638e-04 3.150999994110e-01 3.261105527638e-04 2.892632102438e-01 3.261105527638e-04 1.950688683249e-01
3.282010050251e-04 2.007059337606e-01 3.282010050251e-04 3.150999995742e-01 3.282010050251e-04 2.892935023803e-01 3.282010050251e-04 1.950616420463e-01
3.302914572864e-04 2.006805837242e-01 3.302914572864e-04 3.150999996920e-01 3.302914572864e-04 2.893199312477e-01 3.302914572864e-04 1.950551925886e-01
3.323819095477e-04 2.006573389168e-01 3.323819095477e-04 3.150999997770e-01 3.323819095477e-04 2.893429866712e-01 3.323819095477e-04 1.950494334951e-01
3.344723618090e-04 2.006360236492e-01 3.344723618090e-04 3.150999998384e-01 3.344723618090e-04 2.893630970605e-01 3.344723618090e-04 1.950442883876e-01
3.365628140704e-04 2.006164770490e-01 3.365628140704e-04 3.150999998828e-01 3.365628140704e-04 2.893806369444e-01 3.365628140704e-04 1.950396897237e-01
3.386532663317e-04 2.005985517836e-01 3.386532663317e-04 3.150999999150e-01 3.386532663317e-04 2.893959336213e-01 3.386532663317e-04 1.950355777164e-01
3.407437185930e-04 2.005821128975e-01 3.407437185930e-04 3.150999999383e-01 3.407437185930e-04 2.894092730186e-01 3.407437185930e-04 1.950318993947e-01
3.428341708543e-04 2.005670367542e-01 3.428341708543e-04 3.150999999551e-01 3.428341708543e-04 2.894209048494e-01 3.428341708543e-04 1.950286077849e-01
3.449246231156e-04 2.005532100711e-01 3.449246231156e-04 3.150999999674e-01 3.449246231156e-04 2.894310471438e-01 3.449246231156e-04 1.950256611957e-01
3.470150753769e-04 2.005405290400e-01 3.470150753769e-04 3.150999999763e-01 3.470150753769e-04 2.894398902259e-01 3.470150753769e-04 1.950230225950e-01
3.491055276382e-04 2.005288985245e-01 3.491055276382e-04 3.150999999827e-01 3.491055276382e-04 2.894476002029e-01 3.491055276382e-04 1.950206590632e-01
3.511959798995e-04 2.005182313268e-01 3.511959798995e-04 3.150999999874e-01 3.511959798995e-04 2.894543220220e-01 3.511959798995e-04 1.950185413154e-01
3.532864321608e-04 2.005084475184e-01 3.532864321608e-04 3.150999999908e-01 3.532864321608e-04 2.894601821472e-01 3.532864321608e-04 1.950166432822e-01
3.553768844221e-04 2.004994738284e-01 3.553768844221e-04 3.150999999933e-01 3.553768844221e-04 2.894652909021e-01 3.553768844221e-04 1.950149417407e-01
3.574673366834e-04 2.004912430845e-01 3.574673366834e-04 3.150999999951e-01 3.574673366834e-04 2.894697445192e-01 3.574673366834e-04 1.950134159917e-01
3.595577889447e-04 2.004836937010e-01 3.595577889447e-04 3.150999999964e-01 3.595577889447e-04 2.894736269318e-01 3.595577889447e-04 1.950120475740e-01
3.616482412060e-04 2.004767692115e-01 3.616482412060e-04 3.150999999974e-01 3.616482412060e-04 2.894770113394e-01 3.616482412060e-04 1.950108200135e-01
3.637386934673e-04 2.004704178408e-01 3.637386934673e-04 3.150999999981e-01 3.637386934673e-04 2.894799615757e-01 3.637386934673e-04 1.950097186017e-01
3.658291457286e-04 2.004645921126e-01 3.658291457286e-04 3.150999999986e-01 3.658291457286e-04 2.894825333037e-01 3.658291457286e-04 1.950087301998e-01
3.679195979899e-04 2.004592484913e-01 3.679195979899e-04 3.150999999990e-01 3.679195979899e-04 2.894847750584e-01 3.679195979899e-04 1.950078430660e-01
3.700100502513e-04 2.004543470533e-01 3.700100502513e-04 3.150999999993e-01 3.700100502513e-04 2.894867291580e-01 3.700100502513e-04 1.950070467024e-01
3.721005025126e-04 2.004498511862e-01 3.721005025126e-04 3.150999999995e-01 3.721005025126e-04 2.894884324983e-01 3.721005025126e-04 1.950063317192e-01
3.741909547739e-04 2.004457273132e-01 3.741909547739e-04 3.150999999996e-01 3.741909547739e-04 2.894899172463e-01 3.741909547739e-04 1.950056897145e-01
3.762814070352e-04 2.004419446405e-01 3.762814070352e-04 3.150999999997e-01 3.762814070352e-04 2.894912114457e-01 3.762814070352e-04 1.950051131681e-01
3.783718592965e-04 2.004384749265e-01 3.783718592965e-04 3.150999999998e-01 3.783718592965e-04 2.894923395443e-01 3.783718592965e-04 1.950045953462e-01
3.804623115578e-04 2.004352922692e-01 3.804623115578e-04 3.150999999998e-01 3.804623115578e-04 2.894933228550e-01 3.804623115578e-04 1.950041302175e-01
3.825527638191e-04 2.004323729122e-01 3.825527638191e-04 3.150999999999e-01 3.825527638191e-04 2.894941799571e-01 3.825527638191e-04 1.950037123784e-01
3.846432160804e-04 2.004296950666e-01 3.846432160804e-04 3.150999999999e-01 3.846432160804e-04 2.894949270468e-01 3.846432160804e-04 1.950033369862e-01
3.867336683417e-04 2.004272387480e-01 3.867336683417e-04 3.150999999999e-01 3.867336683417e-04 2.894955782424e-01 3.867336683417e-04 1.950029996999e-01
3.888241206030e-04 2.004249856263e-01 3.888241206030e-04 3.151000000000e-01 3.888241206030e-04 2.894961458511e-01 3.888241206030e-04 1.950026966271e-01
3.909145728643e-04 2.004229188891e-01 3.909145728643e-04 3.151000000000e-01 3.909145728643e-04 2.894966406007e-01 3.909145728643e-04 1.950024242771e-01
3.930050251256e-04 2.004210231157e-01 3.930050251256e-04 3.151000000000e-01 3.930050251256e-04 2.894970718428e-01 3.930050251256e-04 1.950021795186e-01
3.950954773869e-04 2.004192841616e-01 3.950954773869e-04 3.151000000000e-01 3.950954773869e-04 2.894974477286e-01 3.950954773869e-04 1.950019595423e-01
3.971859296482e-04 2.004176890530e-01 3.971859296482e-04 3.151000000000e-01 3.971859296482e-04 2.894977753634e-01 3.971859296482e-04 1.950017618271e-01
3.992763819095e-04 2.004162258899e-01 3.992763819095e-04 3.151000000000e-01 3.992763819095e-04 2.894980609407e-01 3.992763819095e-04 1.950015841106e-01
4.013668341709e-04 2.004148837567e-01 4.013668341709e-04 3.151000000000e-01 4.013668341709e-04 2.894983098591e-01 4.013668341709e-04 1.950014243615e-01
4.034572864322e-04 2.004136526415e-01 4.034572864322e-04 3.151000000000e-01 4.034572864322e-04 2.894985268240e-01 4.034572864322e-04 1.950012807567e-01
4.055477386935e-04 2.004125233604e-01 4.055477386935e-04 3.151000000000e-01 4.055477386935e-04 2.894987159373e-01 4.055477386935e-04 1.950011516589e-01
4.076381909548e-04 2.004114874895e-01 4.076381909548e-04 3.151000000000e-01 4.076381909548e-04 2.894988807741e-01 4.076381909548e-04 1.950010355977e-01
4.097286432161e-04 2.004105373018e-01 4.097286432161e-04 3.151000000000e-01 4.097286432161e-04 2.894990244507e-01 4.097286432161e-04 1.950009312529e-01
4.118190954774e-04 2.004096657098e-01 4.118190954774e-04 3.151000000000e-01 4.118190954774e-04 2.894991496834e-01 4.118190954774e-04 1.950008374382e-01
4.139095477387e-04 2.004088662119e-01 4.139095477387e-04 3.151000000000e-01 4.139095477387e-04 2.894992588398e-01 4.139095477387e-04 1.950007530883e-01
4.160000000000e-04 2.004081328449e-01 4.160000000000e-04 3.151000000000e-01 4.160000000000e-04 2.894993539836e-01 4.160000000000e-04 1.950006772460e-01
