0.000000000000e+00 2.902000000000e-01 0.000000000000e+00 2.879999978780e-01 0.000000000000e+00 2.024000000001e-01 0.000000000000e+00 9.620000487984e-02 0.000000000000e+00 1.233000000013e-01
2.371859296482e-06 2.902000000000e-01 2.371859296482e-06 2.879999974415e-01 2.371859296482e-06 2.024000000001e-01 2.371859296482e-06 9.620000578727e-02 2.371859296482e-06 1.233000000016e-01
4.743718592965e-06 2.902000000000e-01 4.743718592965e-06 2.879999969153e-01 4.743718592965e-06 2.024000000002e-01 4.743718592965e-06 9.620000686343e-02 4.743718592965e-06 1.233000000021e-01
7.115577889447e-06 2.902000000000e-01 7.115577889447e-06 2.879999962809e-01 7.115577889447e-06 2.024000000002e-01 7.115577889447e-06 9.620000813971e-02 7.115577889447e-06 1.233000000027e-01
9.487437185930e-06 2.902000000000e-01 9.487437185930e-06 2.879999955159e-01 9.487437185930e-06 2.024000000003e-01 9.487437185930e-06 9.620000965332e-02 9.487437185930e-06 1.233000000035e-01
1.185929648241e-05 2.902000000000e-01 1.185929648241e-05 2.879999945936e-01 1.185929648241e-05 2.024000000004e-01 1.185929648241e-05 9.620001144839e-02 1.185929648241e-05 1.233000000046e-01
1.423115577889e-05 2.902000000000e-01 1.423115577889e-05 2.879999934815e-01 1.423115577889e-05 2.024000000005e-01 1.423115577889e-05 9.620001357726e-02 1.423115577889e-05 1.233000000059e-01
1.660301507538e-05 2.902000000000e-01 1.660301507538e-05 2.879999921407e-01 1.660301507538e-05 2.024000000007e-01 1.660301507538e-05 9.620001610200e-02 1.660301507538e-05 1.233000000077e-01
1.897487437186e-05 2.902000000000e-01 1.897487437186e-05 2.879999905240e-01 1.897487437186e-05 2.024000000009e-01 1.897487437186e-05 9.620001909623e-02 1.897487437186e-05 1.233000000099e-01
2.134673366834e-05 2.902000000000e-01 2.134673366834e-05 2.879999885747e-01 2.134673366834e-05 2.024000000012e-01 2.134673366834e-05 9.620002264724e-02 2.134673366834e-05 1.233000000129e-01
2.371859296482e-05 2.902000000000e-01 2.371859296482e-05 2.879999862243e-01 2.371859296482e-05 2.024000000016e-01 2.371859296482e-05 9.620002685858e-02 2.371859296482e-05 1.233000000167e-01
2.609045226131e-05 2.902000000000e-01 2.609045226131e-05 2.879999833903e-01 2.609045226131e-05 2.024000000021e-01 2.609045226131e-05 9.620003185303e-02 2.609045226131e-05 1.233000000216e-01
2.846231155779e-05 2.902000000000e-01 2.846231155779e-05 2.879999799732e-01 2.846231155779e-05 2.024000000027e-01 2.846231155779e-05 9.620003777621e-02 2.846231155779e-05 1.233000000279e-01
3.083417085427e-05 2.902000000000e-01 3.083417085427e-05 2.879999758528e-01 3.083417085427e-05 2.024000000036e-01 3.083417085427e-05 9.620004480083e-02 3.083417085427e-05 1.233000000362e-01
3.320603015075e-05 2.902000000000e-01 3.320603015075e-05 2.879999708845e-01 3.320603015075e-05 2.024000000047e-01 3.320603015075e-05 9.620005313170e-02 3.320603015075e-05 1.233000000469e-01
3.557788944724e-05 2.902000000000e-01 3.557788944724e-05 2.879999648937e-01 3.557788944724e-05 2.024000000061e-01 3.557788944724e-05 9.620006301173e-02 3.557788944724e-05 1.233000000607e-01
3.794974874372e-05 2.902000000000e-01 3.794974874372e-05 2.879999576698e-01 3.794974874372e-05 2.024000000081e-01 3.794974874372e-05 9.620007472898e-02 3.794974874372e-05 1.233000000786e-01
4.032160804020e-05 2.902000000000e-01 4.032160804020e-05 2.879999489591e-01 4.032160804020e-05 2.024000000105e-01 4.032160804020e-05 9.620008862510e-02 4.032160804020e-05 1.233000001019e-01
4.269346733668e-05 2.902000000000e-01 4.269346733668e-05 2.879999384552e-01 4.269346733668e-05 2.024000000138e-01 4.269346733668e-05 9.620010510524e-02 4.269346733668e-05 1.233000001319e-01
4.506532663317e-05 2.902000000000e-01 4.506532663317e-05 2.879999257890e-01 4.506532663317e-05 2.024000000181e-01 4.506532663317e-05 9.620012464992e-02 4.506532663317e-05 1.233000001709e-01
4.743718592965e-05 2.902000000000e-01 4.743718592965e-05 2.879999105149e-01 4.743718592965e-05 2.024000000237e-01 4.743718592965e-05 9.620014782899e-02 4.743718592965e-05 1.233000002213e-01
4.980904522613e-05 2.902000000000e-01 4.980904522613e-05 2.879998920959e-01 4.980904522613e-05 2.024000000310e-01 4.980904522613e-05 9.620017531829e-02 4.980904522613e-05 1.233000002867e-01
5.218090452261e-05 2.902000000000e-01 5.218090452261e-05 2.879998698841e-01 5.218090452261e-05 2.024000000407e-01 5.218090452261e-05 9.620020791930e-02 5.218090452261e-05 1.233000003713e-01
5.455276381910e-05 2.902000000000e-01 5.455276381910e-05 2.879998430978e-01 5.455276381910e-05 2.024000000533e-01 5.455276381910e-05 9.620024658255e-02 5.455276381910e-05 1.233000004809e-01
5.692462311558e-05 2.902000000000e-01 5.692462311558e-05 2.879998107945e-01 5.692462311558e-05 2.024000000699e-01 5.692462311558e-05 9.620029243534e-02 5.692462311558e-05 1.233000006229e-01
5.929648241206e-05 2.902000000000e-01 5.929648241206e-05 2.879997718370e-01 5.929648241206e-05 2.024000000917e-01 5.929648241206e-05 9.620034681458e-02 5.929648241206e-05 1.233000008068e-01
6.166834170854e-05 2.902000000000e-01 6.166834170854e-05 2.879997248537e-01 6.166834170854e-05 2.024000001202e-01 6.166834170854e-05 9.620041130576e-02 6.166834170854e-05 1.233000010450e-01
6.404020100503e-05 2.902000000000e-01 6.404020100503e-05 2.879996681898e-01 6.404020100503e-05 2.024000001577e-01 6.404020100503e-05 9.620048778920e-02 6.404020100503e-05 1.233000013535e-01
6.641206030151e-05 2.902000000000e-01 6.641206030151e-05 2.879995998491e-01 6.641206030151e-05 2.024000002069e-01 6.641206030151e-05 9.620057849487e-02 6.641206030151e-05 1.233000017531e-01
6.878391959799e-05 2.902000000000e-01 6.878391959799e-05 2.879995174231e-01 6.878391959799e-05 2.024000002716e-01 6.878391959799e-05 9.620068606739e-02 6.878391959799e-05 1.233000022707e-01
7.115577889447e-05 2.902000000000e-01 7.115577889447e-05 2.879994180060e-01 7.115577889447e-05 2.024000003565e-01 7.115577889447e-05 9.620081364314e-02 7.115577889447e-05 1.233000029410e-01
7.352763819095e-05 2.902000000000e-01 7.352763819095e-05 2.879992980920e-01 7.352763819095e-05 2.024000004682e-01 7.352763819095e-05 9.620096494167e-02 7.352763819095e-05 1.233000038093e-01
7.589949748744e-05 2.902000000000e-01 7.589949748744e-05 2.879991534506e-01 7.589949748744e-05 2.024000006150e-01 7.589949748744e-05 9.620114437416e-02 7.589949748744e-05 1.233000049339e-01
7.827135678392e-05 2.901999999999e-01 7.827135678392e-05 2.879989789769e-01 7.827135678392e-05 2.024000008082e-01 7.827135678392e-05 9.620135717201e-02 7.827135678392e-05 1.233000063905e-01
8.064321608040e-05 2.901999999999e-01 8.064321608040e-05 2.879987685106e-01 8.064321608040e-05 2.024000010623e-01 8.064321608040e-05 9.620160953934e-02 8.064321608040e-05 1.233000082771e-01
8.301507537688e-05 2.901999999998e-01 8.301507537688e-05 2.879985146171e-01 8.301507537688e-05 2.024000013968e-01 8.301507537688e-05 9.620190883382e-02 8.301507537688e-05 1.233000107207e-01
8.538693467337e-05 2.901999999997e-01 8.538693467337e-05 2.879982083236e-01 8.538693467337e-05 2.024000018373e-01 8.538693467337e-05 9.620226378115e-02 8.538693467337e-05 1.233000138857e-01
8.775879396985e-05 2.901999999996e-01 8.775879396985e-05 2.879978387995e-01 8.775879396985e-05 2.024000024175e-01 8.775879396985e-05 9.620268472937e-02 8.775879396985e-05 1.233000179851e-01
9.013065326633e-05 2.901999999994e-01 9.013065326633e-05 2.879973929717e-01 9.013065326633e-05 2.024000031824e-01 9.013065326633e-05 9.620318395049e-02 9.013065326633e-05 1.233000232948e-01
9.250251256281e-05 2.901999999991e-01 9.250251256281e-05 2.879968550580e-01 9.250251256281e-05 2.024000041909e-01 9.250251256281e-05 9.620377599812e-02 9.250251256281e-05 1.233000301720e-01
9.487437185930e-05 2.901999999985e-01 9.487437185930e-05 2.879962060051e-01 9.487437185930e-05 2.024000055214e-01 9.487437185930e-05 9.620447813155e-02 9.487437185930e-05 1.233000390795e-01
9.724623115578e-05 2.901999999977e-01 9.724623115578e-05 2.879954228079e-01 9.724623115578e-05 2.024000072776e-01 9.724623115578e-05 9.620531081875e-02 9.724623115578e-05 1.233000506167e-01
9.961809045226e-05 2.901999999965e-01 9.961809045226e-05 2.879944776876e-01 9.961809045226e-05 2.024000095970e-01 9.961809045226e-05 9.620629833265e-02 9.961809045226e-05 1.233000655599e-01
1.019899497487e-04 2.901999999946e-01 1.019899497487e-04 2.879933370982e-01 1.019899497487e-04 2.024000126617e-01 1.019899497487e-04 9.620746945833e-02 1.019899497487e-04 1.233000849147e-01
1.043618090452e-04 2.901999999916e-01 1.043618090452e-04 2.879919605243e-01 1.043618090452e-04 2.024000167138e-01 1.043618090452e-04 9.620885833149e-02 1.043618090452e-04 1.233001099835e-01
1.067336683417e-04 2.901999999870e-01 1.067336683417e-04 2.879902990291e-01 1.067336683417e-04 2.024000220743e-01 1.067336683417e-04 9.621050543272e-02 1.067336683417e-04 1.233001424532e-01
1.091055276382e-04 2.901999999799e-01 1.091055276382e-04 2.879882934966e-01 1.091055276382e-04 2.024000291704e-01 1.091055276382e-04 9.621245876632e-02 1.091055276382e-04 1.233001845086e-01
1.114773869347e-04 2.901999999687e-01 1.114773869347e-04 2.879858725066e-01 1.114773869347e-04 2.024000385697e-01 1.114773869347e-04 9.621477525805e-02 1.114773869347e-04 1.233002389797e-01
1.138492462312e-04 2.901999999513e-01 1.138492462312e-04 2.879829497636e-01 1.138492462312e-04 2.024000510283e-01 1.138492462312e-04 9.621752241231e-02 1.138492462312e-04 1.233003095318e-01
1.162211055276e-04 2.901999999241e-01 1.162211055276e-04 2.879794209861e-01 1.162211055276e-04 2.024000675531e-01 1.162211055276e-04 9.622078027692e-02 1.162211055276e-04 1.233004009121e-01
1.185929648241e-04 2.901999998816e-01 1.185929648241e-04 2.879751601427e-01 1.185929648241e-04 2.024000894865e-01 1.185929648241e-04 9.622464377255e-02 1.185929648241e-04 1.233005192695e-01
1.209648241206e-04 2.901999998151e-01 1.209648241206e-04 2.879700148965e-01 1.209648241206e-04 2.024001186202e-01 1.209648241206e-04 9.622922545434e-02 1.209648241206e-04 1.233006725677e-01
1.233366834171e-04 2.901999997110e-01 1.233366834171e-04 2.879638010922e-01 1.233366834171e-04 2.024001573465e-01 1.233366834171e-04 9.623465878594e-02 1.233366834171e-04 1.233008711215e-01
1.257085427136e-04 2.901999995476e-01 1.257085427136e-04 2.879562960826e-01 1.257085427136e-04 2.024002088634e-01 1.257085427136e-04 9.624110202100e-02 1.257085427136e-04 1.233011282901e-01
1.280804020101e-04 2.901999992909e-01 1.280804020101e-04 2.879472306513e-01 1.280804020101e-04 2.024002774492e-01 1.280804020101e-04 9.624874280484e-02 1.280804020101e-04 1.233014613760e-01
1.304522613065e-04 2.901999988875e-01 1.304522613065e-04 2.879362792343e-01 1.304522613065e-04 2.024003688325e-01 1.304522613065e-04 9.625780363016e-02 1.304522613065e-04 1.233018927883e-01
1.328241206030e-04 2.901999982524e-01 1.328241206030e-04 2.879230480858e-01 1.328241206030e-04 2.024004906909e-01 1.328241206030e-04 9.626854830570e-02 1.328241206030e-04 1.233024515496e-01
1.351959798995e-04 2.901999972517e-01 1.351959798995e-04 2.879070609535e-01 1.351959798995e-04 2.024006533237e-01 1.351959798995e-04 9.628128962667e-02 1.351959798995e-04 1.233031752466e-01
1.375678391960e-04 2.901999956731e-01 1.375678391960e-04 2.878877417464e-01 1.375678391960e-04 2.024008705590e-01 1.375678391960e-04 9.629639847190e-02 1.375678391960e-04 1.233041125558e-01
1.399396984925e-04 2.901999931803e-01 1.399396984925e-04 2.878643935657e-01 1.399396984925e-04 2.024011609802e-01 1.399396984925e-04 9.631431459565e-02 1.399396984925e-04 1.233053265133e-01
1.423115577889e-04 2.901999892396e-01 1.423115577889e-04 2.878361733493e-01 1.423115577889e-04 2.024015495848e-01 1.423115577889e-04 9.633555943430e-02 1.423115577889e-04 1.233068987463e-01
1.446834170854e-04 2.901999830036e-01 1.446834170854e-04 2.878020612249e-01 1.446834170854e-04 2.024020700282e-01 1.446834170854e-04 9.636075131185e-02 1.446834170854e-04 1.233089349489e-01
1.470552763819e-04 2.901999731256e-01 1.470552763819e-04 2.877608234971e-01 1.470552763819e-04 2.024027676648e-01 1.470552763819e-04 9.639062350604e-02 1.470552763819e-04 1.233115719664e-01
1.494271356784e-04 2.901999574636e-01 1.494271356784e-04 2.877109679859e-01 1.494271356784e-04 2.024037036704e-01 1.494271356784e-04 9.642604573329e-02 1.494271356784e-04 1.233149869564e-01
1.517989949749e-04 2.901999326070e-01 1.517989949749e-04 2.876506901994e-01 1.517989949749e-04 2.024049606357e-01 1.517989949749e-04 9.646804973190e-02 1.517989949749e-04 1.233194092299e-01
1.541708542714e-04 2.901998931221e-01 1.541708542714e-04 2.875778085602e-01 1.541708542714e-04 2.024066501632e-01 1.541708542714e-04 9.651785977658e-02 1.541708542714e-04 1.233251355495e-01
1.565427135678e-04 2.901998303445e-01 1.565427135678e-04 2.874896866047e-01 1.565427135678e-04 2.024089231904e-01 1.565427135678e-04 9.657692915519e-02 1.565427135678e-04 1.233325498747e-01
1.589145728643e-04 2.901997304484e-01 1.589145728643e-04 2.873831397593e-01 1.589145728643e-04 2.024119840292e-01 1.589145728643e-04 9.664698389860e-02 1.589145728643e-04 1.233421488255e-01
1.612864321608e-04 2.901995713559e-01 1.612864321608e-04 2.872543239671e-01 1.612864321608e-04 2.024161094701e-01 1.612864321608e-04 9.673007540053e-02 1.612864321608e-04 1.233545744730e-01
1.636582914573e-04 2.901993177882e-01 1.636582914573e-04 2.870986031221e-01 1.636582914573e-04 2.024216747926e-01 1.636582914573e-04 9.682864403428e-02 1.636582914573e-04 1.233706564965e-01
1.660301507538e-04 2.901989133352e-01 1.660301507538e-04 2.869103920003e-01 1.660301507538e-04 2.024291891921e-01 1.660301507538e-04 9.694559652147e-02 1.660301507538e-04 1.233914662573e-01
1.684020100503e-04 2.901982677438e-01 1.684020100503e-04 2.866829712162e-01 1.684020100503e-04 2.024393440432e-01 1.684020100503e-04 9.708440071683e-02 1.684020100503e-04 1.234183859576e-01
1.707738693467e-04 2.901972365301e-01 1.707738693467e-04 2.864082707647e-01 1.707738693467e-04 2.024530786536e-01 1.707738693467e-04 9.724920276507e-02 1.707738693467e-04 1.234531967500e-01
1.731457286432e-04 2.901955882680e-01 1.731457286432e-04 2.860766190513e-01 1.731457286432e-04 2.024716698191e-01 1.731457286432e-04 9.744497344321e-02 1.731457286432e-04 1.234981904208e-01
1.755175879397e-04 2.901929520882e-01 1.755175879397e-04 2.856764551414e-01 1.755175879397e-04 2.024968537120e-01 1.755175879397e-04 9.767769319744e-02 1.755175879397e-04 1.235563100033e-01
1.778894472362e-04 2.901887333934e-01 1.778894472362e-04 2.851940034873e-01 1.778894472362e-04 2.025309915650e-01 1.778894472362e-04 9.795458932038e-02 1.778894472362e-04 1.236313252246e-01
1.802613065327e-04 2.901819785319e-01 1.802613065327e-04 2.846129129102e-01 1.802613065327e-04 2.025772944242e-01 1.802613065327e-04 9.828444448032e-02 1.802613065327e-04 1.237280487620e-01
1.826331658291e-04 2.901711575396e-01 1.826331658291e-04 2.839138654536e-01 1.826331658291e-04 2.026401270642e-01 1.826331658291e-04 9.867800425628e-02 1.826331658291e-04 1.238525983786e-01
1.850050251256e-04 2.901538154783e-01 1.850050251256e-04 2.830741662519e-01 1.850050251256e-04 2.027254169996e-01 1.850050251256e-04 9.914852362670e-02 1.850050251256e-04 1.240127072973e-01
1.873768844221e-04 2.901260133896e-01 1.873768844221e-04 2.820673331216e-01 1.873768844221e-04 2.028412010946e-01 1.873768844221e-04 9.971251005776e-02 1.873768844221e-04 1.242180793784e-01
1.897487437186e-04 2.900814333982e-01 1.897487437186e-04 2.808627144131e-01 1.897487437186e-04 2.029983485843e-01 1.897487437186e-04 1.003907457809e-01 1.897487437186e-04 1.244807749278e-01
1.921206030151e-04 2.900099503807e-01 1.921206030151e-04 2.794251757579e-01 1.921206030151e-04 2.032115030492e-01 1.921206030151e-04 1.012097057250e-01 1.921206030151e-04 1.248155947922e-01
1.944924623116e-04 2.898953635562e-01 1.944924623116e-04 2.777149103029e-01 1.944924623116e-04 2.035002821683e-01 1.944924623116e-04 1.022035305690e-01 1.944924623116e-04 1.252404019527e-01
1.968643216080e-04 2.897118239838e-01 1.968643216080e-04 2.756874419303e-01 1.968643216080e-04 2.038907536801e-01 1.968643216080e-04 1.034167618783e-01 1.968643216080e-04 1.257762788040e-01
1.992361809045e-04 2.894182869820e-01 1.992361809045e-04 2.732939053826e-01 1.992361809045e-04 2.044171527853e-01 1.992361809045e-04 1.049080813296e-01 1.992361809045e-04 1.264473651407e-01
2.016080402010e-04 2.889501010897e-01 2.016080402010e-04 2.704816995471e-01 2.016080402010e-04 2.051236949330e-01 2.016080402010e-04 1.067552739547e-01 2.016080402010e-04 1.272801638004e-01
2.039798994975e-04 2.882067750504e-01 2.039798994975e-04 2.671956193102e-01 2.039798994975e-04 2.060661350216e-01 2.039798994975e-04 1.090614556067e-01 2.039798994975e-04 1.283020581424e-01
2.063517587940e-04 2.870354910131e-01 2.063517587940e-04 2.633795778529e-01 2.063517587940e-04 2.073123998401e-01 2.063517587940e-04 1.119620685405e-01 2.063517587940e-04 1.295387975913e-01
2.087236180905e-04 2.852121027099e-01 2.087236180905e-04 2.589790376155e-01 2.087236180905e-04 2.089411867638e-01 2.087236180905e-04 1.156309221076e-01 2.087236180905e-04 1.310108338304e-01
2.110954773869e-04 2.824270780818e-01 2.110954773869e-04 2.539442774558e-01 2.110954773869e-04 2.110370107838e-01 2.110954773869e-04 1.202812283559e-01 2.110954773869e-04 1.327286936269e-01
2.134673366834e-04 2.782950474237e-01 2.134673366834e-04 2.482346327046e-01 2.134673366834e-04 2.136801572954e-01 2.134673366834e-04 1.261540689781e-01 2.134673366834e-04 1.346880750966e-01
2.158391959799e-04 2.724203653447e-01 2.158391959799e-04 2.418238317803e-01 2.158391959799e-04 2.169309867038e-01 2.158391959799e-04 1.334834040842e-01 2.158391959799e-04 1.368659619761e-01
2.182110552764e-04 2.645481202505e-01 2.182110552764e-04 2.347064611105e-01 2.182110552764e-04 2.208106166799e-01 2.182110552764e-04 1.424282488562e-01 2.182110552764e-04 1.392195230748e-01
2.205829145729e-04 2.547713832026e-01 2.205829145729e-04 2.269053259734e-01 2.205829145729e-04 2.252838028614e-01 2.205829145729e-04 1.529770082475e-01 2.205829145729e-04 1.416895901396e-01
2.229547738693e-04 2.436481965112e-01 2.229547738693e-04 2.184789478398e-01 2.229547738693e-04 2.302525049080e-01 2.229547738693e-04 1.648595883398e-01 2.229547738693e-04 1.442099689448e-01
2.253266331658e-04 2.320438726851e-01 2.253266331658e-04 2.095276635068e-01 2.253266331658e-04 2.355665297716e-01 2.253266331658e-04 1.775311545017e-01 2.253266331658e-04 1.467231297117e-01
2.276984924623e-04 2.207272211019e-01 2.276984924623e-04 2.001960230536e-01 2.276984924623e-04 2.410495952039e-01 2.276984924623e-04 1.902747951800e-01 2.276984924623e-04 1.492028792142e-01
2.300703517588e-04 2.100316625934e-01 2.300703517588e-04 1.906689597531e-01 2.300703517588e-04 2.465299962592e-01 2.300703517588e-04 2.023929390905e-01 2.300703517588e-04 1.516862422555e-01
2.324422110553e-04 1.998417781451e-01 2.324422110553e-04 1.811601192740e-01 2.324422110553e-04 2.518627044768e-01 2.324422110553e-04 2.133838044218e-01 2.324422110553e-04 1.543186626781e-01
2.348140703518e-04 1.898539430556e-01 2.348140703518e-04 1.718929325319e-01 2.348140703518e-04 2.569365971598e-01 2.348140703518e-04 2.230129734148e-01 2.348140703518e-04 1.574101138720e-01
2.371859296482e-04 1.798863324197e-01 2.371859296482e-04 1.630777628618e-01 2.371859296482e-04 2.616703036909e-01 2.371859296482e-04 2.312746383439e-01 2.371859296482e-04 1.614587231448e-01
2.395577889447e-04 1.700561558385e-01 2.395577889447e-04 1.548903386121e-01 2.395577889447e-04 2.660049108881e-01 2.395577889447e-04 2.383004498223e-01 2.395577889447e-04 1.669934910900e-01
2.419296482412e-04 1.607517676736e-01 2.419296482412e-04 1.474565246336e-01 2.419296482412e-04 2.698996325719e-01 2.419296482412e-04 2.442739667937e-01 2.419296482412e-04 1.740542112500e-01
2.443015075377e-04 1.524450712455e-01 2.443015075377e-04 1.408462909553e-01 2.443015075377e-04 2.733314806495e-01 2.443015075377e-04 2.493762319138e-01 2.443015075377e-04 1.816528504860e-01
2.466733668342e-04 1.454813242606e-01 2.466733668342e-04 1.350767055342e-01 2.466733668342e-04 2.762964752917e-01 2.466733668342e-04 2.537614214209e-01 2.466733668342e-04 1.882394014508e-01
2.490452261307e-04 1.399732986659e-01 2.490452261307e-04 1.301214016800e-01 2.490452261307e-04 2.788095492929e-01 2.490452261307e-04 2.575516964094e-01 2.490452261307e-04 1.929271156723e-01
2.514170854271e-04 1.358236657107e-01 2.514170854271e-04 1.259230599675e-01 2.514170854271e-04 2.809018985301e-01 2.514170854271e-04 2.608410910464e-01 2.514170854271e-04 1.958351175476e-01
2.537889447236e-04 1.328139125719e-01 2.537889447236e-04 1.224058702245e-01 2.537889447236e-04 2.826162733251e-01 2.537889447236e-04 2.637020801511e-01 2.537889447236e-04 1.975129961625e-01
2.561608040201e-04 1.306915726320e-01 2.561608040201e-04 1.194860445607e-01 2.561608040201e-04 2.840015477420e-01 2.561608040201e-04 2.661917760746e-01 2.561608040201e-04 1.984606533160e-01
2.585326633166e-04 1.292248800911e-01 2.585326633166e-04 1.170795925967e-01 2.585326633166e-04 2.851078179799e-01 2.585326633166e-04 2.683567119525e-01 2.585326633166e-04 1.990032112468e-01
2.609045226131e-04 1.282254564744e-01 2.609045226131e-04 1.151073910939e-01 2.609045226131e-04 2.859827399427e-01 2.609045226131e-04 2.702361399143e-01 2.609045226131e-04 1.993250788604e-01
2.632763819095e-04 1.275509762444e-01 2.632763819095e-04 1.134980134251e-01 2.632763819095e-04 2.866692648781e-01 2.632763819095e-04 2.718641352391e-01 2.632763819095e-04 1.995252022679e-01
2.656482412060e-04 1.270987533570e-01 2.656482412060e-04 1.121889173707e-01 2.656482412060e-04 2.872045799127e-01 2.656482412060e-04 2.732708632147e-01 2.656482412060e-04 1.996559302936e-01
2.680201005025e-04 1.267968732690e-01 2.680201005025e-04 1.111265480356e-01 2.680201005025e-04 2.876199210817e-01 2.680201005025e-04 2.744833133693e-01 2.680201005025e-04 1.997452594824e-01
2.703919597990e-04 1.265959402128e-01 2.703919597990e-04 1.102657977290e-01 2.703919597990e-04 2.879409290708e-01 2.703919597990e-04 2.755257234028e-01 2.703919597990e-04 1.998085919716e-01
2.727638190955e-04 1.264624552335e-01 2.727638190955e-04 1.095691382987e-01 2.727638190955e-04 2.881882858028e-01 2.727638190955e-04 2.764198391772e-01 2.727638190955e-04 1.998547592237e-01
2.751356783920e-04 1.263738896650e-01 2.751356783920e-04 1.090056328188e-01 2.751356783920e-04 2.883784517985e-01 2.751356783920e-04 2.771850989318e-01 2.751356783920e-04 1.998890844543e-01
2.775075376884e-04 1.263151758187e-01 2.775075376884e-04 1.085499514745e-01 2.775075376884e-04 2.885243947861e-01 2.775075376884e-04 2.778387899041e-01 2.775075376884e-04 1.999149500240e-01
2.798793969849e-04 1.262762725164e-01 2.798793969849e-04 1.081814596193e-01 2.798793969849e-04 2.886362516641e-01 2.798793969849e-04 2.783962002808e-01 2.798793969849e-04 1.999346143176e-01
2.822512562814e-04 1.262505041489e-01 2.822512562814e-04 1.078834091927e-01 2.822512562814e-04 2.887218996766e-01 2.822512562814e-04 2.788707747275e-01 2.822512562814e-04 1.999496500051e-01
2.846231155779e-04 1.262334395006e-01 2.846231155779e-04 1.076422423898e-01 2.846231155779e-04 2.887874326563e-01 2.846231155779e-04 2.792742740487e-01 2.846231155779e-04 1.999611886650e-01
2.869949748744e-04 1.262221401312e-01 2.869949748744e-04 1.074470039598e-01 2.869949748744e-04 2.888375487700e-01 2.869949748744e-04 2.796169361203e-01 2.869949748744e-04 1.999700640966e-01
2.893668341709e-04 1.262146587585e-01 2.893668341709e-04 1.072888522250e-01 2.893668341709e-04 2.888758608851e-01 2.893668341709e-04 2.799076342587e-01 2.893668341709e-04 1.999769008713e-01
2.917386934673e-04 1.262097054658e-01 2.917386934673e-04 1.071606564085e-01 2.917386934673e-04 2.889051419396e-01 2.917386934673e-04 2.801540294532e-01 2.917386934673e-04 1.999821719998e-01
2.941105527638e-04 1.262064260070e-01 2.941105527638e-04 1.070566675095e-01 2.941105527638e-04 2.889275171645e-01 2.941105527638e-04 2.803627136797e-01 2.941105527638e-04 1.999862382806e-01
2.964824120603e-04 1.262042547458e-01 2.964824120603e-04 1.069722507560e-01 2.964824120603e-04 2.889446136567e-01 2.964824120603e-04 2.805393424342e-01 2.964824120603e-04 1.999893761817e-01
2.988542713568e-04 1.262028171808e-01 2.988542713568e-04 1.069036689694e-01 2.988542713568e-04 2.889576761777e-01 2.988542713568e-04 2.806887554714e-01 2.988542713568e-04 1.999917981660e-01
3.012261306533e-04 1.262018653699e-01 3.012261306533e-04 1.068479076477e-01 3.012261306533e-04 2.889676564699e-01 3.012261306533e-04 2.808150854260e-01 3.012261306533e-04 1.999936678046e-01
3.035979899497e-04 1.262012351636e-01 3.035979899497e-04 1.068025340094e-01 3.035979899497e-04 2.889752819529e-01 3.035979899497e-04 2.809218545191e-01 3.035979899497e-04 1.999951111698e-01
3.059698492462e-04 1.262008178865e-01 3.059698492462e-04 1.067655835542e-01 3.059698492462e-04 2.889811084510e-01 3.059698492462e-04 2.810120599060e-01 3.059698492462e-04 1.999962254991e-01
3.083417085427e-04 1.262005415897e-01 3.083417085427e-04 1.067354688408e-01 3.083417085427e-04 2.889855606017e-01 3.083417085427e-04 2.810882484560e-01 3.083417085427e-04 1.999970858221e-01
3.107135678392e-04 1.262003586379e-01 3.107135678392e-04 1.067109061632e-01 3.107135678392e-04 2.889889627873e-01 3.107135678392e-04 2.811525818730e-01 3.107135678392e-04 1.999977500472e-01
3.130854271357e-04 1.262002374926e-01 3.130854271357e-04 1.066908566171e-01 3.130854271357e-04 2.889915627946e-01 3.130854271357e-04 2.812068931180e-01 3.130854271357e-04 1.999982628754e-01
3.154572864322e-04 1.262001572720e-01 3.154572864322e-04 1.066744787288e-01 3.154572864322e-04 2.889935499005e-01 3.154572864322e-04 2.812527350863e-01 3.154572864322e-04 1.999986588158e-01
3.178291457286e-04 1.262001041501e-01 3.178291457286e-04 1.066610903645e-01 3.178291457286e-04 2.889950686914e-01 3.178291457286e-04 2.812914224516e-01 3.178291457286e-04 1.999989645107e-01
3.202010050251e-04 1.262000689723e-01 3.202010050251e-04 1.066501380875e-01 3.202010050251e-04 2.889962296200e-01 3.202010050251e-04 2.813240675297e-01 3.202010050251e-04 1.999992005294e-01
3.225728643216e-04 1.262000456769e-01 3.225728643216e-04 1.066411724932e-01 3.225728643216e-04 2.889971170688e-01 3.225728643216e-04 2.813516109359e-01 3.225728643216e-04 1.999993827529e-01
3.249447236181e-04 1.262000302499e-01 3.249447236181e-04 1.066338283424e-01 3.249447236181e-04 2.889977955076e-01 3.249447236181e-04 2.813748477391e-01 3.249447236181e-04 1.999995234424e-01
3.273165829146e-04 1.262000200335e-01 3.273165829146e-04 1.066278085469e-01 3.273165829146e-04 2.889983141962e-01 3.273165829146e-04 2.813944497311e-01 3.273165829146e-04 1.999996320647e-01
3.296884422111e-04 1.262000132677e-01 3.296884422111e-04 1.066228712507e-01 3.296884422111e-04 2.889987107759e-01 3.296884422111e-04 2.814109843608e-01 3.296884422111e-04 1.999997159287e-01
3.320603015075e-04 1.262000087869e-01 3.320603015075e-04 1.066188193998e-01 3.320603015075e-04 2.889990140119e-01 3.320603015075e-04 2.814249308122e-01 3.320603015075e-04 1.999997806776e-01
3.344321608040e-04 1.262000058195e-01 3.344321608040e-04 1.066154923131e-01 3.344321608040e-04 2.889992458883e-01 3.344321608040e-04 2.814366936411e-01 3.344321608040e-04 1.999998306682e-01
3.368040201005e-04 1.262000038542e-01 3.368040201005e-04 1.066127588654e-01 3.368040201005e-04 2.889994232078e-01 3.368040201005e-04 2.814466143321e-01 3.368040201005e-04 1.999998692644e-01
3.391758793970e-04 1.262000025527e-01 3.391758793970e-04 1.066105119684e-01 3.391758793970e-04 2.889995588140e-01 3.391758793970e-04 2.814549810843e-01 3.391758793970e-04 1.999998990632e-01
3.415477386935e-04 1.262000016906e-01 3.415477386935e-04 1.066086640997e-01 3.415477386935e-04 2.889996625249e-01 3.415477386935e-04 2.814620370924e-01 3.415477386935e-04 1.999999220700e-01
3.439195979899e-04 1.262000011197e-01 3.439195979899e-04 1.066071436755e-01 3.439195979899e-04 2.889997418463e-01 3.439195979899e-04 2.814679875503e-01 3.439195979899e-04 1.999999398328e-01
3.462914572864e-04 1.262000007416e-01 3.462914572864e-04 1.066058921077e-01 3.462914572864e-04 2.889998025166e-01 3.462914572864e-04 2.814730055722e-01 3.462914572864e-04 1.999999535469e-01
3.486633165829e-04 1.262000004912e-01 3.486633165829e-04 1.066048614119e-01 3.486633165829e-04 2.889998489231e-01 3.486633165829e-04 2.814772371951e-01 3.486633165829e-04 1.999999641351e-01
3.510351758794e-04 1.262000003253e-01 3.510351758794e-04 1.066040122626e-01 3.510351758794e-04 2.889998844209e-01 3.510351758794e-04 2.814808056057e-01 3.510351758794e-04 1.999999723098e-01
3.534070351759e-04 1.262000002155e-01 3.534070351759e-04 1.066033124109e-01 3.534070351759e-04 2.889999115753e-01 3.534070351759e-04 2.814838147094e-01 3.534070351759e-04 1.999999786213e-01
3.557788944724e-04 1.262000001427e-01 3.557788944724e-04 1.066027353948e-01 3.557788944724e-04 2.889999323480e-01 3.557788944724e-04 2.814863521437e-01 3.557788944724e-04 1.999999834942e-01
3.581507537688e-04 1.262000000945e-01 3.581507537688e-04 1.066022594885e-01 3.581507537688e-04 2.889999482394e-01 3.581507537688e-04 2.814884918222e-01 3.581507537688e-04 1.999999872564e-01
3.605226130653e-04 1.262000000626e-01 3.605226130653e-04 1.066018668448e-01 3.605226130653e-04 2.889999603969e-01 3.605226130653e-04 2.814902960813e-01 3.605226130653e-04 1.999999901611e-01
3.628944723618e-04 1.262000000415e-01 3.628944723618e-04 1.066015427949e-01 3.628944723618e-04 2.889999696981e-01 3.628944723618e-04 2.814918174919e-01 3.628944723618e-04 1.999999924037e-01
3.652663316583e-04 1.262000000275e-01 3.652663316583e-04 1.066012752763e-01 3.652663316583e-04 2.889999768143e-01 3.652663316583e-04 2.814931003884e-01 3.652663316583e-04 1.999999941352e-01
3.676381909548e-04 1.262000000182e-01 3.676381909548e-04 1.066010543652e-01 3.676381909548e-04 2.889999822590e-01 3.676381909548e-04 2.814941821580e-01 3.676381909548e-04 1.999999954720e-01
3.700100502513e-04 1.262000000120e-01 3.700100502513e-04 1.066008718931e-01 3.700100502513e-04 2.889999864248e-01 3.700100502513e-04 2.814950943290e-01 3.700100502513e-04 1.999999965040e-01
3.723819095477e-04 1.262000000080e-01 3.723819095477e-04 1.066007211340e-01 3.723819095477e-04 2.889999896122e-01 3.723819095477e-04 2.814958634883e-01 3.723819095477e-04 1.999999973009e-01
3.747537688442e-04 1.262000000053e-01 3.747537688442e-04 1.066005965468e-01 3.747537688442e-04 2.889999920511e-01 3.747537688442e-04 2.814965120557e-01 3.747537688442e-04 1.999999979161e-01
3.771256281407e-04 1.262000000035e-01 3.771256281407e-04 1.066004935651e-01 3.771256281407e-04 2.889999939173e-01 3.771256281407e-04 2.814970589368e-01 3.771256281407e-04 1.999999983911e-01
3.794974874372e-04 1.262000000023e-01 3.794974874372e-04 1.066004084242e-01 3.794974874372e-04 2.889999953452e-01 3.794974874372e-04 2.814975200737e-01 3.794974874372e-04 1.999999987578e-01
3.818693467337e-04 1.262000000015e-01 3.818693467337e-04 1.066003380195e-01 3.818693467337e-04 2.889999964379e-01 3.818693467337e-04 2.814979089093e-01 3.818693467337e-04 1.999999990410e-01
3.842412060302e-04 1.262000000010e-01 3.842412060302e-04 1.066002797896e-01 3.842412060302e-04 2.889999972741e-01 3.842412060302e-04 2.814982367793e-01 3.842412060302e-04 1.999999992595e-01
3.866130653266e-04 1.262000000007e-01 3.866130653266e-04 1.066002316206e-01 3.866130653266e-04 2.889999979139e-01 3.866130653266e-04 2.814985132422e-01 3.866130653266e-04 1.999999994283e-01
3.889849246231e-04 1.262000000004e-01 3.889849246231e-04 1.066001917676e-01 3.889849246231e-04 2.889999984036e-01 3.889849246231e-04 2.814987463578e-01 3.889849246231e-04 1.999999995586e-01
3.913567839196e-04 1.262000000003e-01 3.913567839196e-04 1.066001587899e-01 3.913567839196e-04 2.889999987783e-01 3.913567839196e-04 2.814989429226e-01 3.913567839196e-04 1.999999996592e-01
3.937286432161e-04 1.262000000002e-01 3.937286432161e-04 1.066001314973e-01 3.937286432161e-04 2.889999990650e-01 3.937286432161e-04 2.814991086673e-01 3.937286432161e-04 1.999999997369e-01
3.961005025126e-04 1.262000000001e-01 3.961005025126e-04 1.066001089066e-01 3.961005025126e-04 2.889999992844e-01 3.961005025126e-04 2.814992484242e-01 3.961005025126e-04 1.999999997969e-01
3.984723618090e-04 1.262000000001e-01 3.984723618090e-04 1.066000902054e-01 3.984723618090e-04 2.889999994524e-01 3.984723618090e-04 2.814993662680e-01 3.984723618090e-04 1.999999998432e-01
4.008442211055e-04 1.262000000001e-01 4.008442211055e-04 1.066000747222e-01 4.008442211055e-04 2.889999995809e-01 4.008442211055e-04 2.814994656346e-01 4.008442211055e-04 1.999999998789e-01
4.032160804020e-04 1.262000000000e-01 4.032160804020e-04 1.066000619017e-01 4.032160804020e-04 2.889999996792e-01 4.032160804020e-04 2.814995494209e-01 4.032160804020e-04 1.999999999065e-01
4.055879396985e-04 1.262000000000e-01 4.055879396985e-04 1.066000512848e-01 4.055879396985e-04 2.889999997545e-01 4.055879396985e-04 2.814996200699e-01 4.055879396985e-04 1.999999999278e-01
4.079597989950e-04 1.262000000000e-01 4.079597989950e-04 1.066000424920e-01 4.079597989950e-04 2.889999998121e-01 4.079597989950e-04 2.814996796415e-01 4.079597989950e-04 1.999999999443e-01
4.103316582915e-04 1.262000000000e-01 4.103316582915e-04 1.066000352092e-01 4.103316582915e-04 2.889999998562e-01 4.103316582915e-04 2.814997298725e-01 4.103316582915e-04 1.999999999570e-01
4.127035175879e-04 1.262000000000e-01 4.127035175879e-04 1.066000291764e-01 4.127035175879e-04 2.889999998899e-01 4.127035175879e-04 2.814997722275e-01 4.127035175879e-04 1.999999999668e-01
4.150753768844e-04 1.262000000000e-01 4.150753768844e-04 1.066000241788e-01 4.150753768844e-04 2.889999999158e-01 4.150753768844e-04 2.814998079414e-01 4.150753768844e-04 1.999999999744e-01
4.174472361809e-04 1.262000000000e-01 4.174472361809e-04 1.066000200383e-01 4.174472361809e-04 2.889999999355e-01 4.174472361809e-04 2.814998380555e-01 4.174472361809e-04 1.999999999802e-01
4.198190954774e-04 1.262000000000e-01 4.198190954774e-04 1.066000166078e-01 4.198190954774e-04 2.889999999507e-01 4.198190954774e-04 2.814998634479e-01 4.198190954774e-04 1.999999999847e-01
4.221909547739e-04 1.262000000000e-01 4.221909547739e-04 1.066000137652e-01 4.221909547739e-04 2.889999999622e-01 4.221909547739e-04 2.814998848588e-01 4.221909547739e-04 1.999999999882e-01
4.245628140704e-04 1.262000000000e-01 4.245628140704e-04 1.066000114097e-01 4.245628140704e-04 2.889999999711e-01 4.245628140704e-04 2.814999029125e-01 4.245628140704e-04 1.999999999909e-01
4.269346733668e-04 1.262000000000e-01 4.269346733668e-04 1.066000094577e-01 4.269346733668e-04 2.889999999779e-01 4.269346733668e-04 2.814999181355e-01 4.269346733668e-04 1.999999999930e-01
4.293065326633e-04 1.262000000000e-01 4.293065326633e-04 1.066000078400e-01 4.293065326633e-04 2.889999999831e-01 4.293065326633e-04 2.814999309716e-01 4.293065326633e-04 1.999999999946e-01
4.316783919598e-04 1.262000000000e-01 4.316783919598e-04 1.066000064992e-01 4.316783919598e-04 2.889999999870e-01 4.316783919598e-04 2.814999417950e-01 4.316783919598e-04 1.999999999958e-01
4.340502512563e-04 1.262000000000e-01 4.340502512563e-04 1.066000053879e-01 4.340502512563e-04 2.889999999901e-01 4.340502512563e-04 2.814999509214e-01 4.340502512563e-04 1.999999999968e-01
4.364221105528e-04 1.262000000000e-01 4.364221105528e-04 1.066000044668e-01 4.364221105528e-04 2.889999999924e-01 4.364221105528e-04 2.814999586167e-01 4.364221105528e-04 1.999999999975e-01
4.387939698492e-04 1.262000000000e-01 4.387939698492e-04 1.066000037033e-01 4.387939698492e-04 2.889999999942e-01 4.387939698492e-04 2.814999651055e-01 4.387939698492e-04 1.999999999981e-01
4.411658291457e-04 1.262000000000e-01 4.411658291457e-04 1.066000030704e-01 4.411658291457e-04 2.889999999956e-01 4.411658291457e-04 2.814999705768e-01 4.411658291457e-04 1.999999999985e-01
4.435376884422e-04 1.262000000000e-01 4.435376884422e-04 1.066000025457e-01 4.435376884422e-04 2.889999999966e-01 4.435376884422e-04 2.814999751903e-01 4.435376884422e-04 1.999999999988e-01
4.459095477387e-04 1.262000000000e-01 4.459095477387e-04 1.066000021107e-01 4.459095477387e-04 2.889999999974e-01 4.459095477387e-04 2.814999790804e-01 4.459095477387e-04 1.999999999991e-01
4.482814070352e-04 1.262000000000e-01 4.482814070352e-04 1.066000017501e-01 4.482814070352e-04 2.889999999980e-01 4.482814070352e-04 2.814999823605e-01 4.482814070352e-04 1.999999999993e-01
4.506532663317e-04 1.262000000000e-01 4.506532663317e-04 1.066000014512e-01 4.506532663317e-04 2.889999999985e-01 4.506532663317e-04 2.814999851263e-01 4.506532663317e-04 1.999999999995e-01
4.530251256281e-04 1.262000000000e-01 4.530251256281e-04 1.066000012033e-01 4.530251256281e-04 2.889999999988e-01 4.530251256281e-04 2.814999874585e-01 4.530251256281e-04 1.999999999996e-01
4.553969849246e-04 1.262000000000e-01 4.553969849246e-04 1.066000009978e-01 4.553969849246e-04 2.889999999991e-01 4.553969849246e-04 2.814999894249e-01 4.553969849246e-04 1.999999999997e-01
4.577688442211e-04 1.262000000000e-01 4.577688442211e-04 1.066000008274e-01 4.577688442211e-04 2.889999999993e-01 4.577688442211e-04 2.814999910831e-01 4.577688442211e-04 1.999999999998e-01
4.601407035176e-04 1.262000000000e-01 4.601407035176e-04 1.066000006861e-01 4.601407035176e-04 2.889999999995e-01 4.601407035176e-04 2.814999924812e-01 4.601407035176e-04 1.999999999998e-01
4.625125628141e-04 1.262000000000e-01 4.625125628141e-04 1.066000005690e-01 4.625125628141e-04 2.889999999996e-01 4.625125628141e-04 2.814999936601e-01 4.625125628141e-04 1.999999999999e-01
4.648844221106e-04 1.262000000000e-01 4.648844221106e-04 1.066000004718e-01 4.648844221106e-04 2.889999999997e-01 4.648844221106e-04 2.814999946542e-01 4.648844221106e-04 1.999999999999e-01
4.672562814070e-04 1.262000000000e-01 4.672562814070e-04 1.066000003913e-01 4.672562814070e-04 2.889999999998e-01 4.672562814070e-04 2.814999954924e-01 4.672562814070e-04 1.999999999999e-01
4.696281407035e-04 1.262000000000e-01 4.696281407035e-04 1.066000003245e-01 4.696281407035e-04 2.889999999998e-01 4.696281407035e-04 2.814999961992e-01 4.696281407035e-04 1.999999999999e-01
4.720000000000e-04 1.262000000000e-01 4.720000000000e-04 1.066000002691e-01 4.720000000000e-04 2.889999999999e-01 4.720000000000e-04 2.814999967951e-01 4.720000000000e-04 1.999999999999e-01
