0.000000000000e+00 3.182999987157e-01 0.000000000000e+00 3.102997233301e-01 0.000000000000e+00 1.881002147228e-01 0.000000000000e+00 1.832000104238e-01
2.080402010050e-06 3.182999984479e-01 2.080402010050e-06 3.102996847141e-01 2.080402010050e-06 1.881002449265e-01 2.080402010050e-06 1.832000123321e-01
4.160804020101e-06 3.182999981243e-01 4.160804020101e-06 3.102996407046e-01 4.160804020101e-06 1.881002793821e-01 4.160804020101e-06 1.832000145897e-01
6.241206030151e-06 3.182999977333e-01 6.241206030151e-06 3.102995905477e-01 6.241206030151e-06 1.881003186886e-01 6.241206030151e-06 1.832000172606e-01
8.321608040201e-06 3.182999972608e-01 8.321608040201e-06 3.102995333841e-01 8.321608040201e-06 1.881003635294e-01 8.321608040201e-06 1.832000204205e-01
1.040201005025e-05 3.182999966897e-01 1.040201005025e-05 3.102994682340e-01 1.040201005025e-05 1.881004146848e-01 1.040201005025e-05 1.832000241588e-01
1.248241206030e-05 3.182999959996e-01 1.248241206030e-05 3.102993939809e-01 1.248241206030e-05 1.881004730446e-01 1.248241206030e-05 1.832000285816e-01
1.456281407035e-05 3.182999951657e-01 1.456281407035e-05 3.102993093517e-01 1.456281407035e-05 1.881005396245e-01 1.456281407035e-05 1.832000338140e-01
1.664321608040e-05 3.182999941578e-01 1.664321608040e-05 3.102992128953e-01 1.664321608040e-05 1.881006155836e-01 1.664321608040e-05 1.832000400043e-01
1.872361809045e-05 3.182999929399e-01 1.872361809045e-05 3.102991029574e-01 1.872361809045e-05 1.881007022445e-01 1.872361809045e-05 1.832000473278e-01
2.080402010050e-05 3.182999914681e-01 2.080402010050e-05 3.102989776520e-01 2.080402010050e-05 1.881008011164e-01 2.080402010050e-05 1.832000559921e-01
2.288442211055e-05 3.182999896894e-01 2.288442211055e-05 3.102988348293e-01 2.288442211055e-05 1.881009139218e-01 2.288442211055e-05 1.832000662425e-01
2.496482412060e-05 3.182999875399e-01 2.496482412060e-05 3.102986720380e-01 2.496482412060e-05 1.881010426266e-01 2.496482412060e-05 1.832000783694e-01
2.704522613065e-05 3.182999849423e-01 2.704522613065e-05 3.102984864839e-01 2.704522613065e-05 1.881011894741e-01 2.704522613065e-05 1.832000927164e-01
2.912562814070e-05 3.182999818032e-01 2.912562814070e-05 3.102982749811e-01 2.912562814070e-05 1.881013570247e-01 2.912562814070e-05 1.832001096899e-01
3.120603015075e-05 3.182999780097e-01 3.120603015075e-05 3.102980338976e-01 3.120603015075e-05 1.881015482007e-01 3.120603015075e-05 1.832001297707e-01
3.328643216080e-05 3.182999734254e-01 3.328643216080e-05 3.102977590924e-01 3.328643216080e-05 1.881017663372e-01 3.328643216080e-05 1.832001535276e-01
3.536683417085e-05 3.182999678853e-01 3.536683417085e-05 3.102974458441e-01 3.536683417085e-05 1.881020152411e-01 3.536683417085e-05 1.832001816337e-01
3.744723618090e-05 3.182999611903e-01 3.744723618090e-05 3.102970887699e-01 3.744723618090e-05 1.881022992571e-01 3.744723618090e-05 1.832002148851e-01
3.952763819095e-05 3.182999530995e-01 3.952763819095e-05 3.102966817324e-01 3.952763819095e-05 1.881026233449e-01 3.952763819095e-05 1.832002542238e-01
4.160804020101e-05 3.182999433221e-01 4.160804020101e-05 3.102962177337e-01 4.160804020101e-05 1.881029931652e-01 4.160804020101e-05 1.832003007641e-01
4.368844221106e-05 3.182999315064e-01 4.368844221106e-05 3.102956887951e-01 4.368844221106e-05 1.881034151798e-01 4.368844221106e-05 1.832003558243e-01
4.576884422111e-05 3.182999172273e-01 4.576884422111e-05 3.102950858190e-01 4.576884422111e-05 1.881038967648e-01 4.576884422111e-05 1.832004209643e-01
4.784924623116e-05 3.182998999716e-01 4.784924623116e-05 3.102943984322e-01 4.784924623116e-05 1.881044463402e-01 4.784924623116e-05 1.832004980293e-01
4.992964824121e-05 3.182998791185e-01 4.992964824121e-05 3.102936148067e-01 4.992964824121e-05 1.881050735178e-01 4.992964824121e-05 1.832005892022e-01
5.201005025126e-05 3.182998539181e-01 5.201005025126e-05 3.102927214555e-01 5.201005025126e-05 1.881057892703e-01 5.201005025126e-05 1.832006970657e-01
5.409045226131e-05 3.182998234642e-01 5.409045226131e-05 3.102917030002e-01 5.409045226131e-05 1.881066061242e-01 5.409045226131e-05 1.832008246752e-01
5.617085427136e-05 3.182997866615e-01 5.617085427136e-05 3.102905419049e-01 5.617085427136e-05 1.881075383799e-01 5.617085427136e-05 1.832009756454e-01
5.825125628141e-05 3.182997421865e-01 5.825125628141e-05 3.102892181737e-01 5.825125628141e-05 1.881086023636e-01 5.825125628141e-05 1.832011542527e-01
6.033165829146e-05 3.182996884398e-01 6.033165829146e-05 3.102877090057e-01 6.033165829146e-05 1.881098167146e-01 6.033165829146e-05 1.832013655561e-01
6.241206030151e-05 3.182996234885e-01 6.241206030151e-05 3.102859884010e-01 6.241206030151e-05 1.881112027130e-01 6.241206030151e-05 1.832016155407e-01
6.449246231156e-05 3.182995449969e-01 6.449246231156e-05 3.102840267123e-01 6.449246231156e-05 1.881127846548e-01 6.449246231156e-05 1.832019112873e-01
6.657286432161e-05 3.182994501422e-01 6.657286432161e-05 3.102817901326e-01 6.657286432161e-05 1.881145902794e-01 6.657286432161e-05 1.832022611723e-01
6.865326633166e-05 3.182993355134e-01 6.865326633166e-05 3.102792401127e-01 6.865326633166e-05 1.881166512581e-01 6.865326633166e-05 1.832026751054e-01
7.073366834171e-05 3.182991969881e-01 7.073366834171e-05 3.102763326955e-01 7.073366834171e-05 1.881190037518e-01 7.073366834171e-05 1.832031648099e-01
7.281407035176e-05 3.182990295850e-01 7.281407035176e-05 3.102730177581e-01 7.281407035176e-05 1.881216890478e-01 7.281407035176e-05 1.832037441542e-01
7.489447236181e-05 3.182988272842e-01 7.489447236181e-05 3.102692381487e-01 7.489447236181e-05 1.881247542865e-01 7.489447236181e-05 1.832044295447e-01
7.697487437186e-05 3.182985828109e-01 7.697487437186e-05 3.102649287013e-01 7.697487437186e-05 1.881282532912e-01 7.697487437186e-05 1.832052403897e-01
7.905527638191e-05 3.182982873744e-01 7.905527638191e-05 3.102600151147e-01 7.905527638191e-05 1.881322475155e-01 7.905527638191e-05 1.832061996483e-01
8.113567839196e-05 3.182979303512e-01 8.113567839196e-05 3.102544126751e-01 8.113567839196e-05 1.881368071237e-01 8.113567839196e-05 1.832073344796e-01
8.321608040201e-05 3.182974989040e-01 8.321608040201e-05 3.102480248006e-01 8.321608040201e-05 1.881420122242e-01 8.321608040201e-05 1.832086770104e-01
8.529648241206e-05 3.182969775198e-01 8.529648241206e-05 3.102407413850e-01 8.529648241206e-05 1.881479542768e-01 8.529648241206e-05 1.832102652429e-01
8.737688442211e-05 3.182963474532e-01 8.737688442211e-05 3.102324369118e-01 8.737688442211e-05 1.881547376974e-01 8.737688442211e-05 1.832121441277e-01
8.945728643216e-05 3.182955860519e-01 8.945728643216e-05 3.102229683087e-01 8.945728643216e-05 1.881624816878e-01 8.945728643216e-05 1.832143668330e-01
9.153768844221e-05 3.182946659444e-01 9.153768844221e-05 3.102121725069e-01 9.153768844221e-05 1.881713223225e-01 9.153768844221e-05 1.832169962433e-01
9.361809045226e-05 3.182935540560e-01 9.361809045226e-05 3.101998636662e-01 9.361809045226e-05 1.881814149257e-01 9.361809045226e-05 1.832201067325e-01
9.569849246231e-05 3.182922104224e-01 9.569849246231e-05 3.101858300219e-01 9.569849246231e-05 1.881929367800e-01 9.569849246231e-05 1.832237862575e-01
9.777889447236e-05 3.182905867556e-01 9.777889447236e-05 3.101698303038e-01 9.777889447236e-05 1.882060902097e-01 9.777889447236e-05 1.832281388318e-01
9.985929648241e-05 3.182886247121e-01 9.985929648241e-05 3.101515896716e-01 9.985929648241e-05 1.882211060902e-01 9.985929648241e-05 1.832332874471e-01
1.019396984925e-04 3.182862538018e-01 1.019396984925e-04 3.101307951066e-01 1.019396984925e-04 1.882382478391e-01 1.019396984925e-04 1.832393775220e-01
1.040201005025e-04 3.182833888634e-01 1.040201005025e-04 3.101070901893e-01 1.040201005025e-04 1.882578159518e-01 1.040201005025e-04 1.832465809723e-01
1.061005025126e-04 3.182799270169e-01 1.061005025126e-04 3.100800691895e-01 1.061005025126e-04 1.882801531522e-01 1.061005025126e-04 1.832551010118e-01
1.081809045226e-04 3.182757439862e-01 1.081809045226e-04 3.100492703836e-01 1.081809045226e-04 1.883056502350e-01 1.081809045226e-04 1.832651778133e-01
1.102613065327e-04 3.182706896622e-01 1.102613065327e-04 3.100141685123e-01 1.102613065327e-04 1.883347526879e-01 1.102613065327e-04 1.832770951770e-01
1.123417085427e-04 3.182645827515e-01 1.123417085427e-04 3.099741662771e-01 1.123417085427e-04 1.883679681842e-01 1.123417085427e-04 1.832911883816e-01
1.144221105528e-04 3.182572043264e-01 1.144221105528e-04 3.099285847734e-01 1.144221105528e-04 1.884058750520e-01 1.144221105528e-04 1.833078534195e-01
1.165025125628e-04 3.182482900528e-01 1.165025125628e-04 3.098766527496e-01 1.165025125628e-04 1.884491318276e-01 1.165025125628e-04 1.833275578462e-01
1.185829145729e-04 3.182375208320e-01 1.185829145729e-04 3.098174945758e-01 1.185829145729e-04 1.884984880125e-01 1.185829145729e-04 1.833508535122e-01
1.206633165829e-04 3.182245115404e-01 1.206633165829e-04 3.097501168069e-01 1.206633165829e-04 1.885547961580e-01 1.206633165829e-04 1.833783914792e-01
1.227437185930e-04 3.182087974954e-01 1.227437185930e-04 3.096733932236e-01 1.227437185930e-04 1.886190254043e-01 1.227437185930e-04 1.834109394629e-01
1.248241206030e-04 3.181898182032e-01 1.248241206030e-04 3.095860482437e-01 1.248241206030e-04 1.886922766034e-01 1.248241206030e-04 1.834494021868e-01
1.269045226131e-04 3.181668978723e-01 1.269045226131e-04 3.094866386081e-01 1.269045226131e-04 1.887757991500e-01 1.269045226131e-04 1.834948450686e-01
1.289849246231e-04 3.181392220880e-01 1.289849246231e-04 3.093735332690e-01 1.289849246231e-04 1.888710096352e-01 1.289849246231e-04 1.835485216957e-01
1.310653266332e-04 3.181058099461e-01 1.310653266332e-04 3.092448914423e-01 1.310653266332e-04 1.889795124168e-01 1.310653266332e-04 1.836119055752e-01
1.331457286432e-04 3.180654808498e-01 1.331457286432e-04 3.090986388358e-01 1.331457286432e-04 1.891031221726e-01 1.331457286432e-04 1.836867266492e-01
1.352261306533e-04 3.180168150645e-01 1.352261306533e-04 3.089324421334e-01 1.352261306533e-04 1.892438884539e-01 1.352261306533e-04 1.837750130503e-01
1.373065326633e-04 3.179581070383e-01 1.373065326633e-04 3.087436819093e-01 1.373065326633e-04 1.894041221957e-01 1.373065326633e-04 1.838791385137e-01
1.393869346734e-04 3.178873104176e-01 1.393869346734e-04 3.085294242677e-01 1.393869346734e-04 1.895864240482e-01 1.393869346734e-04 1.840018757413e-01
1.414673366834e-04 3.178019736576e-01 1.414673366834e-04 3.082863916597e-01 1.414673366834e-04 1.897937142798e-01 1.414673366834e-04 1.841464558068e-01
1.435477386935e-04 3.176991651690e-01 1.435477386935e-04 3.080109335251e-01 1.435477386935e-04 1.900292638477e-01 1.435477386935e-04 1.843166333636e-01
1.456281407035e-04 3.175753870981e-01 1.456281407035e-04 3.076989976490e-01 1.456281407035e-04 1.902967260401e-01 1.456281407035e-04 1.845167569224e-01
1.477085427136e-04 3.174264771837e-01 1.477085427136e-04 3.073461034093e-01 1.477085427136e-04 1.906001678553e-01 1.477085427136e-04 1.847518427621e-01
1.497889447236e-04 3.172474987413e-01 1.497889447236e-04 3.069473184274e-01 1.497889447236e-04 1.909440999939e-01 1.497889447236e-04 1.850276500496e-01
1.518693467337e-04 3.170326198330e-01 1.518693467337e-04 3.064972405124e-01 1.518693467337e-04 1.913335040029e-01 1.518693467337e-04 1.853507534227e-01
1.539497487437e-04 3.167749842183e-01 1.539497487437e-04 3.059899871976e-01 1.539497487437e-04 1.917738547240e-01 1.539497487437e-04 1.857286075738e-01
1.560301507538e-04 3.164665789487e-01 1.560301507538e-04 3.054191955814e-01 1.560301507538e-04 1.922711357791e-01 1.560301507538e-04 1.861695962191e-01
1.581105527638e-04 3.160981066534e-01 1.581105527638e-04 3.047780355736e-01 1.581105527638e-04 1.928318453888e-01 1.581105527638e-04 1.866830552736e-01
1.601909547739e-04 3.156588748676e-01 1.601909547739e-04 3.040592399566e-01 1.601909547739e-04 1.934629894082e-01 1.601909547739e-04 1.872792571813e-01
1.622713567839e-04 3.151367202800e-01 1.622713567839e-04 3.032551548272e-01 1.622713567839e-04 1.941720581154e-01 1.622713567839e-04 1.879693404154e-01
1.643517587940e-04 3.145179924731e-01 1.643517587940e-04 3.023578139063e-01 1.643517587940e-04 1.949669830849e-01 1.643517587940e-04 1.887651656559e-01
1.664321608040e-04 3.137876291699e-01 1.664321608040e-04 3.013590397890e-01 1.664321608040e-04 1.958560704942e-01 1.664321608040e-04 1.896790788167e-01
1.685125628141e-04 3.129293621847e-01 1.685125628141e-04 3.002505743467e-01 1.685125628141e-04 1.968479075543e-01 1.685125628141e-04 1.907235620446e-01
1.705929648241e-04 3.119260983335e-01 1.705929648241e-04 2.990242391008e-01 1.705929648241e-04 1.979512395196e-01 1.705929648241e-04 1.919107584833e-01
1.726733668342e-04 3.107605194884e-01 1.726733668342e-04 2.976721244133e-01 1.726733668342e-04 1.991748160135e-01 1.726733668342e-04 1.932518666134e-01
1.747537688442e-04 3.094159365960e-01 1.747537688442e-04 2.961868037968e-01 1.747537688442e-04 2.005272072348e-01 1.747537688442e-04 1.947564168576e-01
1.768341708543e-04 3.078774088621e-01 1.768341708543e-04 2.945615666816e-01 1.768341708543e-04 2.020165929716e-01 1.768341708543e-04 1.964314676744e-01
1.789145728643e-04 3.061330969276e-01 1.789145728643e-04 2.927906598494e-01 1.789145728643e-04 2.036505300762e-01 1.789145728643e-04 1.982807898757e-01
1.809949748744e-04 3.041757558819e-01 1.809949748744e-04 2.908695249052e-01 1.809949748744e-04 2.054357068746e-01 1.809949748744e-04 2.003041434055e-01
1.830753768844e-04 3.020041943687e-01 1.830753768844e-04 2.887950171601e-01 1.830753768844e-04 2.073776954388e-01 1.830753768844e-04 2.024967844805e-01
1.851557788945e-04 2.996244426587e-01 1.851557788945e-04 2.865655908076e-01 1.851557788945e-04 2.094807141732e-01 1.851557788945e-04 2.048493644595e-01
1.872361809045e-04 2.970503079685e-01 1.872361809045e-04 2.841814368568e-01 1.872361809045e-04 2.117474131629e-01 1.872361809045e-04 2.073483856843e-01
1.893165829146e-04 2.943029781680e-01 1.893165829146e-04 2.816445643189e-01 1.893165829146e-04 2.141786926833e-01 1.893165829146e-04 2.099773560834e-01
1.913969849246e-04 2.914093906186e-01 1.913969849246e-04 2.789588215414e-01 1.913969849246e-04 2.167735610233e-01 1.913969849246e-04 2.127187304370e-01
1.934773869347e-04 2.883992202228e-01 1.934773869347e-04 2.761298627170e-01 1.934773869347e-04 2.195290316251e-01 1.934773869347e-04 2.155566448139e-01
1.955577889447e-04 2.853005433046e-01 1.955577889447e-04 2.731650731637e-01 1.955577889447e-04 2.224400525186e-01 1.955577889447e-04 2.184803485452e-01
1.976381909548e-04 2.821344633747e-01 1.976381909548e-04 2.700734741801e-01 1.976381909548e-04 2.254994547591e-01 1.976381909548e-04 2.214881186568e-01
1.997185929648e-04 2.789092029343e-01 1.997185929648e-04 2.668656320868e-01 1.997185929648e-04 2.286979031813e-01 1.997185929648e-04 2.245912944802e-01
2.017989949749e-04 2.756143678926e-01 2.017989949749e-04 2.635535947149e-01 2.017989949749e-04 2.320238343145e-01 2.017989949749e-04 2.278178621685e-01
2.038793969849e-04 2.722163338625e-01 2.038793969849e-04 2.601508711376e-01 2.038793969849e-04 2.354633741279e-01 2.038793969849e-04 2.312146987745e-01
2.059597989950e-04 2.686560920712e-01 2.059597989950e-04 2.566724572183e-01 2.059597989950e-04 2.390002423058e-01 2.059597989950e-04 2.348471199575e-01
2.080402010050e-04 2.648514972496e-01 2.080402010050e-04 2.531348925048e-01 2.080402010050e-04 2.426156679351e-01 2.080402010050e-04 2.387938414474e-01
2.101206030151e-04 2.607065198498e-01 2.101206030151e-04 2.495563165210e-01 2.101206030151e-04 2.462883597297e-01 2.101206030151e-04 2.431352082991e-01
2.122010050251e-04 2.561301350585e-01 2.122010050251e-04 2.459564788965e-01 2.122010050251e-04 2.499945866994e-01 2.122010050251e-04 2.479333250423e-01
2.142814070352e-04 2.510655163234e-01 2.142814070352e-04 2.423566522706e-01 2.142814070352e-04 2.537084269395e-01 2.142814070352e-04 2.532055333585e-01
2.163618090452e-04 2.455248492902e-01 2.163618090452e-04 2.387794025020e-01 2.163618090452e-04 2.574022291966e-01 2.163618090452e-04 2.588978207567e-01
2.184422110553e-04 2.396171133590e-01 2.184422110553e-04 2.352481880364e-01 2.184422110553e-04 2.610473038663e-01 2.184422110553e-04 2.648700923828e-01
2.205226130653e-04 2.335511040773e-01 2.205226130653e-04 2.317867869989e-01 2.205226130653e-04 2.646148214000e-01 2.205226130653e-04 2.709057136988e-01
2.226030150754e-04 2.276021796412e-01 2.226030150754e-04 2.284185815621e-01 2.226030150754e-04 2.680768550416e-01 2.226030150754e-04 2.767488940167e-01
2.246834170854e-04 2.220503145305e-01 2.246834170854e-04 2.251657576320e-01 2.246834170854e-04 2.714074714972e-01 2.246834170854e-04 2.821582743588e-01
2.267638190955e-04 2.171160088001e-01 2.267638190955e-04 2.220484972871e-01 2.267638190955e-04 2.745837564083e-01 2.267638190955e-04 2.869548108353e-01
2.288442211055e-04 2.129219636485e-01 2.288442211055e-04 2.190842471610e-01 2.288442211055e-04 2.775866659589e-01 2.288442211055e-04 2.910458684935e-01
2.309246231156e-04 2.094908580806e-01 2.309246231156e-04 2.162871369592e-01 2.309246231156e-04 2.804016204386e-01 2.309246231156e-04 2.944218307458e-01
2.330050251256e-04 2.067695522523e-01 2.330050251256e-04 2.136676010152e-01 2.330050251256e-04 2.830187937470e-01 2.330050251256e-04 2.971344552878e-01
2.350854271357e-04 2.046621429852e-01 2.350854271357e-04 2.112322274302e-01 2.350854271357e-04 2.854330953972e-01 2.350854271357e-04 2.992700089709e-01
2.371658291457e-04 2.030584963652e-01 2.371658291457e-04 2.089838301080e-01 2.371658291457e-04 2.876438794371e-01 2.371658291457e-04 3.009264792444e-01
2.392462311558e-04 2.018529630580e-01 2.392462311558e-04 2.069217143756e-01 2.392462311558e-04 2.896544413614e-01 2.392462311558e-04 3.021984354909e-01
2.413266331658e-04 2.009538022866e-01 2.413266331658e-04 2.050420903841e-01 2.413266331658e-04 2.914713768958e-01 2.413266331658e-04 3.031691006330e-01
2.434070351759e-04 2.002861327942e-01 2.434070351759e-04 2.033385812360e-01 2.434070351759e-04 2.931038763834e-01 2.434070351759e-04 3.039075697563e-01
2.454874371859e-04 1.997912529141e-01 2.454874371859e-04 2.018027738284e-01 2.454874371859e-04 2.945630187311e-01 2.454874371859e-04 3.044690460892e-01
2.475678391960e-04 1.994243609873e-01 2.475678391960e-04 2.004247675095e-01 2.475678391960e-04 2.958611136536e-01 2.475678391960e-04 3.048965131021e-01
2.496482412060e-04 1.991518652346e-01 2.496482412060e-04 1.991936861363e-01 2.496482412060e-04 2.970111241916e-01 2.496482412060e-04 3.052228697324e-01
2.517286432161e-04 1.989488672709e-01 2.517286432161e-04 1.980981305750e-01 2.517286432161e-04 2.980261860346e-01 2.517286432161e-04 3.054730167018e-01
2.538090452261e-04 1.987970433706e-01 2.538090452261e-04 1.971265592963e-01 2.538090452261e-04 2.989192276962e-01 2.538090452261e-04 3.056656721197e-01
2.558894472362e-04 1.986829618454e-01 2.558894472362e-04 1.962675934399e-01 2.558894472362e-04 2.997026866485e-01 2.558894472362e-04 3.058148545379e-01
2.579698492462e-04 1.985967932979e-01 2.579698492462e-04 1.955102491300e-01 2.579698492462e-04 3.003883109663e-01 2.579698492462e-04 3.059310487915e-01
2.600502512563e-04 1.985313439494e-01 2.600502512563e-04 1.948441039855e-01 2.600502512563e-04 3.009870332682e-01 2.600502512563e-04 3.060221003990e-01
2.621306532663e-04 1.984813414844e-01 2.621306532663e-04 1.942594070118e-01 2.621306532663e-04 3.015089030600e-01 2.621306532663e-04 3.060938909598e-01
2.642110552764e-04 1.984429122785e-01 2.642110552764e-04 1.937471418412e-01 2.642110552764e-04 3.019630642631e-01 2.642110552764e-04 3.061508429960e-01
2.662914572864e-04 1.984132008798e-01 2.662914572864e-04 1.932990530427e-01 2.662914572864e-04 3.023577661885e-01 2.662914572864e-04 3.061962949057e-01
2.683718592965e-04 1.983900939118e-01 2.683718592965e-04 1.929076443558e-01 2.683718592965e-04 3.027003980383e-01 2.683718592965e-04 3.062327784264e-01
2.704522613065e-04 1.983720200179e-01 2.704522613065e-04 1.925661565095e-01 2.704522613065e-04 3.029975388956e-01 2.704522613065e-04 3.062622236066e-01
2.725326633166e-04 1.983578049082e-01 2.725326633166e-04 1.922685309916e-01 2.725326633166e-04 3.032550169248e-01 2.725326633166e-04 3.062861101990e-01
2.746130653266e-04 1.983465662244e-01 2.746130653266e-04 1.920093648738e-01 2.746130653266e-04 3.034779730396e-01 2.746130653266e-04 3.063055795872e-01
2.766934673367e-04 1.983376371422e-01 2.766934673367e-04 1.917838606547e-01 2.766934673367e-04 3.036709255886e-01 2.766934673367e-04 3.063215176990e-01
2.787738693467e-04 1.983305107132e-01 2.787738693467e-04 1.915877741004e-01 2.787738693467e-04 3.038378336458e-01 2.787738693467e-04 3.063346165938e-01
2.808542713568e-04 1.983247991868e-01 2.808542713568e-04 1.914173622452e-01 2.808542713568e-04 3.039821573045e-01 2.808542713568e-04 3.063454203681e-01
2.829346733668e-04 1.983202041681e-01 2.829346733668e-04 1.912693330563e-01 2.829346733668e-04 3.041069139915e-01 2.829346733668e-04 3.063543595124e-01
2.850150753769e-04 1.983164946334e-01 2.850150753769e-04 1.911407977549e-01 2.850150753769e-04 3.042147302740e-01 2.850150753769e-04 3.063617767432e-01
2.870954773869e-04 1.983134906577e-01 2.870954773869e-04 1.910292263922e-01 2.870954773869e-04 3.043078889579e-01 2.870954773869e-04 3.063679465247e-01
2.891758793970e-04 1.983110513089e-01 2.891758793970e-04 1.909324069902e-01 2.891758793970e-04 3.043883715020e-01 2.891758793970e-04 3.063730899043e-01
2.912562814070e-04 1.983090655932e-01 2.912562814070e-04 1.908484083444e-01 2.912562814070e-04 3.044578959260e-01 2.912562814070e-04 3.063773858526e-01
2.933366834171e-04 1.983074456434e-01 2.933366834171e-04 1.907755464418e-01 2.933366834171e-04 3.045179504791e-01 2.933366834171e-04 3.063809799857e-01
2.954170854271e-04 1.983061215643e-01 2.954170854271e-04 1.907123543473e-01 2.954170854271e-04 3.045698233935e-01 2.954170854271e-04 3.063839913171e-01
2.974974874372e-04 1.983050375089e-01 2.974974874372e-04 1.906575553521e-01 2.974974874372e-04 3.046146290666e-01 2.974974874372e-04 3.063865175173e-01
2.995778894472e-04 1.983041486715e-01 2.995778894472e-04 1.906100391408e-01 2.995778894472e-04 3.046533310210e-01 2.995778894472e-04 3.063886390393e-01
3.016582914573e-04 1.983034189715e-01 3.016582914573e-04 1.905688407203e-01 3.016582914573e-04 3.046867619802e-01 3.016582914573e-04 3.063904223737e-01
3.037386934673e-04 1.983028192562e-01 3.037386934673e-04 1.905331218517e-01 3.037386934673e-04 3.047156413800e-01 3.037386934673e-04 3.063919226347e-01
3.058190954774e-04 1.983023259000e-01 3.058190954774e-04 1.905021547307e-01 3.058190954774e-04 3.047405906131e-01 3.058190954774e-04 3.063931856260e-01
3.078994974874e-04 1.983019197050e-01 3.078994974874e-04 1.904753076795e-01 3.078994974874e-04 3.047621462775e-01 3.078994974874e-04 3.063942495012e-01
3.099798994975e-04 1.983015850337e-01 3.099798994975e-04 1.904520326246e-01 3.099798994975e-04 3.047807716731e-01 3.099798994975e-04 3.063951461059e-01
3.120603015075e-04 1.983013091228e-01 3.120603015075e-04 1.904318541575e-01 3.120603015075e-04 3.047968667684e-01 3.120603015075e-04 3.063959020672e-01
3.141407035176e-04 1.983010815348e-01 3.141407035176e-04 1.904143599899e-01 3.141407035176e-04 3.048107768303e-01 3.141407035176e-04 3.063965396829e-01
3.162211055276e-04 1.983008937210e-01 3.162211055276e-04 1.903991926368e-01 3.162211055276e-04 3.048227998922e-01 3.162211055276e-04 3.063970776503e-01
3.183015075377e-04 1.983007386698e-01 3.183015075377e-04 1.903860421759e-01 3.183015075377e-04 3.048331932109e-01 3.183015075377e-04 3.063975316653e-01
3.203819095477e-04 1.983006106230e-01 3.203819095477e-04 1.903746399498e-01 3.203819095477e-04 3.048421788468e-01 3.203819095477e-04 3.063979149175e-01
3.224623115578e-04 1.983005048468e-01 3.224623115578e-04 1.903647530917e-01 3.224623115578e-04 3.048499484845e-01 3.224623115578e-04 3.063982384996e-01
3.245427135678e-04 1.983004174464e-01 3.245427135678e-04 1.903561797707e-01 3.245427135678e-04 3.048566675955e-01 3.245427135678e-04 3.063985117476e-01
3.266231155779e-04 1.983003452140e-01 3.266231155779e-04 1.903487450634e-01 3.266231155779e-04 3.048624790311e-01 3.266231155779e-04 3.063987425241e-01
3.287035175879e-04 1.983002855066e-01 3.287035175879e-04 1.903422973706e-01 3.287035175879e-04 3.048675061235e-01 3.287035175879e-04 3.063989374543e-01
3.307839195980e-04 1.983002361446e-01 3.307839195980e-04 1.903367053094e-01 3.307839195980e-04 3.048718553623e-01 3.307839195980e-04 3.063991021232e-01
3.328643216080e-04 1.983001953301e-01 3.328643216080e-04 1.903318550176e-01 3.328643216080e-04 3.048756187028e-01 3.328643216080e-04 3.063992412410e-01
3.349447236181e-04 1.983001615791e-01 3.349447236181e-04 1.903276478160e-01 3.349447236181e-04 3.048788755583e-01 3.349447236181e-04 3.063993587810e-01
3.370251256281e-04 1.983001336665e-01 3.370251256281e-04 1.903239981823e-01 3.370251256281e-04 3.048816945178e-01 3.370251256281e-04 3.063994580966e-01
3.391055276382e-04 1.983001105805e-01 3.391055276382e-04 1.903208319950e-01 3.391055276382e-04 3.048841348289e-01 3.391055276382e-04 3.063995420179e-01
3.411859296482e-04 1.983000914850e-01 3.411859296482e-04 1.903180850115e-01 3.411859296482e-04 3.048862476758e-01 3.411859296482e-04 3.063996129344e-01
3.432663316583e-04 1.983000756893e-01 3.432663316583e-04 1.903157015490e-01 3.432663316583e-04 3.048880772826e-01 3.432663316583e-04 3.063996728637e-01
3.453467336683e-04 1.983000626226e-01 3.453467336683e-04 1.903136333418e-01 3.453467336683e-04 3.048896618647e-01 3.453467336683e-04 3.063997235099e-01
3.474271356784e-04 1.983000518128e-01 3.474271356784e-04 1.903118385513e-01 3.474271356784e-04 3.048910344497e-01 3.474271356784e-04 3.063997663120e-01
3.495075376884e-04 1.983000428698e-01 3.495075376884e-04 1.903102809082e-01 3.495075376884e-04 3.048922235855e-01 3.495075376884e-04 3.063998024859e-01
3.515879396985e-04 1.983000354709e-01 3.515879396985e-04 1.903089289694e-01 3.515879396985e-04 3.048932539517e-01 3.515879396985e-04 3.063998330586e-01
3.536683417085e-04 1.983000293494e-01 3.536683417085e-04 1.903077554737e-01 3.536683417085e-04 3.048941468866e-01 3.536683417085e-04 3.063998588979e-01
3.557487437186e-04 1.983000242847e-01 3.557487437186e-04 1.903067367848e-01 3.557487437186e-04 3.048949208421e-01 3.557487437186e-04 3.063998807369e-01
3.578291457286e-04 1.983000200942e-01 3.578291457286e-04 1.903058524073e-01 3.578291457286e-04 3.048955917769e-01 3.578291457286e-04 3.063998991952e-01
3.599095477387e-04 1.983000166269e-01 3.599095477387e-04 1.903050845685e-01 3.599095477387e-04 3.048961734952e-01 3.599095477387e-04 3.063999147963e-01
3.619899497487e-04 1.983000137580e-01 3.619899497487e-04 1.903044178554e-01 3.619899497487e-04 3.048966779394e-01 3.619899497487e-04 3.063999279825e-01
3.640703517588e-04 1.983000113842e-01 3.640703517588e-04 1.903038389004e-01 3.640703517588e-04 3.048971154429e-01 3.640703517588e-04 3.063999391279e-01
3.661507537688e-04 1.983000094200e-01 3.661507537688e-04 1.903033361094e-01 3.661507537688e-04 3.048974949481e-01 3.661507537688e-04 3.063999485482e-01
3.682311557789e-04 1.983000077948e-01 3.682311557789e-04 1.903028994252e-01 3.682311557789e-04 3.048978241949e-01 3.682311557789e-04 3.063999565105e-01
3.703115577889e-04 1.983000064499e-01 3.703115577889e-04 1.903025201234e-01 3.703115577889e-04 3.048981098836e-01 3.703115577889e-04 3.063999632406e-01
3.723919597990e-04 1.983000053372e-01 3.723919597990e-04 1.903021906352e-01 3.723919597990e-04 3.048983578150e-01 3.723919597990e-04 3.063999689291e-01
3.744723618090e-04 1.983000044164e-01 3.744723618090e-04 1.903019043937e-01 3.744723618090e-04 3.048985730126e-01 3.744723618090e-04 3.063999737373e-01
3.765527638191e-04 1.983000036545e-01 3.765527638191e-04 1.903016557010e-01 3.765527638191e-04 3.048987598268e-01 3.765527638191e-04 3.063999778014e-01
3.786331658291e-04 1.983000030240e-01 3.786331658291e-04 1.903014396125e-01 3.786331658291e-04 3.048989220260e-01 3.786331658291e-04 3.063999812365e-01
3.807135678392e-04 1.983000025023e-01 3.807135678392e-04 1.903012518374e-01 3.807135678392e-04 3.048990628751e-01 3.807135678392e-04 3.063999841401e-01
3.827939698492e-04 1.983000020706e-01 3.827939698492e-04 1.903010886513e-01 3.827939698492e-04 3.048991852029e-01 3.827939698492e-04 3.063999865943e-01
3.848743718593e-04 1.983000017134e-01 3.848743718593e-04 1.903009468220e-01 3.848743718593e-04 3.048992914610e-01 3.848743718593e-04 3.063999886688e-01
3.869547738693e-04 1.983000014178e-01 3.869547738693e-04 1.903008235435e-01 3.869547738693e-04 3.048993837741e-01 3.869547738693e-04 3.063999904222e-01
3.890351758794e-04 1.983000011732e-01 3.890351758794e-04 1.903007163798e-01 3.890351758794e-04 3.048994639844e-01 3.890351758794e-04 3.063999919043e-01
3.911155778894e-04 1.983000009708e-01 3.911155778894e-04 1.903006232164e-01 3.911155778894e-04 3.048995336890e-01 3.911155778894e-04 3.063999931571e-01
3.931959798995e-04 1.983000008033e-01 3.931959798995e-04 1.903005422168e-01 3.931959798995e-04 3.048995942727e-01 3.931959798995e-04 3.063999942160e-01
3.952763819095e-04 1.983000006648e-01 3.952763819095e-04 1.903004717867e-01 3.952763819095e-04 3.048996469368e-01 3.952763819095e-04 3.063999951110e-01
3.973567839196e-04 1.983000005501e-01 3.973567839196e-04 1.903004105415e-01 3.973567839196e-04 3.048996927231e-01 3.973567839196e-04 3.063999958675e-01
3.994371859296e-04 1.983000004552e-01 3.994371859296e-04 1.903003572786e-01 3.994371859296e-04 3.048997325357e-01 3.994371859296e-04 3.063999965070e-01
4.015175879397e-04 1.983000003767e-01 4.015175879397e-04 1.903003109535e-01 4.015175879397e-04 3.048997671588e-01 4.015175879397e-04 3.063999970475e-01
4.035979899497e-04 1.983000003117e-01 4.035979899497e-04 1.903002706589e-01 4.035979899497e-04 3.048997972732e-01 4.035979899497e-04 3.063999975044e-01
4.056783919598e-04 1.983000002579e-01 4.056783919598e-04 1.903002356067e-01 4.056783919598e-04 3.048998234696e-01 4.056783919598e-04 3.063999978906e-01
4.077587939698e-04 1.983000002134e-01 4.077587939698e-04 1.903002051121e-01 4.077587939698e-04 3.048998462611e-01 4.077587939698e-04 3.063999982170e-01
4.098391959799e-04 1.983000001766e-01 4.098391959799e-04 1.903001785802e-01 4.098391959799e-04 3.048998660928e-01 4.098391959799e-04 3.063999984929e-01
4.119195979899e-04 1.983000001461e-01 4.119195979899e-04 1.903001554940e-01 4.119195979899e-04 3.048998833516e-01 4.119195979899e-04 3.063999987261e-01
4.140000000000e-04 1.983000001209e-01 4.140000000000e-04 1.903001354041e-01 4.140000000000e-04 3.048998983732e-01 4.140000000000e-04 3.063999989232e-01
