0.000000000000e+00 3.186000000000e-01 0.000000000000e+00 1.801063459055e-01 0.000000000000e+00 3.095996647817e-01 0.000000000000e+00 1.917000000000e-01
2.407035175879e-06 3.186000000000e-01 2.407035175879e-06 1.801070103066e-01 2.407035175879e-06 3.095996189013e-01 2.407035175879e-06 1.917000000000e-01
4.814070351759e-06 3.186000000000e-01 4.814070351759e-06 1.801077442608e-01 4.814070351759e-06 3.095995667415e-01 4.814070351759e-06 1.917000000000e-01
7.221105527638e-06 3.186000000000e-01 7.221105527638e-06 1.801085550473e-01 7.221105527638e-06 3.095995074428e-01 7.221105527638e-06 1.917000000000e-01
9.628140703518e-06 3.186000000000e-01 9.628140703518e-06 1.801094507069e-01 9.628140703518e-06 3.095994400281e-01 9.628140703518e-06 1.917000000000e-01
1.203517587940e-05 3.186000000000e-01 1.203517587940e-05 1.801104401215e-01 1.203517587940e-05 3.095993633867e-01 1.203517587940e-05 1.917000000000e-01
1.444221105528e-05 3.186000000000e-01 1.444221105528e-05 1.801115331019e-01 1.444221105528e-05 3.095992762558e-01 1.444221105528e-05 1.917000000000e-01
1.684924623116e-05 3.186000000000e-01 1.684924623116e-05 1.801127404844e-01 1.684924623116e-05 3.095991771997e-01 1.684924623116e-05 1.917000000000e-01
1.925628140704e-05 3.186000000000e-01 1.925628140704e-05 1.801140742388e-01 1.925628140704e-05 3.095990645865e-01 1.925628140704e-05 1.917000000000e-01
2.166331658291e-05 3.186000000000e-01 2.166331658291e-05 1.801155475860e-01 2.166331658291e-05 3.095989365606e-01 2.166331658291e-05 1.917000000000e-01
2.407035175879e-05 3.186000000000e-01 2.407035175879e-05 1.801171751284e-01 2.407035175879e-05 3.095987910128e-01 2.407035175879e-05 1.917000000000e-01
2.647738693467e-05 3.186000000000e-01 2.647738693467e-05 1.801189729949e-01 2.647738693467e-05 3.095986255449e-01 2.647738693467e-05 1.917000000000e-01
2.888442211055e-05 3.186000000000e-01 2.888442211055e-05 1.801209589991e-01 2.888442211055e-05 3.095984374310e-01 2.888442211055e-05 1.917000000000e-01
3.129145728643e-05 3.186000000000e-01 3.129145728643e-05 1.801231528154e-01 3.129145728643e-05 3.095982235716e-01 3.129145728643e-05 1.917000000000e-01
3.369849246231e-05 3.186000000000e-01 3.369849246231e-05 1.801255761727e-01 3.369849246231e-05 3.095979804437e-01 3.369849246231e-05 1.917000000000e-01
3.610552763819e-05 3.186000000000e-01 3.610552763819e-05 1.801282530684e-01 3.610552763819e-05 3.095977040417e-01 3.610552763819e-05 1.917000000000e-01
3.851256281407e-05 3.186000000000e-01 3.851256281407e-05 1.801312100042e-01 3.851256281407e-05 3.095973898122e-01 3.851256281407e-05 1.917000000000e-01
4.091959798995e-05 3.186000000000e-01 4.091959798995e-05 1.801344762467e-01 4.091959798995e-05 3.095970325788e-01 4.091959798995e-05 1.917000000000e-01
4.332663316583e-05 3.186000000000e-01 4.332663316583e-05 1.801380841148e-01 4.332663316583e-05 3.095966264568e-01 4.332663316583e-05 1.917000000000e-01
4.573366834171e-05 3.186000000000e-01 4.573366834171e-05 1.801420692962e-01 4.573366834171e-05 3.095961647563e-01 4.573366834171e-05 1.917000000000e-01
4.814070351759e-05 3.186000000000e-01 4.814070351759e-05 1.801464711972e-01 4.814070351759e-05 3.095956398724e-01 4.814070351759e-05 1.917000000000e-01
5.054773869347e-05 3.186000000000e-01 5.054773869347e-05 1.801513333279e-01 5.054773869347e-05 3.095950431599e-01 5.054773869347e-05 1.917000000000e-01
5.295477386935e-05 3.186000000000e-01 5.295477386935e-05 1.801567037268e-01 5.295477386935e-05 3.095943647910e-01 5.295477386935e-05 1.917000000000e-01
5.536180904523e-05 3.186000000000e-01 5.536180904523e-05 1.801626354293e-01 5.536180904523e-05 3.095935935938e-01 5.536180904523e-05 1.917000000000e-01
5.776884422111e-05 3.186000000000e-01 5.776884422111e-05 1.801691869835e-01 5.776884422111e-05 3.095927168684e-01 5.776884422111e-05 1.917000000000e-01
6.017587939698e-05 3.186000000000e-01 6.017587939698e-05 1.801764230181e-01 6.017587939698e-05 3.095917201786e-01 6.017587939698e-05 1.917000000000e-01
6.258291457286e-05 3.186000000000e-01 6.258291457286e-05 1.801844148691e-01 6.258291457286e-05 3.095905871141e-01 6.258291457286e-05 1.917000000000e-01
6.498994974874e-05 3.186000000000e-01 6.498994974874e-05 1.801932412677e-01 6.498994974874e-05 3.095892990213e-01 6.498994974874e-05 1.917000000000e-01
6.739698492462e-05 3.186000000000e-01 6.739698492462e-05 1.802029890995e-01 6.739698492462e-05 3.095878346971e-01 6.739698492462e-05 1.917000000000e-01
6.980402010050e-05 3.186000000000e-01 6.980402010050e-05 1.802137542381e-01 6.980402010050e-05 3.095861700406e-01 6.980402010050e-05 1.917000000000e-01
7.221105527638e-05 3.186000000000e-01 7.221105527638e-05 1.802256424621e-01 7.221105527638e-05 3.095842776582e-01 7.221105527638e-05 1.917000000000e-01
7.461809045226e-05 3.186000000000e-01 7.461809045226e-05 1.802387704633e-01 7.461809045226e-05 3.095821264144e-01 7.461809045226e-05 1.917000000000e-01
7.702512562814e-05 3.186000000000e-01 7.702512562814e-05 1.802532669539e-01 7.702512562814e-05 3.095796809215e-01 7.702512562814e-05 1.917000000000e-01
7.943216080402e-05 3.186000000000e-01 7.943216080402e-05 1.802692738812e-01 7.943216080402e-05 3.095769009612e-01 7.943216080402e-05 1.917000000000e-01
8.183919597990e-05 3.186000000000e-01 8.183919597990e-05 1.802869477607e-01 8.183919597990e-05 3.095737408265e-01 8.183919597990e-05 1.917000000000e-01
8.424623115578e-05 3.186000000000e-01 8.424623115578e-05 1.803064611377e-01 8.424623115578e-05 3.095701485749e-01 8.424623115578e-05 1.917000000000e-01
8.665326633166e-05 3.186000000000e-01 8.665326633166e-05 1.803280041866e-01 8.665326633166e-05 3.095660651819e-01 8.665326633166e-05 1.917000000000e-01
8.906030150754e-05 3.186000000000e-01 8.906030150754e-05 1.803517864621e-01 8.906030150754e-05 3.095614235786e-01 8.906030150754e-05 1.917000000000e-01
9.146733668342e-05 3.186000000000e-01 9.146733668342e-05 1.803780388123e-01 9.146733668342e-05 3.095561475612e-01 9.146733668342e-05 1.917000000000e-01
9.387437185930e-05 3.186000000000e-01 9.387437185930e-05 1.804070154671e-01 9.387437185930e-05 3.095501505538e-01 9.387437185930e-05 1.917000000000e-01
9.628140703518e-05 3.186000000000e-01 9.628140703518e-05 1.804389963155e-01 9.628140703518e-05 3.095433342051e-01 9.628140703518e-05 1.917000000000e-01
9.868844221106e-05 3.186000000000e-01 9.868844221106e-05 1.804742893834e-01 9.868844221106e-05 3.095355867993e-01 9.868844221106e-05 1.917000000000e-01
1.010954773869e-04 3.186000000000e-01 1.010954773869e-04 1.805132335276e-01 1.010954773869e-04 3.095267814540e-01 1.010954773869e-04 1.917000000000e-01
1.035025125628e-04 3.186000000000e-01 1.035025125628e-04 1.805562013561e-01 1.035025125628e-04 3.095167740811e-01 1.035025125628e-04 1.917000000000e-01
1.059095477387e-04 3.186000000000e-01 1.059095477387e-04 1.806036023904e-01 1.059095477387e-04 3.095054010784e-01 1.059095477387e-04 1.917000000000e-01
1.083165829146e-04 3.186000000000e-01 1.083165829146e-04 1.806558864782e-01 1.083165829146e-04 3.094924767193e-01 1.083165829146e-04 1.917000000000e-01
1.107236180905e-04 3.186000000000e-01 1.107236180905e-04 1.807135474690e-01 1.107236180905e-04 3.094777902016e-01 1.107236180905e-04 1.917000000000e-01
1.131306532663e-04 3.186000000000e-01 1.131306532663e-04 1.807771271585e-01 1.131306532663e-04 3.094611023167e-01 1.131306532663e-04 1.917000000000e-01
1.155376884422e-04 3.186000000000e-01 1.155376884422e-04 1.808472195074e-01 1.155376884422e-04 3.094421416899e-01 1.155376884422e-04 1.917000000000e-01
1.179447236181e-04 3.186000000000e-01 1.179447236181e-04 1.809244751345e-01 1.179447236181e-04 3.094206005451e-01 1.179447236181e-04 1.917000000000e-01
1.203517587940e-04 3.186000000000e-01 1.203517587940e-04 1.810096060796e-01 1.203517587940e-04 3.093961299374e-01 1.203517587940e-04 1.917000000000e-01
1.227587939698e-04 3.186000000000e-01 1.227587939698e-04 1.811033908234e-01 1.227587939698e-04 3.093683343939e-01 1.227587939698e-04 1.917000000000e-01
1.251658291457e-04 3.186000000000e-01 1.251658291457e-04 1.812066795455e-01 1.251658291457e-04 3.093367659025e-01 1.251658291457e-04 1.917000000000e-01
1.275728643216e-04 3.186000000000e-01 1.275728643216e-04 1.813203995873e-01 1.275728643216e-04 3.093009171781e-01 1.275728643216e-04 1.917000000000e-01
1.299798994975e-04 3.186000000000e-01 1.299798994975e-04 1.814455610767e-01 1.299798994975e-04 3.092602141389e-01 1.299798994975e-04 1.917000000000e-01
1.323869346734e-04 3.186000000000e-01 1.323869346734e-04 1.815832626529e-01 1.323869346734e-04 3.092140075210e-01 1.323869346734e-04 1.917000000000e-01
1.347939698492e-04 3.186000000000e-01 1.347939698492e-04 1.817346972117e-01 1.347939698492e-04 3.091615635592e-01 1.347939698492e-04 1.917000000000e-01
1.372010050251e-04 3.186000000000e-01 1.372010050251e-04 1.819011575685e-01 1.372010050251e-04 3.091020536676e-01 1.372010050251e-04 1.917000000000e-01
1.396080402010e-04 3.186000000000e-01 1.396080402010e-04 1.820840419089e-01 1.396080402010e-04 3.090345430585e-01 1.396080402010e-04 1.917000000000e-01
1.420150753769e-04 3.186000000000e-01 1.420150753769e-04 1.822848588651e-01 1.420150753769e-04 3.089579782501e-01 1.420150753769e-04 1.917000000000e-01
1.444221105528e-04 3.186000000000e-01 1.444221105528e-04 1.825052320231e-01 1.444221105528e-04 3.088711734329e-01 1.444221105528e-04 1.917000000000e-01
1.468291457286e-04 3.186000000000e-01 1.468291457286e-04 1.827469036215e-01 1.468291457286e-04 3.087727956923e-01 1.468291457286e-04 1.917000000000e-01
1.492361809045e-04 3.186000000000e-01 1.492361809045e-04 1.830117371615e-01 1.492361809045e-04 3.086613491211e-01 1.492361809045e-04 1.917000000000e-01
1.516432160804e-04 3.186000000000e-01 1.516432160804e-04 1.833017185972e-01 1.516432160804e-04 3.085351579113e-01 1.516432160804e-04 1.917000000000e-01
1.540502512563e-04 3.186000000000e-01 1.540502512563e-04 1.836189557248e-01 1.540502512563e-04 3.083923485818e-01 1.540502512563e-04 1.917000000000e-01
1.564572864322e-04 3.186000000000e-01 1.564572864322e-04 1.839656753361e-01 1.564572864322e-04 3.082308315915e-01 1.564572864322e-04 1.917000000000e-01
1.588643216080e-04 3.186000000000e-01 1.588643216080e-04 1.843442176505e-01 1.588643216080e-04 3.080482827035e-01 1.588643216080e-04 1.917000000000e-01
1.612713567839e-04 3.186000000000e-01 1.612713567839e-04 1.847570274911e-01 1.612713567839e-04 3.078421246138e-01 1.612713567839e-04 1.917000000000e-01
1.636783919598e-04 3.186000000000e-01 1.636783919598e-04 1.852066416331e-01 1.636783919598e-04 3.076095095379e-01 1.636783919598e-04 1.917000000000e-01
1.660854271357e-04 3.186000000000e-01 1.660854271357e-04 1.856956717235e-01 1.660854271357e-04 3.073473036704e-01 1.660854271357e-04 1.917000000000e-01
1.684924623116e-04 3.186000000000e-01 1.684924623116e-04 1.862267821725e-01 1.684924623116e-04 3.070520746897e-01 1.684924623116e-04 1.917000000000e-01
1.708994974874e-04 3.186000000000e-01 1.708994974874e-04 1.868026624317e-01 1.708994974874e-04 3.067200837796e-01 1.708994974874e-04 1.917000000000e-01
1.733065326633e-04 3.186000000000e-01 1.733065326633e-04 1.874259931442e-01 1.733065326633e-04 3.063472839738e-01 1.733065326633e-04 1.917000000000e-01
1.757135678392e-04 3.186000000000e-01 1.757135678392e-04 1.880994057553e-01 1.757135678392e-04 3.059293269819e-01 1.757135678392e-04 1.917000000000e-01
1.781206030151e-04 3.186000000000e-01 1.781206030151e-04 1.888254353448e-01 1.781206030151e-04 3.054615810128e-01 1.781206030151e-04 1.917000000000e-01
1.805276381910e-04 3.186000000000e-01 1.805276381910e-04 1.896064666861e-01 1.805276381910e-04 3.049391624367e-01 1.805276381910e-04 1.917000000000e-01
1.829346733668e-04 3.185999999999e-01 1.829346733668e-04 1.904446738702e-01 1.829346733668e-04 3.043569843615e-01 1.829346733668e-04 1.917000000000e-01
1.853417085427e-04 3.185999999996e-01 1.853417085427e-04 1.913419542806e-01 1.853417085427e-04 3.037098252875e-01 1.853417085427e-04 1.917000000000e-01
1.877487437186e-04 3.185999999989e-01 1.877487437186e-04 1.922998583046e-01 1.877487437186e-04 3.029924208331e-01 1.877487437186e-04 1.917000000000e-01
1.901557788945e-04 3.185999999968e-01 1.901557788945e-04 1.933195169879e-01 1.901557788945e-04 3.021995809677e-01 1.901557788945e-04 1.917000000000e-01
1.925628140704e-04 3.185999999910e-01 1.925628140704e-04 1.944015710320e-01 1.925628140704e-04 3.013263340780e-01 1.925628140704e-04 1.917000000000e-01
1.949698492462e-04 3.185999999744e-01 1.949698492462e-04 1.955461063870e-01 1.949698492462e-04 3.003680972827e-01 1.949698492462e-04 1.917000000002e-01
1.973768844221e-04 3.185999999273e-01 1.973768844221e-04 1.967526048280e-01 1.973768844221e-04 2.993208693615e-01 1.973768844221e-04 1.917000000010e-01
1.997839195980e-04 3.185999997939e-01 1.997839195980e-04 1.980199235459e-01 1.997839195980e-04 2.981814379029e-01 1.997839195980e-04 1.917000000049e-01
2.021909547739e-04 3.185999994158e-01 2.021909547739e-04 1.993463284577e-01 2.021909547739e-04 2.969475848341e-01 2.021909547739e-04 1.917000000247e-01
2.045979899497e-04 3.185999983438e-01 2.045979899497e-04 2.007296266479e-01 2.045979899497e-04 2.956182624557e-01 2.045979899497e-04 1.917000001247e-01
2.070050251256e-04 3.185999953037e-01 2.070050251256e-04 2.021674840754e-01 2.070050251256e-04 2.941936917510e-01 2.070050251256e-04 1.917000006294e-01
2.094120603015e-04 3.185999866758e-01 2.094120603015e-04 2.036580950818e-01 2.094120603015e-04 2.926752985580e-01 2.094120603015e-04 1.917000031766e-01
2.118190954774e-04 3.185999621279e-01 2.118190954774e-04 2.052015286586e-01 2.118190954774e-04 2.910653362351e-01 2.118190954774e-04 1.917000160337e-01
2.142261306533e-04 3.185998917170e-01 2.142261306533e-04 2.068023859535e-01 2.142261306533e-04 2.893659162821e-01 2.142261306533e-04 1.917000809280e-01
2.166331658291e-04 3.185996845581e-01 2.166331658291e-04 2.084749972974e-01 2.166331658291e-04 2.875769245115e-01 2.166331658291e-04 1.917004084715e-01
2.190402010050e-04 3.185990278212e-01 2.190402010050e-04 2.102534831511e-01 2.190402010050e-04 2.856918362563e-01 2.190402010050e-04 1.917020616472e-01
2.214472361809e-04 3.185965272588e-01 2.214472361809e-04 2.122108586744e-01 2.214472361809e-04 2.836895875490e-01 2.214472361809e-04 1.917104043342e-01
2.238542713568e-04 3.185835658729e-01 2.238542713568e-04 2.144938430609e-01 2.238542713568e-04 2.815191928548e-01 2.238542713568e-04 1.917524745469e-01
2.262613065327e-04 3.184929305011e-01 2.262613065327e-04 2.173807150424e-01 2.262613065327e-04 2.790717397202e-01 2.262613065327e-04 1.919638435765e-01
2.286683417085e-04 3.177494233009e-01 2.286683417085e-04 2.213576082827e-01 2.286683417085e-04 2.761332685630e-01 2.286683417085e-04 1.930064436806e-01
2.310753768844e-04 3.118407375411e-01 2.310753768844e-04 2.271536494398e-01 2.310753768844e-04 2.723191844655e-01 2.310753768844e-04 1.977176727127e-01
2.334824120603e-04 2.860597828727e-01 2.334824120603e-04 2.355449194976e-01 2.334824120603e-04 2.670283344416e-01 2.334824120603e-04 2.127747186560e-01
2.358894472362e-04 2.620242497494e-01 2.358894472362e-04 2.466819105725e-01 2.358894472362e-04 2.595547441047e-01 2.358894472362e-04 2.334928060830e-01
2.382964824121e-04 2.551483106685e-01 2.382964824121e-04 2.592823636527e-01 2.382964824121e-04 2.495830196973e-01 2.382964824121e-04 2.436068716564e-01
2.407035175879e-04 2.492647998497e-01 2.407035175879e-04 2.710009654670e-01 2.407035175879e-04 2.379460132781e-01 2.407035175879e-04 2.463201533834e-01
2.431105527638e-04 2.383716056650e-01 2.431105527638e-04 2.801099109675e-01 2.431105527638e-04 2.266260645594e-01 2.431105527638e-04 2.486916369300e-01
2.455175879397e-04 2.230815293759e-01 2.455175879397e-04 2.863877544330e-01 2.455175879397e-04 2.174264501065e-01 2.455175879397e-04 2.691672276155e-01
2.479246231156e-04 2.098093721949e-01 2.479246231156e-04 2.905189348310e-01 2.479246231156e-04 2.108702070531e-01 2.479246231156e-04 2.980586016632e-01
2.503316582915e-04 2.023389395356e-01 2.503316582915e-04 2.932911279992e-01 2.503316582915e-04 2.064793667560e-01 2.503316582915e-04 3.018671826686e-01
2.527386934673e-04 1.991178761575e-01 2.527386934673e-04 2.952721658647e-01 2.527386934673e-04 2.035320371524e-01 2.527386934673e-04 3.020873524804e-01
2.551457286432e-04 1.978906641110e-01 2.551457286432e-04 2.968022893018e-01 2.551457286432e-04 2.014590926097e-01 2.551457286432e-04 3.020992931998e-01
2.575527638191e-04 1.974454426435e-01 2.575527638191e-04 2.980685158757e-01 2.575527638191e-04 1.999026601564e-01 2.575527638191e-04 3.020999561417e-01
2.599597989950e-04 1.972868082635e-01 2.599597989950e-04 2.991696479583e-01 2.599597989950e-04 1.986592777980e-01 2.599597989950e-04 3.020999964509e-01
2.623668341709e-04 1.972306504042e-01 2.623668341709e-04 3.001572169719e-01 2.623668341709e-04 1.976179611286e-01 2.623668341709e-04 3.020999995716e-01
2.647738693467e-04 1.972108156126e-01 2.647738693467e-04 3.010583347963e-01 2.647738693467e-04 1.967184637863e-01 2.647738693467e-04 3.020999999298e-01
2.671809045226e-04 1.972038156995e-01 2.671809045226e-04 3.018877644023e-01 2.671809045226e-04 1.959272297352e-01 2.671809045226e-04 3.020999999869e-01
2.695879396985e-04 1.972013460612e-01 2.695879396985e-04 3.026541186271e-01 2.695879396985e-04 1.952244701494e-01 2.695879396985e-04 3.020999999974e-01
2.719949748744e-04 1.972004748364e-01 2.719949748744e-04 3.033629891426e-01 2.719949748744e-04 1.945974606246e-01 2.719949748744e-04 3.020999999995e-01
2.744020100503e-04 1.972001675017e-01 2.744020100503e-04 3.040185031050e-01 2.744020100503e-04 1.940371369136e-01 2.744020100503e-04 3.020999999999e-01
2.768090452261e-04 1.972000590871e-01 2.768090452261e-04 3.046240839439e-01 2.768090452261e-04 1.935363923279e-01 2.768090452261e-04 3.021000000000e-01
2.792160804020e-04 1.972000208433e-01 2.792160804020e-04 3.051828130021e-01 2.792160804020e-04 1.930892379672e-01 2.792160804020e-04 3.021000000000e-01
2.816231155779e-04 1.972000073526e-01 2.816231155779e-04 3.056975931497e-01 2.816231155779e-04 1.926903940756e-01 2.816231155779e-04 3.021000000000e-01
2.840301507538e-04 1.972000025937e-01 2.840301507538e-04 3.061712158267e-01 2.840301507538e-04 1.923350931783e-01 2.840301507538e-04 3.021000000000e-01
2.864371859296e-04 1.972000009149e-01 2.864371859296e-04 3.066063824372e-01 2.864371859296e-04 1.920189847647e-01 2.864371859296e-04 3.021000000000e-01
2.888442211055e-04 1.972000003227e-01 2.888442211055e-04 3.070057054648e-01 2.888442211055e-04 1.917380868482e-01 2.888442211055e-04 3.021000000000e-01
2.912512562814e-04 1.972000001138e-01 2.912512562814e-04 3.073717017737e-01 2.912512562814e-04 1.914887578224e-01 2.912512562814e-04 3.021000000000e-01
2.936582914573e-04 1.972000000402e-01 2.936582914573e-04 3.077067840576e-01 2.936582914573e-04 1.912676761110e-01 2.936582914573e-04 3.021000000000e-01
2.960653266332e-04 1.972000000142e-01 2.960653266332e-04 3.080132531330e-01 2.960653266332e-04 1.910718220743e-01 2.960653266332e-04 3.021000000000e-01
2.984723618090e-04 1.972000000050e-01 2.984723618090e-04 3.082932921486e-01 2.984723618090e-04 1.908984600035e-01 2.984723618090e-04 3.021000000000e-01
3.008793969849e-04 1.972000000018e-01 3.008793969849e-04 3.085489629905e-01 3.008793969849e-04 1.907451196005e-01 3.008793969849e-04 3.021000000000e-01
3.032864321608e-04 1.972000000006e-01 3.032864321608e-04 3.087822047863e-01 3.032864321608e-04 1.906095770159e-01 3.032864321608e-04 3.021000000000e-01
3.056934673367e-04 1.972000000002e-01 3.056934673367e-04 3.089948342571e-01 3.056934673367e-04 1.904898357624e-01 3.056934673367e-04 3.021000000000e-01
3.081005025126e-04 1.972000000001e-01 3.081005025126e-04 3.091885476073e-01 3.081005025126e-04 1.903841078615e-01 3.081005025126e-04 3.021000000000e-01
3.105075376884e-04 1.972000000000e-01 3.105075376884e-04 3.093649236468e-01 3.105075376884e-04 1.902907955428e-01 3.105075376884e-04 3.021000000000e-01
3.129145728643e-04 1.972000000000e-01 3.129145728643e-04 3.095254278605e-01 3.129145728643e-04 1.902084737431e-01 3.129145728643e-04 3.021000000000e-01
3.153216080402e-04 1.972000000000e-01 3.153216080402e-04 3.096714171743e-01 3.153216080402e-04 1.901358735801e-01 3.153216080402e-04 3.021000000000e-01
3.177286432161e-04 1.972000000000e-01 3.177286432161e-04 3.098041452053e-01 3.177286432161e-04 1.900718669087e-01 3.177286432161e-04 3.021000000000e-01
3.201356783920e-04 1.972000000000e-01 3.201356783920e-04 3.099247678140e-01 3.201356783920e-04 1.900154520166e-01 3.201356783920e-04 3.021000000000e-01
3.225427135678e-04 1.972000000000e-01 3.225427135678e-04 3.100343488155e-01 3.225427135678e-04 1.899657404708e-01 3.225427135678e-04 3.021000000000e-01
3.249497487437e-04 1.972000000000e-01 3.249497487437e-04 3.101338657283e-01 3.249497487437e-04 1.899219450978e-01 3.249497487437e-04 3.021000000000e-01
3.273567839196e-04 1.972000000000e-01 3.273567839196e-04 3.102242154694e-01 3.273567839196e-04 1.898833690566e-01 3.273567839196e-04 3.021000000000e-01
3.297638190955e-04 1.972000000000e-01 3.297638190955e-04 3.103062199229e-01 3.297638190955e-04 1.898493959500e-01 3.297638190955e-04 3.021000000000e-01
3.321708542714e-04 1.972000000000e-01 3.321708542714e-04 3.103806313287e-01 3.321708542714e-04 1.898194809082e-01 3.321708542714e-04 3.021000000000e-01
3.345778894472e-04 1.972000000000e-01 3.345778894472e-04 3.104481374516e-01 3.345778894472e-04 1.897931425764e-01 3.345778894472e-04 3.021000000000e-01
3.369849246231e-04 1.972000000000e-01 3.369849246231e-04 3.105093665042e-01 3.369849246231e-04 1.897699559334e-01 3.369849246231e-04 3.021000000000e-01
3.393919597990e-04 1.972000000000e-01 3.393919597990e-04 3.105648918064e-01 3.393919597990e-04 1.897495458719e-01 3.393919597990e-04 3.021000000000e-01
3.417989949749e-04 1.972000000000e-01 3.417989949749e-04 3.106152361733e-01 3.417989949749e-04 1.897315814707e-01 3.417989949749e-04 3.021000000000e-01
3.442060301508e-04 1.972000000000e-01 3.442060301508e-04 3.106608760277e-01 3.442060301508e-04 1.897157708933e-01 3.442060301508e-04 3.021000000000e-01
3.466130653266e-04 1.972000000000e-01 3.466130653266e-04 3.107022452400e-01 3.466130653266e-04 1.897018568524e-01 3.466130653266e-04 3.021000000000e-01
3.490201005025e-04 1.972000000000e-01 3.490201005025e-04 3.107397387014e-01 3.490201005025e-04 1.896896125820e-01 3.490201005025e-04 3.021000000000e-01
3.514271356784e-04 1.972000000000e-01 3.514271356784e-04 3.107737156388e-01 3.514271356784e-04 1.896788382651e-01 3.514271356784e-04 3.021000000000e-01
3.538341708543e-04 1.972000000000e-01 3.538341708543e-04 3.108045026822e-01 3.538341708543e-04 1.896693578682e-01 3.538341708543e-04 3.021000000000e-01
3.562412060302e-04 1.972000000000e-01 3.562412060302e-04 3.108323966963e-01 3.562412060302e-04 1.896610163396e-01 3.562412060302e-04 3.021000000000e-01
3.586482412060e-04 1.972000000000e-01 3.586482412060e-04 3.108576673895e-01 3.586482412060e-04 1.896536771310e-01 3.586482412060e-04 3.021000000000e-01
3.610552763819e-04 1.972000000000e-01 3.610552763819e-04 3.108805597127e-01 3.610552763819e-04 1.896472200066e-01 3.610552763819e-04 3.021000000000e-01
3.634623115578e-04 1.972000000000e-01 3.634623115578e-04 3.109012960621e-01 3.634623115578e-04 1.896415391079e-01 3.634623115578e-04 3.021000000000e-01
3.658693467337e-04 1.972000000000e-01 3.658693467337e-04 3.109200782988e-01 3.658693467337e-04 1.896365412446e-01 3.658693467337e-04 3.021000000000e-01
3.682763819095e-04 1.972000000000e-01 3.682763819095e-04 3.109370895976e-01 3.682763819095e-04 1.896321443871e-01 3.682763819095e-04 3.021000000000e-01
3.706834170854e-04 1.972000000000e-01 3.706834170854e-04 3.109524961383e-01 3.706834170854e-04 1.896282763360e-01 3.706834170854e-04 3.021000000000e-01
3.730904522613e-04 1.972000000000e-01 3.730904522613e-04 3.109664486507e-01 3.730904522613e-04 1.896248735484e-01 3.730904522613e-04 3.021000000000e-01
3.754974874372e-04 1.972000000000e-01 3.754974874372e-04 3.109790838254e-01 3.754974874372e-04 1.896218801045e-01 3.754974874372e-04 3.021000000000e-01
3.779045226131e-04 1.972000000000e-01 3.779045226131e-04 3.109905255994e-01 3.779045226131e-04 1.896192467954e-01 3.779045226131e-04 3.021000000000e-01
3.803115577889e-04 1.972000000000e-01 3.803115577889e-04 3.110008863292e-01 3.803115577889e-04 1.896169303202e-01 3.803115577889e-04 3.021000000000e-01
3.827185929648e-04 1.972000000000e-01 3.827185929648e-04 3.110102678582e-01 3.827185929648e-04 1.896148925785e-01 3.827185929648e-04 3.021000000000e-01
3.851256281407e-04 1.972000000000e-01 3.851256281407e-04 3.110187624888e-01 3.851256281407e-04 1.896131000468e-01 3.851256281407e-04 3.021000000000e-01
3.875326633166e-04 1.972000000000e-01 3.875326633166e-04 3.110264538664e-01 3.875326633166e-04 1.896115232301e-01 3.875326633166e-04 3.021000000000e-01
3.899396984925e-04 1.972000000000e-01 3.899396984925e-04 3.110334177834e-01 3.899396984925e-04 1.896101361784e-01 3.899396984925e-04 3.021000000000e-01
3.923467336683e-04 1.972000000000e-01 3.923467336683e-04 3.110397229104e-01 3.923467336683e-04 1.896089160614e-01 3.923467336683e-04 3.021000000000e-01
3.947537688442e-04 1.972000000000e-01 3.947537688442e-04 3.110454314596e-01 3.947537688442e-04 1.896078427937e-01 3.947537688442e-04 3.021000000000e-01
3.971608040201e-04 1.972000000000e-01 3.971608040201e-04 3.110505997881e-01 3.971608040201e-04 1.896068987053e-01 3.971608040201e-04 3.021000000000e-01
3.995678391960e-04 1.972000000000e-01 3.995678391960e-04 3.110552789452e-01 3.995678391960e-04 1.896060682516e-01 3.995678391960e-04 3.021000000000e-01
4.019748743719e-04 1.972000000000e-01 4.019748743719e-04 3.110595151697e-01 4.019748743719e-04 1.896053377575e-01 4.019748743719e-04 3.021000000000e-01
4.043819095477e-04 1.972000000000e-01 4.043819095477e-04 3.110633503403e-01 4.043819095477e-04 1.896046951931e-01 4.043819095477e-04 3.021000000000e-01
4.067889447236e-04 1.972000000000e-01 4.067889447236e-04 3.110668223853e-01 4.067889447236e-04 1.896041299759e-01 4.067889447236e-04 3.021000000000e-01
4.091959798995e-04 1.972000000000e-01 4.091959798995e-04 3.110699656533e-01 4.091959798995e-04 1.896036327967e-01 4.091959798995e-04 3.021000000000e-01
4.116030150754e-04 1.972000000000e-01 4.116030150754e-04 3.110728112498e-01 4.116030150754e-04 1.896031954662e-01 4.116030150754e-04 3.021000000000e-01
4.140100502513e-04 1.972000000000e-01 4.140100502513e-04 3.110753873423e-01 4.140100502513e-04 1.896028107808e-01 4.140100502513e-04 3.021000000000e-01
4.164170854271e-04 1.972000000000e-01 4.164170854271e-04 3.110777194371e-01 4.164170854271e-04 1.896024724038e-01 4.164170854271e-04 3.021000000000e-01
4.188241206030e-04 1.972000000000e-01 4.188241206030e-04 3.110798306296e-01 4.188241206030e-04 1.896021747610e-01 4.188241206030e-04 3.021000000000e-01
4.212311557789e-04 1.972000000000e-01 4.212311557789e-04 3.110817418321e-01 4.212311557789e-04 1.896019129490e-01 4.212311557789e-04 3.021000000000e-01
4.236381909548e-04 1.972000000000e-01 4.236381909548e-04 3.110834719792e-01 4.236381909548e-04 1.896016826548e-01 4.236381909548e-04 3.021000000000e-01
4.260452261307e-04 1.972000000000e-01 4.260452261307e-04 3.110850382148e-01 4.260452261307e-04 1.896014800844e-01 4.260452261307e-04 3.021000000000e-01
4.284522613065e-04 1.972000000000e-01 4.284522613065e-04 3.110864560607e-01 4.284522613065e-04 1.896013019003e-01 4.284522613065e-04 3.021000000000e-01
4.308592964824e-04 1.972000000000e-01 4.308592964824e-04 3.110877395704e-01 4.308592964824e-04 1.896011451670e-01 4.308592964824e-04 3.021000000000e-01
4.332663316583e-04 1.972000000000e-01 4.332663316583e-04 3.110889014671e-01 4.332663316583e-04 1.896010073023e-01 4.332663316583e-04 3.021000000000e-01
4.356733668342e-04 1.972000000000e-01 4.356733668342e-04 3.110899532701e-01 4.356733668342e-04 1.896008860345e-01 4.356733668342e-04 3.021000000000e-01
4.380804020101e-04 1.972000000000e-01 4.380804020101e-04 3.110909054080e-01 4.380804020101e-04 1.896007793659e-01 4.380804020101e-04 3.021000000000e-01
4.404874371859e-04 1.972000000000e-01 4.404874371859e-04 3.110917673223e-01 4.404874371859e-04 1.896006855388e-01 4.404874371859e-04 3.021000000000e-01
4.428944723618e-04 1.972000000000e-01 4.428944723618e-04 3.110925475603e-01 4.428944723618e-04 1.896006030074e-01 4.428944723618e-04 3.021000000000e-01
4.453015075377e-04 1.972000000000e-01 4.453015075377e-04 3.110932538603e-01 4.453015075377e-04 1.896005304117e-01 4.453015075377e-04 3.021000000000e-01
4.477085427136e-04 1.972000000000e-01 4.477085427136e-04 3.110938932274e-01 4.477085427136e-04 1.896004665557e-01 4.477085427136e-04 3.021000000000e-01
4.501155778894e-04 1.972000000000e-01 4.501155778894e-04 3.110944720034e-01 4.501155778894e-04 1.896004103873e-01 4.501155778894e-04 3.021000000000e-01
4.525226130653e-04 1.972000000000e-01 4.525226130653e-04 3.110949959295e-01 4.525226130653e-04 1.896003609809e-01 4.525226130653e-04 3.021000000000e-01
4.549296482412e-04 1.972000000000e-01 4.549296482412e-04 3.110954702029e-01 4.549296482412e-04 1.896003175225e-01 4.549296482412e-04 3.021000000000e-01
4.573366834171e-04 1.972000000000e-01 4.573366834171e-04 3.110958995288e-01 4.573366834171e-04 1.896002792960e-01 4.573366834171e-04 3.021000000000e-01
4.597437185930e-04 1.972000000000e-01 4.597437185930e-04 3.110962881662e-01 4.597437185930e-04 1.896002456716e-01 4.597437185930e-04 3.021000000000e-01
4.621507537688e-04 1.972000000000e-01 4.621507537688e-04 3.110966399709e-01 4.621507537688e-04 1.896002160952e-01 4.621507537688e-04 3.021000000000e-01
4.645577889447e-04 1.972000000000e-01 4.645577889447e-04 3.110969584334e-01 4.645577889447e-04 1.896001900795e-01 4.645577889447e-04 3.021000000000e-01
4.669648241206e-04 1.972000000000e-01 4.669648241206e-04 3.110972467134e-01 4.669648241206e-04 1.896001671958e-01 4.669648241206e-04 3.021000000000e-01
4.693718592965e-04 1.972000000000e-01 4.693718592965e-04 3.110975076712e-01 4.693718592965e-04 1.896001470671e-01 4.693718592965e-04 3.021000000000e-01
4.717788944724e-04 1.972000000000e-01 4.717788944724e-04 3.110977438962e-01 4.717788944724e-04 1.896001293617e-01 4.717788944724e-04 3.021000000000e-01
4.741859296482e-04 1.972000000000e-01 4.741859296482e-04 3.110979577323e-01 4.741859296482e-04 1.896001137878e-01 4.741859296482e-04 3.021000000000e-01
4.765929648241e-04 1.972000000000e-01 4.765929648241e-04 3.110981513013e-01 4.765929648241e-04 1.896001000889e-01 4.765929648241e-04 3.021000000000e-01
4.790000000000e-04 1.972000000000e-01 4.790000000000e-04 3.110983265240e-01 4.790000000000e-04 1.896000880392e-01 4.790000000000e-04 3.021000000000e-01
