0.000000000000e+00 3.436999999921e-01 0.000000000000e+00 1.450500000000e-01 0.000000000000e+00 2.740793325175e-01 0.000000000000e+00 2.385034026049e-01
2.351758793970e-06 3.436999999903e-01 2.351758793970e-06 1.450500000000e-01 2.351758793970e-06 2.740774753646e-01 2.351758793970e-06 2.385037417180e-01
4.703517587940e-06 3.436999999880e-01 4.703517587940e-06 1.450500000000e-01 4.703517587940e-06 2.740754514286e-01 4.703517587940e-06 2.385041146256e-01
7.055276381910e-06 3.436999999851e-01 7.055276381910e-06 1.450500000000e-01 7.055276381910e-06 2.740732457494e-01 7.055276381910e-06 2.385045246949e-01
9.407035175879e-06 3.436999999815e-01 9.407035175879e-06 1.450500000000e-01 9.407035175879e-06 2.740708420284e-01 9.407035175879e-06 2.385049756288e-01
1.175879396985e-05 3.436999999771e-01 1.175879396985e-05 1.450500000000e-01 1.175879396985e-05 2.740682225093e-01 1.175879396985e-05 2.385054714986e-01
1.411055276382e-05 3.436999999716e-01 1.411055276382e-05 1.450500000000e-01 1.411055276382e-05 2.740653678484e-01 1.411055276382e-05 2.385060167814e-01
1.646231155779e-05 3.436999999648e-01 1.646231155779e-05 1.450500000000e-01 1.646231155779e-05 2.740622569735e-01 1.646231155779e-05 2.385066164002e-01
1.881407035176e-05 3.436999999564e-01 1.881407035176e-05 1.450500000000e-01 1.881407035176e-05 2.740588669307e-01 1.881407035176e-05 2.385072757679e-01
2.116582914573e-05 3.436999999460e-01 2.116582914573e-05 1.450500000000e-01 2.116582914573e-05 2.740551727174e-01 2.116582914573e-05 2.385080008369e-01
2.351758793970e-05 3.436999999331e-01 2.351758793970e-05 1.450500000000e-01 2.351758793970e-05 2.740511471007e-01 2.351758793970e-05 2.385087981518e-01
2.586934673367e-05 3.436999999172e-01 2.586934673367e-05 1.450500000000e-01 2.586934673367e-05 2.740467604207e-01 2.586934673367e-05 2.385096749091e-01
2.822110552764e-05 3.436999998974e-01 2.822110552764e-05 1.450500000000e-01 2.822110552764e-05 2.740419803755e-01 2.822110552764e-05 2.385106390215e-01
3.057286432161e-05 3.436999998729e-01 3.057286432161e-05 1.450500000000e-01 3.057286432161e-05 2.740367717887e-01 3.057286432161e-05 2.385116991893e-01
3.292462311558e-05 3.436999998425e-01 3.292462311558e-05 1.450500000000e-01 3.292462311558e-05 2.740310963564e-01 3.292462311558e-05 2.385128649788e-01
3.527638190955e-05 3.436999998049e-01 3.527638190955e-05 1.450500000000e-01 3.527638190955e-05 2.740249123723e-01 3.527638190955e-05 2.385141469082e-01
3.762814070352e-05 3.436999997583e-01 3.762814070352e-05 1.450500000000e-01 3.762814070352e-05 2.740181744295e-01 3.762814070352e-05 2.385155565422e-01
3.997989949749e-05 3.436999997005e-01 3.997989949749e-05 1.450500000000e-01 3.997989949749e-05 2.740108330967e-01 3.997989949749e-05 2.385171065959e-01
4.233165829146e-05 3.436999996290e-01 4.233165829146e-05 1.450500000000e-01 4.233165829146e-05 2.740028345674e-01 4.233165829146e-05 2.385188110494e-01
4.468341708543e-05 3.436999995404e-01 4.468341708543e-05 1.450500000000e-01 4.468341708543e-05 2.739941202789e-01 4.468341708543e-05 2.385206852727e-01
4.703517587940e-05 3.436999994306e-01 4.703517587940e-05 1.450500000000e-01 4.703517587940e-05 2.739846264998e-01 4.703517587940e-05 2.385227461642e-01
4.938693467337e-05 3.436999992946e-01 4.938693467337e-05 1.450500000000e-01 4.938693467337e-05 2.739742838830e-01 4.938693467337e-05 2.385250123022e-01
5.173869346734e-05 3.436999991261e-01 5.173869346734e-05 1.450500000000e-01 5.173869346734e-05 2.739630169818e-01 5.173869346734e-05 2.385275041113e-01
5.409045226131e-05 3.436999989173e-01 5.409045226131e-05 1.450500000000e-01 5.409045226131e-05 2.739507437264e-01 5.409045226131e-05 2.385302440457e-01
5.644221105528e-05 3.436999986587e-01 5.644221105528e-05 1.450500000000e-01 5.644221105528e-05 2.739373748580e-01 5.644221105528e-05 2.385332567898e-01
5.879396984925e-05 3.436999983383e-01 5.879396984925e-05 1.450500000000e-01 5.879396984925e-05 2.739228133169e-01 5.879396984925e-05 2.385365694798e-01
6.114572864322e-05 3.436999979413e-01 6.114572864322e-05 1.450500000000e-01 6.114572864322e-05 2.739069535827e-01 6.114572864322e-05 2.385402119458e-01
6.349748743719e-05 3.436999974496e-01 6.349748743719e-05 1.450500000000e-01 6.349748743719e-05 2.738896809622e-01 6.349748743719e-05 2.385442169788e-01
6.584924623116e-05 3.436999968403e-01 6.584924623116e-05 1.450500000000e-01 6.584924623116e-05 2.738708708224e-01 6.584924623116e-05 2.385486206232e-01
6.820100502513e-05 3.436999960856e-01 6.820100502513e-05 1.450500000000e-01 6.820100502513e-05 2.738503877649e-01 6.820100502513e-05 2.385534624987e-01
7.055276381910e-05 3.436999951505e-01 7.055276381910e-05 1.450500000000e-01 7.055276381910e-05 2.738280847389e-01 7.055276381910e-05 2.385587861536e-01
7.290452261307e-05 3.436999939921e-01 7.290452261307e-05 1.450500000000e-01 7.290452261307e-05 2.738038020888e-01 7.290452261307e-05 2.385646394523e-01
7.525628140704e-05 3.436999925569e-01 7.525628140704e-05 1.450500000000e-01 7.525628140704e-05 2.737773665336e-01 7.525628140704e-05 2.385710750021e-01
7.760804020101e-05 3.436999907790e-01 7.760804020101e-05 1.450500000000e-01 7.760804020101e-05 2.737485900750e-01 7.760804020101e-05 2.385781506210e-01
7.995979899497e-05 3.436999885763e-01 7.995979899497e-05 1.450500000000e-01 7.995979899497e-05 2.737172688323e-01 7.995979899497e-05 2.385859298511e-01
8.231155778894e-05 3.436999858474e-01 8.231155778894e-05 1.450500000000e-01 8.231155778894e-05 2.736831817998e-01 8.231155778894e-05 2.385944825241e-01
8.466331658291e-05 3.436999824665e-01 8.466331658291e-05 1.450500000000e-01 8.466331658291e-05 2.736460895269e-01 8.466331658291e-05 2.386038853803e-01
8.701507537688e-05 3.436999782780e-01 8.701507537688e-05 1.450500000000e-01 8.701507537688e-05 2.736057327198e-01 8.701507537688e-05 2.386142227506e-01
8.936683417085e-05 3.436999730889e-01 8.936683417085e-05 1.450500000000e-01 8.936683417085e-05 2.735618307628e-01 8.936683417085e-05 2.386255873040e-01
9.171859296482e-05 3.436999666599e-01 9.171859296482e-05 1.450500000000e-01 9.171859296482e-05 2.735140801634e-01 9.171859296482e-05 2.386380808704e-01
9.407035175879e-05 3.436999586949e-01 9.407035175879e-05 1.450500000000e-01 9.407035175879e-05 2.734621529209e-01 9.407035175879e-05 2.386518153439e-01
9.642211055276e-05 3.436999488268e-01 9.642211055276e-05 1.450500000000e-01 9.642211055276e-05 2.734056948261e-01 9.642211055276e-05 2.386669136769e-01
9.877386934673e-05 3.436999366006e-01 9.877386934673e-05 1.450500000000e-01 9.877386934673e-05 2.733443236961e-01 9.877386934673e-05 2.386835109730e-01
1.011256281407e-04 3.436999214526e-01 1.011256281407e-04 1.450500000000e-01 1.011256281407e-04 2.732776275569e-01 1.011256281407e-04 2.387017556900e-01
1.034773869347e-04 3.436999026841e-01 1.034773869347e-04 1.450500000000e-01 1.034773869347e-04 2.732051627858e-01 1.034773869347e-04 2.387218109657e-01
1.058291457286e-04 3.436998794293e-01 1.058291457286e-04 1.450500000000e-01 1.058291457286e-04 2.731264522305e-01 1.058291457286e-04 2.387438560783e-01
1.081809045226e-04 3.436998506147e-01 1.081809045226e-04 1.450500000000e-01 1.081809045226e-04 2.730409833298e-01 1.081809045226e-04 2.387680880592e-01
1.105326633166e-04 3.436998149098e-01 1.105326633166e-04 1.450500000000e-01 1.105326633166e-04 2.729482062628e-01 1.105326633166e-04 2.387947234747e-01
1.128844221106e-04 3.436997706646e-01 1.128844221106e-04 1.450500000000e-01 1.128844221106e-04 2.728475321625e-01 1.128844221106e-04 2.388240003990e-01
1.152361809045e-04 3.436997158330e-01 1.152361809045e-04 1.450500000000e-01 1.152361809045e-04 2.727383314395e-01 1.152361809045e-04 2.388561806009e-01
1.175879396985e-04 3.436996478767e-01 1.175879396985e-04 1.450500000000e-01 1.175879396985e-04 2.726199322687e-01 1.175879396985e-04 2.388915519758e-01
1.199396984925e-04 3.436995636460e-01 1.199396984925e-04 1.450500000000e-01 1.199396984925e-04 2.724916193045e-01 1.199396984925e-04 2.389304312553e-01
1.222914572864e-04 3.436994592310e-01 1.222914572864e-04 1.450500000000e-01 1.222914572864e-04 2.723526327049e-01 1.222914572864e-04 2.389731670368e-01
1.246432160804e-04 3.436993297758e-01 1.246432160804e-04 1.450500000000e-01 1.246432160804e-04 2.722021675576e-01 1.246432160804e-04 2.390201431830e-01
1.269949748744e-04 3.436991692460e-01 1.269949748744e-04 1.450500000000e-01 1.269949748744e-04 2.720393738204e-01 1.269949748744e-04 2.390717826513e-01
1.293467336683e-04 3.436989701370e-01 1.293467336683e-04 1.450500000000e-01 1.293467336683e-04 2.718633569087e-01 1.293467336683e-04 2.391285518286e-01
1.316984924623e-04 3.436987231077e-01 1.316984924623e-04 1.450500000000e-01 1.316984924623e-04 2.716731790844e-01 1.316984924623e-04 2.391909654636e-01
1.340502512563e-04 3.436984165182e-01 1.340502512563e-04 1.450500000000e-01 1.340502512563e-04 2.714678618266e-01 1.340502512563e-04 2.392595923100e-01
1.364020100503e-04 3.436980358437e-01 1.364020100503e-04 1.450500000000e-01 1.364020100503e-04 2.712463893925e-01 1.364020100503e-04 2.393350616257e-01
1.387537688442e-04 3.436975629299e-01 1.387537688442e-04 1.450500000000e-01 1.387537688442e-04 2.710077138081e-01 1.387537688442e-04 2.394180707043e-01
1.411055276382e-04 3.436969750395e-01 1.411055276382e-04 1.450500000000e-01 1.411055276382e-04 2.707507615622e-01 1.411055276382e-04 2.395093936679e-01
1.434572864322e-04 3.436962436248e-01 1.434572864322e-04 1.450500000000e-01 1.434572864322e-04 2.704744423115e-01 1.434572864322e-04 2.396098918044e-01
1.458090452261e-04 3.436953327355e-01 1.458090452261e-04 1.450500000000e-01 1.458090452261e-04 2.701776599439e-01 1.458090452261e-04 2.397205258105e-01
1.481608040201e-04 3.436941969364e-01 1.481608040201e-04 1.450500000000e-01 1.481608040201e-04 2.698593263842e-01 1.481608040201e-04 2.398423703979e-01
1.505125628141e-04 3.436927785587e-01 1.505125628141e-04 1.450500000000e-01 1.505125628141e-04 2.695183785640e-01 1.505125628141e-04 2.399766318431e-01
1.528643216080e-04 3.436910040338e-01 1.528643216080e-04 1.450500000000e-01 1.528643216080e-04 2.691537990136e-01 1.528643216080e-04 2.401246692140e-01
1.552160804020e-04 3.436887789523e-01 1.552160804020e-04 1.450500000000e-01 1.552160804020e-04 2.687646405626e-01 1.552160804020e-04 2.402880202053e-01
1.575678391960e-04 3.436859813257e-01 1.575678391960e-04 1.450500000000e-01 1.575678391960e-04 2.683500556605e-01 1.575678391960e-04 2.404684327547e-01
1.599195979899e-04 3.436824522922e-01 1.599195979899e-04 1.450500000000e-01 1.599195979899e-04 2.679093308374e-01 1.599195979899e-04 2.406679039189e-01
1.622713567839e-04 3.436779831455e-01 1.622713567839e-04 1.450500000000e-01 1.622713567839e-04 2.674419268189e-01 1.622713567839e-04 2.408887278546e-01
1.646231155779e-04 3.436722970257e-01 1.646231155779e-04 1.450500000000e-01 1.646231155779e-04 2.669475247806e-01 1.646231155779e-04 2.411335551991e-01
1.669748743719e-04 3.436650227926e-01 1.669748743719e-04 1.450500000000e-01 1.669748743719e-04 2.664260791653e-01 1.669748743719e-04 2.414054666677e-01
1.693266331658e-04 3.436556573669e-01 1.693266331658e-04 1.450500000000e-01 1.693266331658e-04 2.658778773872e-01 1.693266331658e-04 2.417080642782e-01
1.716783919598e-04 3.436435109510e-01 1.716783919598e-04 1.450500000000e-01 1.716783919598e-04 2.653036065944e-01 1.716783919598e-04 2.420455842496e-01
1.740301507538e-04 3.436276266985e-01 1.740301507538e-04 1.450500000000e-01 1.740301507538e-04 2.647044274464e-01 1.740301507538e-04 2.424230362352e-01
1.763819095477e-04 3.436066621010e-01 1.763819095477e-04 1.450500000000e-01 1.763819095477e-04 2.640820545708e-01 1.763819095477e-04 2.428463740165e-01
1.787336683417e-04 3.435787128649e-01 1.787336683417e-04 1.450500000000e-01 1.787336683417e-04 2.634388429751e-01 1.787336683417e-04 2.433227028846e-01
1.810854271357e-04 3.435410502997e-01 1.810854271357e-04 1.450500000000e-01 1.810854271357e-04 2.627778791862e-01 1.810854271357e-04 2.438605282987e-01
1.834371859296e-04 3.434897287478e-01 1.834371859296e-04 1.450500000000e-01 1.834371859296e-04 2.621030752581e-01 1.834371859296e-04 2.444700484350e-01
1.857889447236e-04 3.434189984218e-01 1.857889447236e-04 1.450500000000e-01 1.857889447236e-04 2.614192629917e-01 1.857889447236e-04 2.451634890080e-01
1.881407035176e-04 3.433204290044e-01 1.881407035176e-04 1.450500000000e-01 1.881407035176e-04 2.607322847428e-01 1.881407035176e-04 2.459554709357e-01
1.904924623116e-04 3.431816089968e-01 1.904924623116e-04 1.450500000000e-01 1.904924623116e-04 2.600490760178e-01 1.904924623116e-04 2.468633882064e-01
1.928442211055e-04 3.429842368931e-01 1.928442211055e-04 1.450500000000e-01 1.928442211055e-04 2.593777336616e-01 1.928442211055e-04 2.479077525166e-01
1.951959798995e-04 3.427013746050e-01 1.951959798995e-04 1.450500000000e-01 1.951959798995e-04 2.587275618151e-01 1.951959798995e-04 2.491124306914e-01
1.975477386935e-04 3.422936280439e-01 1.975477386935e-04 1.450500000000e-01 1.975477386935e-04 2.581090859642e-01 1.975477386935e-04 2.505046595178e-01
1.998994974874e-04 3.417041466871e-01 1.998994974874e-04 1.450500000000e-01 1.998994974874e-04 2.575340233557e-01 1.998994974874e-04 2.521146725419e-01
2.022512562814e-04 3.408527913696e-01 2.022512562814e-04 1.450500000000e-01 2.022512562814e-04 2.570151959069e-01 2.022512562814e-04 2.539747235594e-01
2.046030150754e-04 3.396309613269e-01 2.046030150754e-04 1.450500000000e-01 2.046030150754e-04 2.565663696515e-01 2.046030150754e-04 2.561172623000e-01
2.069547738693e-04 3.379008403994e-01 2.069547738693e-04 1.450500000000e-01 2.069547738693e-04 2.562020030445e-01 2.069547738693e-04 2.585720447554e-01
2.093065326633e-04 3.355062210132e-01 2.093065326633e-04 1.450500000000e-01 2.093065326633e-04 2.559368855588e-01 2.093065326633e-04 2.613620921792e-01
2.116582914573e-04 3.323046214347e-01 2.116582914573e-04 1.450500000000e-01 2.116582914573e-04 2.557856486717e-01 2.116582914573e-04 2.644986938747e-01
2.140100502513e-04 3.282260557606e-01 2.140100502513e-04 1.450500000000e-01 2.140100502513e-04 2.557621345239e-01 2.140100502513e-04 2.679760828516e-01
2.163618090452e-04 3.233443208614e-01 2.163618090452e-04 1.450500000000e-01 2.163618090452e-04 2.558786145388e-01 2.163618090452e-04 2.717669095477e-01
2.187135678392e-04 3.179161599843e-01 2.187135678392e-04 1.450500000000e-01 2.187135678392e-04 2.561448625400e-01 2.187135678392e-04 2.758199806250e-01
2.210653266332e-04 3.123363826085e-01 2.210653266332e-04 1.450500000000e-01 2.210653266332e-04 2.565671058094e-01 2.210653266332e-04 2.800616263447e-01
2.234170854271e-04 3.070095930409e-01 2.234170854271e-04 1.450500000000e-01 2.234170854271e-04 2.571469038801e-01 2.234170854271e-04 2.844013167736e-01
2.257688442211e-04 3.022151861177e-01 2.257688442211e-04 1.450500000000e-01 2.257688442211e-04 2.578800381479e-01 2.257688442211e-04 2.887408843815e-01
2.281206030151e-04 2.980493342214e-01 2.281206030151e-04 1.450500000000e-01 2.281206030151e-04 2.587555327490e-01 2.281206030151e-04 2.929854322845e-01
2.304723618090e-04 2.944562885348e-01 2.304723618090e-04 1.450500000000e-01 2.304723618090e-04 2.597549624436e-01 2.304723618090e-04 2.970533623679e-01
2.328241206030e-04 2.913006290333e-01 2.328241206030e-04 1.450500000000e-01 2.328241206030e-04 2.608522265915e-01 2.328241206030e-04 3.008833059163e-01
2.351758793970e-04 2.884319338008e-01 2.351758793970e-04 1.450500000000e-01 2.351758793970e-04 2.620139668619e-01 2.351758793970e-04 3.044368837958e-01
2.375276381910e-04 2.857231775388e-01 2.375276381910e-04 1.450500000000e-01 2.375276381910e-04 2.632007670582e-01 2.375276381910e-04 3.076975580463e-01
2.398793969849e-04 2.830859828303e-01 2.398793969849e-04 1.450500000000e-01 2.398793969849e-04 2.643691879587e-01 2.398793969849e-04 3.106667728820e-01
2.422311557789e-04 2.804718965350e-01 2.422311557789e-04 1.450500000000e-01 2.422311557789e-04 2.654745607721e-01 2.422311557789e-04 3.133588752277e-01
2.445829145729e-04 2.778669096171e-01 2.445829145729e-04 1.450500000000e-01 2.445829145729e-04 2.664743077777e-01 2.445829145729e-04 3.157960704007e-01
2.469346733668e-04 2.752832297625e-01 2.469346733668e-04 1.450500000000e-01 2.469346733668e-04 2.673314121702e-01 2.469346733668e-04 3.180041916913e-01
2.492864321608e-04 2.727502607553e-01 2.492864321608e-04 1.450500000000e-01 2.492864321608e-04 2.680175643967e-01 2.492864321608e-04 3.200095941051e-01
2.516381909548e-04 2.703058746076e-01 2.516381909548e-04 1.450500000000e-01 2.516381909548e-04 2.685155077999e-01 2.516381909548e-04 3.218371514407e-01
2.539899497487e-04 2.679887903476e-01 2.539899497487e-04 1.450500000000e-01 2.539899497487e-04 2.688202091804e-01 2.539899497487e-04 3.235091623732e-01
2.563417085427e-04 2.658327076249e-01 2.563417085427e-04 1.450500000000e-01 2.563417085427e-04 2.689386744714e-01 2.563417085427e-04 3.250449182040e-01
2.586934673367e-04 2.638625688154e-01 2.586934673367e-04 1.450500000000e-01 2.586934673367e-04 2.688884694452e-01 2.586934673367e-04 3.264607022843e-01
2.610452261307e-04 2.620929535508e-01 2.610452261307e-04 1.450500000000e-01 2.610452261307e-04 2.686952275394e-01 2.610452261307e-04 3.277700384459e-01
2.633969849246e-04 2.605282645983e-01 2.633969849246e-04 1.450500000000e-01 2.633969849246e-04 2.683895753434e-01 2.633969849246e-04 3.289840581573e-01
2.657487437186e-04 2.591641526174e-01 2.657487437186e-04 1.450500000000e-01 2.657487437186e-04 2.680039508882e-01 2.657487437186e-04 3.301119015409e-01
2.681005025126e-04 2.579895853041e-01 2.681005025126e-04 1.450500000000e-01 2.681005025126e-04 2.675697341151e-01 2.681005025126e-04 3.311611019913e-01
2.704522613065e-04 2.569890586992e-01 2.704522613065e-04 1.450500000000e-01 2.704522613065e-04 2.671149835694e-01 2.704522613065e-04 3.321379282596e-01
2.728040201005e-04 2.561446070839e-01 2.728040201005e-04 1.450500000000e-01 2.728040201005e-04 2.666629213884e-01 2.728040201005e-04 3.330476735098e-01
2.751557788945e-04 2.554374303367e-01 2.751557788945e-04 1.450500000000e-01 2.751557788945e-04 2.662311691898e-01 2.751557788945e-04 3.338948902685e-01
2.775075376884e-04 2.548490861547e-01 2.775075376884e-04 1.450500000000e-01 2.775075376884e-04 2.658316356143e-01 2.775075376884e-04 3.346835753590e-01
2.798592964824e-04 2.543622770108e-01 2.798592964824e-04 1.450500000000e-01 2.798592964824e-04 2.654709005446e-01 2.798592964824e-04 3.354173113318e-01
2.822110552764e-04 2.539613028697e-01 2.822110552764e-04 1.450500000000e-01 2.822110552764e-04 2.651509267379e-01 2.822110552764e-04 3.360993716570e-01
2.845628140704e-04 2.536322623328e-01 2.845628140704e-04 1.450500000000e-01 2.845628140704e-04 2.648699449203e-01 2.845628140704e-04 3.367327967407e-01
2.869145728643e-04 2.533630792138e-01 2.869145728643e-04 1.450500000000e-01 2.869145728643e-04 2.646233898605e-01 2.869145728643e-04 3.373204471332e-01
2.892663316583e-04 2.531434179690e-01 2.892663316583e-04 1.450500000000e-01 2.892663316583e-04 2.644048012337e-01 2.892663316583e-04 3.378650393952e-01
2.916180904523e-04 2.529645359538e-01 2.916180904523e-04 1.450500000000e-01 2.916180904523e-04 2.642066365265e-01 2.916180904523e-04 3.383691691492e-01
2.939698492462e-04 2.528191063595e-01 2.939698492462e-04 1.450500000000e-01 2.939698492462e-04 2.640209697815e-01 2.939698492462e-04 3.388353249558e-01
2.963216080402e-04 2.527010342043e-01 2.963216080402e-04 1.450500000000e-01 2.963216080402e-04 2.638400684314e-01 2.963216080402e-04 3.392658958669e-01
2.986733668342e-04 2.526052791181e-01 2.986733668342e-04 1.450500000000e-01 2.986733668342e-04 2.636568514555e-01 2.986733668342e-04 3.396631748383e-01
3.010251256281e-04 2.525276925489e-01 3.010251256281e-04 1.450500000000e-01 3.010251256281e-04 2.634652371621e-01 3.010251256281e-04 3.400293596231e-01
3.033768844221e-04 2.524648729095e-01 3.033768844221e-04 1.450500000000e-01 3.033768844221e-04 2.632603899677e-01 3.033768844221e-04 3.403665523252e-01
3.057286432161e-04 2.524140395771e-01 3.057286432161e-04 1.450500000000e-01 3.057286432161e-04 2.630388744553e-01 3.057286432161e-04 3.406767584335e-01
3.080804020101e-04 2.523729251031e-01 3.080804020101e-04 1.450500000000e-01 3.080804020101e-04 2.627987233356e-01 3.080804020101e-04 3.409618858877e-01
3.104321608040e-04 2.523396841503e-01 3.104321608040e-04 1.450500000000e-01 3.104321608040e-04 2.625394249146e-01 3.104321608040e-04 3.412237445200e-01
3.127839195980e-04 2.523128172970e-01 3.127839195980e-04 1.450500000000e-01 3.127839195980e-04 2.622618359997e-01 3.127839195980e-04 3.414640460674e-01
3.151356783920e-04 2.522911077526e-01 3.151356783920e-04 1.450500000000e-01 3.151356783920e-04 2.619680280803e-01 3.151356783920e-04 3.416844048370e-01
3.174874371859e-04 2.522735691017e-01 3.174874371859e-04 1.450500000000e-01 3.174874371859e-04 2.616610777666e-01 3.174874371859e-04 3.418863390385e-01
3.198391959799e-04 2.522594023523e-01 3.198391959799e-04 1.450500000000e-01 3.198391959799e-04 2.613448161543e-01 3.198391959799e-04 3.420712727427e-01
3.221909547739e-04 2.522479607586e-01 3.221909547739e-04 1.450500000000e-01 3.221909547739e-04 2.610235550288e-01 3.221909547739e-04 3.422405383987e-01
3.245427135678e-04 2.522387210938e-01 3.245427135678e-04 1.450500000000e-01 3.245427135678e-04 2.607018096880e-01 3.245427135678e-04 3.423953798259e-01
3.268944723618e-04 2.522312602445e-01 3.268944723618e-04 1.450500000000e-01 3.268944723618e-04 2.603840379847e-01 3.268944723618e-04 3.425369555898e-01
3.292462311558e-04 2.522252361757e-01 3.292462311558e-04 1.450500000000e-01 3.292462311558e-04 2.600744127692e-01 3.292462311558e-04 3.426663426724e-01
3.315979899497e-04 2.522203724729e-01 3.315979899497e-04 1.450500000000e-01 3.315979899497e-04 2.597766405565e-01 3.315979899497e-04 3.427845403517e-01
3.339497487437e-04 2.522164458037e-01 3.339497487437e-04 1.450500000000e-01 3.339497487437e-04 2.594938336840e-01 3.339497487437e-04 3.428924742146e-01
3.363015075377e-04 2.522132757575e-01 3.363015075377e-04 1.450500000000e-01 3.363015075377e-04 2.592284373982e-01 3.363015075377e-04 3.429910002339e-01
3.386532663317e-04 2.522107166179e-01 3.386532663317e-04 1.450500000000e-01 3.386532663317e-04 2.589822080994e-01 3.386532663317e-04 3.430809088533e-01
3.410050251256e-04 2.522086507054e-01 3.410050251256e-04 1.450500000000e-01 3.410050251256e-04 2.587562350476e-01 3.410050251256e-04 3.431629290288e-01
3.433567839196e-04 2.522069829919e-01 3.433567839196e-04 1.450500000000e-01 3.433567839196e-04 2.585509955014e-01 3.433567839196e-04 3.432377321894e-01
3.457085427136e-04 2.522056367467e-01 3.457085427136e-04 1.450500000000e-01 3.457085427136e-04 2.583664325123e-01 3.457085427136e-04 3.433059360832e-01
3.480603015075e-04 2.522045500173e-01 3.480603015075e-04 1.450500000000e-01 3.480603015075e-04 2.582020451580e-01 3.480603015075e-04 3.433681084864e-01
3.504120603015e-04 2.522036727858e-01 3.504120603015e-04 1.450500000000e-01 3.504120603015e-04 2.580569824617e-01 3.504120603015e-04 3.434247707560e-01
3.527638190955e-04 2.522029646714e-01 3.527638190955e-04 1.450500000000e-01 3.527638190955e-04 2.579301341889e-01 3.527638190955e-04 3.434764012144e-01
3.551155778894e-04 2.522023930745e-01 3.551155778894e-04 1.450500000000e-01 3.551155778894e-04 2.578202137643e-01 3.551155778894e-04 3.435234383574e-01
3.574673366834e-04 2.522019316785e-01 3.574673366834e-04 1.450500000000e-01 3.574673366834e-04 2.577258304455e-01 3.574673366834e-04 3.435662838832e-01
3.598190954774e-04 2.522015592388e-01 3.598190954774e-04 1.450500000000e-01 3.598190954774e-04 2.576455494686e-01 3.598190954774e-04 3.436053055399e-01
3.621708542714e-04 2.522012586058e-01 3.621708542714e-04 1.450500000000e-01 3.621708542714e-04 2.575779400796e-01 3.621708542714e-04 3.436408397940e-01
3.645226130653e-04 2.522010159359e-01 3.645226130653e-04 1.450500000000e-01 3.645226130653e-04 2.575216121953e-01 3.645226130653e-04 3.436731943242e-01
3.668743718593e-04 2.522008200539e-01 3.668743718593e-04 1.450500000000e-01 3.668743718593e-04 2.574752429357e-01 3.668743718593e-04 3.437026503447e-01
3.692261306533e-04 2.522006619393e-01 3.692261306533e-04 1.450500000000e-01 3.692261306533e-04 2.574375945166e-01 3.692261306533e-04 3.437294647656e-01
3.715778894472e-04 2.522005343104e-01 3.715778894472e-04 1.450500000000e-01 3.715778894472e-04 2.574075250423e-01 3.715778894472e-04 3.437538721963e-01
3.739296482412e-04 2.522004312895e-01 3.739296482412e-04 1.450500000000e-01 3.739296482412e-04 2.573839936695e-01 3.739296482412e-04 3.437760868010e-01
3.762814070352e-04 2.522003481320e-01 3.762814070352e-04 1.450500000000e-01 3.762814070352e-04 2.573660614658e-01 3.762814070352e-04 3.437963040133e-01
3.786331658291e-04 2.522002810081e-01 3.786331658291e-04 1.450500000000e-01 3.786331658291e-04 2.573528891017e-01 3.786331658291e-04 3.438147021188e-01
3.809849246231e-04 2.522002268264e-01 3.809849246231e-04 1.450500000000e-01 3.809849246231e-04 2.573437323275e-01 3.809849246231e-04 3.438314437137e-01
3.833366834171e-04 2.522001830916e-01 3.833366834171e-04 1.450500000000e-01 3.833366834171e-04 2.573379359973e-01 3.833366834171e-04 3.438466770464e-01
3.856884422111e-04 2.522001477893e-01 3.856884422111e-04 1.450500000000e-01 3.856884422111e-04 2.573349272405e-01 3.856884422111e-04 3.438605372526e-01
3.880402010050e-04 2.522001192937e-01 3.880402010050e-04 1.450500000000e-01 3.880402010050e-04 2.573342082350e-01 3.880402010050e-04 3.438731474878e-01
3.903919597990e-04 2.522000962924e-01 3.903919597990e-04 1.450500000000e-01 3.903919597990e-04 2.573353489193e-01 3.903919597990e-04 3.438846199679e-01
3.927437185930e-04 2.522000777260e-01 3.927437185930e-04 1.450500000000e-01 3.927437185930e-04 2.573379798799e-01 3.927437185930e-04 3.438950569227e-01
3.950954773869e-04 2.522000627395e-01 3.950954773869e-04 1.450500000000e-01 3.950954773869e-04 2.573417855766e-01 3.950954773869e-04 3.439045514691e-01
3.974472361809e-04 2.522000506425e-01 3.974472361809e-04 1.450500000000e-01 3.974472361809e-04 2.573464980075e-01 3.974472361809e-04 3.439131884114e-01
3.997989949749e-04 2.522000408780e-01 3.997989949749e-04 1.450500000000e-01 3.997989949749e-04 2.573518908708e-01 3.997989949749e-04 3.439210449725e-01
4.021507537688e-04 2.522000329962e-01 4.021507537688e-04 1.450500000000e-01 4.021507537688e-04 2.573577742467e-01 4.021507537688e-04 3.439281914632e-01
4.045025125628e-04 2.522000266341e-01 4.045025125628e-04 1.450500000000e-01 4.045025125628e-04 2.573639898005e-01 4.045025125628e-04 3.439346918942e-01
4.068542713568e-04 2.522000214987e-01 4.068542713568e-04 1.450500000000e-01 4.068542713568e-04 2.573704064912e-01 4.068542713568e-04 3.439406045337e-01
4.092060301508e-04 2.522000173535e-01 4.092060301508e-04 1.450500000000e-01 4.092060301508e-04 2.573769167575e-01 4.092060301508e-04 3.439459824188e-01
4.115577889447e-04 2.522000140075e-01 4.115577889447e-04 1.450500000000e-01 4.115577889447e-04 2.573834331500e-01 4.115577889447e-04 3.439508738202e-01
4.139095477387e-04 2.522000113067e-01 4.139095477387e-04 1.450500000000e-01 4.139095477387e-04 2.573898853729e-01 4.139095477387e-04 3.439553226676e-01
4.162613065327e-04 2.522000091266e-01 4.162613065327e-04 1.450500000000e-01 4.162613065327e-04 2.573962176960e-01 4.162613065327e-04 3.439593689373e-01
4.186130653266e-04 2.522000073669e-01 4.186130653266e-04 1.450500000000e-01 4.186130653266e-04 2.574023867031e-01 4.186130653266e-04 3.439630490054e-01
4.209648241206e-04 2.522000059465e-01 4.209648241206e-04 1.450500000000e-01 4.209648241206e-04 2.574083593374e-01 4.209648241206e-04 3.439663959705e-01
4.233165829146e-04 2.522000047999e-01 4.233165829146e-04 1.450500000000e-01 4.233165829146e-04 2.574141112145e-01 4.233165829146e-04 3.439694399472e-01
4.256683417085e-04 2.522000038744e-01 4.256683417085e-04 1.450500000000e-01 4.256683417085e-04 2.574196251682e-01 4.256683417085e-04 3.439722083337e-01
4.280201005025e-04 2.522000031274e-01 4.280201005025e-04 1.450500000000e-01 4.280201005025e-04 2.574248900030e-01 4.280201005025e-04 3.439747260559e-01
4.303718592965e-04 2.522000025244e-01 4.303718592965e-04 1.450500000000e-01 4.303718592965e-04 2.574298994280e-01 4.303718592965e-04 3.439770157897e-01
4.327236180905e-04 2.522000020377e-01 4.327236180905e-04 1.450500000000e-01 4.327236180905e-04 2.574346511463e-01 4.327236180905e-04 3.439790981632e-01
4.350753768844e-04 2.522000016448e-01 4.350753768844e-04 1.450500000000e-01 4.350753768844e-04 2.574391460830e-01 4.350753768844e-04 3.439809919409e-01
4.374271356784e-04 2.522000013276e-01 4.374271356784e-04 1.450500000000e-01 4.374271356784e-04 2.574433877307e-01 4.374271356784e-04 3.439827141919e-01
4.397788944724e-04 2.522000010716e-01 4.397788944724e-04 1.450500000000e-01 4.397788944724e-04 2.574473815978e-01 4.397788944724e-04 3.439842804423e-01
4.421306532663e-04 2.522000008650e-01 4.421306532663e-04 1.450500000000e-01 4.421306532663e-04 2.574511347449e-01 4.421306532663e-04 3.439857048146e-01
4.444824120603e-04 2.522000006982e-01 4.444824120603e-04 1.450500000000e-01 4.444824120603e-04 2.574546553972e-01 4.444824120603e-04 3.439870001541e-01
4.468341708543e-04 2.522000005636e-01 4.468341708543e-04 1.450500000000e-01 4.468341708543e-04 2.574579526220e-01 4.468341708543e-04 3.439881781443e-01
4.491859296482e-04 2.522000004549e-01 4.491859296482e-04 1.450500000000e-01 4.491859296482e-04 2.574610360613e-01 4.491859296482e-04 3.439892494117e-01
4.515376884422e-04 2.522000003672e-01 4.515376884422e-04 1.450500000000e-01 4.515376884422e-04 2.574639157128e-01 4.515376884422e-04 3.439902236215e-01
4.538894472362e-04 2.522000002964e-01 4.538894472362e-04 1.450500000000e-01 4.538894472362e-04 2.574666017497e-01 4.538894472362e-04 3.439911095640e-01
4.562412060302e-04 2.522000002393e-01 4.562412060302e-04 1.450500000000e-01 4.562412060302e-04 2.574691043764e-01 4.562412060302e-04 3.439919152340e-01
4.585929648241e-04 2.522000001931e-01 4.585929648241e-04 1.450500000000e-01 4.585929648241e-04 2.574714337115e-01 4.585929648241e-04 3.439926479027e-01
4.609447236181e-04 2.522000001559e-01 4.609447236181e-04 1.450500000000e-01 4.609447236181e-04 2.574735996965e-01 4.609447236181e-04 3.439933141828e-01
4.632964824121e-04 2.522000001258e-01 4.632964824121e-04 1.450500000000e-01 4.632964824121e-04 2.574756120242e-01 4.632964824121e-04 3.439939200886e-01
4.656482412060e-04 2.522000001016e-01 4.656482412060e-04 1.450500000000e-01 4.656482412060e-04 2.574774800842e-01 4.656482412060e-04 3.439944710896e-01
4.680000000000e-04 2.522000000820e-01 4.680000000000e-04 1.450500000000e-01 4.680000000000e-04 2.574792129229e-01 4.680000000000e-04 3.439949721600e-01
