0.000000000000e+00 3.481000000000e-01 0.000000000000e+00 2.460998486824e-01 0.000000000000e+00 1.714014508292e-01 0.000000000000e+00 2.344000000000e-01
2.115577889447e-06 3.481000000000e-01 2.115577889447e-06 2.460998282769e-01 2.115577889447e-06 1.714015897040e-01 2.115577889447e-06 2.344000000000e-01
4.231155778894e-06 3.481000000000e-01 4.231155778894e-06 2.460998051196e-01 4.231155778894e-06 1.714017418715e-01 4.231155778894e-06 2.344000000000e-01
6.346733668342e-06 3.481000000000e-01 6.346733668342e-06 2.460997788394e-01 6.346733668342e-06 1.714019086038e-01 6.346733668342e-06 2.344000000000e-01
8.462311557789e-06 3.481000000000e-01 8.462311557789e-06 2.460997490151e-01 8.462311557789e-06 1.714020912951e-01 8.462311557789e-06 2.344000000000e-01
1.057788944724e-05 3.481000000000e-01 1.057788944724e-05 2.460997151688e-01 1.057788944724e-05 1.714022914724e-01 1.057788944724e-05 2.344000000000e-01
1.269346733668e-05 3.481000000000e-01 1.269346733668e-05 2.460996767580e-01 1.269346733668e-05 1.714025108095e-01 1.269346733668e-05 2.344000000000e-01
1.480904522613e-05 3.481000000000e-01 1.480904522613e-05 2.460996331672e-01 1.480904522613e-05 1.714027511398e-01 1.480904522613e-05 2.344000000000e-01
1.692462311558e-05 3.481000000000e-01 1.692462311558e-05 2.460995836976e-01 1.692462311558e-05 1.714030144724e-01 1.692462311558e-05 2.344000000000e-01
1.904020100503e-05 3.481000000000e-01 1.904020100503e-05 2.460995275565e-01 1.904020100503e-05 1.714033030084e-01 1.904020100503e-05 2.344000000001e-01
2.115577889447e-05 3.481000000000e-01 2.115577889447e-05 2.460994638439e-01 2.115577889447e-05 1.714036191598e-01 2.115577889447e-05 2.344000000001e-01
2.327135678392e-05 3.481000000000e-01 2.327135678392e-05 2.460993915388e-01 2.327135678392e-05 1.714039655691e-01 2.327135678392e-05 2.344000000001e-01
2.538693467337e-05 3.480999999999e-01 2.538693467337e-05 2.460993094821e-01 2.538693467337e-05 1.714043451314e-01 2.538693467337e-05 2.344000000001e-01
2.750251256281e-05 3.480999999999e-01 2.750251256281e-05 2.460992163584e-01 2.750251256281e-05 1.714047610191e-01 2.750251256281e-05 2.344000000002e-01
2.961809045226e-05 3.480999999999e-01 2.961809045226e-05 2.460991106750e-01 2.961809045226e-05 1.714052167076e-01 2.961809045226e-05 2.344000000003e-01
3.173366834171e-05 3.480999999999e-01 3.173366834171e-05 2.460989907376e-01 3.173366834171e-05 1.714057160051e-01 3.173366834171e-05 2.344000000004e-01
3.384924623116e-05 3.480999999998e-01 3.384924623116e-05 2.460988546235e-01 3.384924623116e-05 1.714062630835e-01 3.384924623116e-05 2.344000000005e-01
3.596482412060e-05 3.480999999997e-01 3.596482412060e-05 2.460987001502e-01 3.596482412060e-05 1.714068625138e-01 3.596482412060e-05 2.344000000008e-01
3.808040201005e-05 3.480999999997e-01 3.808040201005e-05 2.460985248411e-01 3.808040201005e-05 1.714075193040e-01 3.808040201005e-05 2.344000000011e-01
4.019597989950e-05 3.480999999995e-01 4.019597989950e-05 2.460983258850e-01 4.019597989950e-05 1.714082389407e-01 4.019597989950e-05 2.344000000015e-01
4.231155778894e-05 3.480999999994e-01 4.231155778894e-05 2.460981000914e-01 4.231155778894e-05 1.714090274351e-01 4.231155778894e-05 2.344000000020e-01
4.442713567839e-05 3.480999999992e-01 4.442713567839e-05 2.460978438390e-01 4.442713567839e-05 1.714098913725e-01 4.442713567839e-05 2.344000000028e-01
4.654271356784e-05 3.480999999989e-01 4.654271356784e-05 2.460975530178e-01 4.654271356784e-05 1.714108379676e-01 4.654271356784e-05 2.344000000039e-01
4.865829145729e-05 3.480999999985e-01 4.865829145729e-05 2.460972229625e-01 4.865829145729e-05 1.714118751244e-01 4.865829145729e-05 2.344000000054e-01
5.077386934673e-05 3.480999999979e-01 5.077386934673e-05 2.460968483780e-01 5.077386934673e-05 1.714130115015e-01 5.077386934673e-05 2.344000000075e-01
5.288944723618e-05 3.480999999972e-01 5.288944723618e-05 2.460964232541e-01 5.288944723618e-05 1.714142565847e-01 5.288944723618e-05 2.344000000104e-01
5.500502512563e-05 3.480999999963e-01 5.500502512563e-05 2.460959407683e-01 5.500502512563e-05 1.714156207649e-01 5.500502512563e-05 2.344000000144e-01
5.712060301508e-05 3.480999999949e-01 5.712060301508e-05 2.460953931765e-01 5.712060301508e-05 1.714171154250e-01 5.712060301508e-05 2.344000000200e-01
5.923618090452e-05 3.480999999932e-01 5.923618090452e-05 2.460947716880e-01 5.923618090452e-05 1.714187530341e-01 5.923618090452e-05 2.344000000277e-01
6.135175879397e-05 3.480999999908e-01 6.135175879397e-05 2.460940663236e-01 6.135175879397e-05 1.714205472503e-01 6.135175879397e-05 2.344000000384e-01
6.346733668342e-05 3.480999999876e-01 6.346733668342e-05 2.460932657546e-01 6.346733668342e-05 1.714225130344e-01 6.346733668342e-05 2.344000000532e-01
6.558291457286e-05 3.480999999832e-01 6.558291457286e-05 2.460923571202e-01 6.558291457286e-05 1.714246667728e-01 6.558291457286e-05 2.344000000738e-01
6.769849246231e-05 3.480999999773e-01 6.769849246231e-05 2.460913258193e-01 6.769849246231e-05 1.714270264136e-01 6.769849246231e-05 2.344000001024e-01
6.981407035176e-05 3.480999999694e-01 6.981407035176e-05 2.460901552744e-01 6.981407035176e-05 1.714296116138e-01 6.981407035176e-05 2.344000001420e-01
7.192964824121e-05 3.480999999587e-01 7.192964824121e-05 2.460888266630e-01 7.192964824121e-05 1.714324439018e-01 7.192964824121e-05 2.344000001969e-01
7.404522613065e-05 3.480999999442e-01 7.404522613065e-05 2.460873186128e-01 7.404522613065e-05 1.714355468538e-01 7.404522613065e-05 2.344000002730e-01
7.616080402010e-05 3.480999999247e-01 7.616080402010e-05 2.460856068545e-01 7.616080402010e-05 1.714389462881e-01 7.616080402010e-05 2.344000003785e-01
7.827638190955e-05 3.480999998984e-01 7.827638190955e-05 2.460836638272e-01 7.827638190955e-05 1.714426704759e-01 7.827638190955e-05 2.344000005249e-01
8.039195979899e-05 3.480999998628e-01 8.039195979899e-05 2.460814582300e-01 8.039195979899e-05 1.714467503731e-01 8.039195979899e-05 2.344000007279e-01
8.250753768844e-05 3.480999998148e-01 8.250753768844e-05 2.460789545111e-01 8.250753768844e-05 1.714512198727e-01 8.250753768844e-05 2.344000010094e-01
8.462311557789e-05 3.480999997499e-01 8.462311557789e-05 2.460761122873e-01 8.462311557789e-05 1.714561160808e-01 8.462311557789e-05 2.344000013997e-01
8.673869346734e-05 3.480999996624e-01 8.673869346734e-05 2.460728856823e-01 8.673869346734e-05 1.714614796182e-01 8.673869346734e-05 2.344000019409e-01
8.885427135678e-05 3.480999995441e-01 8.885427135678e-05 2.460692225741e-01 8.885427135678e-05 1.714673549494e-01 8.885427135678e-05 2.344000026914e-01
9.096984924623e-05 3.480999993845e-01 9.096984924623e-05 2.460650637374e-01 9.096984924623e-05 1.714737907417e-01 9.096984924623e-05 2.344000037321e-01
9.308542713568e-05 3.480999991689e-01 9.308542713568e-05 2.460603418661e-01 9.308542713568e-05 1.714808402574e-01 9.308542713568e-05 2.344000051752e-01
9.520100502513e-05 3.480999988776e-01 9.520100502513e-05 2.460549804595e-01 9.520100502513e-05 1.714885617810e-01 9.520100502513e-05 2.344000071764e-01
9.731658291457e-05 3.480999984843e-01 9.731658291457e-05 2.460488925519e-01 9.731658291457e-05 1.714970190857e-01 9.731658291457e-05 2.344000099515e-01
9.943216080402e-05 3.480999979529e-01 9.943216080402e-05 2.460419792627e-01 9.943216080402e-05 1.715062819409e-01 9.943216080402e-05 2.344000137996e-01
1.015477386935e-04 3.480999972349e-01 1.015477386935e-04 2.460341281414e-01 1.015477386935e-04 1.715164266664e-01 1.015477386935e-04 2.344000191357e-01
1.036633165829e-04 3.480999962648e-01 1.036633165829e-04 2.460252112771e-01 1.036633165829e-04 1.715275367351e-01 1.036633165829e-04 2.344000265353e-01
1.057788944724e-04 3.480999949535e-01 1.057788944724e-04 2.460150831372e-01 1.057788944724e-04 1.715397034296e-01 1.057788944724e-04 2.344000367964e-01
1.078944723618e-04 3.480999931809e-01 1.078944723618e-04 2.460035780949e-01 1.078944723618e-04 1.715530265572e-01 1.078944723618e-04 2.344000510254e-01
1.100100502513e-04 3.480999907840e-01 1.100100502513e-04 2.459905075989e-01 1.100100502513e-04 1.715676152282e-01 1.100100502513e-04 2.344000707568e-01
1.121256281407e-04 3.480999875419e-01 1.121256281407e-04 2.459756569305e-01 1.121256281407e-04 1.715835887029e-01 1.121256281407e-04 2.344000981184e-01
1.142412060302e-04 3.480999831551e-01 1.142412060302e-04 2.459587814842e-01 1.142412060302e-04 1.716010773139e-01 1.142412060302e-04 2.344001360611e-01
1.163567839196e-04 3.480999772169e-01 1.163567839196e-04 2.459396024983e-01 1.163567839196e-04 1.716202234716e-01 1.163567839196e-04 2.344001886767e-01
1.184723618090e-04 3.480999691749e-01 1.184723618090e-04 2.459178021477e-01 1.184723618090e-04 1.716411827591e-01 1.184723618090e-04 2.344002616398e-01
1.205879396985e-04 3.480999582775e-01 1.205879396985e-04 2.458930178983e-01 1.205879396985e-04 1.716641251300e-01 1.205879396985e-04 2.344003628194e-01
1.227035175879e-04 3.480999435013e-01 1.227035175879e-04 2.458648360036e-01 1.227035175879e-04 1.716892362174e-01 1.227035175879e-04 2.344005031279e-01
1.248190954774e-04 3.480999234504e-01 1.248190954774e-04 2.458327840014e-01 1.248190954774e-04 1.717167187730e-01 1.248190954774e-04 2.344006976983e-01
1.269346733668e-04 3.480998962179e-01 1.269346733668e-04 2.457963220467e-01 1.269346733668e-04 1.717467942533e-01 1.269346733668e-04 2.344009675166e-01
1.290502512563e-04 3.480998591933e-01 1.290502512563e-04 2.457548328833e-01 1.290502512563e-04 1.717797045801e-01 1.290502512563e-04 2.344013416853e-01
1.311658291457e-04 3.480998087960e-01 1.311658291457e-04 2.457076102220e-01 1.311658291457e-04 1.718157141100e-01 1.311658291457e-04 2.344018605628e-01
1.332814070352e-04 3.480997401016e-01 1.332814070352e-04 2.456538452473e-01 1.332814070352e-04 1.718551118593e-01 1.332814070352e-04 2.344025801170e-01
1.353969849246e-04 3.480996463190e-01 1.353969849246e-04 2.455926109244e-01 1.353969849246e-04 1.718982140503e-01 1.353969849246e-04 2.344035779611e-01
1.375125628141e-04 3.480995180528e-01 1.375125628141e-04 2.455228437119e-01 1.375125628141e-04 1.719453670697e-01 1.375125628141e-04 2.344049617237e-01
1.396281407035e-04 3.480993422588e-01 1.396281407035e-04 2.454433222067e-01 1.396281407035e-04 1.719969509677e-01 1.396281407035e-04 2.344068806524e-01
1.417437185930e-04 3.480991007549e-01 1.417437185930e-04 2.453526421588e-01 1.417437185930e-04 1.720533836773e-01 1.417437185930e-04 2.344095416982e-01
1.438592964824e-04 3.480987680879e-01 1.438592964824e-04 2.452491871734e-01 1.438592964824e-04 1.721151262127e-01 1.438592964824e-04 2.344132318067e-01
1.459748743719e-04 3.480983084565e-01 1.459748743719e-04 2.451310942863e-01 1.459748743719e-04 1.721826892097e-01 1.459748743719e-04 2.344183487983e-01
1.480904522613e-04 3.480976712462e-01 1.480904522613e-04 2.449962134330e-01 1.480904522613e-04 1.722566413279e-01 1.480904522613e-04 2.344254441305e-01
1.502060301508e-04 3.480967845072e-01 1.502060301508e-04 2.448420596355e-01 1.502060301508e-04 1.723376202556e-01 1.502060301508e-04 2.344352820689e-01
1.523216080402e-04 3.480955453671e-01 1.523216080402e-04 2.446657565054e-01 1.523216080402e-04 1.724263473684e-01 1.523216080402e-04 2.344489214880e-01
1.544371859296e-04 3.480938058469e-01 1.544371859296e-04 2.444639693972e-01 1.544371859296e-04 1.725236475430e-01 1.544371859296e-04 2.344678288020e-01
1.565527638191e-04 3.480913517466e-01 1.565527638191e-04 2.442328262544e-01 1.565527638191e-04 1.726304762550e-01 1.565527638191e-04 2.344940335718e-01
1.586683417085e-04 3.480878710284e-01 1.586683417085e-04 2.439678238845e-01 1.586683417085e-04 1.727479569871e-01 1.586683417085e-04 2.345303423382e-01
1.607839195980e-04 3.480829062040e-01 1.607839195980e-04 2.436637171057e-01 1.607839195980e-04 1.728774332309e-01 1.607839195980e-04 2.345806313526e-01
1.628994974874e-04 3.480757822654e-01 1.628994974874e-04 2.433143879883e-01 1.628994974874e-04 1.730205411276e-01 1.628994974874e-04 2.346502451607e-01
1.650150753769e-04 3.480654970833e-01 1.650150753769e-04 2.429126923725e-01 1.650150753769e-04 1.731793112422e-01 1.650150753769e-04 2.347465351882e-01
1.671306532663e-04 3.480505540534e-01 1.671306532663e-04 2.424502811502e-01 1.671306532663e-04 1.733563113310e-01 1.671306532663e-04 2.348795795852e-01
1.692462311558e-04 3.480287057227e-01 1.692462311558e-04 2.419173947468e-01 1.692462311558e-04 1.735548465026e-01 1.692462311558e-04 2.350631302288e-01
1.713618090452e-04 3.479965601508e-01 1.713618090452e-04 2.413026312603e-01 1.713618090452e-04 1.737792391484e-01 1.713618090452e-04 2.353158298394e-01
1.734773869347e-04 3.479489759617e-01 1.734773869347e-04 2.405926924928e-01 1.734773869347e-04 1.740352185447e-01 1.734773869347e-04 2.356627218322e-01
1.755929648241e-04 3.478781336008e-01 1.755929648241e-04 2.397721185713e-01 1.755929648241e-04 1.743304588192e-01 1.755929648241e-04 2.361370204660e-01
1.777085427136e-04 3.477721150363e-01 1.777085427136e-04 2.388230322733e-01 1.777085427136e-04 1.746753127443e-01 1.777085427136e-04 2.367819915852e-01
1.798241206030e-04 3.476127498684e-01 1.798241206030e-04 2.377249300175e-01 1.798241206030e-04 1.750837941244e-01 1.798241206030e-04 2.376525777674e-01
1.819396984925e-04 3.473723995804e-01 1.819396984925e-04 2.364545791796e-01 1.819396984925e-04 1.755748557019e-01 1.819396984925e-04 2.388160519463e-01
1.840552763819e-04 3.470092884870e-01 1.840552763819e-04 2.349861115186e-01 1.840552763819e-04 1.761739770457e-01 1.840552763819e-04 2.403505099538e-01
1.861708542714e-04 3.464610555798e-01 1.861708542714e-04 2.332914384022e-01 1.861708542714e-04 1.769149897052e-01 1.861708542714e-04 2.423395563106e-01
1.882864321608e-04 3.456366563977e-01 1.882864321608e-04 2.313411489089e-01 1.882864321608e-04 1.778418799224e-01 1.882864321608e-04 2.448615035886e-01
1.904020100503e-04 3.444081217812e-01 1.904020100503e-04 2.291060728291e-01 1.904020100503e-04 1.790099641154e-01 1.904020100503e-04 2.479725267469e-01
1.925175879397e-04 3.426067961052e-01 1.925175879397e-04 2.265596729543e-01 1.925175879397e-04 1.804852892735e-01 1.925175879397e-04 2.516862513699e-01
1.946331658291e-04 3.400339575490e-01 1.946331658291e-04 2.236813416070e-01 1.946331658291e-04 1.823404424615e-01 1.946331658291e-04 2.559569887028e-01
1.967487437186e-04 3.365006656547e-01 1.967487437186e-04 2.204604825338e-01 1.967487437186e-04 1.846445338743e-01 1.967487437186e-04 2.606777046130e-01
1.988643216080e-04 3.319064639191e-01 1.988643216080e-04 2.169009523797e-01 1.988643216080e-04 1.874458177859e-01 1.988643216080e-04 2.657021880214e-01
2.009798994975e-04 3.263361419663e-01 2.009798994975e-04 2.130250655302e-01 2.009798994975e-04 1.907484275201e-01 2.009798994975e-04 2.708909834612e-01
2.030954773869e-04 3.201049240105e-01 2.030954773869e-04 2.088760664676e-01 2.030954773869e-04 1.944903007777e-01 2.030954773869e-04 2.761664911983e-01
2.052110552764e-04 3.136779425204e-01 2.052110552764e-04 2.045179453602e-01 2.052110552764e-04 1.985347154511e-01 2.052110552764e-04 2.815533317197e-01
2.073266331658e-04 3.074867780418e-01 2.073266331658e-04 2.000318865842e-01 2.073266331658e-04 2.026866612776e-01 2.073266331658e-04 2.871806118293e-01
2.094422110553e-04 3.017753025580e-01 2.094422110553e-04 1.955094905443e-01 2.094422110553e-04 2.067335266585e-01 2.094422110553e-04 2.932303290720e-01
2.115577889447e-04 2.965774535137e-01 2.115577889447e-04 1.910439218656e-01 2.115577889447e-04 2.104937523425e-01 2.115577889447e-04 2.998308281784e-01
2.136733668342e-04 2.918026404693e-01 2.136733668342e-04 1.867208569555e-01 2.136733668342e-04 2.138513231505e-01 2.136733668342e-04 3.069267494255e-01
2.157889447236e-04 2.873407949639e-01 2.157889447236e-04 1.826111624508e-01 2.157889447236e-04 2.167640659649e-01 2.157889447236e-04 3.142045212151e-01
2.179045226131e-04 2.831284595714e-01 2.179045226131e-04 1.787666040833e-01 2.179045226131e-04 2.192497078711e-01 2.179045226131e-04 3.211586340863e-01
2.200201005025e-04 2.791657917216e-01 2.200201005025e-04 1.752188940082e-01 2.200201005025e-04 2.213623446940e-01 2.200201005025e-04 3.272873263342e-01
2.221356783920e-04 2.754995438025e-01 2.221356783920e-04 1.719814936210e-01 2.221356783920e-04 2.231705093738e-01 2.221356783920e-04 3.322827950224e-01
2.242512562814e-04 2.721923253187e-01 2.242512562814e-04 1.690531082396e-01 2.242512562814e-04 2.247420610329e-01 2.242512562814e-04 3.360912820491e-01
2.263668341709e-04 2.692946823422e-01 2.263668341709e-04 1.664217810915e-01 2.263668341709e-04 2.261361736293e-01 2.263668341709e-04 3.388471529467e-01
2.284824120603e-04 2.668290642849e-01 2.284824120603e-04 1.640687623454e-01 2.284824120603e-04 2.274004904944e-01 2.284824120603e-04 3.407670169007e-01
2.305979899497e-04 2.647868944247e-01 2.305979899497e-04 1.619716918365e-01 2.305979899497e-04 2.285712672078e-01 2.305979899497e-04 3.420699615707e-01
2.327135678392e-04 2.631347334902e-01 2.327135678392e-04 1.601069467504e-01 2.327135678392e-04 2.296748850689e-01 2.327135678392e-04 3.429391608277e-01
2.348291457286e-04 2.618241034975e-01 2.348291457286e-04 1.584512085143e-01 2.348291457286e-04 2.307297686556e-01 2.348291457286e-04 3.435127925046e-01
2.369447236181e-04 2.608008379984e-01 2.369447236181e-04 1.569823999403e-01 2.369447236181e-04 2.317482243034e-01 2.369447236181e-04 3.438889645112e-01
2.390603015075e-04 2.600119539650e-01 2.390603015075e-04 1.556801655497e-01 2.390603015075e-04 2.327380077794e-01 2.390603015075e-04 3.441348192434e-01
2.411758793970e-04 2.594097157832e-01 2.411758793970e-04 1.545260489531e-01 2.411758793970e-04 2.337035806228e-01 2.411758793970e-04 3.442952856827e-01
2.432914572864e-04 2.589534235234e-01 2.432914572864e-04 1.535034864840e-01 2.432914572864e-04 2.346470814368e-01 2.432914572864e-04 3.444000217561e-01
2.454070351759e-04 2.586096885934e-01 2.454070351759e-04 1.525977008254e-01 2.454070351759e-04 2.355690606689e-01 2.454070351759e-04 3.444684481844e-01
2.475226130653e-04 2.583518648990e-01 2.475226130653e-04 1.517955488663e-01 2.475226130653e-04 2.364690288799e-01 2.475226130653e-04 3.445132254374e-01
2.496381909548e-04 2.581591071834e-01 2.496381909548e-04 1.510853562234e-01 2.496381909548e-04 2.373458618513e-01 2.496381909548e-04 3.445425891616e-01
2.517537688442e-04 2.580153435602e-01 2.517537688442e-04 1.504567561042e-01 2.517537688442e-04 2.381980972172e-01 2.517537688442e-04 3.445618932576e-01
2.538693467337e-04 2.579083136471e-01 2.538693467337e-04 1.499005409000e-01 2.538693467337e-04 2.390241492268e-01 2.538693467337e-04 3.445746196101e-01
2.559849246231e-04 2.578287374258e-01 2.559849246231e-04 1.494085294698e-01 2.559849246231e-04 2.398224616183e-01 2.559849246231e-04 3.445830351692e-01
2.581005025126e-04 2.577696309522e-01 2.581005025126e-04 1.489734501828e-01 2.581005025126e-04 2.405916134956e-01 2.581005025126e-04 3.445886182962e-01
2.602160804020e-04 2.577257603931e-01 2.602160804020e-04 1.485888384266e-01 2.602160804020e-04 2.413303893412e-01 2.602160804020e-04 3.445923350520e-01
2.623316582915e-04 2.576932156159e-01 2.623316582915e-04 1.482489468110e-01 2.623316582915e-04 2.420378215825e-01 2.623316582915e-04 3.445948182184e-01
2.644472361809e-04 2.576690820617e-01 2.644472361809e-04 1.479486662758e-01 2.644472361809e-04 2.427132121767e-01 2.644472361809e-04 3.445964833686e-01
2.665628140704e-04 2.576511908918e-01 2.665628140704e-04 1.476834564908e-01 2.665628140704e-04 2.433561382737e-01 2.665628140704e-04 3.445976042104e-01
2.686783919598e-04 2.576379301682e-01 2.686783919598e-04 1.474492841846e-01 2.686783919598e-04 2.439664459858e-01 2.686783919598e-04 3.445983615714e-01
2.707939698492e-04 2.576281029323e-01 2.707939698492e-04 1.472425682880e-01 2.707939698492e-04 2.445442355123e-01 2.707939698492e-04 3.445988753074e-01
2.729095477387e-04 2.576208209561e-01 2.729095477387e-04 1.470601309856e-01 2.729095477387e-04 2.450898402579e-01 2.729095477387e-04 3.445992251343e-01
2.750251256281e-04 2.576154254273e-01 2.750251256281e-04 1.468991539445e-01 2.750251256281e-04 2.456038020884e-01 2.750251256281e-04 3.445994642602e-01
2.771407035176e-04 2.576114278646e-01 2.771407035176e-04 1.467571391202e-01 2.771407035176e-04 2.460868444524e-01 2.771407035176e-04 3.445996283314e-01
2.792562814070e-04 2.576084661720e-01 2.792562814070e-04 1.466318736420e-01 2.792562814070e-04 2.465398447427e-01 2.792562814070e-04 3.445997413187e-01
2.813718592965e-04 2.576062719873e-01 2.813718592965e-04 1.465213983514e-01 2.813718592965e-04 2.469638069640e-01 2.813718592965e-04 3.445998194041e-01
2.834874371859e-04 2.576046464443e-01 2.834874371859e-04 1.464239796301e-01 2.834874371859e-04 2.473598355111e-01 2.834874371859e-04 3.445998735532e-01
2.856030150754e-04 2.576034421894e-01 2.856030150754e-04 1.463380841901e-01 2.856030150754e-04 2.477291106338e-01 2.856030150754e-04 3.445999112262e-01
2.877185929648e-04 2.576025500454e-01 2.877185929648e-04 1.462623565402e-01 2.877185929648e-04 2.480728659731e-01 2.877185929648e-04 3.445999375174e-01
2.898341708543e-04 2.576018891248e-01 2.898341708543e-04 1.461955988642e-01 2.898341708543e-04 2.483923683978e-01 2.898341708543e-04 3.445999559191e-01
2.919497487437e-04 2.576013995013e-01 2.919497487437e-04 1.461367530757e-01 2.919497487437e-04 2.486889002416e-01 2.919497487437e-04 3.445999688341e-01
2.940653266332e-04 2.576010367786e-01 2.940653266332e-04 1.460848848317e-01 2.940653266332e-04 2.489637439402e-01 2.940653266332e-04 3.445999779214e-01
2.961809045226e-04 2.576007680668e-01 2.961809045226e-04 1.460391693075e-01 2.961809045226e-04 2.492181689944e-01 2.961809045226e-04 3.445999843306e-01
2.982964824121e-04 2.576005689999e-01 2.982964824121e-04 1.459988785527e-01 2.982964824121e-04 2.494534211298e-01 2.982964824121e-04 3.445999888609e-01
3.004120603015e-04 2.576004215273e-01 3.004120603015e-04 1.459633702632e-01 3.004120603015e-04 2.496707134864e-01 3.004120603015e-04 3.445999920695e-01
3.025276381910e-04 2.576003122767e-01 3.025276381910e-04 1.459320778207e-01 3.025276381910e-04 2.498712196516e-01 3.025276381910e-04 3.445999943461e-01
3.046432160804e-04 2.576002313416e-01 3.046432160804e-04 1.459045014635e-01 3.046432160804e-04 2.500560683384e-01 3.046432160804e-04 3.445999959642e-01
3.067587939698e-04 2.576001713832e-01 3.067587939698e-04 1.458802004666e-01 3.067587939698e-04 2.502263395089e-01 3.067587939698e-04 3.445999971160e-01
3.088743718593e-04 2.576001269647e-01 3.088743718593e-04 1.458587862193e-01 3.088743718593e-04 2.503830617509e-01 3.088743718593e-04 3.445999979371e-01
3.109899497487e-04 2.576000940585e-01 3.109899497487e-04 1.458399161033e-01 3.109899497487e-04 2.505272107238e-01 3.109899497487e-04 3.445999985230e-01
3.131055276382e-04 2.576000696808e-01 3.131055276382e-04 1.458232880784e-01 3.131055276382e-04 2.506597085029e-01 3.131055276382e-04 3.445999989417e-01
3.152211055276e-04 2.576000516213e-01 3.152211055276e-04 1.458086359002e-01 3.152211055276e-04 2.507814236696e-01 3.152211055276e-04 3.445999992412e-01
3.173366834171e-04 2.576000382423e-01 3.173366834171e-04 1.457957248940e-01 3.173366834171e-04 2.508931720066e-01 3.173366834171e-04 3.445999994555e-01
3.194522613065e-04 2.576000283309e-01 3.194522613065e-04 1.457843482242e-01 3.194522613065e-04 2.509957176766e-01 3.194522613065e-04 3.445999996091e-01
3.215678391960e-04 2.576000209882e-01 3.215678391960e-04 1.457743236015e-01 3.215678391960e-04 2.510897747777e-01 3.215678391960e-04 3.445999997192e-01
3.236834170854e-04 2.576000155486e-01 3.236834170854e-04 1.457654903763e-01 3.236834170854e-04 2.511760091818e-01 3.236834170854e-04 3.445999997982e-01
3.257989949749e-04 2.576000115188e-01 3.257989949749e-04 1.457577069753e-01 3.257989949749e-04 2.512550405797e-01 3.257989949749e-04 3.445999998550e-01
3.279145728643e-04 2.576000085334e-01 3.279145728643e-04 1.457508486396e-01 3.279145728643e-04 2.513274446638e-01 3.279145728643e-04 3.445999998957e-01
3.300301507538e-04 2.576000063218e-01 3.300301507538e-04 1.457448054307e-01 3.300301507538e-04 2.513937553954e-01 3.300301507538e-04 3.445999999250e-01
3.321457286432e-04 2.576000046834e-01 3.321457286432e-04 1.457394804718e-01 3.321457286432e-04 2.514544673104e-01 3.321457286432e-04 3.445999999460e-01
3.342613065327e-04 2.576000034696e-01 3.342613065327e-04 1.457347883972e-01 3.342613065327e-04 2.515100378262e-01 3.342613065327e-04 3.445999999611e-01
3.363768844221e-04 2.576000025703e-01 3.363768844221e-04 1.457306539856e-01 3.363768844221e-04 2.515608895216e-01 3.363768844221e-04 3.445999999720e-01
3.384924623116e-04 2.576000019042e-01 3.384924623116e-04 1.457270109552e-01 3.384924623116e-04 2.516074123651e-01 3.384924623116e-04 3.445999999799e-01
3.406080402010e-04 2.576000014107e-01 3.406080402010e-04 1.457238009018e-01 3.406080402010e-04 2.516499658764e-01 3.406080402010e-04 3.445999999855e-01
3.427236180905e-04 2.576000010451e-01 3.427236180905e-04 1.457209723628e-01 3.427236180905e-04 2.516888812054e-01 3.427236180905e-04 3.445999999895e-01
3.448391959799e-04 2.576000007742e-01 3.448391959799e-04 1.457184799924e-01 3.448391959799e-04 2.517244631217e-01 3.448391959799e-04 3.445999999925e-01
3.469547738693e-04 2.576000005736e-01 3.469547738693e-04 1.457162838346e-01 3.469547738693e-04 2.517569919072e-01 3.469547738693e-04 3.445999999946e-01
3.490703517588e-04 2.576000004249e-01 3.490703517588e-04 1.457143486827e-01 3.490703517588e-04 2.517867251495e-01 3.490703517588e-04 3.445999999961e-01
3.511859296482e-04 2.576000003148e-01 3.511859296482e-04 1.457126435148e-01 3.511859296482e-04 2.518138994331e-01 3.511859296482e-04 3.445999999972e-01
3.533015075377e-04 2.576000002332e-01 3.533015075377e-04 1.457111409964e-01 3.533015075377e-04 2.518387319300e-01 3.533015075377e-04 3.445999999980e-01
3.554170854271e-04 2.576000001728e-01 3.554170854271e-04 1.457098170420e-01 3.554170854271e-04 2.518614218909e-01 3.554170854271e-04 3.445999999985e-01
3.575326633166e-04 2.576000001280e-01 3.575326633166e-04 1.457086504290e-01 3.575326633166e-04 2.518821520384e-01 3.575326633166e-04 3.445999999989e-01
3.596482412060e-04 2.576000000948e-01 3.596482412060e-04 1.457076224575e-01 3.596482412060e-04 2.519010898673e-01 3.596482412060e-04 3.445999999992e-01
3.617638190955e-04 2.576000000702e-01 3.617638190955e-04 1.457067166499e-01 3.617638190955e-04 2.519183888542e-01 3.617638190955e-04 3.445999999995e-01
3.638793969849e-04 2.576000000520e-01 3.638793969849e-04 1.457059184876e-01 3.638793969849e-04 2.519341895810e-01 3.638793969849e-04 3.445999999996e-01
3.659949748744e-04 2.576000000385e-01 3.659949748744e-04 1.457052151772e-01 3.659949748744e-04 2.519486207768e-01 3.659949748744e-04 3.445999999997e-01
3.681105527638e-04 2.576000000286e-01 3.681105527638e-04 1.457045954461e-01 3.681105527638e-04 2.519618002830e-01 3.681105527638e-04 3.445999999998e-01
3.702261306533e-04 2.576000000212e-01 3.702261306533e-04 1.457040493615e-01 3.702261306533e-04 2.519738359451e-01 3.702261306533e-04 3.445999999999e-01
3.723417085427e-04 2.576000000157e-01 3.723417085427e-04 1.457035681711e-01 3.723417085427e-04 2.519848264367e-01 3.723417085427e-04 3.445999999999e-01
3.744572864322e-04 2.576000000116e-01 3.744572864322e-04 1.457031441627e-01 3.744572864322e-04 2.519948620194e-01 3.744572864322e-04 3.445999999999e-01
3.765728643216e-04 2.576000000086e-01 3.765728643216e-04 1.457027705409e-01 3.765728643216e-04 2.520040252433e-01 3.765728643216e-04 3.445999999999e-01
3.786884422111e-04 2.576000000064e-01 3.786884422111e-04 1.457024413178e-01 3.786884422111e-04 2.520123915915e-01 3.786884422111e-04 3.446000000000e-01
3.808040201005e-04 2.576000000047e-01 3.808040201005e-04 1.457021512171e-01 3.808040201005e-04 2.520200300741e-01 3.808040201005e-04 3.446000000000e-01
3.829195979899e-04 2.576000000035e-01 3.829195979899e-04 1.457018955897e-01 3.829195979899e-04 2.520270037731e-01 3.829195979899e-04 3.446000000000e-01
3.850351758794e-04 2.576000000026e-01 3.850351758794e-04 1.457016703389e-01 3.850351758794e-04 2.520333703437e-01 3.850351758794e-04 3.446000000000e-01
3.871507537688e-04 2.576000000019e-01 3.871507537688e-04 1.457014718548e-01 3.871507537688e-04 2.520391824745e-01 3.871507537688e-04 3.446000000000e-01
3.892663316583e-04 2.576000000014e-01 3.892663316583e-04 1.457012969568e-01 3.892663316583e-04 2.520444883095e-01 3.892663316583e-04 3.446000000000e-01
3.913819095477e-04 2.576000000011e-01 3.913819095477e-04 1.457011428419e-01 3.913819095477e-04 2.520493318356e-01 3.913819095477e-04 3.446000000000e-01
3.934974874372e-04 2.576000000008e-01 3.934974874372e-04 1.457010070404e-01 3.934974874372e-04 2.520537532377e-01 3.934974874372e-04 3.446000000000e-01
3.956130653266e-04 2.576000000006e-01 3.956130653266e-04 1.457008873761e-01 3.956130653266e-04 2.520577892238e-01 3.956130653266e-04 3.446000000000e-01
3.977286432161e-04 2.576000000004e-01 3.977286432161e-04 1.457007819314e-01 3.977286432161e-04 2.520614733233e-01 3.977286432161e-04 3.446000000000e-01
3.998442211055e-04 2.576000000003e-01 3.998442211055e-04 1.457006890166e-01 3.998442211055e-04 2.520648361602e-01 3.998442211055e-04 3.446000000000e-01
4.019597989950e-04 2.576000000002e-01 4.019597989950e-04 1.457006071427e-01 4.019597989950e-04 2.520679057023e-01 4.019597989950e-04 3.446000000000e-01
4.040753768844e-04 2.576000000002e-01 4.040753768844e-04 1.457005349978e-01 4.040753768844e-04 2.520707074910e-01 4.040753768844e-04 3.446000000000e-01
4.061909547739e-04 2.576000000001e-01 4.061909547739e-04 1.457004714256e-01 4.061909547739e-04 2.520732648495e-01 4.061909547739e-04 3.446000000000e-01
4.083065326633e-04 2.576000000001e-01 4.083065326633e-04 1.457004154076e-01 4.083065326633e-04 2.520755990750e-01 4.083065326633e-04 3.446000000000e-01
4.104221105528e-04 2.576000000001e-01 4.104221105528e-04 1.457003660461e-01 4.104221105528e-04 2.520777296136e-01 4.104221105528e-04 3.446000000000e-01
4.125376884422e-04 2.576000000001e-01 4.125376884422e-04 1.457003225501e-01 4.125376884422e-04 2.520796742204e-01 4.125376884422e-04 3.446000000000e-01
4.146532663317e-04 2.576000000000e-01 4.146532663317e-04 1.457002842226e-01 4.146532663317e-04 2.520814491061e-01 4.146532663317e-04 3.446000000000e-01
4.167688442211e-04 2.576000000000e-01 4.167688442211e-04 1.457002504495e-01 4.167688442211e-04 2.520830690705e-01 4.167688442211e-04 3.446000000000e-01
4.188844221106e-04 2.576000000000e-01 4.188844221106e-04 1.457002206895e-01 4.188844221106e-04 2.520845476250e-01 4.188844221106e-04 3.446000000000e-01
4.210000000000e-04 2.576000000000e-01 4.210000000000e-04 1.457001944658e-01 4.210000000000e-04 2.520858971046e-01 4.210000000000e-04 3.446000000000e-01
