0.000000000000e+00 2.027000708635e-01 0.000000000000e+00 3.199000000000e-01 0.000000000000e+00 2.905970684173e-01 0.000000000000e+00 1.844964493721e-01
2.125628140704e-06 2.027000807906e-01 2.125628140704e-06 3.199000000000e-01 2.125628140704e-06 2.905967497434e-01 2.125628140704e-06 1.847103594093e-01
4.251256281407e-06 2.027000921083e-01 4.251256281407e-06 3.199000000000e-01 4.251256281407e-06 2.905963964194e-01 4.251256281407e-06 1.849323781920e-01
6.376884422111e-06 2.027001050116e-01 6.376884422111e-06 3.199000000000e-01 6.376884422111e-06 2.905960046763e-01 6.376884422111e-06 1.851625295024e-01
8.502512562814e-06 2.027001197224e-01 8.502512562814e-06 3.199000000000e-01 8.502512562814e-06 2.905955703349e-01 8.502512562814e-06 1.854008008312e-01
1.062814070352e-05 2.027001364940e-01 1.062814070352e-05 3.199000000000e-01 1.062814070352e-05 2.905950887611e-01 1.062814070352e-05 1.856471393758e-01
1.275376884422e-05 2.027001556151e-01 1.275376884422e-05 3.199000000000e-01 1.275376884422e-05 2.905945548163e-01 1.275376884422e-05 1.859014479240e-01
1.487939698492e-05 2.027001774148e-01 1.487939698492e-05 3.199000000000e-01 1.487939698492e-05 2.905939628025e-01 1.487939698492e-05 1.861635806666e-01
1.700502512563e-05 2.027002022684e-01 1.700502512563e-05 3.199000000000e-01 1.700502512563e-05 2.905933064015e-01 1.700502512563e-05 1.864333389853e-01
1.913065326633e-05 2.027002306036e-01 1.913065326633e-05 3.199000000000e-01 1.913065326633e-05 2.905925786071e-01 1.913065326633e-05 1.867104672739e-01
2.125628140704e-05 2.027002629082e-01 2.125628140704e-05 3.199000000000e-01 2.125628140704e-05 2.905917716501e-01 2.125628140704e-05 1.869946488569e-01
2.338190954774e-05 2.027002997382e-01 2.338190954774e-05 3.199000000000e-01 2.338190954774e-05 2.905908769154e-01 2.338190954774e-05 1.872855020825e-01
2.550753768844e-05 2.027003417276e-01 2.550753768844e-05 3.199000000000e-01 2.550753768844e-05 2.905898848496e-01 2.550753768844e-05 1.875825766707e-01
2.763316582915e-05 2.027003895992e-01 2.763316582915e-05 3.199000000000e-01 2.763316582915e-05 2.905887848588e-01 2.763316582915e-05 1.878853504094e-01
2.975879396985e-05 2.027004441769e-01 2.975879396985e-05 3.199000000000e-01 2.975879396985e-05 2.905875651952e-01 2.975879396985e-05 1.881932262976e-01
3.188442211055e-05 2.027005064001e-01 3.188442211055e-05 3.199000000000e-01 3.188442211055e-05 2.905862128312e-01 3.188442211055e-05 1.885055302397e-01
3.401005025126e-05 2.027005773399e-01 3.401005025126e-05 3.199000000000e-01 3.401005025126e-05 2.905847133199e-01 3.401005025126e-05 1.888215094012e-01
3.613567839196e-05 2.027006582173e-01 3.613567839196e-05 3.199000000000e-01 3.613567839196e-05 2.905830506407e-01 3.613567839196e-05 1.891403313389e-01
3.826130653266e-05 2.027007504244e-01 3.826130653266e-05 3.199000000000e-01 3.826130653266e-05 2.905812070271e-01 3.826130653266e-05 1.894610840155e-01
4.038693467337e-05 2.027008555482e-01 4.038693467337e-05 3.199000000000e-01 4.038693467337e-05 2.905791627768e-01 4.038693467337e-05 1.897827768100e-01
4.251256281407e-05 2.027009753981e-01 4.251256281407e-05 3.199000000000e-01 4.251256281407e-05 2.905768960406e-01 4.251256281407e-05 1.901043426255e-01
4.463819095477e-05 2.027011120370e-01 4.463819095477e-05 3.199000000000e-01 4.463819095477e-05 2.905743825883e-01 4.463819095477e-05 1.904246411872e-01
4.676381909548e-05 2.027012678166e-01 4.676381909548e-05 3.199000000000e-01 4.676381909548e-05 2.905715955489e-01 4.676381909548e-05 1.907424636087e-01
4.888944723618e-05 2.027014454180e-01 4.888944723618e-05 3.199000000000e-01 4.888944723618e-05 2.905685051233e-01 4.888944723618e-05 1.910565382872e-01
5.101507537688e-05 2.027016478980e-01 5.101507537688e-05 3.199000000000e-01 5.101507537688e-05 2.905650782645e-01 5.101507537688e-05 1.913655381641e-01
5.314070351759e-05 2.027018787413e-01 5.314070351759e-05 3.199000000000e-01 5.314070351759e-05 2.905612783241e-01 5.314070351759e-05 1.916680893627e-01
5.526633165829e-05 2.027021419208e-01 5.526633165829e-05 3.199000000000e-01 5.526633165829e-05 2.905570646601e-01 5.526633165829e-05 1.919627811824e-01
5.739195979899e-05 2.027024419658e-01 5.739195979899e-05 3.199000000000e-01 5.739195979899e-05 2.905523922012e-01 5.739195979899e-05 1.922481773980e-01
5.951758793970e-05 2.027027840398e-01 5.951758793970e-05 3.199000000000e-01 5.951758793970e-05 2.905472109656e-01 5.951758793970e-05 1.925228287738e-01
6.164321608040e-05 2.027031740296e-01 6.164321608040e-05 3.199000000000e-01 6.164321608040e-05 2.905414655256e-01 6.164321608040e-05 1.927852866692e-01
6.376884422111e-05 2.027036186462e-01 6.376884422111e-05 3.199000000000e-01 6.376884422111e-05 2.905350944162e-01 6.376884422111e-05 1.930341175728e-01
6.589447236181e-05 2.027041255403e-01 6.589447236181e-05 3.199000000000e-01 6.589447236181e-05 2.905280294777e-01 6.589447236181e-05 1.932679183678e-01
6.802010050251e-05 2.027047034338e-01 6.802010050251e-05 3.199000000000e-01 6.802010050251e-05 2.905201951297e-01 6.802010050251e-05 1.934853320989e-01
7.014572864322e-05 2.027053622699e-01 7.014572864322e-05 3.199000000000e-01 7.014572864322e-05 2.905115075645e-01 7.014572864322e-05 1.936850639840e-01
7.227135678392e-05 2.027061133838e-01 7.227135678392e-05 3.199000000000e-01 7.227135678392e-05 2.905018738559e-01 7.227135678392e-05 1.938658973888e-01
7.439698492462e-05 2.027069696971e-01 7.439698492462e-05 3.199000000000e-01 7.439698492462e-05 2.904911909709e-01 7.439698492462e-05 1.940267094733e-01
7.652261306533e-05 2.027079459404e-01 7.652261306533e-05 3.199000000000e-01 7.652261306533e-05 2.904793446769e-01 7.652261306533e-05 1.941664862079e-01
7.864824120603e-05 2.027090589058e-01 7.864824120603e-05 3.199000000000e-01 7.864824120603e-05 2.904662083319e-01 7.864824120603e-05 1.942843364652e-01
8.077386934673e-05 2.027103277350e-01 8.077386934673e-05 3.199000000000e-01 8.077386934673e-05 2.904516415462e-01 8.077386934673e-05 1.943795049056e-01
8.289949748744e-05 2.027117742480e-01 8.289949748744e-05 3.199000000000e-01 8.289949748744e-05 2.904354887034e-01 8.289949748744e-05 1.944513834013e-01
8.502512562814e-05 2.027134233172e-01 8.502512562814e-05 3.199000000000e-01 8.502512562814e-05 2.904175773253e-01 8.502512562814e-05 1.944995207786e-01
8.715075376884e-05 2.027153032936e-01 8.715075376884e-05 3.199000000000e-01 8.715075376884e-05 2.903977162660e-01 8.715075376884e-05 1.945236307052e-01
8.927638190955e-05 2.027174464922e-01 8.927638190955e-05 3.199000000000e-01 8.927638190955e-05 2.903756937184e-01 8.927638190955e-05 1.945235976026e-01
9.140201005025e-05 2.027198897459e-01 9.140201005025e-05 3.199000000000e-01 9.140201005025e-05 2.903512750153e-01 9.140201005025e-05 1.944994805298e-01
9.352763819095e-05 2.027226750346e-01 9.352763819095e-05 3.199000000000e-01 9.352763819095e-05 2.903242002052e-01 9.352763819095e-05 1.944515150513e-01
9.565326633166e-05 2.027258502034e-01 9.565326633166e-05 3.199000000000e-01 9.565326633166e-05 2.902941813826e-01 9.565326633166e-05 1.943801131782e-01
9.777889447236e-05 2.027294697791e-01 9.777889447236e-05 3.199000000000e-01 9.777889447236e-05 2.902608997505e-01 9.777889447236e-05 1.942858615507e-01
9.990452261307e-05 2.027335958998e-01 9.990452261307e-05 3.199000000000e-01 9.990452261307e-05 2.902240023916e-01 9.990452261307e-05 1.941695181060e-01
1.020301507538e-04 2.027382993740e-01 1.020301507538e-04 3.199000000000e-01 1.020301507538e-04 2.901830987242e-01 1.020301507538e-04 1.940320075601e-01
1.041557788945e-04 2.027436608845e-01 1.041557788945e-04 3.199000000000e-01 1.041557788945e-04 2.901377566163e-01 1.041557788945e-04 1.938744161094e-01
1.062814070352e-04 2.027497723584e-01 1.062814070352e-04 3.199000000000e-01 1.062814070352e-04 2.900874981329e-01 1.062814070352e-04 1.936979858367e-01
1.084070351759e-04 2.027567385254e-01 1.084070351759e-04 3.199000000000e-01 1.084070351759e-04 2.900317948885e-01 1.084070351759e-04 1.935041093879e-01
1.105326633166e-04 2.027646786900e-01 1.105326633166e-04 3.199000000000e-01 1.105326633166e-04 2.899700629792e-01 1.105326633166e-04 1.932943255592e-01
1.126582914573e-04 2.027737287439e-01 1.126582914573e-04 3.199000000000e-01 1.126582914573e-04 2.899016574682e-01 1.126582914573e-04 1.930703165198e-01
1.147839195980e-04 2.027840434551e-01 1.147839195980e-04 3.199000000000e-01 1.147839195980e-04 2.898258663992e-01 1.147839195980e-04 1.928339074728e-01
1.169095477387e-04 2.027957990647e-01 1.169095477387e-04 3.199000000000e-01 1.169095477387e-04 2.897419043179e-01 1.169095477387e-04 1.925870696463e-01
1.190351758794e-04 2.028091962370e-01 1.190351758794e-04 3.199000000000e-01 1.190351758794e-04 2.896489052802e-01 1.190351758794e-04 1.923319275981e-01
1.211608040201e-04 2.028244634053e-01 1.211608040201e-04 3.199000000000e-01 1.211608040201e-04 2.895459153368e-01 1.211608040201e-04 1.920707719138e-01
1.232864321608e-04 2.028418605663e-01 1.232864321608e-04 3.199000000000e-01 1.232864321608e-04 2.894318844847e-01 1.232864321608e-04 1.918060784815e-01
1.254120603015e-04 2.028616835810e-01 1.254120603015e-04 3.199000000000e-01 1.254120603015e-04 2.893056580911e-01 1.254120603015e-04 1.915405356235e-01
1.275376884422e-04 2.028842690465e-01 1.275376884422e-04 3.199000000000e-01 1.275376884422e-04 2.891659678000e-01 1.275376884422e-04 1.912770804531e-01
1.296633165829e-04 2.029099998109e-01 1.296633165829e-04 3.199000000000e-01 1.296633165829e-04 2.890114219524e-01 1.296633165829e-04 1.910189458782e-01
1.317889447236e-04 2.029393112144e-01 1.317889447236e-04 3.199000000000e-01 1.317889447236e-04 2.888404955628e-01 1.317889447236e-04 1.907697196546e-01
1.339145728643e-04 2.029726981477e-01 1.339145728643e-04 3.199000000000e-01 1.339145728643e-04 2.886515199173e-01 1.339145728643e-04 1.905334167601e-01
1.360402010050e-04 2.030107230334e-01 1.360402010050e-04 3.199000000000e-01 1.360402010050e-04 2.884426718827e-01 1.360402010050e-04 1.903145660065e-01
1.381658291457e-04 2.030540248489e-01 1.381658291457e-04 3.199000000000e-01 1.381658291457e-04 2.882119630423e-01 1.381658291457e-04 1.901183111343e-01
1.402914572864e-04 2.031033293306e-01 1.402914572864e-04 3.199000000000e-01 1.402914572864e-04 2.879572288046e-01 1.402914572864e-04 1.899505254271e-01
1.424170854271e-04 2.031594605210e-01 1.424170854271e-04 3.199000000000e-01 1.424170854271e-04 2.876761176642e-01 1.424170854271e-04 1.898179369102e-01
1.445427135678e-04 2.032233538543e-01 1.445427135678e-04 3.199000000000e-01 1.445427135678e-04 2.873660808297e-01 1.445427135678e-04 1.897282580832e-01
1.466683417085e-04 2.032960710205e-01 1.466683417085e-04 3.199000000000e-01 1.466683417085e-04 2.870243624677e-01 1.466683417085e-04 1.896903094413e-01
1.487939698492e-04 2.033788169117e-01 1.487939698492e-04 3.199000000000e-01 1.487939698492e-04 2.866479908461e-01 1.487939698492e-04 1.897141192097e-01
1.509195979899e-04 2.034729590442e-01 1.509195979899e-04 3.199000000000e-01 1.509195979899e-04 2.862337706889e-01 1.509195979899e-04 1.898109721686e-01
1.530452261307e-04 2.035800499886e-01 1.530452261307e-04 3.199000000000e-01 1.530452261307e-04 2.857782770745e-01 1.530452261307e-04 1.899933677209e-01
1.551708542714e-04 2.037018535359e-01 1.551708542714e-04 3.199000000000e-01 1.551708542714e-04 2.852778512228e-01 1.551708542714e-04 1.902748313852e-01
1.572964824121e-04 2.038403756272e-01 1.572964824121e-04 3.199000000000e-01 1.572964824121e-04 2.847285985030e-01 1.572964824121e-04 1.906695055856e-01
1.594221105528e-04 2.039979015236e-01 1.594221105528e-04 3.199000000000e-01 1.594221105528e-04 2.841263889736e-01 1.594221105528e-04 1.911914276388e-01
1.615477386935e-04 2.041770413559e-01 1.615477386935e-04 3.199000000000e-01 1.615477386935e-04 2.834668607089e-01 1.615477386935e-04 1.918533908833e-01
1.636733668342e-04 2.043807871992e-01 1.636733668342e-04 3.199000000000e-01 1.636733668342e-04 2.827454260914e-01 1.636733668342e-04 1.926652889026e-01
1.657989949749e-04 2.046125863071e-01 1.657989949749e-04 3.199000000000e-01 1.657989949749e-04 2.819572811483e-01 1.657989949749e-04 1.936318778263e-01
1.679246231156e-04 2.048764373568e-01 1.679246231156e-04 3.199000000000e-01 1.679246231156e-04 2.810974178947e-01 1.679246231156e-04 1.947499768874e-01
1.700502512563e-04 2.051770198385e-01 1.700502512563e-04 3.199000000000e-01 1.700502512563e-04 2.801606395276e-01 1.700502512563e-04 1.960052810128e-01
1.721758793970e-04 2.055198715235e-01 1.721758793970e-04 3.199000000000e-01 1.721758793970e-04 2.791415782324e-01 1.721758793970e-04 1.973691871908e-01
1.743015075377e-04 2.059116359279e-01 1.743015075377e-04 3.199000000000e-01 1.743015075377e-04 2.780347153420e-01 1.743015075377e-04 1.987963140370e-01
1.764271356784e-04 2.063604116563e-01 1.764271356784e-04 3.199000000000e-01 1.764271356784e-04 2.768344037014e-01 1.764271356784e-04 2.002236457792e-01
1.785527638191e-04 2.068762494547e-01 1.785527638191e-04 3.199000000000e-01 1.785527638191e-04 2.755348924013e-01 1.785527638191e-04 2.015723235212e-01
1.806783919598e-04 2.074718616115e-01 1.806783919598e-04 3.199000000000e-01 1.806783919598e-04 2.741303546399e-01 1.806783919598e-04 2.027528732976e-01
1.828040201005e-04 2.081636322778e-01 1.828040201005e-04 3.199000000000e-01 1.828040201005e-04 2.726149204393e-01 1.828040201005e-04 2.036739881826e-01
1.849296482412e-04 2.089730444407e-01 1.849296482412e-04 3.199000000000e-01 1.849296482412e-04 2.709827173580e-01 1.849296482412e-04 2.042539263179e-01
1.870552763819e-04 2.099286624958e-01 1.870552763819e-04 3.199000000000e-01 1.870552763819e-04 2.692279242202e-01 1.870552763819e-04 2.044324567280e-01
1.891809045226e-04 2.110688096317e-01 1.891809045226e-04 3.199000000000e-01 1.891809045226e-04 2.673448451903e-01 1.891809045226e-04 2.041805848990e-01
1.913065326633e-04 2.124450138950e-01 1.913065326633e-04 3.199000000000e-01 1.913065326633e-04 2.653280140504e-01 1.913065326633e-04 2.035054801264e-01
1.934321608040e-04 2.141260808716e-01 1.934321608040e-04 3.199000000000e-01 1.934321608040e-04 2.631723409346e-01 1.934321608040e-04 2.024492074312e-01
1.955577889447e-04 2.162021371046e-01 1.955577889447e-04 3.199000000000e-01 1.955577889447e-04 2.608733154164e-01 1.955577889447e-04 2.010816299175e-01
1.976834170854e-04 2.187869742966e-01 1.976834170854e-04 3.199000000000e-01 1.976834170854e-04 2.584272798849e-01 1.976834170854e-04 1.994894553939e-01
1.998090452261e-04 2.220153716150e-01 1.998090452261e-04 3.199000000000e-01 1.998090452261e-04 2.558317845094e-01 1.998090452261e-04 1.977642058088e-01
2.019346733668e-04 2.260301028987e-01 2.019346733668e-04 3.199000000000e-01 2.019346733668e-04 2.530860286599e-01 2.019346733668e-04 1.959916831441e-01
2.040603015075e-04 2.309526142889e-01 2.040603015075e-04 3.199000000000e-01 2.040603015075e-04 2.501913825210e-01 2.040603015075e-04 1.942445683485e-01
2.061859296482e-04 2.368353403845e-01 2.061859296482e-04 3.199000000000e-01 2.061859296482e-04 2.471519665789e-01 2.061859296482e-04 1.925786366513e-01
2.083115577889e-04 2.436059598868e-01 2.083115577889e-04 3.199000000000e-01 2.083115577889e-04 2.439752466223e-01 2.083115577889e-04 1.910321484577e-01
2.104371859296e-04 2.510316810293e-01 2.104371859296e-04 3.199000000000e-01 2.104371859296e-04 2.406725805226e-01 2.104371859296e-04 1.896274840786e-01
2.125628140704e-04 2.587383252996e-01 2.125628140704e-04 3.199000000000e-01 2.125628140704e-04 2.372596348035e-01 2.125628140704e-04 1.883740063318e-01
2.146884422111e-04 2.662946546483e-01 2.146884422111e-04 3.199000000000e-01 2.146884422111e-04 2.337565797435e-01 2.146884422111e-04 1.872713101142e-01
2.168140703518e-04 2.733259325706e-01 2.168140703518e-04 3.199000000000e-01 2.168140703518e-04 2.301879774474e-01 2.168140703518e-04 1.863122931528e-01
2.189396984925e-04 2.795966092547e-01 2.189396984925e-04 3.199000000000e-01 2.189396984925e-04 2.265823019851e-01 2.189396984925e-04 1.854857457265e-01
2.210653266332e-04 2.850276014074e-01 2.210653266332e-04 3.199000000000e-01 2.210653266332e-04 2.229710741902e-01 2.210653266332e-04 1.847783560863e-01
2.231909547739e-04 2.896599420318e-01 2.231909547739e-04 3.199000000000e-01 2.231909547739e-04 2.193876502013e-01 2.231909547739e-04 1.841761527527e-01
2.253165829146e-04 2.935997222903e-01 2.253165829146e-04 3.199000000000e-01 2.253165829146e-04 2.158657612196e-01 2.253165829146e-04 1.836654675521e-01
2.274422110553e-04 2.969717961586e-01 2.274422110553e-04 3.199000000000e-01 2.274422110553e-04 2.124379484525e-01 2.274422110553e-04 1.832335237222e-01
2.295678391960e-04 2.998919230677e-01 2.295678391960e-04 3.199000000000e-01 2.295678391960e-04 2.091340596456e-01 2.295678391960e-04 1.828687495103e-01
2.316934673367e-04 3.024549985600e-01 2.316934673367e-04 3.199000000000e-01 2.316934673367e-04 2.059799656942e-01 2.316934673367e-04 1.825609023892e-01
2.338190954774e-04 3.047332842586e-01 2.338190954774e-04 3.199000000000e-01 2.338190954774e-04 2.029966195312e-01 2.338190954774e-04 1.823010704196e-01
2.359447236181e-04 3.067793740868e-01 2.359447236181e-04 3.199000000000e-01 2.359447236181e-04 2.001995242740e-01 2.359447236181e-04 1.820815997127e-01
2.380703517588e-04 3.086306257324e-01 2.380703517588e-04 3.199000000000e-01 2.380703517588e-04 1.975986170252e-01 2.380703517588e-04 1.818959822402e-01
2.401959798995e-04 3.103134333121e-01 2.401959798995e-04 3.199000000000e-01 2.401959798995e-04 1.951985218413e-01 2.401959798995e-04 1.817387268263e-01
2.423216080402e-04 3.118467231448e-01 2.423216080402e-04 3.199000000000e-01 2.423216080402e-04 1.929990891668e-01 2.423216080402e-04 1.816052277727e-01
2.444472361809e-04 3.132445635526e-01 2.444472361809e-04 3.199000000000e-01 2.444472361809e-04 1.909961226911e-01 2.444472361809e-04 1.814916396732e-01
2.465728643216e-04 3.145179929340e-01 2.465728643216e-04 3.199000000000e-01 2.465728643216e-04 1.891821961960e-01 2.465728643216e-04 1.813947629895e-01
2.486984924623e-04 3.156762333892e-01 2.486984924623e-04 3.199000000000e-01 2.486984924623e-04 1.875474773608e-01 2.486984924623e-04 1.813119423674e-01
2.508241206030e-04 3.167274538549e-01 2.508241206030e-04 3.199000000000e-01 2.508241206030e-04 1.860804965788e-01 2.508241206030e-04 1.812409780723e-01
2.529497487437e-04 3.176792195688e-01 2.529497487437e-04 3.199000000000e-01 2.529497487437e-04 1.847688212269e-01 2.529497487437e-04 1.811800499774e-01
2.550753768844e-04 3.185387330330e-01 2.550753768844e-04 3.199000000000e-01 2.550753768844e-04 1.835996158091e-01 2.550753768844e-04 1.811276530473e-01
2.572010050251e-04 3.193129431583e-01 2.572010050251e-04 3.199000000000e-01 2.572010050251e-04 1.825600840141e-01 2.572010050251e-04 1.810825430411e-01
2.593266331658e-04 3.200085762491e-01 2.593266331658e-04 3.199000000000e-01 2.593266331658e-04 1.816377994941e-01 2.593266331658e-04 1.810436911138e-01
2.614522613065e-04 3.206321249548e-01 2.614522613065e-04 3.199000000000e-01 2.614522613065e-04 1.808209385392e-01 2.614522613065e-04 1.810102460517e-01
2.635778894472e-04 3.211898185046e-01 2.635778894472e-04 3.199000000000e-01 2.635778894472e-04 1.800984306964e-01 2.635778894472e-04 1.809815029827e-01
2.657035175879e-04 3.216875884924e-01 2.657035175879e-04 3.199000000000e-01 2.657035175879e-04 1.794600437878e-01 2.657035175879e-04 1.809568775315e-01
2.678291457286e-04 3.221310382798e-01 2.678291457286e-04 3.199000000000e-01 2.678291457286e-04 1.788964186445e-01 2.678291457286e-04 1.809358845242e-01
2.699547738693e-04 3.225254199975e-01 2.699547738693e-04 3.199000000000e-01 2.699547738693e-04 1.783990669084e-01 2.699547738693e-04 1.809181204725e-01
2.720804020101e-04 3.228756205353e-01 2.720804020101e-04 3.199000000000e-01 2.720804020101e-04 1.779603429872e-01 2.720804020101e-04 1.809032491881e-01
2.742060301508e-04 3.231861563669e-01 2.742060301508e-04 3.199000000000e-01 2.742060301508e-04 1.775733990034e-01 2.742060301508e-04 1.808909899778e-01
2.763316582915e-04 3.234611762218e-01 2.763316582915e-04 3.199000000000e-01 2.763316582915e-04 1.772321295452e-01 2.763316582915e-04 1.808811079649e-01
2.784572864322e-04 3.237044702343e-01 2.784572864322e-04 3.199000000000e-01 2.784572864322e-04 1.769311112874e-01 2.784572864322e-04 1.808734061543e-01
2.805829145729e-04 3.239194841125e-01 2.805829145729e-04 3.199000000000e-01 2.805829145729e-04 1.766655411285e-01 2.805829145729e-04 1.808677189297e-01
2.827085427136e-04 3.241093369366e-01 2.827085427136e-04 3.199000000000e-01 2.827085427136e-04 1.764311753655e-01 2.827085427136e-04 1.808639067220e-01
2.848341708543e-04 3.242768413637e-01 2.848341708543e-04 3.199000000000e-01 2.848341708543e-04 1.762242715619e-01 2.848341708543e-04 1.808618516377e-01
2.869597989950e-04 3.244245252052e-01 2.869597989950e-04 3.199000000000e-01 2.869597989950e-04 1.760415341237e-01 2.869597989950e-04 1.808614538701e-01
2.890854271357e-04 3.245546535469e-01 2.890854271357e-04 3.199000000000e-01 2.890854271357e-04 1.758800641237e-01 2.890854271357e-04 1.808626287516e-01
2.912110552764e-04 3.246692507667e-01 2.912110552764e-04 3.199000000000e-01 2.912110552764e-04 1.757373135876e-01 2.912110552764e-04 1.808653043294e-01
2.933366834171e-04 3.247701219694e-01 2.933366834171e-04 3.199000000000e-01 2.933366834171e-04 1.756110442250e-01 2.933366834171e-04 1.808694193674e-01
2.954623115578e-04 3.248588734971e-01 2.954623115578e-04 3.199000000000e-01 2.954623115578e-04 1.754992904430e-01 2.954623115578e-04 1.808749216976e-01
2.975879396985e-04 3.249369322878e-01 2.975879396985e-04 3.199000000000e-01 2.975879396985e-04 1.754003263870e-01 2.975879396985e-04 1.808817668551e-01
2.997135678392e-04 3.250055639436e-01 2.997135678392e-04 3.199000000000e-01 2.997135678392e-04 1.753126367039e-01 2.997135678392e-04 1.808899169456e-01
3.018391959799e-04 3.250658894423e-01 3.018391959799e-04 3.199000000000e-01 3.018391959799e-04 1.752348907023e-01 3.018391959799e-04 1.808993397024e-01
3.039648241206e-04 3.251189004758e-01 3.039648241206e-04 3.199000000000e-01 3.039648241206e-04 1.751659195792e-01 3.039648241206e-04 1.809100076974e-01
3.060904522613e-04 3.251654734401e-01 3.060904522613e-04 3.199000000000e-01 3.060904522613e-04 1.751046963967e-01 3.060904522613e-04 1.809218976780e-01
3.082160804020e-04 3.252063821261e-01 3.082160804020e-04 3.199000000000e-01 3.082160804020e-04 1.750503185061e-01 3.082160804020e-04 1.809349900075e-01
3.103417085427e-04 3.252423091798e-01 3.103417085427e-04 3.199000000000e-01 3.103417085427e-04 1.750019921434e-01 3.103417085427e-04 1.809492681882e-01
3.124673366834e-04 3.252738564111e-01 3.124673366834e-04 3.199000000000e-01 3.124673366834e-04 1.749590189396e-01 3.124673366834e-04 1.809647184537e-01
3.145929648241e-04 3.253015540358e-01 3.145929648241e-04 3.199000000000e-01 3.145929648241e-04 1.749207841180e-01 3.145929648241e-04 1.809813294161e-01
3.167185929648e-04 3.253258689379e-01 3.167185929648e-04 3.199000000000e-01 3.167185929648e-04 1.748867461731e-01 3.167185929648e-04 1.809990917588e-01
3.188442211055e-04 3.253472120370e-01 3.188442211055e-04 3.199000000000e-01 3.188442211055e-04 1.748564278454e-01 3.188442211055e-04 1.810179979665e-01
3.209698492462e-04 3.253659448451e-01 3.209698492462e-04 3.199000000000e-01 3.209698492462e-04 1.748294082344e-01 3.209698492462e-04 1.810380420846e-01
3.230954773869e-04 3.253823852895e-01 3.230954773869e-04 3.199000000000e-01 3.230954773869e-04 1.748053159020e-01 3.230954773869e-04 1.810592195034e-01
3.252211055276e-04 3.253968128775e-01 3.252211055276e-04 3.199000000000e-01 3.252211055276e-04 1.747838228442e-01 3.252211055276e-04 1.810815267618e-01
3.273467336683e-04 3.254094732692e-01 3.273467336683e-04 3.199000000000e-01 3.273467336683e-04 1.747646392195e-01 3.273467336683e-04 1.811049613672e-01
3.294723618090e-04 3.254205823225e-01 3.294723618090e-04 3.199000000000e-01 3.294723618090e-04 1.747475087371e-01 3.294723618090e-04 1.811295216285e-01
3.315979899497e-04 3.254303296676e-01 3.315979899497e-04 3.199000000000e-01 3.315979899497e-04 1.747322046215e-01 3.315979899497e-04 1.811552064995e-01
3.337236180905e-04 3.254388818614e-01 3.337236180905e-04 3.199000000000e-01 3.337236180905e-04 1.747185260794e-01 3.337236180905e-04 1.811820154308e-01
3.358492462312e-04 3.254463851705e-01 3.358492462312e-04 3.199000000000e-01 3.358492462312e-04 1.747062952047e-01 3.358492462312e-04 1.812099482286e-01
3.379748743719e-04 3.254529680243e-01 3.379748743719e-04 3.199000000000e-01 3.379748743719e-04 1.746953542668e-01 3.379748743719e-04 1.812390049195e-01
3.401005025126e-04 3.254587431754e-01 3.401005025126e-04 3.199000000000e-01 3.401005025126e-04 1.746855633312e-01 3.401005025126e-04 1.812691856195e-01
3.422261306533e-04 3.254638096021e-01 3.422261306533e-04 3.199000000000e-01 3.422261306533e-04 1.746767981728e-01 3.422261306533e-04 1.813004904073e-01
3.443517587940e-04 3.254682541824e-01 3.443517587940e-04 3.199000000000e-01 3.443517587940e-04 1.746689484431e-01 3.443517587940e-04 1.813329192006e-01
3.464773869347e-04 3.254721531668e-01 3.464773869347e-04 3.199000000000e-01 3.464773869347e-04 1.746619160599e-01 3.464773869347e-04 1.813664716354e-01
3.486030150754e-04 3.254755734730e-01 3.486030150754e-04 3.199000000000e-01 3.486030150754e-04 1.746556137911e-01 3.486030150754e-04 1.814011469481e-01
3.507286432161e-04 3.254785738243e-01 3.507286432161e-04 3.199000000000e-01 3.507286432161e-04 1.746499640091e-01 3.507286432161e-04 1.814369438596e-01
3.528542713568e-04 3.254812057503e-01 3.528542713568e-04 3.199000000000e-01 3.528542713568e-04 1.746448975939e-01 3.528542713568e-04 1.814738604626e-01
3.549798994975e-04 3.254835144653e-01 3.549798994975e-04 3.199000000000e-01 3.549798994975e-04 1.746403529661e-01 3.549798994975e-04 1.815118941106e-01
3.571055276382e-04 3.254855396410e-01 3.571055276382e-04 3.199000000000e-01 3.571055276382e-04 1.746362752349e-01 3.571055276382e-04 1.815510413103e-01
3.592311557789e-04 3.254873160841e-01 3.592311557789e-04 3.199000000000e-01 3.592311557789e-04 1.746326154458e-01 3.592311557789e-04 1.815912976163e-01
3.613567839196e-04 3.254888743321e-01 3.613567839196e-04 3.199000000000e-01 3.613567839196e-04 1.746293299164e-01 3.613567839196e-04 1.816326575293e-01
3.634824120603e-04 3.254902411763e-01 3.634824120603e-04 3.199000000000e-01 3.634824120603e-04 1.746263796497e-01 3.634824120603e-04 1.816751143977e-01
3.656080402010e-04 3.254914401202e-01 3.656080402010e-04 3.199000000000e-01 3.656080402010e-04 1.746237298147e-01 3.656080402010e-04 1.817186603229e-01
3.677336683417e-04 3.254924917830e-01 3.677336683417e-04 3.199000000000e-01 3.677336683417e-04 1.746213492872e-01 3.677336683417e-04 1.817632860694e-01
3.698592964824e-04 3.254934142528e-01 3.698592964824e-04 3.199000000000e-01 3.698592964824e-04 1.746192102432e-01 3.698592964824e-04 1.818089809792e-01
3.719849246231e-04 3.254942233974e-01 3.719849246231e-04 3.199000000000e-01 3.719849246231e-04 1.746172877982e-01 3.719849246231e-04 1.818557328921e-01
3.741105527638e-04 3.254949331363e-01 3.741105527638e-04 3.199000000000e-01 3.741105527638e-04 1.746155596875e-01 3.741105527638e-04 1.819035280709e-01
3.762361809045e-04 3.254955556798e-01 3.762361809045e-04 3.199000000000e-01 3.762361809045e-04 1.746140059829e-01 3.762361809045e-04 1.819523511340e-01
3.783618090452e-04 3.254961017390e-01 3.783618090452e-04 3.199000000000e-01 3.783618090452e-04 1.746126088405e-01 3.783618090452e-04 1.820021849943e-01
3.804874371859e-04 3.254965807094e-01 3.804874371859e-04 3.199000000000e-01 3.804874371859e-04 1.746113522770e-01 3.804874371859e-04 1.820530108056e-01
3.826130653266e-04 3.254970008327e-01 3.826130653266e-04 3.199000000000e-01 3.826130653266e-04 1.746102219706e-01 3.826130653266e-04 1.821048079172e-01
3.847386934673e-04 3.254973693382e-01 3.847386934673e-04 3.199000000000e-01 3.847386934673e-04 1.746092050843e-01 3.847386934673e-04 1.821575538368e-01
3.868643216080e-04 3.254976925674e-01 3.868643216080e-04 3.199000000000e-01 3.868643216080e-04 1.746082901082e-01 3.868643216080e-04 1.822112242026e-01
3.889899497487e-04 3.254979760828e-01 3.889899497487e-04 3.199000000000e-01 3.889899497487e-04 1.746074667191e-01 3.889899497487e-04 1.822657927644e-01
3.911155778894e-04 3.254982247636e-01 3.911155778894e-04 3.199000000000e-01 3.911155778894e-04 1.746067256553e-01 3.911155778894e-04 1.823212313754e-01
3.932412060302e-04 3.254984428894e-01 3.932412060302e-04 3.199000000000e-01 3.932412060302e-04 1.746060586058e-01 3.932412060302e-04 1.823775099930e-01
3.953668341709e-04 3.254986342144e-01 3.953668341709e-04 3.199000000000e-01 3.953668341709e-04 1.746054581098e-01 3.953668341709e-04 1.824345966913e-01
3.974924623116e-04 3.254988020314e-01 3.974924623116e-04 3.199000000000e-01 3.974924623116e-04 1.746049174689e-01 3.974924623116e-04 1.824924576837e-01
3.996180904523e-04 3.254989492288e-01 3.996180904523e-04 3.199000000000e-01 3.996180904523e-04 1.746044306673e-01 3.996180904523e-04 1.825510573564e-01
4.017437185930e-04 3.254990783399e-01 4.017437185930e-04 3.199000000000e-01 4.017437185930e-04 1.746039923011e-01 4.017437185930e-04 1.826103583132e-01
4.038693467337e-04 3.254991915869e-01 4.038693467337e-04 3.199000000000e-01 4.038693467337e-04 1.746035975149e-01 4.038693467337e-04 1.826703214310e-01
4.059949748744e-04 3.254992909192e-01 4.059949748744e-04 3.199000000000e-01 4.059949748744e-04 1.746032419455e-01 4.059949748744e-04 1.827309059261e-01
4.081206030151e-04 3.254993780463e-01 4.081206030151e-04 3.199000000000e-01 4.081206030151e-04 1.746029216709e-01 4.081206030151e-04 1.827920694317e-01
4.102462311558e-04 3.254994544679e-01 4.102462311558e-04 3.199000000000e-01 4.102462311558e-04 1.746026331653e-01 4.102462311558e-04 1.828537680854e-01
4.123718592965e-04 3.254995214994e-01 4.123718592965e-04 3.199000000000e-01 4.123718592965e-04 1.746023732585e-01 4.123718592965e-04 1.829159566264e-01
4.144974874372e-04 3.254995802945e-01 4.144974874372e-04 3.199000000000e-01 4.144974874372e-04 1.746021390991e-01 4.144974874372e-04 1.829785885030e-01
4.166231155779e-04 3.254996318653e-01 4.166231155779e-04 3.199000000000e-01 4.166231155779e-04 1.746019281229e-01 4.166231155779e-04 1.830416159888e-01
4.187487437186e-04 3.254996770995e-01 4.187487437186e-04 3.199000000000e-01 4.187487437186e-04 1.746017380226e-01 4.187487437186e-04 1.831049903067e-01
4.208743718593e-04 3.254997167756e-01 4.208743718593e-04 3.199000000000e-01 4.208743718593e-04 1.746015667226e-01 4.208743718593e-04 1.831686617613e-01
4.230000000000e-04 3.254997515765e-01 4.230000000000e-04 3.199000000000e-01 4.230000000000e-04 1.746014123550e-01 4.230000000000e-04 1.832325798775e-01
