0.000000000000e+00 2.004002274769e-01 0.000000000000e+00 3.164000000000e-01 0.000000000000e+00 2.892999901838e-01 0.000000000000e+00 1.939013071552e-01
2.125628140704e-06 2.004002580486e-01 2.125628140704e-06 3.164000000000e-01 2.125628140704e-06 2.892999883256e-01 2.125628140704e-06 1.939014407776e-01
4.251256281407e-06 2.004002927554e-01 4.251256281407e-06 3.164000000000e-01 4.251256281407e-06 2.892999861073e-01 4.251256281407e-06 1.939015880630e-01
6.376884422111e-06 2.004003321604e-01 6.376884422111e-06 3.164000000000e-01 6.376884422111e-06 2.892999834573e-01 6.376884422111e-06 1.939017504093e-01
8.502512562814e-06 2.004003769045e-01 8.502512562814e-06 3.164000000000e-01 8.502512562814e-06 2.892999802903e-01 8.502512562814e-06 1.939019293576e-01
1.062814070352e-05 2.004004277163e-01 1.062814070352e-05 3.164000000000e-01 1.062814070352e-05 2.892999765033e-01 1.062814070352e-05 1.939021266069e-01
1.275376884422e-05 2.004004854250e-01 1.275376884422e-05 3.164000000000e-01 1.275376884422e-05 2.892999719728e-01 1.275376884422e-05 1.939023440305e-01
1.487939698492e-05 2.004005509739e-01 1.487939698492e-05 3.164000000000e-01 1.487939698492e-05 2.892999665500e-01 1.487939698492e-05 1.939025836936e-01
1.700502512563e-05 2.004006254365e-01 1.700502512563e-05 3.164000000000e-01 1.700502512563e-05 2.892999600563e-01 1.700502512563e-05 1.939028478735e-01
1.913065326633e-05 2.004007100344e-01 1.913065326633e-05 3.164000000000e-01 1.913065326633e-05 2.892999522766e-01 1.913065326633e-05 1.939031390811e-01
2.125628140704e-05 2.004008061583e-01 2.125628140704e-05 3.164000000000e-01 2.125628140704e-05 2.892999429522e-01 2.125628140704e-05 1.939034600852e-01
2.338190954774e-05 2.004009153912e-01 2.338190954774e-05 3.164000000000e-01 2.338190954774e-05 2.892999317713e-01 2.338190954774e-05 1.939038139390e-01
2.550753768844e-05 2.004010395355e-01 2.550753768844e-05 3.164000000000e-01 2.550753768844e-05 2.892999183591e-01 2.550753768844e-05 1.939042040097e-01
2.763316582915e-05 2.004011806438e-01 2.763316582915e-05 3.164000000000e-01 2.763316582915e-05 2.892999022635e-01 2.763316582915e-05 1.939046340109e-01
2.975879396985e-05 2.004013410535e-01 2.975879396985e-05 3.164000000000e-01 2.975879396985e-05 2.892998829403e-01 2.975879396985e-05 1.939051080384e-01
3.188442211055e-05 2.004015234273e-01 3.188442211055e-05 3.163999999999e-01 3.188442211055e-05 2.892998597335e-01 3.188442211055e-05 1.939056306104e-01
3.401005025126e-05 2.004017307986e-01 3.401005025126e-05 3.163999999999e-01 3.401005025126e-05 2.892998318526e-01 3.401005025126e-05 1.939062067109e-01
3.613567839196e-05 2.004019666234e-01 3.613567839196e-05 3.163999999999e-01 3.613567839196e-05 2.892997983444e-01 3.613567839196e-05 1.939068418386e-01
3.826130653266e-05 2.004022348403e-01 3.826130653266e-05 3.163999999999e-01 3.826130653266e-05 2.892997580595e-01 3.826130653266e-05 1.939075420607e-01
4.038693467337e-05 2.004025399381e-01 4.038693467337e-05 3.163999999998e-01 4.038693467337e-05 2.892997096117e-01 4.038693467337e-05 1.939083140726e-01
4.251256281407e-05 2.004028870336e-01 4.251256281407e-05 3.163999999997e-01 4.251256281407e-05 2.892996513289e-01 4.251256281407e-05 1.939091652636e-01
4.463819095477e-05 2.004032819604e-01 4.463819095477e-05 3.163999999996e-01 4.463819095477e-05 2.892995811932e-01 4.463819095477e-05 1.939101037908e-01
4.676381909548e-05 2.004037313703e-01 4.676381909548e-05 3.163999999995e-01 4.676381909548e-05 2.892994967701e-01 4.676381909548e-05 1.939111386595e-01
4.888944723618e-05 2.004042428489e-01 4.888944723618e-05 3.163999999993e-01 4.888944723618e-05 2.892993951207e-01 4.888944723618e-05 1.939122798141e-01
5.101507537688e-05 2.004048250486e-01 5.101507537688e-05 3.163999999991e-01 5.101507537688e-05 2.892992726975e-01 5.101507537688e-05 1.939135382383e-01
5.314070351759e-05 2.004054878399e-01 5.314070351759e-05 3.163999999988e-01 5.314070351759e-05 2.892991252173e-01 5.314070351759e-05 1.939149260662e-01
5.526633165829e-05 2.004062424843e-01 5.526633165829e-05 3.163999999984e-01 5.526633165829e-05 2.892989475082e-01 5.526633165829e-05 1.939164567066e-01
5.739195979899e-05 2.004071018328e-01 5.739195979899e-05 3.163999999978e-01 5.739195979899e-05 2.892987333239e-01 5.739195979899e-05 1.939181449816e-01
5.951758793970e-05 2.004080805523e-01 5.951758793970e-05 3.163999999970e-01 5.951758793970e-05 2.892984751198e-01 5.951758793970e-05 1.939200072804e-01
6.164321608040e-05 2.004091953848e-01 6.164321608040e-05 3.163999999959e-01 6.164321608040e-05 2.892981637820e-01 6.164321608040e-05 1.939220617323e-01
6.376884422111e-05 2.004104654439e-01 6.376884422111e-05 3.163999999944e-01 6.376884422111e-05 2.892977882995e-01 6.376884422111e-05 1.939243283991e-01
6.589447236181e-05 2.004119125544e-01 6.589447236181e-05 3.163999999924e-01 6.589447236181e-05 2.892973353679e-01 6.589447236181e-05 1.939268294912e-01
6.802010050251e-05 2.004135616405e-01 6.802010050251e-05 3.163999999897e-01 6.802010050251e-05 2.892967889098e-01 6.802010050251e-05 1.939295896103e-01
7.014572864322e-05 2.004154411700e-01 7.014572864322e-05 3.163999999860e-01 7.014572864322e-05 2.892961294956e-01 7.014572864322e-05 1.939326360217e-01
7.227135678392e-05 2.004175836641e-01 7.227135678392e-05 3.163999999809e-01 7.227135678392e-05 2.892953336414e-01 7.227135678392e-05 1.939359989613e-01
7.439698492462e-05 2.004200262789e-01 7.439698492462e-05 3.163999999741e-01 7.439698492462e-05 2.892943729620e-01 7.439698492462e-05 1.939397119818e-01
7.652261306533e-05 2.004228114733e-01 7.652261306533e-05 3.163999999648e-01 7.652261306533e-05 2.892932131443e-01 7.652261306533e-05 1.939438123445e-01
7.864824120603e-05 2.004259877724e-01 7.864824120603e-05 3.163999999521e-01 7.864824120603e-05 2.892918127073e-01 7.864824120603e-05 1.939483414630e-01
8.077386934673e-05 2.004296106424e-01 8.077386934673e-05 3.163999999350e-01 8.077386934673e-05 2.892901215018e-01 8.077386934673e-05 1.939533454077e-01
8.289949748744e-05 2.004337434925e-01 8.289949748744e-05 3.163999999116e-01 8.289949748744e-05 2.892880788960e-01 8.289949748744e-05 1.939588754798e-01
8.502512562814e-05 2.004384588225e-01 8.502512562814e-05 3.163999998799e-01 8.502512562814e-05 2.892856115828e-01 8.502512562814e-05 1.939649888675e-01
8.715075376884e-05 2.004438395369e-01 8.715075376884e-05 3.163999998369e-01 8.715075376884e-05 2.892826309268e-01 8.715075376884e-05 1.939717493972e-01
8.927638190955e-05 2.004499804508e-01 8.927638190955e-05 3.163999997783e-01 8.927638190955e-05 2.892790297598e-01 8.927638190955e-05 1.939792283955e-01
9.140201005025e-05 2.004569900142e-01 9.140201005025e-05 3.163999996988e-01 9.140201005025e-05 2.892746785066e-01 9.140201005025e-05 1.939875056829e-01
9.352763819095e-05 2.004649922873e-01 9.352763819095e-05 3.163999995907e-01 9.352763819095e-05 2.892694205046e-01 9.352763819095e-05 1.939966707209e-01
9.565326633166e-05 2.004741292031e-01 9.565326633166e-05 3.163999994438e-01 9.565326633166e-05 2.892630663520e-01 9.565326633166e-05 1.940068239417e-01
9.777889447236e-05 2.004845631588e-01 9.777889447236e-05 3.163999992442e-01 9.777889447236e-05 2.892553870837e-01 9.777889447236e-05 1.940180782931e-01
9.990452261307e-05 2.004964799824e-01 9.990452261307e-05 3.163999989730e-01 9.990452261307e-05 2.892461059386e-01 9.990452261307e-05 1.940305610391e-01
1.020301507538e-04 2.005100923311e-01 1.020301507538e-04 3.163999986044e-01 1.020301507538e-04 2.892348884321e-01 1.020301507538e-04 1.940444158661e-01
1.041557788945e-04 2.005256435796e-01 1.041557788945e-04 3.163999981035e-01 1.041557788945e-04 2.892213303957e-01 1.041557788945e-04 1.940598053528e-01
1.062814070352e-04 2.005434122713e-01 1.062814070352e-04 3.163999974229e-01 1.062814070352e-04 2.892049435820e-01 1.062814070352e-04 1.940769138746e-01
1.084070351759e-04 2.005637172099e-01 1.084070351759e-04 3.163999964980e-01 1.084070351759e-04 2.891851383585e-01 1.084070351759e-04 1.940959510312e-01
1.105326633166e-04 2.005869232824e-01 1.105326633166e-04 3.163999952410e-01 1.105326633166e-04 2.891612029355e-01 1.105326633166e-04 1.941171557001e-01
1.126582914573e-04 2.006134481138e-01 1.126582914573e-04 3.163999935328e-01 1.126582914573e-04 2.891322784766e-01 1.126582914573e-04 1.941408008449e-01
1.147839195980e-04 2.006437696693e-01 1.147839195980e-04 3.163999912110e-01 1.147839195980e-04 2.890973293442e-01 1.147839195980e-04 1.941671992322e-01
1.169095477387e-04 2.006784349312e-01 1.169095477387e-04 3.163999880553e-01 1.169095477387e-04 2.890551076273e-01 1.169095477387e-04 1.941967102454e-01
1.190351758794e-04 2.007180697946e-01 1.190351758794e-04 3.163999837657e-01 1.190351758794e-04 2.890041109950e-01 1.190351758794e-04 1.942297480242e-01
1.211608040201e-04 2.007633903401e-01 1.211608040201e-04 3.163999779341e-01 1.211608040201e-04 2.889425328336e-01 1.211608040201e-04 1.942667912043e-01
1.232864321608e-04 2.008152156602e-01 1.232864321608e-04 3.163999700052e-01 1.232864321608e-04 2.888682035612e-01 1.232864321608e-04 1.943083945960e-01
1.254120603015e-04 2.008744824311e-01 1.254120603015e-04 3.163999592226e-01 1.254120603015e-04 2.887785220128e-01 1.254120603015e-04 1.943552032053e-01
1.275376884422e-04 2.009422614381e-01 1.275376884422e-04 3.163999445557e-01 1.275376884422e-04 2.886703758796e-01 1.275376884422e-04 1.944079690904e-01
1.296633165829e-04 2.010197762779e-01 1.296633165829e-04 3.163999245990e-01 1.296633165829e-04 2.885400504276e-01 1.296633165829e-04 1.944675716442e-01
1.317889447236e-04 2.011084244704e-01 1.317889447236e-04 3.163998974335e-01 1.317889447236e-04 2.883831251943e-01 1.317889447236e-04 1.945350420131e-01
1.339145728643e-04 2.012098012210e-01 1.339145728643e-04 3.163998604356e-01 1.339145728643e-04 2.881943591767e-01 1.339145728643e-04 1.946115925016e-01
1.360402010050e-04 2.013257260698e-01 1.360402010050e-04 3.163998100114e-01 1.360402010050e-04 2.879675663157e-01 1.360402010050e-04 1.946986519684e-01
1.381658291457e-04 2.014582726515e-01 1.381658291457e-04 3.163997412269e-01 1.381658291457e-04 2.876954850414e-01 1.381658291457e-04 1.947979084005e-01
1.402914572864e-04 2.016098017598e-01 1.402914572864e-04 3.163996472875e-01 1.402914572864e-04 2.873696484751e-01 1.402914572864e-04 1.949113600419e-01
1.424170854271e-04 2.017829978533e-01 1.424170854271e-04 3.163995188010e-01 1.424170854271e-04 2.869802658112e-01 1.424170854271e-04 1.950413766584e-01
1.445427135678e-04 2.019809090560e-01 1.445427135678e-04 3.163993427214e-01 1.445427135678e-04 2.865161306204e-01 1.445427135678e-04 1.951907727046e-01
1.466683417085e-04 2.022069905772e-01 1.466683417085e-04 3.163991008192e-01 1.466683417085e-04 2.859645783891e-01 1.466683417085e-04 1.953628943161e-01
1.487939698492e-04 2.024651512903e-01 1.487939698492e-04 3.163987674318e-01 1.487939698492e-04 2.853115233532e-01 1.487939698492e-04 1.955617221147e-01
1.509195979899e-04 2.027598029589e-01 1.509195979899e-04 3.163983061071e-01 1.509195979899e-04 2.845416129086e-01 1.509195979899e-04 1.957919917226e-01
1.530452261307e-04 2.030959112512e-01 1.530452261307e-04 3.163976645078e-01 1.530452261307e-04 2.836385451665e-01 1.530452261307e-04 1.960593335236e-01
1.551708542714e-04 2.034790472356e-01 1.551708542714e-04 3.163967665406e-01 1.551708542714e-04 2.825855990514e-01 1.551708542714e-04 1.963704324168e-01
1.572964824121e-04 2.039154374650e-01 1.572964824121e-04 3.163954999818e-01 1.572964824121e-04 2.813664229841e-01 1.572964824121e-04 1.967332068545e-01
1.594221105528e-04 2.044120100268e-01 1.594221105528e-04 3.163936966826e-01 1.594221105528e-04 2.799661128242e-01 1.594221105528e-04 1.971570040298e-01
1.615477386935e-04 2.049764330390e-01 1.615477386935e-04 3.163911003891e-01 1.615477386935e-04 2.783725773565e-01 1.615477386935e-04 1.976528042631e-01
1.636733668342e-04 2.056171410117e-01 1.636733668342e-04 3.163873136462e-01 1.636733668342e-04 2.765781369177e-01 1.636733668342e-04 1.982334219642e-01
1.657989949749e-04 2.063433432797e-01 1.657989949749e-04 3.163817090446e-01 1.657989949749e-04 2.745812292813e-01 1.657989949749e-04 1.989136824714e-01
1.679246231156e-04 2.071650074001e-01 1.679246231156e-04 3.163732792025e-01 1.679246231156e-04 2.723880164473e-01 1.679246231156e-04 1.997105432092e-01
1.700502512563e-04 2.080928090910e-01 1.700502512563e-04 3.163603808573e-01 1.700502512563e-04 2.700136167639e-01 1.700502512563e-04 2.006431138702e-01
1.721758793970e-04 2.091380391174e-01 1.721758793970e-04 3.163402951665e-01 1.721758793970e-04 2.674826576333e-01 1.721758793970e-04 2.017325144611e-01
1.743015075377e-04 2.103124567539e-01 1.743015075377e-04 3.163084683051e-01 1.743015075377e-04 2.648288839756e-01 1.743015075377e-04 2.030014942188e-01
1.764271356784e-04 2.116280793869e-01 1.764271356784e-04 3.162571961104e-01 1.764271356784e-04 2.620936818609e-01 1.764271356784e-04 2.044737229829e-01
1.785527638191e-04 2.130968988674e-01 1.785527638191e-04 3.161733457496e-01 1.785527638191e-04 2.593235723424e-01 1.785527638191e-04 2.061726669658e-01
1.806783919598e-04 2.147305178653e-01 1.806783919598e-04 3.160344257590e-01 1.806783919598e-04 2.565669513376e-01 1.806783919598e-04 2.081199832930e-01
1.828040201005e-04 2.165397041371e-01 1.828040201005e-04 3.158018803469e-01 1.828040201005e-04 2.538705298245e-01 1.828040201005e-04 2.103334238862e-01
1.849296482412e-04 2.185338676370e-01 1.849296482412e-04 3.154099033578e-01 1.849296482412e-04 2.512760027247e-01 1.849296482412e-04 2.128243379115e-01
1.870552763819e-04 2.207204748061e-01 1.870552763819e-04 3.147475973506e-01 1.870552763819e-04 2.488174174420e-01 1.870552763819e-04 2.155950010878e-01
1.891809045226e-04 2.231044257161e-01 1.891809045226e-04 3.136330116812e-01 1.891809045226e-04 2.465195452773e-01 1.891809045226e-04 2.186361576522e-01
1.913065326633e-04 2.256874319395e-01 1.913065326633e-04 3.117826338567e-01 1.913065326633e-04 2.443973397132e-01 1.913065326633e-04 2.219252889916e-01
1.934321608040e-04 2.284674442365e-01 1.934321608040e-04 3.087959901122e-01 1.934321608040e-04 2.424563634794e-01 1.934321608040e-04 2.254261547049e-01
1.955577889447e-04 2.314381869864e-01 1.955577889447e-04 3.042082151673e-01 1.955577889447e-04 2.406939314233e-01 1.955577889447e-04 2.290900252741e-01
1.976834170854e-04 2.345888580835e-01 1.976834170854e-04 2.976910654022e-01 1.976834170854e-04 2.391006658466e-01 1.976834170854e-04 2.328587230307e-01
1.998090452261e-04 2.379040465595e-01 1.998090452261e-04 2.894024940766e-01 1.998090452261e-04 2.376621828640e-01 1.998090452261e-04 2.366691691734e-01
2.019346733668e-04 2.413639044856e-01 2.019346733668e-04 2.802089556427e-01 2.019346733668e-04 2.363606943895e-01 2.019346733668e-04 2.404587326491e-01
2.040603015075e-04 2.449445856907e-01 2.040603015075e-04 2.713715196508e-01 2.040603015075e-04 2.351763911146e-01 2.040603015075e-04 2.441704465362e-01
2.061859296482e-04 2.486189346530e-01 2.061859296482e-04 2.638356679622e-01 2.061859296482e-04 2.340885457253e-01 2.061859296482e-04 2.477571958698e-01
2.083115577889e-04 2.523573795121e-01 2.083115577889e-04 2.578280244688e-01 2.083115577889e-04 2.330763315237e-01 2.083115577889e-04 2.511842713560e-01
2.104371859296e-04 2.561289591308e-01 2.104371859296e-04 2.530229829426e-01 2.104371859296e-04 2.321193871487e-01 2.104371859296e-04 2.544301063290e-01
2.125628140704e-04 2.599024002742e-01 2.125628140704e-04 2.489079852486e-01 2.125628140704e-04 2.311981760668e-01 2.125628140704e-04 2.574854130418e-01
2.146884422111e-04 2.636471597740e-01 2.146884422111e-04 2.450257753123e-01 2.146884422111e-04 2.302941947864e-01 2.146884422111e-04 2.603511921987e-01
2.168140703518e-04 2.673343575379e-01 2.168140703518e-04 2.410624326557e-01 2.168140703518e-04 2.293900811815e-01 2.168140703518e-04 2.630361694678e-01
2.189396984925e-04 2.709375462436e-01 2.189396984925e-04 2.368569537539e-01 2.189396984925e-04 2.284696676888e-01 2.189396984925e-04 2.655541480035e-01
2.210653266332e-04 2.744332877111e-01 2.210653266332e-04 2.323849649366e-01 2.210653266332e-04 2.275180159596e-01 2.210653266332e-04 2.679216235591e-01
2.231909547739e-04 2.778015293446e-01 2.231909547739e-04 2.277323866579e-01 2.231909547739e-04 2.265214611896e-01 2.231909547739e-04 2.701558520979e-01
2.253165829146e-04 2.810257929227e-01 2.253165829146e-04 2.230592040069e-01 2.253165829146e-04 2.254676863338e-01 2.253165829146e-04 2.722734296950e-01
2.274422110553e-04 2.840932005091e-01 2.274422110553e-04 2.185548354179e-01 2.274422110553e-04 2.243458387843e-01 2.274422110553e-04 2.742893567746e-01
2.295678391960e-04 2.869943683157e-01 2.295678391960e-04 2.143936240295e-01 2.295678391960e-04 2.231466945952e-01 2.295678391960e-04 2.762165116315e-01
2.316934673367e-04 2.897232002270e-01 2.316934673367e-04 2.107020264990e-01 2.316934673367e-04 2.218628677487e-01 2.316934673367e-04 2.780654417318e-01
2.338190954774e-04 2.922766102080e-01 2.338190954774e-04 2.075446762077e-01 2.338190954774e-04 2.204890541445e-01 2.338190954774e-04 2.798443839370e-01
2.359447236181e-04 2.946541987015e-01 2.359447236181e-04 2.049283360334e-01 2.359447236181e-04 2.190222921541e-01 2.359447236181e-04 2.815594370711e-01
2.380703517588e-04 2.968579036585e-01 2.380703517588e-04 2.028168046074e-01 2.380703517588e-04 2.174622142334e-01 2.380703517588e-04 2.832148257355e-01
2.401959798995e-04 2.988916427598e-01 2.401959798995e-04 2.011488058888e-01 2.401959798995e-04 2.158112581776e-01 2.401959798995e-04 2.848132093214e-01
2.423216080402e-04 3.007609599358e-01 2.423216080402e-04 1.998533762810e-01 2.423216080402e-04 2.140748033077e-01 2.423216080402e-04 2.863560031103e-01
2.444472361809e-04 3.024726864332e-01 2.444472361809e-04 1.988605278126e-01 2.444472361809e-04 2.122611974866e-01 2.444472361809e-04 2.878436887300e-01
2.465728643216e-04 3.040346242713e-01 2.465728643216e-04 1.981072833845e-01 2.465728643216e-04 2.103816463438e-01 2.465728643216e-04 2.892760992088e-01
2.486984924623e-04 3.054552578050e-01 2.486984924623e-04 1.975402185550e-01 2.486984924623e-04 2.084499467812e-01 2.486984924623e-04 2.906526698360e-01
2.508241206030e-04 3.067434971961e-01 2.508241206030e-04 1.971157948310e-01 2.508241206030e-04 2.064820620592e-01 2.508241206030e-04 2.919726504329e-01
2.529497487437e-04 3.079084558360e-01 2.529497487437e-04 1.967995151161e-01 2.529497487437e-04 2.044955537366e-01 2.529497487437e-04 2.932352778388e-01
2.550753768844e-04 3.089592622100e-01 2.550753768844e-04 1.965645898475e-01 2.550753768844e-04 2.025089037278e-01 2.550753768844e-04 2.944399097056e-01
2.572010050251e-04 3.099049053574e-01 2.572010050251e-04 1.963905142637e-01 2.572010050251e-04 2.005407745947e-01 2.572010050251e-04 2.955861222914e-01
2.593266331658e-04 3.107541120227e-01 2.593266331658e-04 1.962617582552e-01 2.593266331658e-04 1.986092650727e-01 2.593266331658e-04 2.966737759916e-01
2.614522613065e-04 3.115152528102e-01 2.614522613065e-04 1.961666493427e-01 2.614522613065e-04 1.967312189691e-01 2.614522613065e-04 2.977030529574e-01
2.635778894472e-04 3.121962741540e-01 2.635778894472e-04 1.960964635119e-01 2.635778894472e-04 1.949216387508e-01 2.635778894472e-04 2.986744714164e-01
2.657035175879e-04 3.128046526617e-01 2.657035175879e-04 1.960447071586e-01 2.657035175879e-04 1.931932417554e-01 2.657035175879e-04 2.995888812943e-01
2.678291457286e-04 3.133473683543e-01 2.678291457286e-04 1.960065613929e-01 2.678291457286e-04 1.915561796374e-01 2.678291457286e-04 3.004474455084e-01
2.699547738693e-04 3.138308934473e-01 2.699547738693e-04 1.959784580263e-01 2.699547738693e-04 1.900179235437e-01 2.699547738693e-04 3.012516109274e-01
2.720804020101e-04 3.142611935624e-01 2.720804020101e-04 1.959577592515e-01 2.720804020101e-04 1.885833014830e-01 2.720804020101e-04 3.020030725119e-01
2.742060301508e-04 3.146437385757e-01 2.742060301508e-04 1.959425173784e-01 2.742060301508e-04 1.872546624774e-01 2.742060301508e-04 3.027037336197e-01
2.763316582915e-04 3.149835206618e-01 2.763316582915e-04 1.959312955437e-01 2.763316582915e-04 1.860321352810e-01 2.763316582915e-04 3.033556649205e-01
2.784572864322e-04 3.152850774573e-01 2.784572864322e-04 1.959230344184e-01 2.784572864322e-04 1.849139476032e-01 2.784572864322e-04 3.039610638370e-01
2.805829145729e-04 3.155525186171e-01 2.805829145729e-04 1.959169533818e-01 2.805829145729e-04 1.838967739671e-01 2.805829145729e-04 3.045222159516e-01
2.827085427136e-04 3.157895543615e-01 2.827085427136e-04 1.959124773947e-01 2.827085427136e-04 1.829760852700e-01 2.827085427136e-04 3.050414593866e-01
2.848341708543e-04 3.159995249036e-01 2.848341708543e-04 1.959091829666e-01 2.848341708543e-04 1.821464794350e-01 2.848341708543e-04 3.055211528026e-01
2.869597989950e-04 3.161854298996e-01 2.869597989950e-04 1.959067582749e-01 2.869597989950e-04 1.814019791125e-01 2.869597989950e-04 3.059636473610e-01
2.890854271357e-04 3.163499572777e-01 2.890854271357e-04 1.959049737518e-01 2.890854271357e-04 1.807362883868e-01 2.890854271357e-04 3.063712627575e-01
2.912110552764e-04 3.164955109831e-01 2.912110552764e-04 1.959036604037e-01 2.912110552764e-04 1.801430053880e-01 2.912110552764e-04 3.067462672537e-01
2.933366834171e-04 3.166242373189e-01 2.933366834171e-04 1.959026938374e-01 2.933366834171e-04 1.796157914361e-01 2.933366834171e-04 3.070908615047e-01
2.954623115578e-04 3.167380496814e-01 2.954623115578e-04 1.959019824943e-01 2.954623115578e-04 1.791484998711e-01 2.954623115578e-04 3.074071658919e-01
2.975879396985e-04 3.168386515777e-01 2.975879396985e-04 1.959014589862e-01 2.975879396985e-04 1.787352692215e-01 2.975879396985e-04 3.076972110189e-01
2.997135678392e-04 3.169275578842e-01 2.997135678392e-04 1.959010737159e-01 2.997135678392e-04 1.783705860463e-01 2.997135678392e-04 3.079629310026e-01
3.018391959799e-04 3.170061143549e-01 3.018391959799e-04 1.959007901816e-01 3.018391959799e-04 1.780493228749e-01 3.018391959799e-04 3.082061591874e-01
3.039648241206e-04 3.170755154286e-01 3.039648241206e-04 1.959005815189e-01 3.039648241206e-04 1.777667563645e-01 3.039648241206e-04 3.084286259221e-01
3.060904522613e-04 3.171368204072e-01 3.060904522613e-04 1.959004279573e-01 3.060904522613e-04 1.775185702670e-01 3.060904522613e-04 3.086319580590e-01
3.082160804020e-04 3.171909680970e-01 3.082160804020e-04 1.959003149464e-01 3.082160804020e-04 1.773008471527e-01 3.082160804020e-04 3.088176798646e-01
3.103417085427e-04 3.172387900141e-01 3.103417085427e-04 1.959002317783e-01 3.103417085427e-04 1.771100521805e-01 3.103417085427e-04 3.089872150605e-01
3.124673366834e-04 3.172810222587e-01 3.124673366834e-04 1.959001705724e-01 3.124673366834e-04 1.769430115711e-01 3.124673366834e-04 3.091418897484e-01
3.145929648241e-04 3.173183161664e-01 3.145929648241e-04 1.959001255291e-01 3.145929648241e-04 1.767968878758e-01 3.145929648241e-04 3.092829360030e-01
3.167185929648e-04 3.173512478406e-01 3.167185929648e-04 1.959000923805e-01 3.167185929648e-04 1.766691536404e-01 3.167185929648e-04 3.094114959500e-01
3.188442211055e-04 3.173803266678e-01 3.188442211055e-04 1.959000679854e-01 3.188442211055e-04 1.765575646575e-01 3.188442211055e-04 3.095286261729e-01
3.209698492462e-04 3.174060029107e-01 3.209698492462e-04 1.959000500324e-01 3.209698492462e-04 1.764601336628e-01 3.209698492462e-04 3.096353023199e-01
3.230954773869e-04 3.174286744700e-01 3.230954773869e-04 1.959000368203e-01 3.230954773869e-04 1.763751050695e-01 3.230954773869e-04 3.097324238060e-01
3.252211055276e-04 3.174486928979e-01 3.252211055276e-04 1.959000270971e-01 3.252211055276e-04 1.763009311248e-01 3.252211055276e-04 3.098208185233e-01
3.273467336683e-04 3.174663687397e-01 3.273467336683e-04 1.959000199415e-01 3.273467336683e-04 1.762362497168e-01 3.273467336683e-04 3.099012474933e-01
3.294723618090e-04 3.174819762752e-01 3.294723618090e-04 1.959000146755e-01 3.294723618090e-04 1.761798639448e-01 3.294723618090e-04 3.099744094092e-01
3.315979899497e-04 3.174957577225e-01 3.315979899497e-04 1.959000108001e-01 3.315979899497e-04 1.761307234761e-01 3.315979899497e-04 3.100409450271e-01
3.337236180905e-04 3.175079269631e-01 3.337236180905e-04 1.959000079481e-01 3.337236180905e-04 1.760879076599e-01 3.337236180905e-04 3.101014413794e-01
3.358492462312e-04 3.175186728412e-01 3.358492462312e-04 1.959000058492e-01 3.358492462312e-04 1.760506103216e-01 3.358492462312e-04 3.101564357894e-01
3.379748743719e-04 3.175281620826e-01 3.379748743719e-04 1.959000043046e-01 3.379748743719e-04 1.760181261409e-01 3.379748743719e-04 3.102064196748e-01
3.401005025126e-04 3.175365418780e-01 3.401005025126e-04 1.959000031679e-01 3.401005025126e-04 1.759898384994e-01 3.401005025126e-04 3.102518421341e-01
3.422261306533e-04 3.175439421667e-01 3.422261306533e-04 1.959000023313e-01 3.422261306533e-04 1.759652086775e-01 3.422261306533e-04 3.102931133130e-01
3.443517587940e-04 3.175504776552e-01 3.443517587940e-04 1.959000017157e-01 3.443517587940e-04 1.759437662812e-01 3.443517587940e-04 3.103306075536e-01
3.464773869347e-04 3.175562496016e-01 3.464773869347e-04 1.959000012626e-01 3.464773869347e-04 1.759251007784e-01 3.464773869347e-04 3.103646663300e-01
3.486030150754e-04 3.175613473911e-01 3.486030150754e-04 1.959000009292e-01 3.486030150754e-04 1.759088540350e-01 3.486030150754e-04 3.103956009771e-01
3.507286432161e-04 3.175658499289e-01 3.507286432161e-04 1.959000006838e-01 3.507286432161e-04 1.758947137432e-01 3.507286432161e-04 3.104236952214e-01
3.528542713568e-04 3.175698268685e-01 3.528542713568e-04 1.959000005033e-01 3.528542713568e-04 1.758824076463e-01 3.528542713568e-04 3.104492075221e-01
3.549798994975e-04 3.175733396979e-01 3.549798994975e-04 1.959000003704e-01 3.549798994975e-04 1.758716984686e-01 3.549798994975e-04 3.104723732330e-01
3.571055276382e-04 3.175764426978e-01 3.571055276382e-04 1.959000002726e-01 3.571055276382e-04 1.758623794720e-01 3.571055276382e-04 3.104934065954e-01
3.592311557789e-04 3.175791837872e-01 3.592311557789e-04 1.959000002006e-01 3.592311557789e-04 1.758542705637e-01 3.592311557789e-04 3.105125025712e-01
3.613567839196e-04 3.175816052702e-01 3.613567839196e-04 1.959000001476e-01 3.613567839196e-04 1.758472148912e-01 3.613567839196e-04 3.105298385290e-01
3.634824120603e-04 3.175837444951e-01 3.634824120603e-04 1.959000001086e-01 3.634824120603e-04 1.758410758653e-01 3.634824120603e-04 3.105455757902e-01
3.656080402010e-04 3.175856344361e-01 3.656080402010e-04 1.959000000799e-01 3.656080402010e-04 1.758357345588e-01 3.656080402010e-04 3.105598610471e-01
3.677336683417e-04 3.175873042064e-01 3.677336683417e-04 1.959000000588e-01 3.677336683417e-04 1.758310874351e-01 3.677336683417e-04 3.105728276622e-01
3.698592964824e-04 3.175887795114e-01 3.698592964824e-04 1.959000000433e-01 3.698592964824e-04 1.758270443664e-01 3.698592964824e-04 3.105845968559e-01
3.719849246231e-04 3.175900830482e-01 3.719849246231e-04 1.959000000319e-01 3.719849246231e-04 1.758235269039e-01 3.719849246231e-04 3.105952787933e-01
3.741105527638e-04 3.175912348589e-01 3.741105527638e-04 1.959000000234e-01 3.741105527638e-04 1.758204667703e-01 3.741105527638e-04 3.106049735771e-01
3.762361809045e-04 3.175922526413e-01 3.762361809045e-04 1.959000000173e-01 3.762361809045e-04 1.758178045447e-01 3.762361809045e-04 3.106137721534e-01
3.783618090452e-04 3.175931520245e-01 3.783618090452e-04 1.959000000127e-01 3.783618090452e-04 1.758154885172e-01 3.783618090452e-04 3.106217571389e-01
3.804874371859e-04 3.175939468105e-01 3.804874371859e-04 1.959000000093e-01 3.804874371859e-04 1.758134736905e-01 3.804874371859e-04 3.106290035751e-01
3.826130653266e-04 3.175946491889e-01 3.826130653266e-04 1.959000000069e-01 3.826130653266e-04 1.758117209103e-01 3.826130653266e-04 3.106355796155e-01
3.847386934673e-04 3.175952699253e-01 3.847386934673e-04 1.959000000051e-01 3.847386934673e-04 1.758101961080e-01 3.847386934673e-04 3.106415471521e-01
3.868643216080e-04 3.175958185284e-01 3.868643216080e-04 1.959000000037e-01 3.868643216080e-04 1.758088696410e-01 3.868643216080e-04 3.106469623856e-01
3.889899497487e-04 3.175963033971e-01 3.889899497487e-04 1.959000000027e-01 3.889899497487e-04 1.758077157188e-01 3.889899497487e-04 3.106518763449e-01
3.911155778894e-04 3.175967319498e-01 3.911155778894e-04 1.959000000020e-01 3.911155778894e-04 1.758067119024e-01 3.911155778894e-04 3.106563353597e-01
3.932412060302e-04 3.175971107400e-01 3.932412060302e-04 1.959000000015e-01 3.932412060302e-04 1.758058386699e-01 3.932412060302e-04 3.106603814902e-01
3.953668341709e-04 3.175974455567e-01 3.953668341709e-04 1.959000000011e-01 3.953668341709e-04 1.758050790371e-01 3.953668341709e-04 3.106640529189e-01
3.974924623116e-04 3.175977415140e-01 3.974924623116e-04 1.959000000008e-01 3.974924623116e-04 1.758044182280e-01 3.974924623116e-04 3.106673843056e-01
3.996180904523e-04 3.175980031300e-01 3.996180904523e-04 1.959000000006e-01 3.996180904523e-04 1.758038433882e-01 3.996180904523e-04 3.106704071114e-01
4.017437185930e-04 3.175982343966e-01 4.017437185930e-04 1.959000000004e-01 4.017437185930e-04 1.758033433346e-01 4.017437185930e-04 3.106731498923e-01
4.038693467337e-04 3.175984388405e-01 4.038693467337e-04 1.959000000003e-01 4.038693467337e-04 1.758029083386e-01 4.038693467337e-04 3.106756385666e-01
4.059949748744e-04 3.175986195778e-01 4.059949748744e-04 1.959000000002e-01 4.059949748744e-04 1.758025299369e-01 4.059949748744e-04 3.106778966577e-01
4.081206030151e-04 3.175987793622e-01 4.081206030151e-04 1.959000000002e-01 4.081206030151e-04 1.758022007670e-01 4.081206030151e-04 3.106799455146e-01
4.102462311558e-04 3.175989206265e-01 4.102462311558e-04 1.959000000001e-01 4.102462311558e-04 1.758019144240e-01 4.102462311558e-04 3.106818045124e-01
4.123718592965e-04 3.175990455207e-01 4.123718592965e-04 1.959000000001e-01 4.123718592965e-04 1.758016653363e-01 4.123718592965e-04 3.106834912341e-01
4.144974874372e-04 3.175991559448e-01 4.144974874372e-04 1.959000000001e-01 4.144974874372e-04 1.758014486570e-01 4.144974874372e-04 3.106850216363e-01
4.166231155779e-04 3.175992535778e-01 4.166231155779e-04 1.959000000001e-01 4.166231155779e-04 1.758012601695e-01 4.166231155779e-04 3.106864101992e-01
4.187487437186e-04 3.175993399036e-01 4.187487437186e-04 1.959000000000e-01 4.187487437186e-04 1.758010962061e-01 4.187487437186e-04 3.106876700629e-01
4.208743718593e-04 3.175994162336e-01 4.208743718593e-04 1.959000000000e-01 4.208743718593e-04 1.758009535760e-01 4.208743718593e-04 3.106888131510e-01
4.230000000000e-04 3.175994837268e-01 4.230000000000e-04 1.959000000000e-01 4.230000000000e-04 1.758008295036e-01 4.230000000000e-04 3.106898502836e-01
