0.000000000000e+00 2.579999994320e-01 0.000000000000e+00 1.469000043476e-01 0.000000000000e+00 2.432999535065e-01 0.000000000000e+00 3.518000000000e-01
1.839195979899e-06 2.579999993260e-01 1.839195979899e-06 1.469000051544e-01 1.839195979899e-06 2.432999464192e-01 1.839195979899e-06 3.518000000000e-01
3.678391959799e-06 2.579999992003e-01 3.678391959799e-06 1.469000061109e-01 3.678391959799e-06 2.432999382515e-01 3.678391959799e-06 3.518000000000e-01
5.517587939698e-06 2.579999990511e-01 5.517587939698e-06 1.469000072449e-01 5.517587939698e-06 2.432999288388e-01 5.517587939698e-06 3.518000000000e-01
7.356783919598e-06 2.579999988741e-01 7.356783919598e-06 1.469000085894e-01 7.356783919598e-06 2.432999179912e-01 7.356783919598e-06 3.518000000000e-01
9.195979899497e-06 2.579999986641e-01 9.195979899497e-06 1.469000101835e-01 9.195979899497e-06 2.432999054901e-01 9.195979899497e-06 3.518000000000e-01
1.103517587940e-05 2.579999984148e-01 1.103517587940e-05 1.469000120733e-01 1.103517587940e-05 2.432998910834e-01 1.103517587940e-05 3.518000000000e-01
1.287437185930e-05 2.579999981191e-01 1.287437185930e-05 1.469000143138e-01 1.287437185930e-05 2.432998744805e-01 1.287437185930e-05 3.518000000000e-01
1.471356783920e-05 2.579999977683e-01 1.471356783920e-05 1.469000169701e-01 1.471356783920e-05 2.432998553468e-01 1.471356783920e-05 3.518000000000e-01
1.655276381910e-05 2.579999973519e-01 1.655276381910e-05 1.469000201194e-01 1.655276381910e-05 2.432998332965e-01 1.655276381910e-05 3.518000000000e-01
1.839195979899e-05 2.579999968580e-01 1.839195979899e-05 1.469000238531e-01 1.839195979899e-05 2.432998078848e-01 1.839195979899e-05 3.518000000000e-01
2.023115577889e-05 2.579999962718e-01 2.023115577889e-05 1.469000282797e-01 2.023115577889e-05 2.432997785996e-01 2.023115577889e-05 3.518000000000e-01
2.207035175879e-05 2.579999955763e-01 2.207035175879e-05 1.469000335278e-01 2.207035175879e-05 2.432997448503e-01 2.207035175879e-05 3.518000000000e-01
2.390954773869e-05 2.579999947511e-01 2.390954773869e-05 1.469000397498e-01 2.390954773869e-05 2.432997059564e-01 2.390954773869e-05 3.518000000000e-01
2.574874371859e-05 2.579999937720e-01 2.574874371859e-05 1.469000471264e-01 2.574874371859e-05 2.432996611337e-01 2.574874371859e-05 3.518000000000e-01
2.758793969849e-05 2.579999926101e-01 2.758793969849e-05 1.469000558720e-01 2.758793969849e-05 2.432996094786e-01 2.758793969849e-05 3.518000000000e-01
2.942713567839e-05 2.579999912316e-01 2.942713567839e-05 1.469000662406e-01 2.942713567839e-05 2.432995499495e-01 2.942713567839e-05 3.518000000000e-01
3.126633165829e-05 2.579999895959e-01 3.126633165829e-05 1.469000785334e-01 3.126633165829e-05 2.432994813462e-01 3.126633165829e-05 3.518000000000e-01
3.310552763819e-05 2.579999876550e-01 3.310552763819e-05 1.469000931074e-01 3.310552763819e-05 2.432994022856e-01 3.310552763819e-05 3.518000000000e-01
3.494472361809e-05 2.579999853521e-01 3.494472361809e-05 1.469001103861e-01 3.494472361809e-05 2.432993111736e-01 3.494472361809e-05 3.518000000000e-01
3.678391959799e-05 2.579999826196e-01 3.678391959799e-05 1.469001308713e-01 3.678391959799e-05 2.432992061734e-01 3.678391959799e-05 3.518000000000e-01
3.862311557789e-05 2.579999793774e-01 3.862311557789e-05 1.469001551581e-01 3.862311557789e-05 2.432990851681e-01 3.862311557789e-05 3.518000000000e-01
4.046231155779e-05 2.579999755303e-01 4.046231155779e-05 1.469001839519e-01 4.046231155779e-05 2.432989457182e-01 4.046231155779e-05 3.518000000000e-01
4.230150753769e-05 2.579999709656e-01 4.230150753769e-05 1.469002180893e-01 4.230150753769e-05 2.432987850122e-01 4.230150753769e-05 3.518000000000e-01
4.414070351759e-05 2.579999655494e-01 4.414070351759e-05 1.469002585618e-01 4.414070351759e-05 2.432985998106e-01 4.414070351759e-05 3.517999999999e-01
4.597989949749e-05 2.579999591227e-01 4.597989949749e-05 1.469003065450e-01 4.597989949749e-05 2.432983863797e-01 4.597989949749e-05 3.517999999999e-01
4.781909547739e-05 2.579999514973e-01 4.781909547739e-05 1.469003634329e-01 4.781909547739e-05 2.432981404173e-01 4.781909547739e-05 3.517999999999e-01
4.965829145729e-05 2.579999424494e-01 4.965829145729e-05 1.469004308778e-01 4.965829145729e-05 2.432978569653e-01 4.965829145729e-05 3.517999999998e-01
5.149748743719e-05 2.579999317136e-01 5.149748743719e-05 1.469005108390e-01 5.149748743719e-05 2.432975303104e-01 5.149748743719e-05 3.517999999997e-01
5.333668341709e-05 2.579999189751e-01 5.333668341709e-05 1.469006056391e-01 5.333668341709e-05 2.432971538685e-01 5.333668341709e-05 3.517999999996e-01
5.517587939698e-05 2.579999038604e-01 5.517587939698e-05 1.469007180318e-01 5.517587939698e-05 2.432967200529e-01 5.517587939698e-05 3.517999999995e-01
5.701507537688e-05 2.579998859262e-01 5.701507537688e-05 1.469008512819e-01 5.701507537688e-05 2.432962201207e-01 5.701507537688e-05 3.517999999993e-01
5.885427135678e-05 2.579998646466e-01 5.885427135678e-05 1.469010092599e-01 5.885427135678e-05 2.432956439976e-01 5.885427135678e-05 3.517999999990e-01
6.069346733668e-05 2.579998393974e-01 6.069346733668e-05 1.469011965546e-01 6.069346733668e-05 2.432949800751e-01 6.069346733668e-05 3.517999999985e-01
6.253266331658e-05 2.579998094384e-01 6.253266331658e-05 1.469014186063e-01 6.253266331658e-05 2.432942149767e-01 6.253266331658e-05 3.517999999979e-01
6.437185929648e-05 2.579997738910e-01 6.437185929648e-05 1.469016818646e-01 6.437185929648e-05 2.432933332894e-01 6.437185929648e-05 3.517999999971e-01
6.621105527638e-05 2.579997317127e-01 6.621105527638e-05 1.469019939760e-01 6.621105527638e-05 2.432923172542e-01 6.621105527638e-05 3.517999999959e-01
6.805025125628e-05 2.579996816669e-01 6.805025125628e-05 1.469023640057e-01 6.805025125628e-05 2.432911464088e-01 6.805025125628e-05 3.517999999942e-01
6.988944723618e-05 2.579996222862e-01 6.988944723618e-05 1.469028027008e-01 6.988944723618e-05 2.432897971780e-01 6.988944723618e-05 3.517999999918e-01
7.172864321608e-05 2.579995518295e-01 7.172864321608e-05 1.469033228022e-01 7.172864321608e-05 2.432882424001e-01 7.172864321608e-05 3.517999999885e-01
7.356783919598e-05 2.579994682312e-01 7.356783919598e-05 1.469039394145e-01 7.356783919598e-05 2.432864507834e-01 7.356783919598e-05 3.517999999837e-01
7.540703517588e-05 2.579993690406e-01 7.540703517588e-05 1.469046704440e-01 7.540703517588e-05 2.432843862794e-01 7.540703517588e-05 3.517999999771e-01
7.724623115578e-05 2.579992513499e-01 7.724623115578e-05 1.469055371185e-01 7.724623115578e-05 2.432820073627e-01 7.724623115578e-05 3.517999999677e-01
7.908542713568e-05 2.579991117095e-01 7.908542713568e-05 1.469065646025e-01 7.908542713568e-05 2.432792662013e-01 7.908542713568e-05 3.517999999544e-01
8.092462311558e-05 2.579989460270e-01 8.092462311558e-05 1.469077827271e-01 8.092462311558e-05 2.432761077035e-01 8.092462311558e-05 3.517999999357e-01
8.276381909548e-05 2.579987494471e-01 8.276381909548e-05 1.469092268541e-01 8.276381909548e-05 2.432724684217e-01 8.276381909548e-05 3.517999999093e-01
8.460301507538e-05 2.579985162102e-01 8.460301507538e-05 1.469109389003e-01 8.460301507538e-05 2.432682752917e-01 8.460301507538e-05 3.517999998720e-01
8.644221105528e-05 2.579982394840e-01 8.644221105528e-05 1.469129685512e-01 8.644221105528e-05 2.432634441857e-01 8.644221105528e-05 3.517999998194e-01
8.828140703518e-05 2.579979111639e-01 8.828140703518e-05 1.469153746975e-01 8.828140703518e-05 2.432578782491e-01 8.828140703518e-05 3.517999997453e-01
9.012060301508e-05 2.579975216367e-01 9.012060301508e-05 1.469182271376e-01 9.012060301508e-05 2.432514659933e-01 9.012060301508e-05 3.517999996408e-01
9.195979899497e-05 2.579970595009e-01 9.195979899497e-05 1.469216085927e-01 9.195979899497e-05 2.432440791066e-01 9.195979899497e-05 3.517999994933e-01
9.379899497487e-05 2.579965112343e-01 9.379899497487e-05 1.469256170919e-01 9.379899497487e-05 2.432355699465e-01 9.379899497487e-05 3.517999992853e-01
9.563819095477e-05 2.579958608021e-01 9.563819095477e-05 1.469303687951e-01 9.563819095477e-05 2.432257686667e-01 9.563819095477e-05 3.517999989918e-01
9.747738693467e-05 2.579950891908e-01 9.747738693467e-05 1.469360013319e-01 9.747738693467e-05 2.432144799320e-01 9.747738693467e-05 3.517999985779e-01
9.931658291457e-05 2.579941738588e-01 9.931658291457e-05 1.469426777493e-01 9.931658291457e-05 2.432014791626e-01 9.931658291457e-05 3.517999979941e-01
1.011557788945e-04 2.579930880856e-01 1.011557788945e-04 1.469505911770e-01 1.011557788945e-04 2.431865082500e-01 1.011557788945e-04 3.517999971705e-01
1.029949748744e-04 2.579918002024e-01 1.029949748744e-04 1.469599703371e-01 1.029949748744e-04 2.431692706738e-01 1.029949748744e-04 3.517999960089e-01
1.048341708543e-04 2.579902726843e-01 1.048341708543e-04 1.469710860460e-01 1.048341708543e-04 2.431494259499e-01 1.048341708543e-04 3.517999943703e-01
1.066733668342e-04 2.579884610785e-01 1.066733668342e-04 1.469842588805e-01 1.066733668342e-04 2.431265833284e-01 1.066733668342e-04 3.517999920591e-01
1.085125628141e-04 2.579863127417e-01 1.085125628141e-04 1.469998682065e-01 1.085125628141e-04 2.431002946592e-01 1.085125628141e-04 3.517999887989e-01
1.103517587940e-04 2.579837653530e-01 1.103517587940e-04 1.470183627994e-01 1.103517587940e-04 2.430700463395e-01 1.103517587940e-04 3.517999842003e-01
1.121909547739e-04 2.579807451665e-01 1.121909547739e-04 1.470402733159e-01 1.121909547739e-04 2.430352502546e-01 1.121909547739e-04 3.517999777137e-01
1.140301507538e-04 2.579771649616e-01 1.140301507538e-04 1.470662269155e-01 1.140301507538e-04 2.429952336291e-01 1.140301507538e-04 3.517999685641e-01
1.158693467337e-04 2.579729216428e-01 1.158693467337e-04 1.470969643606e-01 1.158693467337e-04 2.429492277122e-01 1.158693467337e-04 3.517999556581e-01
1.177085427136e-04 2.579678934382e-01 1.177085427136e-04 1.471333599649e-01 1.177085427136e-04 2.428963552346e-01 1.177085427136e-04 3.517999374536e-01
1.195477386935e-04 2.579619366386e-01 1.195477386935e-04 1.471764447861e-01 1.195477386935e-04 2.428356166028e-01 1.195477386935e-04 3.517999117753e-01
1.213869346734e-04 2.579548818173e-01 1.213869346734e-04 1.472274334865e-01 1.213869346734e-04 2.427658748311e-01 1.213869346734e-04 3.517998755550e-01
1.232261306533e-04 2.579465294688e-01 1.232261306533e-04 1.472877552916e-01 1.232261306533e-04 2.426858392662e-01 1.232261306533e-04 3.517998244646e-01
1.250653266332e-04 2.579366450055e-01 1.250653266332e-04 1.473590894631e-01 1.250653266332e-04 2.425940482385e-01 1.250653266332e-04 3.517997523995e-01
1.269045226131e-04 2.579249530590e-01 1.269045226131e-04 1.474434056507e-01 1.269045226131e-04 2.424888508723e-01 1.269045226131e-04 3.517996507492e-01
1.287437185930e-04 2.579111310476e-01 1.287437185930e-04 1.475430093819e-01 1.287437185930e-04 2.423683884273e-01 1.287437185930e-04 3.517995073684e-01
1.305829145729e-04 2.578948019951e-01 1.305829145729e-04 1.476605927669e-01 1.305829145729e-04 2.422305757171e-01 1.305829145729e-04 3.517993051269e-01
1.324221105528e-04 2.578755266307e-01 1.324221105528e-04 1.477992902014e-01 1.324221105528e-04 2.420730833697e-01 1.324221105528e-04 3.517990198633e-01
1.342613065327e-04 2.578527948581e-01 1.342613065327e-04 1.479627384149e-01 1.342613065327e-04 2.418933219680e-01 1.342613065327e-04 3.517986175013e-01
1.361005025126e-04 2.578260167768e-01 1.361005025126e-04 1.481551395836e-01 1.361005025126e-04 2.416884294264e-01 1.361005025126e-04 3.517980499824e-01
1.379396984925e-04 2.577945135624e-01 1.379396984925e-04 1.483813253519e-01 1.379396984925e-04 2.414552633263e-01 1.379396984925e-04 3.517972495341e-01
1.397788944724e-04 2.577575086908e-01 1.397788944724e-04 1.486468184411e-01 1.397788944724e-04 2.411904003322e-01 1.397788944724e-04 3.517961205920e-01
1.416180904523e-04 2.577141202128e-01 1.416180904523e-04 1.489578870217e-01 1.416180904523e-04 2.408901452102e-01 1.416180904523e-04 3.517945284221e-01
1.434572864322e-04 2.576633550793e-01 1.434572864322e-04 1.493215851638e-01 1.434572864322e-04 2.405505523308e-01 1.434572864322e-04 3.517922831027e-01
1.452964824121e-04 2.576041068625e-01 1.452964824121e-04 1.497457705145e-01 1.452964824121e-04 2.401674627783e-01 1.452964824121e-04 3.517891169935e-01
1.471356783920e-04 2.575351586150e-01 1.471356783920e-04 1.502390879980e-01 1.471356783920e-04 2.397365602124e-01 1.471356783920e-04 3.517846530788e-01
1.489748743719e-04 2.574551930251e-01 1.489748743719e-04 1.508109060957e-01 1.489748743719e-04 2.392534482962e-01 1.489748743719e-04 3.517783605613e-01
1.508140703518e-04 2.573628123985e-01 1.508140703518e-04 1.514711906215e-01 1.508140703518e-04 2.387137516517e-01 1.508140703518e-04 3.517694927145e-01
1.526532663317e-04 2.572565712308e-01 1.526532663317e-04 1.522303006421e-01 1.526532663317e-04 2.381132407443e-01 1.526532663317e-04 3.517570001912e-01
1.544924623116e-04 2.571350240861e-01 1.544924623116e-04 1.530986933628e-01 1.544924623116e-04 2.374479786551e-01 1.544924623116e-04 3.517394106596e-01
1.563316582915e-04 2.569967909847e-01 1.563316582915e-04 1.540865306999e-01 1.563316582915e-04 2.367144842431e-01 1.563316582915e-04 3.517146628045e-01
1.581708542714e-04 2.568406413087e-01 1.581708542714e-04 1.552031912564e-01 1.581708542714e-04 2.359099017021e-01 1.581708542714e-04 3.516798796033e-01
1.600100502513e-04 2.566655951888e-01 1.600100502513e-04 1.564567084790e-01 1.600100502513e-04 2.350321611394e-01 1.600100502513e-04 3.516310630234e-01
1.618492462312e-04 2.564710383576e-01 1.618492462312e-04 1.578531789239e-01 1.618492462312e-04 2.340801089316e-01 1.618492462312e-04 3.515626914827e-01
1.636884422111e-04 2.562568426831e-01 1.636884422111e-04 1.593962120320e-01 1.636884422111e-04 2.330535809448e-01 1.636884422111e-04 3.514672059265e-01
1.655276381910e-04 2.560234805253e-01 1.655276381910e-04 1.610865203751e-01 1.655276381910e-04 2.319533872184e-01 1.655276381910e-04 3.513343865989e-01
1.673668341709e-04 2.557721175236e-01 1.673668341709e-04 1.629217700335e-01 1.673668341709e-04 2.307811746088e-01 1.673668341709e-04 3.511506616141e-01
1.692060301508e-04 2.555046666264e-01 1.692060301508e-04 1.648968155623e-01 1.692060301508e-04 2.295391355030e-01 1.692060301508e-04 3.508984669848e-01
1.710452261307e-04 2.552237873208e-01 1.710452261307e-04 1.670044236501e-01 1.710452261307e-04 2.282295373573e-01 1.710452261307e-04 3.505559152485e-01
1.728844221106e-04 2.549328189310e-01 1.728844221106e-04 1.692365372188e-01 1.728844221106e-04 2.268540607880e-01 1.728844221106e-04 3.500972340425e-01
1.747236180905e-04 2.546356454417e-01 1.747236180905e-04 1.715860454289e-01 1.747236180905e-04 2.254129546883e-01 1.747236180905e-04 3.494946656456e-01
1.765628140704e-04 2.543365002379e-01 1.765628140704e-04 1.740489087370e-01 1.765628140704e-04 2.239040474172e-01 1.765628140704e-04 3.487226176509e-01
1.784020100503e-04 2.540397300260e-01 1.784020100503e-04 1.766263502416e-01 1.784020100503e-04 2.223216967046e-01 1.784020100503e-04 3.477644990248e-01
1.802412060302e-04 2.537495451498e-01 1.802412060302e-04 1.793266759185e-01 1.802412060302e-04 2.206558220178e-01 1.802412060302e-04 3.466214750256e-01
1.820804020101e-04 2.534697862558e-01 1.820804020101e-04 1.821661417699e-01 1.820804020101e-04 2.188912458602e-01 1.820804020101e-04 3.453203430282e-01
1.839195979899e-04 2.532037339751e-01 1.839195979899e-04 1.851681746809e-01 1.839195979899e-04 2.170076732820e-01 1.839195979899e-04 3.439159994313e-01
1.857587939698e-04 2.529539799522e-01 1.857587939698e-04 1.883602415482e-01 1.857587939698e-04 2.149807430831e-01 1.857587939698e-04 3.424847032715e-01
1.875979899497e-04 2.527223665529e-01 1.875979899497e-04 1.917678717188e-01 1.875979899497e-04 2.127846364258e-01 1.875979899497e-04 3.411086805156e-01
1.894371859296e-04 2.525099917780e-01 1.894371859296e-04 1.954059386320e-01 1.894371859296e-04 2.103966252778e-01 1.894371859296e-04 3.398580931031e-01
1.912763819095e-04 2.523172676278e-01 1.912763819095e-04 1.992684029930e-01 1.912763819095e-04 2.078035424772e-01 1.912763819095e-04 3.387782421664e-01
1.931155778894e-04 2.521440156176e-01 1.931155778894e-04 2.033191319157e-01 1.931155778894e-04 2.050093585510e-01 1.931155778894e-04 3.378862835034e-01
1.949547738693e-04 2.519895823144e-01 1.949547738693e-04 2.074874575925e-01 1.949547738693e-04 2.020419744540e-01 1.949547738693e-04 3.371761357633e-01
1.967939698492e-04 2.518529597814e-01 1.967939698492e-04 2.116717811374e-01 1.967939698492e-04 1.989564904617e-01 1.967939698492e-04 3.366271197144e-01
1.986331658291e-04 2.517328994409e-01 1.986331658291e-04 2.157521114600e-01 1.986331658291e-04 1.958324030457e-01 1.986331658291e-04 3.362122440701e-01
2.004723618090e-04 2.516280119500e-01 2.004723618090e-04 2.196086828087e-01 2.004723618090e-04 1.927639617622e-01 2.004723618090e-04 3.359041053068e-01
2.023115577889e-04 2.515368493846e-01 2.023115577889e-04 2.231408612425e-01 2.023115577889e-04 1.898457847676e-01 2.023115577889e-04 3.356781676671e-01
2.041507537688e-04 2.514579689281e-01 2.041507537688e-04 2.262804462153e-01 2.041507537688e-04 1.871581475209e-01 2.041507537688e-04 3.355140603745e-01
2.059899497487e-04 2.513899792176e-01 2.059899497487e-04 2.289962624155e-01 2.059899497487e-04 1.847565197588e-01 2.059899497487e-04 3.353956790520e-01
2.078291457286e-04 2.513315716247e-01 2.078291457286e-04 2.312906699181e-01 2.078291457286e-04 1.826678159481e-01 2.078291457286e-04 3.353107054768e-01
2.096683417085e-04 2.512815392061e-01 2.096683417085e-04 2.331911136397e-01 2.096683417085e-04 1.808929295223e-01 2.096683417085e-04 3.352499288000e-01
2.115075376884e-04 2.512387860764e-01 2.115075376884e-04 2.347402756054e-01 2.115075376884e-04 1.794131582135e-01 2.115075376884e-04 3.352065694757e-01
2.133467336683e-04 2.512023297042e-01 2.133467336683e-04 2.359873921948e-01 2.133467336683e-04 1.781977581979e-01 2.133467336683e-04 3.351756922937e-01
2.151859296482e-04 2.511712982488e-01 2.151859296482e-04 2.369819070035e-01 2.151859296482e-04 1.772106306910e-01 2.151859296482e-04 3.351537324221e-01
2.170251256281e-04 2.511449246430e-01 2.170251256281e-04 2.377695564466e-01 2.170251256281e-04 1.764152237896e-01 2.170251256281e-04 3.351381289429e-01
2.188643216080e-04 2.511225387334e-01 2.188643216080e-04 2.383904270211e-01 2.188643216080e-04 1.757775675150e-01 2.188643216080e-04 3.351270492304e-01
2.207035175879e-04 2.511035584453e-01 2.207035175879e-04 2.388783709542e-01 2.207035175879e-04 1.752677945435e-01 2.207035175879e-04 3.351191854129e-01
2.225427135678e-04 2.510874806596e-01 2.225427135678e-04 2.392612349641e-01 2.225427135678e-04 1.748606176914e-01 2.225427135678e-04 3.351136059177e-01
2.243819095477e-04 2.510738722649e-01 2.243819095477e-04 2.395615009576e-01 2.243819095477e-04 1.745351828227e-01 2.243819095477e-04 3.351096481109e-01
2.262211055276e-04 2.510623616792e-01 2.262211055276e-04 2.397970792628e-01 2.262211055276e-04 1.742746046838e-01 2.262211055276e-04 3.351068411131e-01
2.280603015075e-04 2.510526310142e-01 2.280603015075e-04 2.399821047926e-01 2.280603015075e-04 1.740653840651e-01 2.280603015075e-04 3.351048505390e-01
2.298994974874e-04 2.510444089639e-01 2.298994974874e-04 2.401276608358e-01 2.298994974874e-04 1.738968204444e-01 2.298994974874e-04 3.351034390475e-01
2.317386934673e-04 2.510374644409e-01 2.317386934673e-04 2.402424006763e-01 2.317386934673e-04 1.737604774569e-01 2.317386934673e-04 3.351024382355e-01
2.335778894472e-04 2.510316009450e-01 2.335778894472e-04 2.403330626292e-01 2.335778894472e-04 1.736497238673e-01 2.335778894472e-04 3.351017286440e-01
2.354170854271e-04 2.510266516221e-01 2.354170854271e-04 2.404048867065e-01 2.354170854271e-04 1.735593534598e-01 2.354170854271e-04 3.351012255473e-01
2.372562814070e-04 2.510224749594e-01 2.372562814070e-04 2.404619462572e-01 2.372562814070e-04 1.734852777259e-01 2.372562814070e-04 3.351008688620e-01
2.390954773869e-04 2.510189510564e-01 2.390954773869e-04 2.405074089781e-01 2.390954773869e-04 1.734242813903e-01 2.390954773869e-04 3.351006159832e-01
2.409346733668e-04 2.510159784093e-01 2.409346733668e-04 2.405437407528e-01 2.409346733668e-04 1.733738300419e-01 2.409346733668e-04 3.351004367018e-01
2.427738693467e-04 2.510134711494e-01 2.427738693467e-04 2.405728640067e-01 2.427738693467e-04 1.733319198648e-01 2.427738693467e-04 3.351003095991e-01
2.446130653266e-04 2.510113566777e-01 2.446130653266e-04 2.405962803039e-01 2.446130653266e-04 1.732969608048e-01 2.446130653266e-04 3.351002194894e-01
2.464522613065e-04 2.510095736449e-01 2.464522613065e-04 2.406151650650e-01 2.464522613065e-04 1.732676859768e-01 2.464522613065e-04 3.351001556061e-01
2.482914572864e-04 2.510080702305e-01 2.482914572864e-04 2.406304406675e-01 2.482914572864e-04 1.732430815057e-01 2.482914572864e-04 3.351001103162e-01
2.501306532663e-04 2.510068026776e-01 2.501306532663e-04 2.406428328498e-01 2.501306532663e-04 1.732223321949e-01 2.501306532663e-04 3.351000782081e-01
2.519698492462e-04 2.510057340500e-01 2.519698492462e-04 2.406529142476e-01 2.519698492462e-04 1.732047794145e-01 2.519698492462e-04 3.351000554452e-01
2.538090452261e-04 2.510048331763e-01 2.538090452261e-04 2.406611380280e-01 2.538090452261e-04 1.731898884058e-01 2.538090452261e-04 3.351000393075e-01
2.556482412060e-04 2.510040737560e-01 2.556482412060e-04 2.406678639078e-01 2.556482412060e-04 1.731772228384e-01 2.556482412060e-04 3.351000278668e-01
2.574874371859e-04 2.510034336022e-01 2.574874371859e-04 2.406733783124e-01 2.574874371859e-04 1.731664249540e-01 2.574874371859e-04 3.351000197560e-01
2.593266331658e-04 2.510028940012e-01 2.593266331658e-04 2.406779100256e-01 2.593266331658e-04 1.731572000178e-01 2.593266331658e-04 3.351000140059e-01
2.611658291457e-04 2.510024391705e-01 2.611658291457e-04 2.406816423652e-01 2.611658291457e-04 1.731493040978e-01 2.611658291457e-04 3.351000099294e-01
2.630050251256e-04 2.510020558015e-01 2.630050251256e-04 2.406847226781e-01 2.630050251256e-04 1.731425344192e-01 2.630050251256e-04 3.351000070394e-01
2.648442211055e-04 2.510017326724e-01 2.648442211055e-04 2.406872697645e-01 2.648442211055e-04 1.731367217182e-01 2.648442211055e-04 3.351000049905e-01
2.666834170854e-04 2.510014603219e-01 2.666834170854e-04 2.406893796979e-01 2.666834170854e-04 1.731317241513e-01 2.666834170854e-04 3.351000035380e-01
2.685226130653e-04 2.510012307733e-01 2.685226130653e-04 2.406911304015e-01 2.685226130653e-04 1.731274224218e-01 2.685226130653e-04 3.351000025082e-01
2.703618090452e-04 2.510010373022e-01 2.703618090452e-04 2.406925852571e-01 2.703618090452e-04 1.731237158590e-01 2.703618090452e-04 3.351000017782e-01
2.722010050251e-04 2.510008742399e-01 2.722010050251e-04 2.406937959599e-01 2.722010050251e-04 1.731205192484e-01 2.722010050251e-04 3.351000012606e-01
2.740402010050e-04 2.510007368081e-01 2.740402010050e-04 2.406948047833e-01 2.740402010050e-04 1.731177602572e-01 2.740402010050e-04 3.351000008937e-01
2.758793969849e-04 2.510006209789e-01 2.758793969849e-04 2.406956463820e-01 2.758793969849e-04 1.731153773304e-01 2.758793969849e-04 3.351000006336e-01
2.777185929648e-04 2.510005233571e-01 2.777185929648e-04 2.406963492320e-01 2.777185929648e-04 1.731133179654e-01 2.777185929648e-04 3.351000004492e-01
2.795577889447e-04 2.510004410811e-01 2.795577889447e-04 2.406969367839e-01 2.795577889447e-04 1.731115372889e-01 2.795577889447e-04 3.351000003184e-01
2.813969849246e-04 2.510003717389e-01 2.813969849246e-04 2.406974283898e-01 2.813969849246e-04 1.731099968775e-01 2.813969849246e-04 3.351000002258e-01
2.832361809045e-04 2.510003132974e-01 2.832361809045e-04 2.406978400502e-01 2.832361809045e-04 1.731086637776e-01 2.832361809045e-04 3.351000001601e-01
2.850753768844e-04 2.510002640433e-01 2.850753768844e-04 2.406981850188e-01 2.850753768844e-04 1.731075096852e-01 2.850753768844e-04 3.351000001135e-01
2.869145728643e-04 2.510002225322e-01 2.869145728643e-04 2.406984742918e-01 2.869145728643e-04 1.731065102591e-01 2.869145728643e-04 3.351000000804e-01
2.887537688442e-04 2.510001875471e-01 2.887537688442e-04 2.406987170066e-01 2.887537688442e-04 1.731056445423e-01 2.887537688442e-04 3.351000000570e-01
2.905929648241e-04 2.510001580620e-01 2.905929648241e-04 2.406989207667e-01 2.905929648241e-04 1.731048944735e-01 2.905929648241e-04 3.351000000404e-01
2.924321608040e-04 2.510001332122e-01 2.924321608040e-04 2.406990919075e-01 2.924321608040e-04 1.731042444737e-01 2.924321608040e-04 3.351000000287e-01
2.942713567839e-04 2.510001122692e-01 2.942713567839e-04 2.406992357139e-01 2.942713567839e-04 1.731036810944e-01 2.942713567839e-04 3.351000000203e-01
2.961105527638e-04 2.510000946187e-01 2.961105527638e-04 2.406993565995e-01 2.961105527638e-04 1.731031927184e-01 2.961105527638e-04 3.351000000144e-01
2.979497487437e-04 2.510000797431e-01 2.979497487437e-04 2.406994582535e-01 2.979497487437e-04 1.731027693050e-01 2.979497487437e-04 3.351000000102e-01
2.997889447236e-04 2.510000672062e-01 2.997889447236e-04 2.406995437627e-01 2.997889447236e-04 1.731024021712e-01 2.997889447236e-04 3.351000000072e-01
3.016281407035e-04 2.510000566402e-01 3.016281407035e-04 2.406996157118e-01 3.016281407035e-04 1.731020838049e-01 3.016281407035e-04 3.351000000051e-01
3.034673366834e-04 2.510000477354e-01 3.034673366834e-04 2.406996762667e-01 3.034673366834e-04 1.731018077046e-01 3.034673366834e-04 3.351000000036e-01
3.053065326633e-04 2.510000402306e-01 3.053065326633e-04 2.406997272435e-01 3.053065326633e-04 1.731015682411e-01 3.053065326633e-04 3.351000000026e-01
3.071457286432e-04 2.510000339057e-01 3.071457286432e-04 2.406997701660e-01 3.071457286432e-04 1.731013605397e-01 3.071457286432e-04 3.351000000018e-01
3.089849246231e-04 2.510000285751e-01 3.089849246231e-04 2.406998063136e-01 3.089849246231e-04 1.731011803773e-01 3.089849246231e-04 3.351000000013e-01
3.108241206030e-04 2.510000240826e-01 3.108241206030e-04 2.406998367605e-01 3.108241206030e-04 1.731010240950e-01 3.108241206030e-04 3.351000000009e-01
3.126633165829e-04 2.510000202964e-01 3.126633165829e-04 2.406998624096e-01 3.126633165829e-04 1.731008885218e-01 3.126633165829e-04 3.351000000007e-01
3.145025125628e-04 2.510000171054e-01 3.145025125628e-04 2.406998840199e-01 3.145025125628e-04 1.731007709093e-01 3.145025125628e-04 3.351000000005e-01
3.163417085427e-04 2.510000144162e-01 3.163417085427e-04 2.406999022294e-01 3.163417085427e-04 1.731006688748e-01 3.163417085427e-04 3.351000000003e-01
3.181809045226e-04 2.510000121497e-01 3.181809045226e-04 2.406999175749e-01 3.181809045226e-04 1.731005803526e-01 3.181809045226e-04 3.351000000002e-01
3.200201005025e-04 2.510000102395e-01 3.200201005025e-04 2.406999305081e-01 3.200201005025e-04 1.731005035514e-01 3.200201005025e-04 3.351000000002e-01
3.218592964824e-04 2.510000086297e-01 3.218592964824e-04 2.406999414092e-01 3.218592964824e-04 1.731004369178e-01 3.218592964824e-04 3.351000000001e-01
3.236984924623e-04 2.510000072730e-01 3.236984924623e-04 2.406999505981e-01 3.236984924623e-04 1.731003791048e-01 3.236984924623e-04 3.351000000001e-01
3.255376884422e-04 2.510000061295e-01 3.255376884422e-04 2.406999583443e-01 3.255376884422e-04 1.731003289440e-01 3.255376884422e-04 3.351000000001e-01
3.273768844221e-04 2.510000051658e-01 3.273768844221e-04 2.406999648747e-01 3.273768844221e-04 1.731002854220e-01 3.273768844221e-04 3.351000000000e-01
3.292160804020e-04 2.510000043537e-01 3.292160804020e-04 2.406999703804e-01 3.292160804020e-04 1.731002476596e-01 3.292160804020e-04 3.351000000000e-01
3.310552763819e-04 2.510000036692e-01 3.310552763819e-04 2.406999750224e-01 3.310552763819e-04 1.731002148943e-01 3.310552763819e-04 3.351000000000e-01
3.328944723618e-04 2.510000030923e-01 3.328944723618e-04 2.406999789364e-01 3.328944723618e-04 1.731001864646e-01 3.328944723618e-04 3.351000000000e-01
3.347336683417e-04 2.510000026062e-01 3.347336683417e-04 2.406999822367e-01 3.347336683417e-04 1.731001617966e-01 3.347336683417e-04 3.351000000000e-01
3.365728643216e-04 2.510000021964e-01 3.365728643216e-04 2.406999850196e-01 3.365728643216e-04 1.731001403924e-01 3.365728643216e-04 3.351000000000e-01
3.384120603015e-04 2.510000018511e-01 3.384120603015e-04 2.406999873663e-01 3.384120603015e-04 1.731001218201e-01 3.384120603015e-04 3.351000000000e-01
3.402512562814e-04 2.510000015601e-01 3.402512562814e-04 2.406999893452e-01 3.402512562814e-04 1.731001057050e-01 3.402512562814e-04 3.351000000000e-01
3.420904522613e-04 2.510000013148e-01 3.420904522613e-04 2.406999910141e-01 3.420904522613e-04 1.731000917219e-01 3.420904522613e-04 3.351000000000e-01
3.439296482412e-04 2.510000011081e-01 3.439296482412e-04 2.406999924214e-01 3.439296482412e-04 1.731000795886e-01 3.439296482412e-04 3.351000000000e-01
3.457688442211e-04 2.510000009339e-01 3.457688442211e-04 2.406999936083e-01 3.457688442211e-04 1.731000690605e-01 3.457688442211e-04 3.351000000000e-01
3.476080402010e-04 2.510000007871e-01 3.476080402010e-04 2.406999946092e-01 3.476080402010e-04 1.731000599251e-01 3.476080402010e-04 3.351000000000e-01
3.494472361809e-04 2.510000006633e-01 3.494472361809e-04 2.406999954533e-01 3.494472361809e-04 1.731000519982e-01 3.494472361809e-04 3.351000000000e-01
3.512864321608e-04 2.510000005590e-01 3.512864321608e-04 2.406999961653e-01 3.512864321608e-04 1.731000451200e-01 3.512864321608e-04 3.351000000000e-01
3.531256281407e-04 2.510000004711e-01 3.531256281407e-04 2.406999967657e-01 3.531256281407e-04 1.731000391516e-01 3.531256281407e-04 3.351000000000e-01
3.549648241206e-04 2.510000003971e-01 3.549648241206e-04 2.406999972721e-01 3.549648241206e-04 1.731000339727e-01 3.549648241206e-04 3.351000000000e-01
3.568040201005e-04 2.510000003346e-01 3.568040201005e-04 2.406999976992e-01 3.568040201005e-04 1.731000294789e-01 3.568040201005e-04 3.351000000000e-01
3.586432160804e-04 2.510000002820e-01 3.586432160804e-04 2.406999980594e-01 3.586432160804e-04 1.731000255795e-01 3.586432160804e-04 3.351000000000e-01
3.604824120603e-04 2.510000002377e-01 3.604824120603e-04 2.406999983633e-01 3.604824120603e-04 1.731000221960e-01 3.604824120603e-04 3.351000000000e-01
3.623216080402e-04 2.510000002003e-01 3.623216080402e-04 2.406999986195e-01 3.623216080402e-04 1.731000192600e-01 3.623216080402e-04 3.351000000000e-01
3.641608040201e-04 2.510000001688e-01 3.641608040201e-04 2.406999988356e-01 3.641608040201e-04 1.731000167124e-01 3.641608040201e-04 3.351000000000e-01
3.660000000000e-04 2.510000001423e-01 3.660000000000e-04 2.406999990179e-01 3.660000000000e-04 1.731000145017e-01 3.660000000000e-04 3.351000000000e-01
