0.000000000000e+00 2.746629687788e-01 0.000000000000e+00 3.156999532547e-01 0.000000000000e+00 2.034999999976e-01 0.000000000000e+00 9.750000002084e-02 0.000000000000e+00 1.060000874216e-01
2.376884422111e-06 2.746600734036e-01 2.376884422111e-06 3.156999462009e-01 2.376884422111e-06 2.034999999970e-01 2.376884422111e-06 9.750000001412e-02 2.376884422111e-06 1.060001008146e-01
4.753768844221e-06 2.746569522944e-01 4.753768844221e-06 3.156999380828e-01 4.753768844221e-06 2.034999999961e-01 4.753768844221e-06 9.750000000364e-02 4.753768844221e-06 1.060001162594e-01
7.130653266332e-06 2.746535879640e-01 7.130653266332e-06 3.156999287397e-01 7.130653266332e-06 2.034999999951e-01 7.130653266332e-06 9.749999998809e-02 7.130653266332e-06 1.060001340704e-01
9.507537688442e-06 2.746499615900e-01 9.507537688442e-06 3.156999179867e-01 9.507537688442e-06 2.034999999937e-01 9.507537688442e-06 9.749999996578e-02 9.507537688442e-06 1.060001546100e-01
1.188442211055e-05 2.746460529161e-01 1.188442211055e-05 3.156999056110e-01 1.188442211055e-05 2.034999999920e-01 1.188442211055e-05 9.749999993453e-02 1.188442211055e-05 1.060001782963e-01
1.426130653266e-05 2.746418401470e-01 1.426130653266e-05 3.156998913679e-01 1.426130653266e-05 2.034999999898e-01 1.426130653266e-05 9.749999989156e-02 1.426130653266e-05 1.060002056113e-01
1.663819095477e-05 2.746372998363e-01 1.663819095477e-05 3.156998749756e-01 1.663819095477e-05 2.034999999871e-01 1.663819095477e-05 9.749999983326e-02 1.663819095477e-05 1.060002371110e-01
1.901507537688e-05 2.746324067665e-01 1.901507537688e-05 3.156998561096e-01 1.901507537688e-05 2.034999999835e-01 1.901507537688e-05 9.749999975504e-02 1.901507537688e-05 1.060002734364e-01
2.139195979899e-05 2.746271338223e-01 2.139195979899e-05 3.156998343967e-01 2.139195979899e-05 2.034999999790e-01 2.139195979899e-05 9.749999965104e-02 2.139195979899e-05 1.060003153269e-01
2.376884422111e-05 2.746214518552e-01 2.376884422111e-05 3.156998094072e-01 2.376884422111e-05 2.034999999732e-01 2.376884422111e-05 9.749999951377e-02 2.376884422111e-05 1.060003636349e-01
2.614572864322e-05 2.746153295399e-01 2.614572864322e-05 3.156997806469e-01 2.614572864322e-05 2.034999999658e-01 2.614572864322e-05 9.749999933375e-02 2.614572864322e-05 1.060004193437e-01
2.852261306533e-05 2.746087332228e-01 2.852261306533e-05 3.156997475464e-01 2.852261306533e-05 2.034999999564e-01 2.852261306533e-05 9.749999909892e-02 2.852261306533e-05 1.060004835870e-01
3.089949748744e-05 2.746016267610e-01 3.089949748744e-05 3.156997094510e-01 3.089949748744e-05 2.034999999444e-01 3.089949748744e-05 9.749999879400e-02 3.089949748744e-05 1.060005576723e-01
3.327638190955e-05 2.745939713535e-01 3.327638190955e-05 3.156996656068e-01 3.327638190955e-05 2.034999999291e-01 3.327638190955e-05 9.749999839967e-02 3.327638190955e-05 1.060006431074e-01
3.565326633166e-05 2.745857253626e-01 3.565326633166e-05 3.156996151462e-01 3.565326633166e-05 2.034999999095e-01 3.565326633166e-05 9.749999789151e-02 3.565326633166e-05 1.060007416309e-01
3.803015075377e-05 2.745768441274e-01 3.803015075377e-05 3.156995570707e-01 3.803015075377e-05 2.034999998844e-01 3.803015075377e-05 9.749999723871e-02 3.803015075377e-05 1.060008552480e-01
4.040703517588e-05 2.745672797683e-01 4.040703517588e-05 3.156994902311e-01 4.040703517588e-05 2.034999998525e-01 4.040703517588e-05 9.749999640243e-02 4.040703517588e-05 1.060009862709e-01
4.278391959799e-05 2.745569809841e-01 4.278391959799e-05 3.156994133047e-01 4.278391959799e-05 2.034999998116e-01 4.278391959799e-05 9.749999533376e-02 4.278391959799e-05 1.060011373660e-01
4.516080402010e-05 2.745458928405e-01 4.516080402010e-05 3.156993247692e-01 4.516080402010e-05 2.034999997594e-01 4.516080402010e-05 9.749999397118e-02 4.516080402010e-05 1.060013116084e-01
4.753768844221e-05 2.745339565535e-01 4.753768844221e-05 3.156992228723e-01 4.753768844221e-05 2.034999996927e-01 4.753768844221e-05 9.749999223735e-02 4.753768844221e-05 1.060015125439e-01
4.991457286432e-05 2.745211092663e-01 4.991457286432e-05 3.156991055976e-01 4.991457286432e-05 2.034999996073e-01 4.991457286432e-05 9.749999003517e-02 4.991457286432e-05 1.060017442616e-01
5.229145728643e-05 2.745072838235e-01 5.229145728643e-05 3.156989706239e-01 5.229145728643e-05 2.034999994982e-01 5.229145728643e-05 9.749998724278e-02 5.229145728643e-05 1.060020114770e-01
5.466834170854e-05 2.744924085425e-01 5.466834170854e-05 3.156988152797e-01 5.466834170854e-05 2.034999993586e-01 5.466834170854e-05 9.749998370739e-02 5.466834170854e-05 1.060023196278e-01
5.704522613065e-05 2.744764069875e-01 5.704522613065e-05 3.156986364903e-01 5.704522613065e-05 2.034999991799e-01 5.704522613065e-05 9.749997923754e-02 5.704522613065e-05 1.060026749847e-01
5.942211055276e-05 2.744591977466e-01 5.942211055276e-05 3.156984307165e-01 5.942211055276e-05 2.034999989512e-01 5.942211055276e-05 9.749997359346e-02 5.942211055276e-05 1.060030847788e-01
6.179899497487e-05 2.744406942185e-01 6.179899497487e-05 3.156981938851e-01 6.179899497487e-05 2.034999986585e-01 6.179899497487e-05 9.749996647509e-02 6.179899497487e-05 1.060035573486e-01
6.417587939698e-05 2.744208044127e-01 6.417587939698e-05 3.156979213073e-01 6.417587939698e-05 2.034999982837e-01 6.417587939698e-05 9.749995750711e-02 6.417587939698e-05 1.060041023098e-01
6.655276381910e-05 2.743994307703e-01 6.655276381910e-05 3.156976075865e-01 6.655276381910e-05 2.034999978036e-01 6.655276381910e-05 9.749994622027e-02 6.655276381910e-05 1.060047307507e-01
6.892964824121e-05 2.743764700123e-01 6.892964824121e-05 3.156972465111e-01 6.892964824121e-05 2.034999971885e-01 6.892964824121e-05 9.749993202825e-02 6.892964824121e-05 1.060054554575e-01
7.130653266332e-05 2.743518130267e-01 7.130653266332e-05 3.156968309310e-01 7.130653266332e-05 2.034999964005e-01 7.130653266332e-05 9.749991419875e-02 7.130653266332e-05 1.060062911744e-01
7.368341708543e-05 2.743253448032e-01 7.368341708543e-05 3.156963526162e-01 7.368341708543e-05 2.034999953904e-01 7.368341708543e-05 9.749989181751e-02 7.368341708543e-05 1.060072549034e-01
7.606030150754e-05 2.742969444326e-01 7.606030150754e-05 3.156958020931e-01 7.606030150754e-05 2.034999940954e-01 7.606030150754e-05 9.749986374364e-02 7.606030150754e-05 1.060083662492e-01
7.843718592965e-05 2.742664851844e-01 7.843718592965e-05 3.156951684566e-01 7.843718592965e-05 2.034999924349e-01 7.843718592965e-05 9.749982855394e-02 7.843718592965e-05 1.060096478180e-01
8.081407035176e-05 2.742338346851e-01 8.081407035176e-05 3.156944391536e-01 8.081407035176e-05 2.034999903049e-01 8.081407035176e-05 9.749978447368e-02 8.081407035176e-05 1.060111256765e-01
8.319095477387e-05 2.741988552195e-01 8.319095477387e-05 3.156935997335e-01 8.319095477387e-05 2.034999875723e-01 8.319095477387e-05 9.749972929062e-02 8.319095477387e-05 1.060128298809e-01
8.556783919598e-05 2.741614041843e-01 8.556783919598e-05 3.156926335611e-01 8.556783919598e-05 2.034999840656e-01 8.556783919598e-05 9.749966024800e-02 8.556783919598e-05 1.060147950869e-01
8.794472361809e-05 2.741213347273e-01 8.794472361809e-05 3.156915214858e-01 8.794472361809e-05 2.034999795643e-01 8.794472361809e-05 9.749957391158e-02 8.794472361809e-05 1.060170612530e-01
9.032160804020e-05 2.740784966123e-01 9.032160804020e-05 3.156902414604e-01 9.032160804020e-05 2.034999737850e-01 9.032160804020e-05 9.749946600448e-02 9.032160804020e-05 1.060196744505e-01
9.269849246231e-05 2.740327373582e-01 9.269849246231e-05 3.156887681025e-01 9.269849246231e-05 2.034999663629e-01 9.269849246231e-05 9.749933120189e-02 9.269849246231e-05 1.060226877972e-01
9.507537688442e-05 2.739839037071e-01 9.507537688442e-05 3.156870721888e-01 9.507537688442e-05 2.034999568286e-01 9.507537688442e-05 9.749916287614e-02 9.507537688442e-05 1.060261625331e-01
9.745226130653e-05 2.739318434880e-01 9.745226130653e-05 3.156851200726e-01 9.745226130653e-05 2.034999445780e-01 9.745226130653e-05 9.749895278010e-02 9.745226130653e-05 1.060301692596e-01
9.982914572864e-05 2.738764079544e-01 9.982914572864e-05 3.156828730125e-01 9.982914572864e-05 2.034999288332e-01 9.982914572864e-05 9.749869065399e-02 9.982914572864e-05 1.060347893674e-01
1.022060301508e-04 2.738174546869e-01 1.022060301508e-04 3.156802863994e-01 1.022060301508e-04 2.034999085924e-01 1.022060301508e-04 9.749836373743e-02 1.022060301508e-04 1.060401166806e-01
1.045829145729e-04 2.737548511663e-01 1.045829145729e-04 3.156773088643e-01 1.045829145729e-04 2.034998825654e-01 1.045829145729e-04 9.749795616371e-02 1.045829145729e-04 1.060462593498e-01
1.069597989950e-04 2.736884791448e-01 1.069597989950e-04 3.156738812520e-01 1.069597989950e-04 2.034998490895e-01 1.069597989950e-04 9.749744820829e-02 1.069597989950e-04 1.060533420319e-01
1.093366834171e-04 2.736182399564e-01 1.093366834171e-04 3.156699354355e-01 1.093366834171e-04 2.034998060219e-01 1.093366834171e-04 9.749681535655e-02 1.093366834171e-04 1.060615083991e-01
1.117135678392e-04 2.735440609385e-01 1.117135678392e-04 3.156653929513e-01 1.117135678392e-04 2.034997506007e-01 1.117135678392e-04 9.749602714765e-02 1.117135678392e-04 1.060709240250e-01
1.140904522613e-04 2.734659031552e-01 1.140904522613e-04 3.156601634242e-01 1.140904522613e-04 2.034996792642e-01 1.140904522613e-04 9.749504574140e-02 1.140904522613e-04 1.060817797058e-01
1.164673366834e-04 2.733837706484e-01 1.164673366834e-04 3.156541427516e-01 1.164673366834e-04 2.034995874192e-01 1.164673366834e-04 9.749382414208e-02 1.164673366834e-04 1.060942952779e-01
1.188442211055e-04 2.732977214674e-01 1.188442211055e-04 3.156472110077e-01 1.188442211055e-04 2.034994691402e-01 1.188442211055e-04 9.749230399842e-02 1.188442211055e-04 1.061087240074e-01
1.212211055276e-04 2.732078807689e-01 1.212211055276e-04 3.156392300273e-01 1.212211055276e-04 2.034993167816e-01 1.212211055276e-04 9.749041287985e-02 1.212211055276e-04 1.061253576313e-01
1.235979899497e-04 2.731144563079e-01 1.235979899497e-04 3.156300406161e-01 1.235979899497e-04 2.034991204757e-01 1.235979899497e-04 9.748806090626e-02 1.235979899497e-04 1.061445321480e-01
1.259748743719e-04 2.730177566809e-01 1.259748743719e-04 3.156194593312e-01 1.259748743719e-04 2.034988674840e-01 1.259748743719e-04 9.748513658117e-02 1.259748743719e-04 1.061666344605e-01
1.283517587940e-04 2.729182127131e-01 1.283517587940e-04 3.156072747651e-01 1.283517587940e-04 2.034985413584e-01 1.283517587940e-04 9.748150164437e-02 1.283517587940e-04 1.061921099964e-01
1.307286432161e-04 2.728164024108e-01 1.307286432161e-04 3.155932432537e-01 1.307286432161e-04 2.034981208563e-01 1.307286432161e-04 9.747698472019e-02 1.307286432161e-04 1.062214714385e-01
1.331055276382e-04 2.727130799174e-01 1.331055276382e-04 3.155770839202e-01 1.331055276382e-04 2.034975785365e-01 1.331055276382e-04 9.747137349004e-02 1.331055276382e-04 1.062553087214e-01
1.354824120603e-04 2.726092089115e-01 1.354824120603e-04 3.155584729491e-01 1.354824120603e-04 2.034968789434e-01 1.354824120603e-04 9.746440506191e-02 1.354824120603e-04 1.062943004649e-01
1.378592964824e-04 2.725060008544e-01 1.378592964824e-04 3.155370369697e-01 1.378592964824e-04 2.034959762566e-01 1.378592964824e-04 9.745575414544e-02 1.378592964824e-04 1.063392270373e-01
1.402361809045e-04 2.724049584252e-01 1.402361809045e-04 3.155123454098e-01 1.402361809045e-04 2.034948112491e-01 1.402361809045e-04 9.744501856881e-02 1.402361809045e-04 1.063909854622e-01
1.426130653266e-04 2.723079243430e-01 1.426130653266e-04 3.154839016543e-01 1.426130653266e-04 2.034933073496e-01 1.426130653266e-04 9.743170159530e-02 1.426130653266e-04 1.064506064059e-01
1.449899497487e-04 2.722171355473e-01 1.449899497487e-04 3.154511328225e-01 1.449899497487e-04 2.034913655463e-01 1.449899497487e-04 9.741519041731e-02 1.449899497487e-04 1.065192735048e-01
1.473668341709e-04 2.721352823551e-01 1.473668341709e-04 3.154133779428e-01 1.473668341709e-04 2.034888577879e-01 1.473668341709e-04 9.739473013149e-02 1.473668341709e-04 1.065983453200e-01
1.497437185930e-04 2.720655716758e-01 1.497437185930e-04 3.153698742709e-01 1.497437185930e-04 2.034856184422e-01 1.497437185930e-04 9.736939244483e-02 1.497437185930e-04 1.066893802296e-01
1.521206030151e-04 2.720117925992e-01 1.521206030151e-04 3.153197414550e-01 1.521206030151e-04 2.034814332389e-01 1.521206030151e-04 9.733803835204e-02 1.521206030151e-04 1.067941645954e-01
1.544974874372e-04 2.719783815911e-01 1.544974874372e-04 3.152619632032e-01 1.544974874372e-04 2.034760249588e-01 1.544974874372e-04 9.729927409552e-02 1.544974874372e-04 1.069147445667e-01
1.568743718593e-04 2.719704830501e-01 1.568743718593e-04 3.151953660524e-01 1.568743718593e-04 2.034690349162e-01 1.568743718593e-04 9.725139993005e-02 1.568743718593e-04 1.070534619152e-01
1.592512562814e-04 2.719939990127e-01 1.592512562814e-04 3.151185947702e-01 1.592512562814e-04 2.034599990078e-01 1.592512562814e-04 9.719235165190e-02 1.592512562814e-04 1.072129943187e-01
1.616281407035e-04 2.720556192416e-01 1.616281407035e-04 3.150300838445e-01 1.616281407035e-04 2.034483167514e-01 1.616281407035e-04 9.711963564429e-02 1.616281407035e-04 1.073964005567e-01
1.640050251256e-04 2.721628197394e-01 1.640050251256e-04 3.149280244203e-01 1.640050251256e-04 2.034332112937e-01 1.640050251256e-04 9.703025952017e-02 1.640050251256e-04 1.076071711240e-01
1.663819095477e-04 2.723238139016e-01 1.663819095477e-04 3.148103259349e-01 1.663819095477e-04 2.034136778138e-01 1.663819095477e-04 9.692066255512e-02 1.663819095477e-04 1.078492848466e-01
1.687587939698e-04 2.725474361873e-01 1.687587939698e-04 3.146745715707e-01 1.687587939698e-04 2.033884170536e-01 1.687587939698e-04 9.678665331610e-02 1.687587939698e-04 1.081272722021e-01
1.711356783920e-04 2.728429337006e-01 1.711356783920e-04 3.145179664856e-01 1.711356783920e-04 2.033557498655e-01 1.711356783920e-04 9.662336657826e-02 1.711356783920e-04 1.084462862370e-01
1.735125628141e-04 2.732196371331e-01 1.735125628141e-04 3.143372775978e-01 1.735125628141e-04 2.033135076628e-01 1.735125628141e-04 9.642525815926e-02 1.735125628141e-04 1.088121822916e-01
1.758894472362e-04 2.736864802876e-01 1.758894472362e-04 3.141287634740e-01 1.758894472362e-04 2.032588924992e-01 1.758894472362e-04 9.618616493078e-02 1.758894472362e-04 1.092316082555e-01
1.782663316583e-04 2.742513386983e-01 1.782663316583e-04 3.138880926186e-01 1.782663316583e-04 2.031882992542e-01 1.782663316583e-04 9.589946783858e-02 1.782663316583e-04 1.097121078962e-01
1.806432160804e-04 2.749201651612e-01 1.806432160804e-04 3.136102481632e-01 1.806432160804e-04 2.030970911851e-01 1.806432160804e-04 9.555840726314e-02 1.806432160804e-04 1.102622410959e-01
1.830201005025e-04 2.756959163731e-01 1.830201005025e-04 3.132894166531e-01 1.830201005025e-04 2.029793192038e-01 1.830201005025e-04 9.515660990447e-02 1.830201005025e-04 1.108917268071e-01
1.853969849246e-04 2.765772935353e-01 1.853969849246e-04 3.129188583473e-01 1.853969849246e-04 2.028273751454e-01 1.853969849246e-04 9.468888952355e-02 1.853969849246e-04 1.116116175112e-01
1.877738693467e-04 2.775573630315e-01 1.877738693467e-04 3.124907562825e-01 1.877738693467e-04 2.026315708965e-01 1.877738693467e-04 9.415237195898e-02 1.877738693467e-04 1.124345182923e-01
1.901507537688e-04 2.786221809075e-01 1.901507537688e-04 3.119960414901e-01 1.901507537688e-04 2.023796399727e-01 1.901507537688e-04 9.354795616458e-02 1.901507537688e-04 1.133748697536e-01
1.925276381910e-04 2.797496118407e-01 1.925276381910e-04 3.114241925017e-01 1.925276381910e-04 2.020561681928e-01 1.925276381910e-04 9.288204469010e-02 1.925276381910e-04 1.144493222644e-01
1.949045226131e-04 2.809085974562e-01 1.949045226131e-04 3.107630092059e-01 1.949045226131e-04 2.016419786630e-01 1.949045226131e-04 9.216835109419e-02 1.949045226131e-04 1.156772395206e-01
1.972814070352e-04 2.820591699240e-01 1.972814070352e-04 3.099983651318e-01 1.972814070352e-04 2.011135274283e-01 1.972814070352e-04 9.142942656469e-02 1.972814070352e-04 1.170813814428e-01
1.996582914573e-04 2.831534981612e-01 1.996582914573e-04 3.091139497484e-01 1.996582914573e-04 2.004424141015e-01 1.996582914573e-04 9.069738274498e-02 1.996582914573e-04 1.186888276124e-01
2.020351758794e-04 2.841381695310e-01 2.020351758794e-04 3.080910254156e-01 2.020351758794e-04 1.995951787942e-01 2.020351758794e-04 9.001320179110e-02 2.020351758794e-04 1.205322069223e-01
2.044120603015e-04 2.849577357819e-01 2.044120603015e-04 3.069082448137e-01 2.044120603015e-04 1.985336383982e-01 2.044120603015e-04 8.942412525446e-02 2.044120603015e-04 1.226512847575e-01
2.067889447236e-04 2.855593004439e-01 2.067889447236e-04 3.055416067596e-01 2.067889447236e-04 1.972160929362e-01 2.067889447236e-04 8.897898616310e-02 2.067889447236e-04 1.250949031641e-01
2.091658291457e-04 2.858976438243e-01 2.091658291457e-04 3.039646728401e-01 2.091658291457e-04 1.955997634018e-01 2.091658291457e-04 8.872197660340e-02 2.091658291457e-04 1.279231339714e-01
2.115427135678e-04 2.859401502773e-01 2.115427135678e-04 3.021492217415e-01 2.115427135678e-04 1.936447341329e-01 2.115427135678e-04 8.868604095807e-02 2.115427135678e-04 1.312092337080e-01
2.139195979899e-04 2.856707083845e-01 2.139195979899e-04 3.000665710239e-01 2.139195979899e-04 1.913193788742e-01 2.139195979899e-04 8.888752701807e-02 2.139195979899e-04 1.350405187430e-01
2.162964824121e-04 2.850918582127e-01 2.162964824121e-04 2.976898203097e-01 2.162964824121e-04 1.886067045393e-01 2.162964824121e-04 8.932360844540e-02 2.162964824121e-04 1.395165820711e-01
2.186733668342e-04 2.842247597344e-01 2.186733668342e-04 2.949972179742e-01 2.186733668342e-04 1.855103429398e-01 2.186733668342e-04 8.997324777407e-02 2.186733668342e-04 1.447424695311e-01
2.210502512563e-04 2.831069796649e-01 2.210502512563e-04 2.919766628096e-01 2.210502512563e-04 1.820583734690e-01 2.210502512563e-04 9.080137838568e-02 2.210502512563e-04 1.508139841246e-01
2.234271356784e-04 2.817885185164e-01 2.234271356784e-04 2.886309733818e-01 2.234271356784e-04 1.783032443632e-01 2.234271356784e-04 9.176503496904e-02 2.234271356784e-04 1.577931747879e-01
2.258040201005e-04 2.803268032044e-01 2.258040201005e-04 2.849830143729e-01 2.258040201005e-04 1.743170991310e-01 2.258040201005e-04 9.281975666337e-02 2.258040201005e-04 1.656755898776e-01
2.281809045226e-04 2.787814787561e-01 2.281809045226e-04 2.810792290960e-01 2.281809045226e-04 1.701835527117e-01 2.281809045226e-04 9.392481285802e-02 2.281809045226e-04 1.743574569219e-01
2.305577889447e-04 2.772097433002e-01 2.305577889447e-04 2.769899175844e-01 2.305577889447e-04 1.659884760788e-01 2.305577889447e-04 9.504643548840e-02 2.305577889447e-04 1.836179631386e-01
2.329346733668e-04 2.756627436947e-01 2.329346733668e-04 2.728050711268e-01 2.329346733668e-04 1.618126202070e-01 2.329346733668e-04 9.615894153582e-02 2.329346733668e-04 1.931327488683e-01
2.353115577889e-04 2.741832745321e-01 2.353115577889e-04 2.686258129131e-01 2.353115577889e-04 1.577276915238e-01 2.353115577889e-04 9.724413795348e-02 2.353115577889e-04 2.025236793354e-01
2.376884422111e-04 2.728047848539e-01 2.376884422111e-04 2.645530812095e-01 2.376884422111e-04 1.537955903997e-01 2.376884422111e-04 9.828963230550e-02 2.376884422111e-04 2.114303259529e-01
2.400653266332e-04 2.715515524769e-01 2.400653266332e-04 2.606763191272e-01 2.400653266332e-04 1.500691664462e-01 2.400653266332e-04 9.928667655409e-02 2.400653266332e-04 2.195747804195e-01
2.424422110553e-04 2.704398674254e-01 2.424422110553e-04 2.570649377433e-01 2.424422110553e-04 1.465927250024e-01 2.424422110553e-04 1.002280522420e-01 2.424422110553e-04 2.267957110470e-01
2.448190954774e-04 2.694801975499e-01 2.448190954774e-04 2.537641943259e-01 2.448190954774e-04 1.434014175016e-01 2.448190954774e-04 1.011063524697e-01 2.448190954774e-04 2.330460295529e-01
2.471959798995e-04 2.686806292046e-01 2.471959798995e-04 2.507955376158e-01 2.471959798995e-04 1.405197830899e-01 2.471959798995e-04 1.019128779678e-01 2.471959798995e-04 2.383657026836e-01
2.495728643216e-04 2.680524221451e-01 2.495728643216e-04 2.481602265567e-01 2.495728643216e-04 1.379603743164e-01 2.495728643216e-04 1.026372518080e-01 2.495728643216e-04 2.428467335081e-01
2.519497487437e-04 2.676191022353e-01 2.519497487437e-04 2.458445514039e-01 2.519497487437e-04 1.357233660434e-01 2.519497487437e-04 1.032677596884e-01 2.519497487437e-04 2.466027879810e-01
2.543266331658e-04 2.674296550854e-01 2.543266331658e-04 2.438251938350e-01 2.543266331658e-04 1.337975420968e-01 2.543266331658e-04 1.037923274047e-01 2.543266331658e-04 2.497485017856e-01
2.567035175879e-04 2.675683053506e-01 2.567035175879e-04 2.420738047982e-01 2.567035175879e-04 1.321624795021e-01 2.567035175879e-04 1.041999514293e-01 2.567035175879e-04 2.523881444686e-01
2.590804020101e-04 2.681282729364e-01 2.590804020101e-04 2.405604265641e-01 2.590804020101e-04 1.307913964449e-01 2.590804020101e-04 1.044823150839e-01 2.590804020101e-04 2.546110704263e-01
2.614572864322e-04 2.691016276909e-01 2.614572864322e-04 2.392557687689e-01 2.614572864322e-04 1.296540699325e-01 2.614572864322e-04 1.046352755190e-01 2.614572864322e-04 2.564912189425e-01
2.638341708543e-04 2.702627757221e-01 2.638341708543e-04 2.381325423874e-01 2.638341708543e-04 1.287193744142e-01 2.638341708543e-04 1.046599193385e-01 2.638341708543e-04 2.580886046168e-01
2.662110552764e-04 2.712912623200e-01 2.662110552764e-04 2.371661095376e-01 2.662110552764e-04 1.279572095481e-01 2.662110552764e-04 1.045629665051e-01 2.662110552764e-04 2.594515212929e-01
2.685879396985e-04 2.720359310633e-01 2.685879396985e-04 2.363346835749e-01 2.685879396985e-04 1.273397750709e-01 2.685879396985e-04 1.043564387542e-01 2.685879396985e-04 2.606187818011e-01
2.709648241206e-04 2.725410825507e-01 2.709648241206e-04 2.356192609127e-01 2.709648241206e-04 1.268422717791e-01 2.709648241206e-04 1.040566640053e-01 2.709648241206e-04 2.616216945926e-01
2.733417085427e-04 2.729074855587e-01 2.733417085427e-04 2.350034108727e-01 2.733417085427e-04 1.264431609797e-01 2.733417085427e-04 1.036828178144e-01 2.733417085427e-04 2.624856871352e-01
2.757185929648e-04 2.732110211436e-01 2.757185929648e-04 2.344730044481e-01 2.757185929648e-04 1.261241205133e-01 2.757185929648e-04 1.032552722970e-01 2.757185929648e-04 2.632315864269e-01
2.780954773869e-04 2.734930422960e-01 2.780954773869e-04 2.340159298732e-01 2.780954773869e-04 1.258698157320e-01 2.780954773869e-04 1.027940206106e-01 2.780954773869e-04 2.638766065233e-01
2.804723618090e-04 2.737721731163e-01 2.804723618090e-04 2.336218209048e-01 2.804723618090e-04 1.256675751671e-01 2.804723618090e-04 1.023173839063e-01 2.804723618090e-04 2.644351017724e-01
2.828492462312e-04 2.740550890428e-01 2.828492462312e-04 2.332818100438e-01 2.828492462312e-04 1.255070326694e-01 2.828492462312e-04 1.018411158423e-01 2.828492462312e-04 2.649191396979e-01
2.852261306533e-04 2.743428665009e-01 2.852261306533e-04 2.329883109490e-01 2.852261306533e-04 1.253797748496e-01 2.852261306533e-04 1.013779275132e-01 2.852261306533e-04 2.653389381018e-01
2.876030150754e-04 2.746342143600e-01 2.876030150754e-04 2.327348299744e-01 2.876030150754e-04 1.252790156786e-01 2.876030150754e-04 1.009373847025e-01 2.876030150754e-04 2.657032011401e-01
2.899798994975e-04 2.749270096324e-01 2.899798994975e-04 2.325158046467e-01 2.899798994975e-04 1.251993085549e-01 2.899798994975e-04 1.005260888161e-01 2.899798994975e-04 2.660193805560e-01
2.923567839196e-04 2.752189931761e-01 2.923567839196e-04 2.323264660629e-01 2.923567839196e-04 1.251362988222e-01 2.923567839196e-04 1.001480409423e-01 2.923567839196e-04 2.662938813863e-01
2.947336683417e-04 2.755080662387e-01 2.947336683417e-04 2.321627220227e-01 2.947336683417e-04 1.250865154482e-01 2.947336683417e-04 9.980509722100e-02 2.947336683417e-04 2.665322262156e-01
2.971105527638e-04 2.757924017372e-01 2.971105527638e-04 2.320210578885e-01 2.971105527638e-04 1.250471983429e-01 2.971105527638e-04 9.949744355535e-02 2.971105527638e-04 2.667391881748e-01
2.994874371859e-04 2.760704714083e-01 2.994874371859e-04 2.318984524862e-01 2.994874371859e-04 1.250161568637e-01 2.994874371859e-04 9.922404068997e-02 2.994874371859e-04 2.669189000646e-01
3.018643216080e-04 2.763410360590e-01 3.018643216080e-04 2.317923067144e-01 3.018643216080e-04 1.249916548866e-01 3.018643216080e-04 9.898301159578e-02 3.018643216080e-04 2.670749449706e-01
3.042412060302e-04 2.766031208112e-01 3.042412060302e-04 2.317003828774e-01 3.042412060302e-04 1.249723180805e-01 3.042412060302e-04 9.877195945169e-02 3.042412060302e-04 2.672104322934e-01
3.066180904523e-04 2.768559854016e-01 3.066180904523e-04 2.316207530643e-01 3.066180904523e-04 1.249570594848e-01 3.066180904523e-04 9.858821574943e-02 3.066180904523e-04 2.673280621065e-01
3.089949748744e-04 2.770990940874e-01 3.089949748744e-04 2.315517551666e-01 3.089949748744e-04 1.249450200141e-01 3.089949748744e-04 9.842902477050e-02 3.089949748744e-04 2.674301800215e-01
3.113718592965e-04 2.773320871437e-01 3.113718592965e-04 2.314919553548e-01 3.113718592965e-04 1.249355210469e-01 3.113718592965e-04 9.829167395233e-02 3.113718592965e-04 2.675188242290e-01
3.137487437186e-04 2.775547547452e-01 3.137487437186e-04 2.314401160226e-01 3.137487437186e-04 1.249280267335e-01 3.137487437186e-04 9.817358057669e-02 3.137487437186e-04 2.675957660097e-01
3.161256281407e-04 2.777670134687e-01 3.161256281407e-04 2.313951683711e-01 3.161256281407e-04 1.249221140883e-01 3.161256281407e-04 9.807234470695e-02 3.161256281407e-04 2.676625447372e-01
3.185025125628e-04 2.779688853969e-01 3.185025125628e-04 2.313561889319e-01 3.185025125628e-04 1.249174492939e-01 3.185025125628e-04 9.798577706195e-02 3.185025125628e-04 2.677204981979e-01
3.208793969849e-04 2.781604796910e-01 3.208793969849e-04 2.313223794439e-01 3.208793969849e-04 1.249137689475e-01 3.208793969849e-04 9.791190900542e-02 3.208793969849e-04 2.677707889006e-01
3.232562814070e-04 2.783419764474e-01 3.232562814070e-04 2.312930495872e-01 3.232562814070e-04 1.249108652320e-01 3.232562814070e-04 9.784899032726e-02 3.232562814070e-04 2.678144269341e-01
3.256331658291e-04 2.785136126415e-01 3.256331658291e-04 2.312676021539e-01 3.256331658291e-04 1.249085741989e-01 3.256331658291e-04 9.779547914480e-02 3.256331658291e-04 2.678522898425e-01
3.280100502513e-04 2.786756699572e-01 3.280100502513e-04 2.312455203022e-01 3.280100502513e-04 1.249067665143e-01 3.280100502513e-04 9.775002711763e-02 3.280100502513e-04 2.678851399166e-01
3.303869346734e-04 2.788284643100e-01 3.303869346734e-04 2.312263565917e-01 3.303869346734e-04 1.249053401532e-01 3.303869346734e-04 9.771146225812e-02 3.303869346734e-04 2.679136392398e-01
3.327638190955e-04 2.789723368820e-01 3.327638190955e-04 2.312097235440e-01 3.327638190955e-04 1.249042146340e-01 3.327638190955e-04 9.767877091369e-02 3.327638190955e-04 2.679383627830e-01
3.351407035176e-04 2.791076464986e-01 3.351407035176e-04 2.311952855108e-01 3.351407035176e-04 1.249033264692e-01 3.351407035176e-04 9.765107996530e-02 3.351407035176e-04 2.679598098007e-01
3.375175879397e-04 2.792347631903e-01 3.375175879397e-04 2.311827516643e-01 3.375175879397e-04 1.249026255757e-01 3.375175879397e-04 9.762763989760e-02 3.375175879397e-04 2.679784137473e-01
3.398944723618e-04 2.793540627979e-01 3.398944723618e-04 2.311718699502e-01 3.398944723618e-04 1.249020724440e-01 3.398944723618e-04 9.760780911855e-02 3.398944723618e-04 2.679945509049e-01
3.422713567839e-04 2.794659224897e-01 3.422713567839e-04 2.311624218692e-01 3.422713567839e-04 1.249016359050e-01 3.422713567839e-04 9.759103971345e-02 3.422713567839e-04 2.680085478884e-01
3.446482412060e-04 2.795707170746e-01 3.446482412060e-04 2.311542179712e-01 3.446482412060e-04 1.249012913682e-01 3.446482412060e-04 9.757686468878e-02 3.446482412060e-04 2.680206881724e-01
3.470251256281e-04 2.796688160047e-01 3.470251256281e-04 2.311470939612e-01 3.470251256281e-04 1.249010194326e-01 3.470251256281e-04 9.756488667720e-02 3.470251256281e-04 2.680312177667e-01
3.494020100503e-04 2.797605809737e-01 3.494020100503e-04 2.311409073352e-01 3.494020100503e-04 1.249008047908e-01 3.494020100503e-04 9.755476802400e-02 3.494020100503e-04 2.680403501490e-01
3.517788944724e-04 2.798463640271e-01 3.517788944724e-04 2.311355344693e-01 3.517788944724e-04 1.249006353648e-01 3.517788944724e-04 9.754622214707e-02 3.517788944724e-04 2.680482705530e-01
3.541557788945e-04 2.799265061101e-01 3.541557788945e-04 2.311308681033e-01 3.541557788945e-04 1.249005016244e-01 3.541557788945e-04 9.753900604896e-02 3.541557788945e-04 2.680551396941e-01
3.565326633166e-04 2.800013359868e-01 3.565326633166e-04 2.311268151617e-01 3.565326633166e-04 1.249003960492e-01 3.565326633166e-04 9.753291385740e-02 3.565326633166e-04 2.680610970056e-01
3.589095477387e-04 2.800711694747e-01 3.589095477387e-04 2.311232948684e-01 3.589095477387e-04 1.249003127045e-01 3.589095477387e-04 9.752777127379e-02 3.589095477387e-04 2.680662634504e-01
3.612864321608e-04 2.801363089424e-01 3.612864321608e-04 2.311202371130e-01 3.612864321608e-04 1.249002469070e-01 3.612864321608e-04 9.752343081678e-02 3.612864321608e-04 2.680707439622e-01
3.636633165829e-04 2.801970430280e-01 3.636633165829e-04 2.311175810368e-01 3.636633165829e-04 1.249001949604e-01 3.636633165829e-04 9.751976775741e-02 3.636633165829e-04 2.680746295656e-01
3.660402010050e-04 2.802536465395e-01 3.660402010050e-04 2.311152738068e-01 3.660402010050e-04 1.249001539476e-01 3.660402010050e-04 9.751667665279e-02 3.660402010050e-04 2.680779992167e-01
3.684170854271e-04 2.803063805037e-01 3.684170854271e-04 2.311132695534e-01 3.684170854271e-04 1.249001215661e-01 3.684170854271e-04 9.751406839511e-02 3.684170854271e-04 2.680809214004e-01
3.707939698492e-04 2.803554923369e-01 3.707939698492e-04 2.311115284498e-01 3.707939698492e-04 1.249000959985e-01 3.707939698492e-04 9.751186770333e-02 3.707939698492e-04 2.680834555176e-01
3.731708542714e-04 2.804012161113e-01 3.731708542714e-04 2.311100159133e-01 3.731708542714e-04 1.249000758104e-01 3.731708542714e-04 9.751001099353e-02 3.731708542714e-04 2.680856530884e-01
3.755477386935e-04 2.804437728977e-01 3.755477386935e-04 2.311087019130e-01 3.755477386935e-04 1.249000598695e-01 3.755477386935e-04 9.750844457281e-02 3.755477386935e-04 2.680875587968e-01
3.779246231156e-04 2.804833711661e-01 3.779246231156e-04 2.311075603692e-01 3.779246231156e-04 1.249000472817e-01 3.779246231156e-04 9.750712310876e-02 3.779246231156e-04 2.680892113965e-01
3.803015075377e-04 2.805202072295e-01 3.803015075377e-04 2.311065686321e-01 3.803015075377e-04 1.249000373416e-01 3.803015075377e-04 9.750600833345e-02 3.803015075377e-04 2.680906444979e-01
3.826783919598e-04 2.805544657192e-01 3.826783919598e-04 2.311057070303e-01 3.826783919598e-04 1.249000294919e-01 3.826783919598e-04 9.750506794667e-02 3.826783919598e-04 2.680918872496e-01
3.850552763819e-04 2.805863200796e-01 3.850552763819e-04 2.311049584780e-01 3.850552763819e-04 1.249000232929e-01 3.850552763819e-04 9.750427468829e-02 3.850552763819e-04 2.680929649307e-01
3.874321608040e-04 2.806159330752e-01 3.874321608040e-04 2.311043081347e-01 3.874321608040e-04 1.249000183974e-01 3.874321608040e-04 9.750360555393e-02 3.874321608040e-04 2.680938994640e-01
3.898090452261e-04 2.806434573021e-01 3.898090452261e-04 2.311037431097e-01 3.898090452261e-04 1.249000145310e-01 3.898090452261e-04 9.750304113208e-02 3.898090452261e-04 2.680947098615e-01
3.921859296482e-04 2.806690356979e-01 3.921859296482e-04 2.311032522056e-01 3.921859296482e-04 1.249000114775e-01 3.921859296482e-04 9.750256504412e-02 3.921859296482e-04 2.680954126108e-01
3.945628140704e-04 2.806928020468e-01 3.945628140704e-04 2.311028256955e-01 3.945628140704e-04 1.249000090658e-01 3.945628140704e-04 9.750216347118e-02 3.945628140704e-04 2.680960220099e-01
3.969396984925e-04 2.807148814731e-01 3.969396984925e-04 2.311024551299e-01 3.969396984925e-04 1.249000071611e-01 3.969396984925e-04 9.750182475471e-02 3.969396984925e-04 2.680965504581e-01
3.993165829146e-04 2.807353909241e-01 3.993165829146e-04 2.311021331684e-01 3.993165829146e-04 1.249000056566e-01 3.993165829146e-04 9.750153905912e-02 3.993165829146e-04 2.680970087079e-01
4.016934673367e-04 2.807544396370e-01 4.016934673367e-04 2.311018534343e-01 4.016934673367e-04 1.249000044683e-01 4.016934673367e-04 9.750129808709e-02 4.016934673367e-04 2.680974060839e-01
4.040703517588e-04 2.807721295896e-01 4.040703517588e-04 2.311016103880e-01 4.040703517588e-04 1.249000035297e-01 4.040703517588e-04 9.750109483915e-02 4.040703517588e-04 2.680977506720e-01
4.064472361809e-04 2.807885559333e-01 4.064472361809e-04 2.311013992167e-01 4.064472361809e-04 1.249000027883e-01 4.064472361809e-04 9.750092341086e-02 4.064472361809e-04 2.680980494844e-01
4.088241206030e-04 2.808038074081e-01 4.088241206030e-04 2.311012157392e-01 4.088241206030e-04 1.249000022027e-01 4.088241206030e-04 9.750077882160e-02 4.088241206030e-04 2.680983086018e-01
4.112010050251e-04 2.808179667379e-01 4.112010050251e-04 2.311010563231e-01 4.112010050251e-04 1.249000017401e-01 4.112010050251e-04 9.750065687013e-02 4.112010050251e-04 2.680985332971e-01
4.135778894472e-04 2.808311110077e-01 4.135778894472e-04 2.311009178125e-01 4.135778894472e-04 1.249000013747e-01 4.135778894472e-04 9.750055401265e-02 4.135778894472e-04 2.680987281430e-01
4.159547738693e-04 2.808433120210e-01 4.159547738693e-04 2.311007974654e-01 4.159547738693e-04 1.249000010860e-01 4.159547738693e-04 9.750046726002e-02 4.159547738693e-04 2.680988971047e-01
4.183316582915e-04 2.808546366389e-01 4.183316582915e-04 2.311006928997e-01 4.183316582915e-04 1.249000008580e-01 4.183316582915e-04 9.750039409093e-02 4.183316582915e-04 2.680990436207e-01
4.207085427136e-04 2.808651471007e-01 4.207085427136e-04 2.311006020458e-01 4.207085427136e-04 1.249000006778e-01 4.207085427136e-04 9.750033237873e-02 4.207085427136e-04 2.680991706727e-01
4.230854271357e-04 2.808749013266e-01 4.230854271357e-04 2.311005231054e-01 4.230854271357e-04 1.249000005355e-01 4.230854271357e-04 9.750028032966e-02 4.230854271357e-04 2.680992808463e-01
4.254623115578e-04 2.808839532030e-01 4.254623115578e-04 2.311004545161e-01 4.254623115578e-04 1.249000004231e-01 4.254623115578e-04 9.750023643077e-02 4.254623115578e-04 2.680993763839e-01
4.278391959799e-04 2.808923528510e-01 4.278391959799e-04 2.311003949207e-01 4.278391959799e-04 1.249000003343e-01 4.278391959799e-04 9.750019940596e-02 4.278391959799e-04 2.680994592296e-01
4.302160804020e-04 2.809001468788e-01 4.302160804020e-04 2.311003431395e-01 4.302160804020e-04 1.249000002641e-01 4.302160804020e-04 9.750016817890e-02 4.302160804020e-04 2.680995310695e-01
4.325929648241e-04 2.809073786189e-01 4.325929648241e-04 2.311002981481e-01 4.325929648241e-04 1.249000002087e-01 4.325929648241e-04 9.750014184178e-02 4.325929648241e-04 2.680995933658e-01
4.349698492462e-04 2.809140883506e-01 4.349698492462e-04 2.311002590559e-01 4.349698492462e-04 1.249000001649e-01 4.349698492462e-04 9.750011962892e-02 4.349698492462e-04 2.680996473862e-01
4.373467336683e-04 2.809203135082e-01 4.373467336683e-04 2.311002250896e-01 4.373467336683e-04 1.249000001303e-01 4.373467336683e-04 9.750010089452e-02 4.373467336683e-04 2.680996942301e-01
4.397236180905e-04 2.809260888762e-01 4.397236180905e-04 2.311001955768e-01 4.397236180905e-04 1.249000001029e-01 4.397236180905e-04 9.750008509389e-02 4.397236180905e-04 2.680997348509e-01
4.421005025126e-04 2.809314467722e-01 4.421005025126e-04 2.311001699338e-01 4.421005025126e-04 1.249000000813e-01 4.421005025126e-04 9.750007176764e-02 4.421005025126e-04 2.680997700754e-01
4.444773869347e-04 2.809364172173e-01 4.444773869347e-04 2.311001476530e-01 4.444773869347e-04 1.249000000643e-01 4.444773869347e-04 9.750006052829e-02 4.444773869347e-04 2.680998006204e-01
4.468542713568e-04 2.809410280958e-01 4.468542713568e-04 2.311001282935e-01 4.468542713568e-04 1.249000000508e-01 4.468542713568e-04 9.750005104905e-02 4.468542713568e-04 2.680998271075e-01
4.492311557789e-04 2.809453053041e-01 4.492311557789e-04 2.311001114725e-01 4.492311557789e-04 1.249000000401e-01 4.492311557789e-04 9.750004305429e-02 4.492311557789e-04 2.680998500759e-01
4.516080402010e-04 2.809492728898e-01 4.516080402010e-04 2.311000968569e-01 4.516080402010e-04 1.249000000317e-01 4.516080402010e-04 9.750003631155e-02 4.516080402010e-04 2.680998699930e-01
4.539849246231e-04 2.809529531812e-01 4.539849246231e-04 2.311000841576e-01 4.539849246231e-04 1.249000000250e-01 4.539849246231e-04 9.750003062476e-02 4.539849246231e-04 2.680998872642e-01
4.563618090452e-04 2.809563669086e-01 4.563618090452e-04 2.311000731235e-01 4.563618090452e-04 1.249000000198e-01 4.563618090452e-04 9.750002582857e-02 4.563618090452e-04 2.680999022409e-01
4.587386934673e-04 2.809595333167e-01 4.587386934673e-04 2.311000635360e-01 4.587386934673e-04 1.249000000156e-01 4.587386934673e-04 9.750002178349e-02 4.587386934673e-04 2.680999152280e-01
4.611155778894e-04 2.809624702695e-01 4.611155778894e-04 2.311000552056e-01 4.611155778894e-04 1.249000000124e-01 4.611155778894e-04 9.750001837191e-02 4.611155778894e-04 2.680999264898e-01
4.634924623116e-04 2.809651943484e-01 4.634924623116e-04 2.311000479675e-01 4.634924623116e-04 1.249000000098e-01 4.634924623116e-04 9.750001549462e-02 4.634924623116e-04 2.680999362555e-01
4.658693467337e-04 2.809677209432e-01 4.658693467337e-04 2.311000416783e-01 4.658693467337e-04 1.249000000077e-01 4.658693467337e-04 9.750001306793e-02 4.658693467337e-04 2.680999447238e-01
4.682462311558e-04 2.809700643364e-01 4.682462311558e-04 2.311000362138e-01 4.682462311558e-04 1.249000000061e-01 4.682462311558e-04 9.750001102130e-02 4.682462311558e-04 2.680999520672e-01
4.706231155779e-04 2.809722377827e-01 4.706231155779e-04 2.311000314657e-01 4.706231155779e-04 1.249000000048e-01 4.706231155779e-04 9.750000929519e-02 4.706231155779e-04 2.680999584349e-01
4.730000000000e-04 2.809742535816e-01 4.730000000000e-04 2.311000273402e-01 4.730000000000e-04 1.249000000038e-01 4.730000000000e-04 9.750000783942e-02 4.730000000000e-04 2.680999639568e-01
