0.000000000000e+00 3.329999968187e-01 0.000000000000e+00 2.285000000000e-01 0.000000000000e+00 1.620000556116e-01 0.000000000000e+00 6.655000000000e-02 0.000000000000e+00 2.149482457347e-01
2.008366834171e-06 3.329999962981e-01 2.008366834171e-06 2.285000000000e-01 2.008366834171e-06 1.620000645406e-01 2.008366834171e-06 6.655000000000e-02 2.008366834171e-06 2.149745121352e-01
4.016733668342e-06 3.329999956915e-01 4.016733668342e-06 2.285000000000e-01 4.016733668342e-06 1.620000749033e-01 4.016733668342e-06 6.655000000000e-02 4.016733668342e-06 2.150021613859e-01
6.025100502513e-06 3.329999949844e-01 6.025100502513e-06 2.285000000000e-01 6.025100502513e-06 1.620000869300e-01 6.025100502513e-06 6.655000000000e-02 6.025100502513e-06 2.150312495331e-01
8.033467336683e-06 3.329999941600e-01 8.033467336683e-06 2.285000000000e-01 8.033467336683e-06 1.620001008879e-01 8.033467336683e-06 6.655000000000e-02 8.033467336683e-06 2.150618328881e-01
1.004183417085e-05 3.329999931985e-01 1.004183417085e-05 2.285000000000e-01 1.004183417085e-05 1.620001170870e-01 1.004183417085e-05 6.655000000000e-02 1.004183417085e-05 2.150939677186e-01
1.205020100503e-05 3.329999920767e-01 1.205020100503e-05 2.285000000000e-01 1.205020100503e-05 1.620001358873e-01 1.205020100503e-05 6.655000000000e-02 1.205020100503e-05 2.151277098908e-01
1.405856783920e-05 3.329999907674e-01 1.405856783920e-05 2.285000000000e-01 1.405856783920e-05 1.620001577064e-01 1.405856783920e-05 6.655000000000e-02 1.405856783920e-05 2.151631144553e-01
1.606693467337e-05 3.329999892388e-01 1.606693467337e-05 2.285000000000e-01 1.606693467337e-05 1.620001830292e-01 1.606693467337e-05 6.655000000000e-02 1.606693467337e-05 2.152002351729e-01
1.807530150754e-05 3.329999874534e-01 1.807530150754e-05 2.285000000000e-01 1.807530150754e-05 1.620002124182e-01 1.807530150754e-05 6.655000000000e-02 1.807530150754e-05 2.152391239710e-01
2.008366834171e-05 3.329999853673e-01 2.008366834171e-05 2.285000000000e-01 2.008366834171e-05 1.620002465265e-01 2.008366834171e-05 6.655000000000e-02 2.008366834171e-05 2.152798303266e-01
2.209203517588e-05 3.329999829288e-01 2.209203517588e-05 2.285000000000e-01 2.209203517588e-05 1.620002861120e-01 2.209203517588e-05 6.655000000000e-02 2.209203517588e-05 2.153224005658e-01
2.410040201005e-05 3.329999800771e-01 2.410040201005e-05 2.285000000000e-01 2.410040201005e-05 1.620003320541e-01 2.410040201005e-05 6.655000000000e-02 2.410040201005e-05 2.153668770738e-01
2.610876884422e-05 3.329999767405e-01 2.610876884422e-05 2.285000000000e-01 2.610876884422e-05 1.620003853737e-01 2.610876884422e-05 6.655000000000e-02 2.610876884422e-05 2.154132974053e-01
2.811713567839e-05 3.329999728349e-01 2.811713567839e-05 2.285000000000e-01 2.811713567839e-05 1.620004472555e-01 2.811713567839e-05 6.655000000000e-02 2.811713567839e-05 2.154616932883e-01
3.012550251256e-05 3.329999682607e-01 3.012550251256e-05 2.285000000000e-01 3.012550251256e-05 1.620005190746e-01 3.012550251256e-05 6.655000000000e-02 3.012550251256e-05 2.155120895116e-01
3.213386934673e-05 3.329999629008e-01 3.213386934673e-05 2.285000000000e-01 3.213386934673e-05 1.620006024268e-01 3.213386934673e-05 6.655000000000e-02 3.213386934673e-05 2.155645026852e-01
3.414223618090e-05 3.329999566165e-01 3.414223618090e-05 2.285000000000e-01 3.414223618090e-05 1.620006991641e-01 3.414223618090e-05 6.655000000000e-02 3.414223618090e-05 2.156189398675e-01
3.615060301508e-05 3.329999492443e-01 3.615060301508e-05 2.285000000000e-01 3.615060301508e-05 1.620008114361e-01 3.615060301508e-05 6.655000000000e-02 3.615060301508e-05 2.156753970467e-01
3.815896984925e-05 3.329999405904e-01 3.815896984925e-05 2.285000000000e-01 3.815896984925e-05 1.620009417374e-01 3.815896984925e-05 6.655000000000e-02 3.815896984925e-05 2.157338574697e-01
4.016733668342e-05 3.329999304258e-01 4.016733668342e-05 2.285000000000e-01 4.016733668342e-05 1.620010929635e-01 4.016733668342e-05 6.655000000000e-02 4.016733668342e-05 2.157942898102e-01
4.217570351759e-05 3.329999184789e-01 4.217570351759e-05 2.285000000000e-01 4.217570351759e-05 1.620012684745e-01 4.217570351759e-05 6.655000000000e-02 4.217570351759e-05 2.158566461676e-01
4.418407035176e-05 3.329999044276e-01 4.418407035176e-05 2.285000000000e-01 4.418407035176e-05 1.620014721703e-01 4.418407035176e-05 6.655000000000e-02 4.418407035176e-05 2.159208598920e-01
4.619243718593e-05 3.329998878895e-01 4.619243718593e-05 2.285000000000e-01 4.619243718593e-05 1.620017085768e-01 4.619243718593e-05 6.655000000000e-02 4.619243718593e-05 2.159868432322e-01
4.820080402010e-05 3.329998684103e-01 4.820080402010e-05 2.285000000000e-01 4.820080402010e-05 1.620019829469e-01 4.820080402010e-05 6.655000000000e-02 4.820080402010e-05 2.160544848057e-01
5.020917085427e-05 3.329998454497e-01 5.020917085427e-05 2.285000000000e-01 5.020917085427e-05 1.620023013766e-01 5.020917085427e-05 6.655000000000e-02 5.020917085427e-05 2.161236468924e-01
5.221753768844e-05 3.329998183644e-01 5.221753768844e-05 2.285000000000e-01 5.221753768844e-05 1.620026709407e-01 5.221753768844e-05 6.655000000000e-02 5.221753768844e-05 2.161941625632e-01
5.422590452261e-05 3.329997863878e-01 5.422590452261e-05 2.285000000000e-01 5.422590452261e-05 1.620030998500e-01 5.422590452261e-05 6.655000000000e-02 5.422590452261e-05 2.162658326539e-01
5.623427135678e-05 3.329997486053e-01 5.623427135678e-05 2.285000000000e-01 5.623427135678e-05 1.620035976329e-01 5.623427135678e-05 6.655000000000e-02 5.623427135678e-05 2.163384226085e-01
5.824263819095e-05 3.329997039250e-01 5.824263819095e-05 2.285000000000e-01 5.824263819095e-05 1.620041753476e-01 5.824263819095e-05 6.655000000000e-02 5.824263819095e-05 2.164116592208e-01
6.025100502513e-05 3.329996510416e-01 6.025100502513e-05 2.285000000000e-01 6.025100502513e-05 1.620048458268e-01 6.025100502513e-05 6.655000000000e-02 6.025100502513e-05 2.164852273185e-01
6.225937185930e-05 3.329995883932e-01 6.225937185930e-05 2.285000000000e-01 6.225937185930e-05 1.620056239628e-01 6.225937185930e-05 6.655000000000e-02 6.225937185930e-05 2.165587664437e-01
6.426773869347e-05 3.329995141093e-01 6.426773869347e-05 2.285000000000e-01 6.426773869347e-05 1.620065270370e-01 6.426773869347e-05 6.655000000000e-02 6.426773869347e-05 2.166318676031e-01
6.627610552764e-05 3.329994259470e-01 6.627610552764e-05 2.285000000000e-01 6.627610552764e-05 1.620075751034e-01 6.627610552764e-05 6.655000000000e-02 6.627610552764e-05 2.167040701803e-01
6.828447236181e-05 3.329993212147e-01 6.828447236181e-05 2.285000000000e-01 6.828447236181e-05 1.620087914320e-01 6.828447236181e-05 6.655000000000e-02 6.828447236181e-05 2.167748591223e-01
7.029283919598e-05 3.329991966784e-01 7.029283919598e-05 2.285000000000e-01 7.029283919598e-05 1.620102030244e-01 7.029283919598e-05 6.655000000000e-02 7.029283919598e-05 2.168436625432e-01
7.230120603015e-05 3.329990484494e-01 7.230120603015e-05 2.285000000000e-01 7.230120603015e-05 1.620118412106e-01 7.230120603015e-05 6.655000000000e-02 7.230120603015e-05 2.169098499146e-01
7.430957286432e-05 3.329988718463e-01 7.430957286432e-05 2.285000000000e-01 7.430957286432e-05 1.620137423412e-01 7.430957286432e-05 6.655000000000e-02 7.430957286432e-05 2.169727310458e-01
7.631793969849e-05 3.329986612281e-01 7.631793969849e-05 2.285000000000e-01 7.631793969849e-05 1.620159485896e-01 7.631793969849e-05 6.655000000000e-02 7.631793969849e-05 2.170315560967e-01
7.832630653266e-05 3.329984097913e-01 7.832630653266e-05 2.285000000000e-01 7.832630653266e-05 1.620185088819e-01 7.832630653266e-05 6.655000000000e-02 7.832630653266e-05 2.170855169032e-01
8.033467336683e-05 3.329981093219e-01 8.033467336683e-05 2.285000000000e-01 8.033467336683e-05 1.620214799741e-01 8.033467336683e-05 6.655000000000e-02 8.033467336683e-05 2.171337499361e-01
8.234304020101e-05 3.329977498942e-01 8.234304020101e-05 2.285000000000e-01 8.234304020101e-05 1.620249276993e-01 8.234304020101e-05 6.655000000000e-02 8.234304020101e-05 2.171753412579e-01
8.435140703518e-05 3.329973195025e-01 8.435140703518e-05 2.285000000000e-01 8.435140703518e-05 1.620289284123e-01 8.435140703518e-05 6.655000000000e-02 8.435140703518e-05 2.172093338744e-01
8.635977386935e-05 3.329968036127e-01 8.635977386935e-05 2.285000000000e-01 8.635977386935e-05 1.620335706611e-01 8.635977386935e-05 6.655000000000e-02 8.635977386935e-05 2.172347379107e-01
8.836814070352e-05 3.329961846140e-01 8.836814070352e-05 2.285000000000e-01 8.836814070352e-05 1.620389571201e-01 8.836814070352e-05 6.655000000000e-02 8.836814070352e-05 2.172505440526e-01
9.037650753769e-05 3.329954411489e-01 9.037650753769e-05 2.285000000000e-01 9.037650753769e-05 1.620452068261e-01 9.037650753769e-05 6.655000000000e-02 9.037650753769e-05 2.172557406843e-01
9.238487437186e-05 3.329945472955e-01 9.238487437186e-05 2.285000000000e-01 9.238487437186e-05 1.620524577610e-01 9.238487437186e-05 6.655000000000e-02 9.238487437186e-05 2.172493351108e-01
9.439324120603e-05 3.329934715655e-01 9.439324120603e-05 2.285000000000e-01 9.439324120603e-05 1.620608698335e-01 9.439324120603e-05 6.655000000000e-02 9.439324120603e-05 2.172303791544e-01
9.640160804020e-05 3.329921756795e-01 9.640160804020e-05 2.285000000000e-01 9.640160804020e-05 1.620706283196e-01 9.640160804020e-05 6.655000000000e-02 9.640160804020e-05 2.171979992510e-01
9.840997487437e-05 3.329906130670e-01 9.840997487437e-05 2.285000000000e-01 9.840997487437e-05 1.620819478260e-01 9.840997487437e-05 6.655000000000e-02 9.840997487437e-05 2.171514309136e-01
1.004183417085e-04 3.329887270296e-01 1.004183417085e-04 2.285000000000e-01 1.004183417085e-04 1.620950768532e-01 1.004183417085e-04 6.655000000000e-02 1.004183417085e-04 2.170900570561e-01
1.024267085427e-04 3.329864484905e-01 1.024267085427e-04 2.285000000000e-01 1.024267085427e-04 1.621103030395e-01 1.024267085427e-04 6.655000000000e-02 1.024267085427e-04 2.170134491549e-01
1.044350753769e-04 3.329836932360e-01 1.044350753769e-04 2.285000000000e-01 1.044350753769e-04 1.621279591798e-01 1.044350753769e-04 6.655000000000e-02 1.044350753769e-04 2.169214095452e-01
1.064434422111e-04 3.329803585346e-01 1.064434422111e-04 2.285000000000e-01 1.064434422111e-04 1.621484301179e-01 1.064434422111e-04 6.655000000000e-02 1.064434422111e-04 2.168140123084e-01
1.084518090452e-04 3.329763189905e-01 1.084518090452e-04 2.285000000000e-01 1.084518090452e-04 1.621721606242e-01 1.084518090452e-04 6.655000000000e-02 1.084518090452e-04 2.166916392097e-01
1.104601758794e-04 3.329714214595e-01 1.104601758794e-04 2.285000000000e-01 1.104601758794e-04 1.621996643739e-01 1.104601758794e-04 6.655000000000e-02 1.104601758794e-04 2.165550060710e-01
1.124685427136e-04 3.329654788137e-01 1.124685427136e-04 2.285000000000e-01 1.124685427136e-04 1.622315341484e-01 1.124685427136e-04 6.655000000000e-02 1.124685427136e-04 2.164051739354e-01
1.144769095477e-04 3.329582622945e-01 1.144769095477e-04 2.285000000000e-01 1.144769095477e-04 1.622684533824e-01 1.144769095477e-04 6.655000000000e-02 1.144769095477e-04 2.162435386165e-01
1.164852763819e-04 3.329494921373e-01 1.164852763819e-04 2.285000000000e-01 1.164852763819e-04 1.623112091780e-01 1.164852763819e-04 6.655000000000e-02 1.164852763819e-04 2.160717920551e-01
1.184936432161e-04 3.329388260787e-01 1.184936432161e-04 2.285000000000e-01 1.184936432161e-04 1.623607068923e-01 1.184936432161e-04 6.655000000000e-02 1.184936432161e-04 2.158918497601e-01
1.205020100503e-04 3.329258452763e-01 1.205020100503e-04 2.285000000000e-01 1.205020100503e-04 1.624179863851e-01 1.205020100503e-04 6.655000000000e-02 1.205020100503e-04 2.157057409571e-01
1.225103768844e-04 3.329100370692e-01 1.225103768844e-04 2.285000000000e-01 1.225103768844e-04 1.624842399741e-01 1.225103768844e-04 6.655000000000e-02 1.225103768844e-04 2.155154623543e-01
1.245187437186e-04 3.328907738898e-01 1.245187437186e-04 2.285000000000e-01 1.245187437186e-04 1.625608320857e-01 1.245187437186e-04 6.655000000000e-02 1.245187437186e-04 2.153228028303e-01
1.265271105528e-04 3.328672874998e-01 1.265271105528e-04 2.285000000000e-01 1.265271105528e-04 1.626493205057e-01 1.265271105528e-04 6.655000000000e-02 1.265271105528e-04 2.151291545400e-01
1.285354773869e-04 3.328386375639e-01 1.285354773869e-04 2.285000000000e-01 1.285354773869e-04 1.627514790086e-01 1.285354773869e-04 6.655000000000e-02 1.285354773869e-04 2.149353348490e-01
1.305438442211e-04 3.328036733982e-01 1.305438442211e-04 2.285000000000e-01 1.305438442211e-04 1.628693209836e-01 1.305438442211e-04 6.655000000000e-02 1.305438442211e-04 2.147414511742e-01
1.325522110553e-04 3.327609875343e-01 1.325522110553e-04 2.285000000000e-01 1.325522110553e-04 1.630051234470e-01 1.325522110553e-04 6.655000000000e-02 1.325522110553e-04 2.145468445416e-01
1.345605778894e-04 3.327088595448e-01 1.345605778894e-04 2.285000000000e-01 1.345605778894e-04 1.631614505485e-01 1.345605778894e-04 6.655000000000e-02 1.345605778894e-04 2.143501446741e-01
1.365689447236e-04 3.326451883872e-01 1.365689447236e-04 2.285000000000e-01 1.365689447236e-04 1.633411753091e-01 1.365689447236e-04 6.655000000000e-02 1.365689447236e-04 2.141494578404e-01
1.385773115578e-04 3.325674113831e-01 1.385773115578e-04 2.285000000000e-01 1.385773115578e-04 1.635474978841e-01 1.385773115578e-04 6.655000000000e-02 1.385773115578e-04 2.139426887754e-01
1.405856783920e-04 3.324724079030e-01 1.405856783920e-04 2.285000000000e-01 1.405856783920e-04 1.637839581100e-01 1.405856783920e-04 6.655000000000e-02 1.405856783920e-04 2.137279728170e-01
1.425940452261e-04 3.323563859551e-01 1.425940452261e-04 2.285000000000e-01 1.425940452261e-04 1.640544394878e-01 1.425940452261e-04 6.655000000000e-02 1.425940452261e-04 2.135041696399e-01
1.446024120603e-04 3.322147503059e-01 1.446024120603e-04 2.285000000000e-01 1.446024120603e-04 1.643631611062e-01 1.446024120603e-04 6.655000000000e-02 1.446024120603e-04 2.132713522773e-01
1.466107788945e-04 3.320419516624e-01 1.466107788945e-04 2.285000000000e-01 1.466107788945e-04 1.647146533639e-01 1.466107788945e-04 6.655000000000e-02 1.466107788945e-04 2.130312198577e-01
1.486191457286e-04 3.318313180783e-01 1.486191457286e-04 2.285000000000e-01 1.486191457286e-04 1.651137128089e-01 1.486191457286e-04 6.655000000000e-02 1.486191457286e-04 2.127873715862e-01
1.506275125628e-04 3.315748724441e-01 1.506275125628e-04 2.285000000000e-01 1.506275125628e-04 1.655653311024e-01 1.506275125628e-04 6.655000000000e-02 1.506275125628e-04 2.125454006924e-01
1.526358793970e-04 3.312631441167e-01 1.526358793970e-04 2.285000000000e-01 1.526358793970e-04 1.660745932222e-01 1.526358793970e-04 6.655000000000e-02 1.526358793970e-04 2.123127947416e-01
1.546442462312e-04 3.308849889331e-01 1.546442462312e-04 2.285000000000e-01 1.546442462312e-04 1.666465407676e-01 1.546442462312e-04 6.655000000000e-02 1.546442462312e-04 2.120986561164e-01
1.566526130653e-04 3.304274405148e-01 1.566526130653e-04 2.285000000000e-01 1.566526130653e-04 1.672859978769e-01 1.566526130653e-04 6.655000000000e-02 1.566526130653e-04 2.119132779899e-01
1.586609798995e-04 3.298756272003e-01 1.586609798995e-04 2.285000000000e-01 1.586609798995e-04 1.679973600471e-01 1.586609798995e-04 6.655000000000e-02 1.586609798995e-04 2.117676237343e-01
1.606693467337e-04 3.292128028970e-01 1.606693467337e-04 2.285000000000e-01 1.606693467337e-04 1.687843502221e-01 1.606693467337e-04 6.655000000000e-02 1.606693467337e-04 2.116727612302e-01
1.626777135678e-04 3.284205553224e-01 1.626777135678e-04 2.285000000000e-01 1.626777135678e-04 1.696497518499e-01 1.626777135678e-04 6.655000000000e-02 1.626777135678e-04 2.116392998270e-01
1.646860804020e-04 3.274792683932e-01 1.646860804020e-04 2.285000000000e-01 1.646860804020e-04 1.705951348947e-01 1.646860804020e-04 6.655000000000e-02 1.646860804020e-04 2.116768694870e-01
1.666944472362e-04 3.263689211818e-01 1.666944472362e-04 2.285000000000e-01 1.666944472362e-04 1.716205973195e-01 1.666944472362e-04 6.655000000000e-02 1.666944472362e-04 2.117936715418e-01
1.687028140704e-04 3.250702951104e-01 1.687028140704e-04 2.285000000000e-01 1.687028140704e-04 1.727245501919e-01 1.687028140704e-04 6.655000000000e-02 1.687028140704e-04 2.119961204310e-01
1.707111809045e-04 3.235666227809e-01 1.707111809045e-04 2.285000000000e-01 1.707111809045e-04 1.739035778613e-01 1.707111809045e-04 6.655000000000e-02 1.707111809045e-04 2.122885868709e-01
1.727195477387e-04 3.218456357545e-01 1.727195477387e-04 2.285000000000e-01 1.727195477387e-04 1.751524040443e-01 1.727195477387e-04 6.655000000000e-02 1.727195477387e-04 2.126732455379e-01
1.747279145729e-04 3.199018516223e-01 1.747279145729e-04 2.285000000000e-01 1.747279145729e-04 1.764639889071e-01 1.747279145729e-04 6.655000000000e-02 1.747279145729e-04 2.131500245258e-01
1.767362814070e-04 3.177387961476e-01 1.767362814070e-04 2.285000000000e-01 1.767362814070e-04 1.778297709343e-01 1.767362814070e-04 6.655000000000e-02 1.767362814070e-04 2.137166493527e-01
1.787446482412e-04 3.153707216427e-01 1.787446482412e-04 2.285000000000e-01 1.787446482412e-04 1.792400513111e-01 1.787446482412e-04 6.655000000000e-02 1.787446482412e-04 2.143687709058e-01
1.807530150754e-04 3.128233186863e-01 1.807530150754e-04 2.285000000000e-01 1.807530150754e-04 1.806844999005e-01 1.807530150754e-04 6.655000000000e-02 1.807530150754e-04 2.151001642587e-01
1.827613819095e-04 3.101329899113e-01 1.827613819095e-04 2.285000000000e-01 1.827613819095e-04 1.821527438695e-01 1.827613819095e-04 6.655000000000e-02 1.827613819095e-04 2.159029836493e-01
1.847697487437e-04 3.073444953586e-01 1.847697487437e-04 2.285000000000e-01 1.847697487437e-04 1.836349861748e-01 1.847697487437e-04 6.655000000000e-02 1.847697487437e-04 2.167680580314e-01
1.867781155779e-04 3.045071529993e-01 1.867781155779e-04 2.285000000000e-01 1.867781155779e-04 1.851225943529e-01 1.867781155779e-04 6.655000000000e-02 1.867781155779e-04 2.176852114620e-01
1.887864824121e-04 3.016701714274e-01 1.887864824121e-04 2.285000000000e-01 1.887864824121e-04 1.866086017613e-01 1.887864824121e-04 6.655000000000e-02 1.887864824121e-04 2.186435931410e-01
1.907948492462e-04 2.988779528136e-01 1.907948492462e-04 2.285000000000e-01 1.907948492462e-04 1.880880730610e-01 1.907948492462e-04 6.655000000000e-02 1.907948492462e-04 2.196320030965e-01
1.928032160804e-04 2.961662211829e-01 1.928032160804e-04 2.285000000000e-01 1.928032160804e-04 1.895583010600e-01 1.928032160804e-04 6.655000000000e-02 1.928032160804e-04 2.206392012297e-01
1.948115829146e-04 2.935595965221e-01 1.948115829146e-04 2.285000000000e-01 1.948115829146e-04 1.910188198689e-01 1.948115829146e-04 6.655000000000e-02 1.948115829146e-04 2.216541895553e-01
1.968199497487e-04 2.910708504558e-01 1.968199497487e-04 2.285000000000e-01 1.968199497487e-04 1.924712365061e-01 1.968199497487e-04 6.655000000000e-02 1.968199497487e-04 2.226664598488e-01
1.988283165829e-04 2.887016950447e-01 1.988283165829e-04 2.285000000000e-01 1.988283165829e-04 1.939188973827e-01 1.988283165829e-04 6.655000000000e-02 1.988283165829e-04 2.236662013913e-01
2.008366834171e-04 2.864446940810e-01 2.008366834171e-04 2.285000000000e-01 2.008366834171e-04 1.953664165907e-01 2.008366834171e-04 6.655000000000e-02 2.008366834171e-04 2.246444659148e-01
2.028450502513e-04 2.842857914470e-01 2.028450502513e-04 2.285000000000e-01 2.028450502513e-04 1.968190999625e-01 2.028450502513e-04 6.655000000000e-02 2.028450502513e-04 2.255932890935e-01
2.048534170854e-04 2.822069966962e-01 2.048534170854e-04 2.285000000000e-01 2.048534170854e-04 1.982823036157e-01 2.048534170854e-04 6.655000000000e-02 2.048534170854e-04 2.265057698634e-01
2.068617839196e-04 2.801888906358e-01 2.068617839196e-04 2.285000000000e-01 2.068617839196e-04 1.997607694160e-01 2.068617839196e-04 6.655000000000e-02 2.068617839196e-04 2.273761104482e-01
2.088701507538e-04 2.782127512795e-01 2.088701507538e-04 2.285000000000e-01 2.088701507538e-04 2.012579832138e-01 2.088701507538e-04 6.655000000000e-02 2.088701507538e-04 2.281996211631e-01
2.108785175879e-04 2.762622134648e-01 2.108785175879e-04 2.285000000000e-01 2.108785175879e-04 2.027756045989e-01 2.108785175879e-04 6.655000000000e-02 2.108785175879e-04 2.289726948763e-01
2.128868844221e-04 2.743244493559e-01 2.128868844221e-04 2.285000000000e-01 2.128868844221e-04 2.043130179397e-01 2.128868844221e-04 6.655000000000e-02 2.128868844221e-04 2.296927564415e-01
2.148952512563e-04 2.723908956083e-01 2.148952512563e-04 2.285000000000e-01 2.148952512563e-04 2.058670515156e-01 2.148952512563e-04 6.655000000000e-02 2.148952512563e-04 2.303581925244e-01
2.169036180905e-04 2.704575680086e-01 2.169036180905e-04 2.285000000000e-01 2.169036180905e-04 2.074319024489e-01 2.169036180905e-04 6.655000000000e-02 2.169036180905e-04 2.309682670881e-01
2.189119849246e-04 2.685250087129e-01 2.189119849246e-04 2.285000000000e-01 2.189119849246e-04 2.089992886453e-01 2.189119849246e-04 6.655000000000e-02 2.189119849246e-04 2.315230274271e-01
2.209203517588e-04 2.665979142661e-01 2.209203517588e-04 2.285000000000e-01 2.209203517588e-04 2.105588256507e-01 2.209203517588e-04 6.655000000000e-02 2.209203517588e-04 2.320232051275e-01
2.229287185930e-04 2.646844991629e-01 2.229287185930e-04 2.285000000000e-01 2.229287185930e-04 2.120985991489e-01 2.229287185930e-04 6.655000000000e-02 2.229287185930e-04 2.324701157194e-01
2.249370854271e-04 2.627956600528e-01 2.249370854271e-04 2.285000000000e-01 2.249370854271e-04 2.136058776753e-01 2.249370854271e-04 6.655000000000e-02 2.249370854271e-04 2.328655601400e-01
2.269454522613e-04 2.609440168342e-01 2.269454522613e-04 2.285000000000e-01 2.269454522613e-04 2.150678906648e-01 2.269454522613e-04 6.655000000000e-02 2.269454522613e-04 2.332117304784e-01
2.289538190955e-04 2.591429144341e-01 2.289538190955e-04 2.285000000000e-01 2.289538190955e-04 2.164725889081e-01 2.289538190955e-04 6.655000000000e-02 2.289538190955e-04 2.335111218555e-01
2.309621859296e-04 2.574054691190e-01 2.309621859296e-04 2.285000000000e-01 2.309621859296e-04 2.178093099343e-01 2.309621859296e-04 6.655000000000e-02 2.309621859296e-04 2.337664517320e-01
2.329705527638e-04 2.557437337661e-01 2.329705527638e-04 2.285000000000e-01 2.329705527638e-04 2.190692884907e-01 2.329705527638e-04 6.655000000000e-02 2.329705527638e-04 2.339805874423e-01
2.349789195980e-04 2.541680382843e-01 2.349789195980e-04 2.285000000000e-01 2.349789195980e-04 2.202459779161e-01 2.349789195980e-04 6.655000000000e-02 2.349789195980e-04 2.341564823337e-01
2.369872864322e-04 2.526865373141e-01 2.369872864322e-04 2.285000000000e-01 2.369872864322e-04 2.213351760086e-01 2.369872864322e-04 6.655000000000e-02 2.369872864322e-04 2.342971205482e-01
2.389956532663e-04 2.513049717512e-01 2.389956532663e-04 2.285000000000e-01 2.389956532663e-04 2.223349734465e-01 2.389956532663e-04 6.655000000000e-02 2.389956532663e-04 2.344054702146e-01
2.410040201005e-04 2.500266278426e-01 2.410040201005e-04 2.285000000000e-01 2.410040201005e-04 2.232455601004e-01 2.410040201005e-04 6.655000000000e-02 2.410040201005e-04 2.344844446175e-01
2.430123869347e-04 2.488524607601e-01 2.430123869347e-04 2.285000000000e-01 2.430123869347e-04 2.240689331749e-01 2.430123869347e-04 6.655000000000e-02 2.430123869347e-04 2.345368707688e-01
2.450207537688e-04 2.477813401404e-01 2.450207537688e-04 2.285000000000e-01 2.450207537688e-04 2.248085517016e-01 2.450207537688e-04 6.655000000000e-02 2.450207537688e-04 2.345654647147e-01
2.470291206030e-04 2.468103728578e-01 2.470291206030e-04 2.285000000000e-01 2.470291206030e-04 2.254689765203e-01 2.470291206030e-04 6.655000000000e-02 2.470291206030e-04 2.345728128665e-01
2.490374874372e-04 2.459352618213e-01 2.490374874372e-04 2.285000000000e-01 2.490374874372e-04 2.260555261068e-01 2.490374874372e-04 6.655000000000e-02 2.490374874372e-04 2.345613586268e-01
2.510458542714e-04 2.451506668149e-01 2.510458542714e-04 2.285000000000e-01 2.510458542714e-04 2.265739687847e-01 2.510458542714e-04 6.655000000000e-02 2.510458542714e-04 2.345333935973e-01
2.530542211055e-04 2.444505422895e-01 2.530542211055e-04 2.285000000000e-01 2.530542211055e-04 2.270302627237e-01 2.530542211055e-04 6.655000000000e-02 2.530542211055e-04 2.344910526837e-01
2.550625879397e-04 2.438284359070e-01 2.550625879397e-04 2.285000000000e-01 2.550625879397e-04 2.274303476848e-01 2.550625879397e-04 6.655000000000e-02 2.550625879397e-04 2.344363124617e-01
2.570709547739e-04 2.432777394307e-01 2.570709547739e-04 2.285000000000e-01 2.570709547739e-04 2.277799870721e-01 2.570709547739e-04 6.655000000000e-02 2.570709547739e-04 2.343709922189e-01
2.590793216080e-04 2.427918896946e-01 2.590793216080e-04 2.285000000000e-01 2.590793216080e-04 2.280846554271e-01 2.590793216080e-04 6.655000000000e-02 2.590793216080e-04 2.342967571475e-01
2.610876884422e-04 2.423645217339e-01 2.610876884422e-04 2.285000000000e-01 2.610876884422e-04 2.283494647061e-01 2.610876884422e-04 6.655000000000e-02 2.610876884422e-04 2.342151232227e-01
2.630960552764e-04 2.419895788884e-01 2.630960552764e-04 2.285000000000e-01 2.630960552764e-04 2.285791221131e-01 2.630960552764e-04 6.655000000000e-02 2.630960552764e-04 2.341274633596e-01
2.651044221106e-04 2.416613860857e-01 2.651044221106e-04 2.285000000000e-01 2.651044221106e-04 2.287779125027e-01 2.651044221106e-04 6.655000000000e-02 2.651044221106e-04 2.340350144995e-01
2.671127889447e-04 2.413746929387e-01 2.671127889447e-04 2.285000000000e-01 2.671127889447e-04 2.289496990861e-01 2.671127889447e-04 6.655000000000e-02 2.671127889447e-04 2.339388853275e-01
2.691211557789e-04 2.411246930491e-01 2.691211557789e-04 2.285000000000e-01 2.691211557789e-04 2.290979371181e-01 2.691211557789e-04 6.655000000000e-02 2.691211557789e-04 2.338400643749e-01
2.711295226131e-04 2.409070252876e-01 2.711295226131e-04 2.285000000000e-01 2.711295226131e-04 2.292256962338e-01 2.711295226131e-04 6.655000000000e-02 2.711295226131e-04 2.337394282987e-01
2.731378894472e-04 2.407177620030e-01 2.731378894472e-04 2.285000000000e-01 2.731378894472e-04 2.293356880418e-01 2.731378894472e-04 6.655000000000e-02 2.731378894472e-04 2.336377501754e-01
2.751462562814e-04 2.405533882462e-01 2.751462562814e-04 2.285000000000e-01 2.751462562814e-04 2.294302964108e-01 2.751462562814e-04 6.655000000000e-02 2.751462562814e-04 2.335357076739e-01
2.771546231156e-04 2.404107752686e-01 2.771546231156e-04 2.285000000000e-01 2.771546231156e-04 2.295116085749e-01 2.771546231156e-04 6.655000000000e-02 2.771546231156e-04 2.334338910076e-01
2.791629899497e-04 2.402871508113e-01 2.791629899497e-04 2.285000000000e-01 2.791629899497e-04 2.295814457497e-01 2.791629899497e-04 6.655000000000e-02 2.791629899497e-04 2.333328105866e-01
2.811713567839e-04 2.401800680679e-01 2.811713567839e-04 2.285000000000e-01 2.811713567839e-04 2.296413923835e-01 2.811713567839e-04 6.655000000000e-02 2.811713567839e-04 2.332329043145e-01
2.831797236181e-04 2.400873746799e-01 2.831797236181e-04 2.285000000000e-01 2.831797236181e-04 2.296928235058e-01 2.831797236181e-04 6.655000000000e-02 2.831797236181e-04 2.331345444917e-01
2.851880904523e-04 2.400071827108e-01 2.851880904523e-04 2.285000000000e-01 2.851880904523e-04 2.297369298762e-01 2.851880904523e-04 6.655000000000e-02 2.851880904523e-04 2.330380443001e-01
2.871964572864e-04 2.399378402139e-01 2.871964572864e-04 2.285000000000e-01 2.871964572864e-04 2.297747408163e-01 2.871964572864e-04 6.655000000000e-02 2.871964572864e-04 2.329436638590e-01
2.892048241206e-04 2.398779047682e-01 2.892048241206e-04 2.285000000000e-01 2.892048241206e-04 2.298071447277e-01 2.892048241206e-04 6.655000000000e-02 2.892048241206e-04 2.328516158487e-01
2.912131909548e-04 2.398261191725e-01 2.912131909548e-04 2.285000000000e-01 2.912131909548e-04 2.298349073781e-01 2.912131909548e-04 6.655000000000e-02 2.912131909548e-04 2.327620707072e-01
2.932215577889e-04 2.397813893565e-01 2.932215577889e-04 2.285000000000e-01 2.932215577889e-04 2.298586880909e-01 2.932215577889e-04 6.655000000000e-02 2.932215577889e-04 2.326751614103e-01
2.952299246231e-04 2.397427644784e-01 2.952299246231e-04 2.285000000000e-01 2.952299246231e-04 2.298790539996e-01 2.952299246231e-04 6.655000000000e-02 2.952299246231e-04 2.325909878517e-01
2.972382914573e-04 2.397094191179e-01 2.972382914573e-04 2.285000000000e-01 2.972382914573e-04 2.298964925406e-01 2.972382914573e-04 6.655000000000e-02 2.972382914573e-04 2.325096208390e-01
2.992466582915e-04 2.396806374353e-01 2.992466582915e-04 2.285000000000e-01 2.992466582915e-04 2.299114223614e-01 2.992466582915e-04 6.655000000000e-02 2.992466582915e-04 2.324311057285e-01
3.012550251256e-04 2.396557991472e-01 3.012550251256e-04 2.285000000000e-01 3.012550251256e-04 2.299242028156e-01 3.012550251256e-04 6.655000000000e-02 3.012550251256e-04 2.323554657180e-01
3.032633919598e-04 2.396343671607e-01 3.032633919598e-04 2.285000000000e-01 3.032633919598e-04 2.299351422042e-01 3.032633919598e-04 6.655000000000e-02 3.032633919598e-04 2.322827048214e-01
3.052717587940e-04 2.396158767053e-01 3.052717587940e-04 2.285000000000e-01 3.052717587940e-04 2.299445049145e-01 3.052717587940e-04 6.655000000000e-02 3.052717587940e-04 2.322128105472e-01
3.072801256281e-04 2.395999258102e-01 3.072801256281e-04 2.285000000000e-01 3.072801256281e-04 2.299525175916e-01 3.072801256281e-04 6.655000000000e-02 3.072801256281e-04 2.321457563023e-01
3.092884924623e-04 2.395861669783e-01 3.092884924623e-04 2.285000000000e-01 3.092884924623e-04 2.299593744648e-01 3.092884924623e-04 6.655000000000e-02 3.092884924623e-04 2.320815035433e-01
3.112968592965e-04 2.395742999232e-01 3.112968592965e-04 2.285000000000e-01 3.112968592965e-04 2.299652419396e-01 3.112968592965e-04 6.655000000000e-02 3.112968592965e-04 2.320200036960e-01
3.133052261307e-04 2.395640652430e-01 3.133052261307e-04 2.285000000000e-01 3.133052261307e-04 2.299702625507e-01 3.133052261307e-04 6.655000000000e-02 3.133052261307e-04 2.319611998625e-01
3.153135929648e-04 2.395552389196e-01 3.153135929648e-04 2.285000000000e-01 3.153135929648e-04 2.299745583624e-01 3.153135929648e-04 6.655000000000e-02 3.153135929648e-04 2.319050283350e-01
3.173219597990e-04 2.395476275403e-01 3.173219597990e-04 2.285000000000e-01 3.173219597990e-04 2.299782338913e-01 3.173219597990e-04 6.655000000000e-02 3.173219597990e-04 2.318514199334e-01
3.193303266332e-04 2.395410641525e-01 3.193303266332e-04 2.285000000000e-01 3.193303266332e-04 2.299813786162e-01 3.193303266332e-04 6.655000000000e-02 3.193303266332e-04 2.318003011842e-01
3.213386934673e-04 2.395354046704e-01 3.213386934673e-04 2.285000000000e-01 3.213386934673e-04 2.299840691323e-01 3.213386934673e-04 6.655000000000e-02 3.213386934673e-04 2.317515953548e-01
3.233470603015e-04 2.395305247628e-01 3.233470603015e-04 2.285000000000e-01 3.233470603015e-04 2.299863709999e-01 3.233470603015e-04 6.655000000000e-02 3.233470603015e-04 2.317052233579e-01
3.253554271357e-04 2.395263171591e-01 3.253554271357e-04 2.285000000000e-01 3.253554271357e-04 2.299883403288e-01 3.253554271357e-04 6.655000000000e-02 3.253554271357e-04 2.316611045391e-01
3.273637939698e-04 2.395226893192e-01 3.273637939698e-04 2.285000000000e-01 3.273637939698e-04 2.299900251376e-01 3.273637939698e-04 6.655000000000e-02 3.273637939698e-04 2.316191573599e-01
3.293721608040e-04 2.395195614186e-01 3.293721608040e-04 2.285000000000e-01 3.293721608040e-04 2.299914665173e-01 3.293721608040e-04 6.655000000000e-02 3.293721608040e-04 2.315792999864e-01
3.313805276382e-04 2.395168646069e-01 3.313805276382e-04 2.285000000000e-01 3.313805276382e-04 2.299926996293e-01 3.313805276382e-04 6.655000000000e-02 3.313805276382e-04 2.315414507945e-01
3.333888944724e-04 2.395145395037e-01 3.333888944724e-04 2.285000000000e-01 3.333888944724e-04 2.299937545596e-01 3.333888944724e-04 6.655000000000e-02 3.333888944724e-04 2.315055288003e-01
3.353972613065e-04 2.395125348991e-01 3.353972613065e-04 2.285000000000e-01 3.353972613065e-04 2.299946570502e-01 3.353972613065e-04 6.655000000000e-02 3.353972613065e-04 2.314714540241e-01
3.374056281407e-04 2.395108066320e-01 3.374056281407e-04 2.285000000000e-01 3.374056281407e-04 2.299954291261e-01 3.374056281407e-04 6.655000000000e-02 3.374056281407e-04 2.314391477951e-01
3.394139949749e-04 2.395093166212e-01 3.394139949749e-04 2.285000000000e-01 3.394139949749e-04 2.299960896310e-01 3.394139949749e-04 6.655000000000e-02 3.394139949749e-04 2.314085330051e-01
3.414223618090e-04 2.395080320302e-01 3.414223618090e-04 2.285000000000e-01 3.414223618090e-04 2.299966546868e-01 3.414223618090e-04 6.655000000000e-02 3.414223618090e-04 2.313795343147e-01
3.434307286432e-04 2.395069245453e-01 3.434307286432e-04 2.285000000000e-01 3.434307286432e-04 2.299971380862e-01 3.434307286432e-04 6.655000000000e-02 3.434307286432e-04 2.313520783205e-01
3.454390954774e-04 2.395059697537e-01 3.454390954774e-04 2.285000000000e-01 3.454390954774e-04 2.299975516293e-01 3.454390954774e-04 6.655000000000e-02 3.454390954774e-04 2.313260936857e-01
3.474474623116e-04 2.395051466062e-01 3.474474623116e-04 2.285000000000e-01 3.474474623116e-04 2.299979054112e-01 3.474474623116e-04 6.655000000000e-02 3.474474623116e-04 2.313015112405e-01
3.494558291457e-04 2.395044369544e-01 3.494558291457e-04 2.285000000000e-01 3.494558291457e-04 2.299982080682e-01 3.494558291457e-04 6.655000000000e-02 3.494558291457e-04 2.312782640547e-01
3.514641959799e-04 2.395038251513e-01 3.514641959799e-04 2.285000000000e-01 3.514641959799e-04 2.299984669886e-01 3.514641959799e-04 6.655000000000e-02 3.514641959799e-04 2.312562874875e-01
3.534725628141e-04 2.395032977063e-01 3.534725628141e-04 2.285000000000e-01 3.534725628141e-04 2.299986884932e-01 3.534725628141e-04 6.655000000000e-02 3.534725628141e-04 2.312355192164e-01
3.554809296482e-04 2.395028429886e-01 3.554809296482e-04 2.285000000000e-01 3.554809296482e-04 2.299988779891e-01 3.554809296482e-04 6.655000000000e-02 3.554809296482e-04 2.312158992490e-01
3.574892964824e-04 2.395024509707e-01 3.574892964824e-04 2.285000000000e-01 3.574892964824e-04 2.299990401021e-01 3.574892964824e-04 6.655000000000e-02 3.574892964824e-04 2.311973699196e-01
3.594976633166e-04 2.395021130074e-01 3.594976633166e-04 2.285000000000e-01 3.594976633166e-04 2.299991787896e-01 3.594976633166e-04 6.655000000000e-02 3.594976633166e-04 2.311798758732e-01
3.615060301508e-04 2.395018216455e-01 3.615060301508e-04 2.285000000000e-01 3.615060301508e-04 2.299992974369e-01 3.615060301508e-04 6.655000000000e-02 3.615060301508e-04 2.311633640385e-01
3.635143969849e-04 2.395015704594e-01 3.635143969849e-04 2.285000000000e-01 3.635143969849e-04 2.299993989400e-01 3.635143969849e-04 6.655000000000e-02 3.635143969849e-04 2.311477835922e-01
3.655227638191e-04 2.395013539092e-01 3.655227638191e-04 2.285000000000e-01 3.655227638191e-04 2.299994857765e-01 3.655227638191e-04 6.655000000000e-02 3.655227638191e-04 2.311330859156e-01
3.675311306533e-04 2.395011672193e-01 3.675311306533e-04 2.285000000000e-01 3.675311306533e-04 2.299995600658e-01 3.675311306533e-04 6.655000000000e-02 3.675311306533e-04 2.311192245451e-01
3.695394974874e-04 2.395010062720e-01 3.695394974874e-04 2.285000000000e-01 3.695394974874e-04 2.299996236213e-01 3.695394974874e-04 6.655000000000e-02 3.695394974874e-04 2.311061551180e-01
3.715478643216e-04 2.395008675178e-01 3.715478643216e-04 2.285000000000e-01 3.715478643216e-04 2.299996779938e-01 3.715478643216e-04 6.655000000000e-02 3.715478643216e-04 2.310938353139e-01
3.735562311558e-04 2.395007478965e-01 3.735562311558e-04 2.285000000000e-01 3.735562311558e-04 2.299997245105e-01 3.735562311558e-04 6.655000000000e-02 3.735562311558e-04 2.310822247935e-01
3.755645979899e-04 2.395006447698e-01 3.755645979899e-04 2.285000000000e-01 3.755645979899e-04 2.299997643065e-01 3.755645979899e-04 6.655000000000e-02 3.755645979899e-04 2.310712851352e-01
3.775729648241e-04 2.395005558633e-01 3.775729648241e-04 2.285000000000e-01 3.775729648241e-04 2.299997983529e-01 3.775729648241e-04 6.655000000000e-02 3.775729648241e-04 2.310609797702e-01
3.795813316583e-04 2.395004792161e-01 3.795813316583e-04 2.285000000000e-01 3.795813316583e-04 2.299998274805e-01 3.795813316583e-04 6.655000000000e-02 3.795813316583e-04 2.310512739165e-01
3.815896984925e-04 2.395004131378e-01 3.815896984925e-04 2.285000000000e-01 3.815896984925e-04 2.299998524001e-01 3.815896984925e-04 6.655000000000e-02 3.815896984925e-04 2.310421345125e-01
3.835980653266e-04 2.395003561709e-01 3.835980653266e-04 2.285000000000e-01 3.835980653266e-04 2.299998737196e-01 3.835980653266e-04 6.655000000000e-02 3.835980653266e-04 2.310335301509e-01
3.856064321608e-04 2.395003070593e-01 3.856064321608e-04 2.285000000000e-01 3.856064321608e-04 2.299998919592e-01 3.856064321608e-04 6.655000000000e-02 3.856064321608e-04 2.310254310128e-01
3.876147989950e-04 2.395002647195e-01 3.876147989950e-04 2.285000000000e-01 3.876147989950e-04 2.299999075640e-01 3.876147989950e-04 6.655000000000e-02 3.876147989950e-04 2.310178088027e-01
3.896231658291e-04 2.395002282180e-01 3.896231658291e-04 2.285000000000e-01 3.896231658291e-04 2.299999209145e-01 3.896231658291e-04 6.655000000000e-02 3.896231658291e-04 2.310106366840e-01
3.916315326633e-04 2.395001967496e-01 3.916315326633e-04 2.285000000000e-01 3.916315326633e-04 2.299999323366e-01 3.916315326633e-04 6.655000000000e-02 3.916315326633e-04 2.310038892166e-01
3.936398994975e-04 2.395001696204e-01 3.936398994975e-04 2.285000000000e-01 3.936398994975e-04 2.299999421087e-01 3.936398994975e-04 6.655000000000e-02 3.936398994975e-04 2.309975422947e-01
3.956482663317e-04 2.395001462319e-01 3.956482663317e-04 2.285000000000e-01 3.956482663317e-04 2.299999504693e-01 3.956482663317e-04 6.655000000000e-02 3.956482663317e-04 2.309915730874e-01
3.976566331658e-04 2.395001260685e-01 3.976566331658e-04 2.285000000000e-01 3.976566331658e-04 2.299999576223e-01 3.976566331658e-04 6.655000000000e-02 3.976566331658e-04 2.309859599798e-01
3.996650000000e-04 2.395001086853e-01 3.996650000000e-04 2.285000000000e-01 3.996650000000e-04 2.299999637421e-01 3.996650000000e-04 6.655000000000e-02 3.996650000000e-04 2.309806825166e-01
