0.000000000000e+00 1.080004511476e-01 0.000000000000e+00 2.260000000000e-01 0.000000000000e+00 3.339999828099e-01 0.000000000000e+00 1.079276157400e-01 0.000000000000e+00 2.197967100377e-01
2.038592964824e-06 1.080005153834e-01 2.038592964824e-06 2.260000000000e-01 2.038592964824e-06 3.339999796767e-01 2.038592964824e-06 1.079215323604e-01 2.038592964824e-06 2.198018606638e-01
4.077185929648e-06 1.080005887695e-01 4.077185929648e-06 2.260000000000e-01 4.077185929648e-06 3.339999759725e-01 4.077185929648e-06 1.079149397459e-01 4.077185929648e-06 2.198074345640e-01
6.115778894472e-06 1.080006726099e-01 6.115778894472e-06 2.260000000000e-01 6.115778894472e-06 3.339999715931e-01 6.115778894472e-06 1.079077956270e-01 6.115778894472e-06 2.198134663132e-01
8.154371859296e-06 1.080007683946e-01 8.154371859296e-06 2.260000000000e-01 8.154371859296e-06 3.339999664155e-01 8.154371859296e-06 1.079000542889e-01 8.154371859296e-06 2.198199932822e-01
1.019296482412e-05 1.080008778260e-01 1.019296482412e-05 2.260000000000e-01 1.019296482412e-05 3.339999602942e-01 1.019296482412e-05 1.078916663015e-01 1.019296482412e-05 2.198270558593e-01
1.223155778894e-05 1.080010028495e-01 1.223155778894e-05 2.260000000000e-01 1.223155778894e-05 3.339999530572e-01 1.223155778894e-05 1.078825782302e-01 1.223155778894e-05 2.198346976890e-01
1.427015075377e-05 1.080011456877e-01 1.427015075377e-05 2.260000000000e-01 1.427015075377e-05 3.339999445011e-01 1.427015075377e-05 1.078727323272e-01 1.427015075377e-05 2.198429659289e-01
1.630874371859e-05 1.080013088803e-01 1.630874371859e-05 2.260000000000e-01 1.630874371859e-05 3.339999343856e-01 1.630874371859e-05 1.078620662011e-01 1.630874371859e-05 2.198519115257e-01
1.834733668342e-05 1.080014953294e-01 1.834733668342e-05 2.260000000000e-01 1.834733668342e-05 3.339999224263e-01 1.834733668342e-05 1.078505124642e-01 1.834733668342e-05 2.198615895124e-01
2.038592964824e-05 1.080017083509e-01 2.038592964824e-05 2.260000000000e-01 2.038592964824e-05 3.339999082873e-01 2.038592964824e-05 1.078379983575e-01 2.038592964824e-05 2.198720593264e-01
2.242452261307e-05 1.080019517336e-01 2.242452261307e-05 2.260000000000e-01 2.242452261307e-05 3.339998915712e-01 2.242452261307e-05 1.078244453512e-01 2.242452261307e-05 2.198833851524e-01
2.446311557789e-05 1.080022298073e-01 2.446311557789e-05 2.260000000000e-01 2.446311557789e-05 3.339998718083e-01 2.446311557789e-05 1.078097687207e-01 2.446311557789e-05 2.198956362890e-01
2.650170854271e-05 1.080025475190e-01 2.650170854271e-05 2.260000000000e-01 2.650170854271e-05 3.339998484433e-01 2.650170854271e-05 1.077938770978e-01 2.650170854271e-05 2.199088875422e-01
2.854030150754e-05 1.080029105219e-01 2.854030150754e-05 2.260000000000e-01 2.854030150754e-05 3.339998208197e-01 2.854030150754e-05 1.077766719962e-01 2.854030150754e-05 2.199232196470e-01
3.057889447236e-05 1.080033252757e-01 3.057889447236e-05 2.260000000000e-01 3.057889447236e-05 3.339997881612e-01 3.057889447236e-05 1.077580473111e-01 3.057889447236e-05 2.199387197178e-01
3.261748743719e-05 1.080037991622e-01 3.261748743719e-05 2.260000000000e-01 3.261748743719e-05 3.339997495501e-01 3.261748743719e-05 1.077378887936e-01 3.261748743719e-05 2.199554817307e-01
3.465608040201e-05 1.080043406161e-01 3.465608040201e-05 2.260000000000e-01 3.465608040201e-05 3.339997039016e-01 3.465608040201e-05 1.077160735001e-01 3.465608040201e-05 2.199736070379e-01
3.669467336683e-05 1.080049592763e-01 3.669467336683e-05 2.260000000000e-01 3.669467336683e-05 3.339996499328e-01 3.669467336683e-05 1.076924692176e-01 3.669467336683e-05 2.199932049164e-01
3.873326633166e-05 1.080056661572e-01 3.873326633166e-05 2.260000000000e-01 3.873326633166e-05 3.339995861274e-01 3.873326633166e-05 1.076669338665e-01 3.873326633166e-05 2.200143931525e-01
4.077185929648e-05 1.080064738454e-01 4.077185929648e-05 2.260000000000e-01 4.077185929648e-05 3.339995106924e-01 4.077185929648e-05 1.076393148832e-01 4.077185929648e-05 2.200372986629e-01
4.281045226131e-05 1.080073967238e-01 4.281045226131e-05 2.260000000000e-01 4.281045226131e-05 3.339994215082e-01 4.281045226131e-05 1.076094485852e-01 4.281045226131e-05 2.200620581547e-01
4.484904522613e-05 1.080084512285e-01 4.484904522613e-05 2.260000000000e-01 4.484904522613e-05 3.339993160687e-01 4.484904522613e-05 1.075771595226e-01 4.484904522613e-05 2.200888188244e-01
4.688763819095e-05 1.080096561416e-01 4.688763819095e-05 2.260000000000e-01 4.688763819095e-05 3.339991914114e-01 4.688763819095e-05 1.075422598213e-01 4.688763819095e-05 2.201177390965e-01
4.892623115578e-05 1.080110329263e-01 4.892623115578e-05 2.260000000000e-01 4.892623115578e-05 3.339990440334e-01 4.892623115578e-05 1.075045485227e-01 4.892623115578e-05 2.201489894038e-01
5.096482412060e-05 1.080126061096e-01 5.096482412060e-05 2.260000000000e-01 5.096482412060e-05 3.339988697936e-01 5.096482412060e-05 1.074638109290e-01 5.096482412060e-05 2.201827530070e-01
5.300341708543e-05 1.080144037197e-01 5.300341708543e-05 2.260000000000e-01 5.300341708543e-05 3.339986637962e-01 5.300341708543e-05 1.074198179621e-01 5.300341708543e-05 2.202192268555e-01
5.504201005025e-05 1.080164577856e-01 5.504201005025e-05 2.260000000000e-01 5.504201005025e-05 3.339984202532e-01 5.504201005025e-05 1.073723255473e-01 5.504201005025e-05 2.202586224864e-01
5.708060301508e-05 1.080188049084e-01 5.708060301508e-05 2.260000000000e-01 5.708060301508e-05 3.339981323215e-01 5.708060301508e-05 1.073210740341e-01 5.708060301508e-05 2.203011669610e-01
5.911919597990e-05 1.080214869132e-01 5.911919597990e-05 2.260000000000e-01 5.911919597990e-05 3.339977919112e-01 5.911919597990e-05 1.072657876702e-01 5.911919597990e-05 2.203471038348e-01
6.115778894472e-05 1.080245515951e-01 6.115778894472e-05 2.260000000000e-01 6.115778894472e-05 3.339973894578e-01 6.115778894472e-05 1.072061741450e-01 6.115778894472e-05 2.203966941586e-01
6.319638190955e-05 1.080280535701e-01 6.319638190955e-05 2.260000000000e-01 6.319638190955e-05 3.339969136541e-01 6.319638190955e-05 1.071419242240e-01 6.319638190955e-05 2.204502175028e-01
6.523497487437e-05 1.080320552484e-01 6.523497487437e-05 2.260000000000e-01 6.523497487437e-05 3.339963511322e-01 6.523497487437e-05 1.070727114962e-01 6.523497487437e-05 2.205079730001e-01
6.727356783920e-05 1.080366279450e-01 6.727356783920e-05 2.260000000000e-01 6.727356783920e-05 3.339956860886e-01 6.727356783920e-05 1.069981922602e-01 6.727356783920e-05 2.205702803955e-01
6.931216080402e-05 1.080418531491e-01 6.931216080402e-05 2.260000000000e-01 6.931216080402e-05 3.339948998400e-01 6.931216080402e-05 1.069180055803e-01 6.931216080402e-05 2.206374810937e-01
7.135075376884e-05 1.080478239733e-01 7.135075376884e-05 2.260000000000e-01 7.135075376884e-05 3.339939702992e-01 7.135075376884e-05 1.068317735414e-01 7.135075376884e-05 2.207099391885e-01
7.338934673367e-05 1.080546468083e-01 7.338934673367e-05 2.260000000000e-01 7.338934673367e-05 3.339928713550e-01 7.338934673367e-05 1.067391017421e-01 7.338934673367e-05 2.207880424563e-01
7.542793969849e-05 1.080624432123e-01 7.542793969849e-05 2.260000000000e-01 7.542793969849e-05 3.339915721398e-01 7.542793969849e-05 1.066395800602e-01 7.542793969849e-05 2.208722032944e-01
7.746653266332e-05 1.080713520679e-01 7.746653266332e-05 2.260000000000e-01 7.746653266332e-05 3.339900361630e-01 7.746653266332e-05 1.065327837351e-01 7.746653266332e-05 2.209628595760e-01
7.950512562814e-05 1.080815320433e-01 7.950512562814e-05 2.260000000000e-01 7.950512562814e-05 3.339882202884e-01 7.950512562814e-05 1.064182748073e-01 7.950512562814e-05 2.210604753921e-01
8.154371859296e-05 1.080931644007e-01 8.154371859296e-05 2.260000000000e-01 8.154371859296e-05 3.339860735246e-01 8.154371859296e-05 1.062956039595e-01 8.154371859296e-05 2.211655416451e-01
8.358231155779e-05 1.081064562001e-01 8.358231155779e-05 2.260000000000e-01 8.358231155779e-05 3.339835355960e-01 8.358231155779e-05 1.061643128053e-01 8.358231155779e-05 2.212785764480e-01
8.562090452261e-05 1.081216439527e-01 8.562090452261e-05 2.260000000000e-01 8.562090452261e-05 3.339805352548e-01 8.562090452261e-05 1.060239366648e-01 8.562090452261e-05 2.214001252814e-01
8.765949748744e-05 1.081389977851e-01 8.765949748744e-05 2.260000000000e-01 8.765949748744e-05 3.339769882867e-01 8.765949748744e-05 1.058740078707e-01 8.765949748744e-05 2.215307608476e-01
8.969809045226e-05 1.081588261860e-01 8.969809045226e-05 2.260000000000e-01 8.969809045226e-05 3.339727951552e-01 8.969809045226e-05 1.057140596374e-01 8.969809045226e-05 2.216710825535e-01
9.173668341709e-05 1.081814814107e-01 9.173668341709e-05 2.260000000000e-01 9.173668341709e-05 3.339678382203e-01 9.173668341709e-05 1.055436305204e-01 9.173668341709e-05 2.218217155428e-01
9.377527638191e-05 1.082073656351e-01 9.377527638191e-05 2.260000000000e-01 9.377527638191e-05 3.339619784536e-01 9.377527638191e-05 1.053622694846e-01 9.377527638191e-05 2.219833091867e-01
9.581386934673e-05 1.082369379561e-01 9.581386934673e-05 2.260000000000e-01 9.581386934673e-05 3.339550515619e-01 9.581386934673e-05 1.051695415827e-01 9.581386934673e-05 2.221565349296e-01
9.785246231156e-05 1.082707223517e-01 9.785246231156e-05 2.260000000000e-01 9.785246231156e-05 3.339468634118e-01 9.785246231156e-05 1.049650342317e-01 9.785246231156e-05 2.223420833719e-01
9.989105527638e-05 1.083093167219e-01 9.989105527638e-05 2.260000000000e-01 9.989105527638e-05 3.339371846332e-01 9.989105527638e-05 1.047483640519e-01 9.989105527638e-05 2.225406604570e-01
1.019296482412e-04 1.083534031517e-01 1.019296482412e-04 2.260000000000e-01 1.019296482412e-04 3.339257442550e-01 1.019296482412e-04 1.045191842116e-01 1.019296482412e-04 2.227529826157e-01
1.039682412060e-04 1.084037595454e-01 1.039682412060e-04 2.260000000000e-01 1.039682412060e-04 3.339122222045e-01 1.039682412060e-04 1.042771921908e-01 1.039682412060e-04 2.229797707038e-01
1.060068341709e-04 1.084612728021e-01 1.060068341709e-04 2.260000000000e-01 1.060068341709e-04 3.338962404725e-01 1.060068341709e-04 1.040221378491e-01 1.060068341709e-04 2.232217425526e-01
1.080454271357e-04 1.085269537135e-01 1.080454271357e-04 2.260000000000e-01 1.080454271357e-04 3.338773527125e-01 1.080454271357e-04 1.037538316499e-01 1.080454271357e-04 2.234796039386e-01
1.100840201005e-04 1.086019537839e-01 1.100840201005e-04 2.260000000000e-01 1.100840201005e-04 3.338550320077e-01 1.100840201005e-04 1.034721528616e-01 1.100840201005e-04 2.237540377618e-01
1.121226130653e-04 1.086875841825e-01 1.121226130653e-04 2.260000000000e-01 1.121226130653e-04 3.338286564967e-01 1.121226130653e-04 1.031770575217e-01 1.121226130653e-04 2.240456912132e-01
1.141612060302e-04 1.087853370545e-01 1.141612060302e-04 2.260000000000e-01 1.141612060302e-04 3.337974925015e-01 1.141612060302e-04 1.028685859254e-01 1.141612060302e-04 2.243551607025e-01
1.161997989950e-04 1.088969094227e-01 1.161997989950e-04 2.260000000000e-01 1.161997989950e-04 3.337606747507e-01 1.161997989950e-04 1.025468693699e-01 1.161997989950e-04 2.246829743141e-01
1.182383919598e-04 1.090242299154e-01 1.182383919598e-04 2.260000000000e-01 1.182383919598e-04 3.337171832359e-01 1.182383919598e-04 1.022121358728e-01 1.182383919598e-04 2.250295715650e-01
1.202769849246e-04 1.091694885553e-01 1.202769849246e-04 2.260000000000e-01 1.202769849246e-04 3.336658161804e-01 1.202769849246e-04 1.018647145720e-01 1.202769849246e-04 2.253952802516e-01
1.223155778894e-04 1.093351698245e-01 1.223155778894e-04 2.260000000000e-01 1.223155778894e-04 3.336051585379e-01 1.223155778894e-04 1.015050385191e-01 1.223155778894e-04 2.257802901963e-01
1.243541708543e-04 1.095240891937e-01 1.243541708543e-04 2.260000000000e-01 1.243541708543e-04 3.335335453876e-01 1.243541708543e-04 1.011336455933e-01 1.243541708543e-04 2.261846237514e-01
1.263927638191e-04 1.097394332555e-01 1.263927638191e-04 2.260000000000e-01 1.263927638191e-04 3.334490195359e-01 1.263927638191e-04 1.007511772974e-01 1.263927638191e-04 2.266081029696e-01
1.284313567839e-04 1.099848035223e-01 1.284313567839e-04 2.260000000000e-01 1.284313567839e-04 3.333492826105e-01 1.284313567839e-04 1.003583752379e-01 1.284313567839e-04 2.270503134404e-01
1.304699497487e-04 1.102642638439e-01 1.304699497487e-04 2.260000000000e-01 1.304699497487e-04 3.332316389191e-01 1.304699497487e-04 9.995607515707e-02 1.304699497487e-04 2.275105648940e-01
1.325085427136e-04 1.105823912482e-01 1.325085427136e-04 2.260000000000e-01 1.325085427136e-04 3.330929313912e-01 1.325085427136e-04 9.954519845318e-02 1.325085427136e-04 2.279878488157e-01
1.345471356784e-04 1.109443298024e-01 1.345471356784e-04 2.260000000000e-01 1.345471356784e-04 3.329294690198e-01 1.345471356784e-04 9.912674121074e-02 1.345471356784e-04 2.284807934832e-01
1.365857286432e-04 1.113558468263e-01 1.365857286432e-04 2.260000000000e-01 1.365857286432e-04 3.327369454258e-01 1.365857286432e-04 9.870176084799e-02 1.365857286432e-04 2.289876170456e-01
1.386243216080e-04 1.118233904438e-01 1.386243216080e-04 2.260000000000e-01 1.386243216080e-04 3.325103485052e-01 1.386243216080e-04 9.827136058042e-02 1.386243216080e-04 2.295060795104e-01
1.406629145729e-04 1.123541470266e-01 1.406629145729e-04 2.260000000000e-01 1.406629145729e-04 3.322438616450e-01 1.406629145729e-04 9.783667198282e-02 1.406629145729e-04 2.300334347803e-01
1.427015075377e-04 1.129560965515e-01 1.427015075377e-04 2.260000000000e-01 1.427015075377e-04 3.319307577769e-01 1.427015075377e-04 9.739883600870e-02 1.427015075377e-04 2.305663842007e-01
1.447401005025e-04 1.136380632590e-01 1.447401005025e-04 2.260000000000e-01 1.447401005025e-04 3.315632886492e-01 1.447401005025e-04 9.695898288760e-02 1.447401005025e-04 2.311010334185e-01
1.467786934673e-04 1.144097582557e-01 1.467786934673e-04 2.260000000000e-01 1.467786934673e-04 3.311325732237e-01 1.467786934673e-04 9.651821136389e-02 1.467786934673e-04 2.316328547099e-01
1.488172864322e-04 1.152818098769e-01 1.488172864322e-04 2.260000000000e-01 1.488172864322e-04 3.306284911404e-01 1.488172864322e-04 9.607756776345e-02 1.488172864322e-04 2.321566572988e-01
1.508558793970e-04 1.162657767267e-01 1.508558793970e-04 2.260000000000e-01 1.508558793970e-04 3.300395898110e-01 1.508558793970e-04 9.563802537526e-02 1.508558793970e-04 2.326665685232e-01
1.528944723618e-04 1.173741374136e-01 1.528944723618e-04 2.260000000000e-01 1.528944723618e-04 3.293530169292e-01 1.528944723618e-04 9.520046461400e-02 1.528944723618e-04 2.331560290033e-01
1.549330653266e-04 1.186202501775e-01 1.549330653266e-04 2.260000000000e-01 1.549330653266e-04 3.285544939933e-01 1.549330653266e-04 9.476565439014e-02 1.549330653266e-04 2.336178051811e-01
1.569716582915e-04 1.200182749806e-01 1.569716582915e-04 2.260000000000e-01 1.569716582915e-04 3.276283506159e-01 1.569716582915e-04 9.433423505912e-02 1.569716582915e-04 2.340440226961e-01
1.590102512563e-04 1.215830503866e-01 1.590102512563e-04 2.260000000000e-01 1.590102512563e-04 3.265576435424e-01 1.590102512563e-04 9.390670325605e-02 1.590102512563e-04 2.344262240073e-01
1.610488442211e-04 1.233299178807e-01 1.610488442211e-04 2.260000000000e-01 1.610488442211e-04 3.253243876859e-01 1.610488442211e-04 9.348339885326e-02 1.610488442211e-04 2.347554534072e-01
1.630874371859e-04 1.252744874285e-01 1.630874371859e-04 2.260000000000e-01 1.630874371859e-04 3.239099279698e-01 1.630874371859e-04 9.306449421038e-02 1.630874371859e-04 2.350223720794e-01
1.651260301508e-04 1.274323402902e-01 1.651260301508e-04 2.260000000000e-01 1.651260301508e-04 3.222954787843e-01 1.651260301508e-04 9.264998582711e-02 1.651260301508e-04 2.352174050719e-01
1.671646231156e-04 1.298186685862e-01 1.671646231156e-04 2.260000000000e-01 1.671646231156e-04 3.204628504683e-01 1.671646231156e-04 9.223968846175e-02 1.671646231156e-04 2.353309209929e-01
1.692032160804e-04 1.324478559835e-01 1.692032160804e-04 2.260000000000e-01 1.692032160804e-04 3.183953673916e-01 1.692032160804e-04 9.183323174943e-02 1.692032160804e-04 2.353534438614e-01
1.712418090452e-04 1.353330100323e-01 1.712418090452e-04 2.260000000000e-01 1.712418090452e-04 3.160789583793e-01 1.712418090452e-04 9.143005934442e-02 1.712418090452e-04 2.352758948908e-01
1.732804020101e-04 1.384854637985e-01 1.732804020101e-04 2.260000000000e-01 1.732804020101e-04 3.135033671821e-01 1.732804020101e-04 9.102943062348e-02 1.732804020101e-04 2.350898600914e-01
1.753189949749e-04 1.419142717922e-01 1.753189949749e-04 2.260000000000e-01 1.753189949749e-04 3.106633907109e-01 1.753189949749e-04 9.063042502094e-02 1.753189949749e-04 2.347878775192e-01
1.773575879397e-04 1.456257317126e-01 1.773575879397e-04 2.260000000000e-01 1.773575879397e-04 3.075600115147e-01 1.773575879397e-04 9.023194911955e-02 1.773575879397e-04 2.343637358869e-01
1.793961809045e-04 1.496229678272e-01 1.793961809045e-04 2.260000000000e-01 1.793961809045e-04 3.042012579534e-01 1.793961809045e-04 8.983274669000e-02 1.793961809045e-04 2.338127742235e-01
1.814347738693e-04 1.539056123495e-01 1.814347738693e-04 2.260000000000e-01 1.814347738693e-04 3.006026128502e-01 1.814347738693e-04 8.943141195045e-02 1.814347738693e-04 2.331321704747e-01
1.834733668342e-04 1.584696166383e-01 1.834733668342e-04 2.260000000000e-01 1.834733668342e-04 2.967868109840e-01 1.834733668342e-04 8.902640639689e-02 1.834733668342e-04 2.323212055639e-01
1.855119597990e-04 1.633072136782e-01 1.855119597990e-04 2.260000000000e-01 1.855119597990e-04 2.927829247090e-01 1.855119597990e-04 8.861607962541e-02 1.855119597990e-04 2.313814886394e-01
1.875505527638e-04 1.684070374006e-01 1.875505527638e-04 2.260000000000e-01 1.875505527638e-04 2.886247328206e-01 1.875505527638e-04 8.819869461512e-02 1.875505527638e-04 2.303171291975e-01
1.895891457286e-04 1.737543846004e-01 1.895891457286e-04 2.260000000000e-01 1.895891457286e-04 2.843484859692e-01 1.895891457286e-04 8.777245794944e-02 1.895891457286e-04 2.291348425948e-01
1.916277386935e-04 1.793315844970e-01 1.916277386935e-04 2.260000000000e-01 1.916277386935e-04 2.799902975048e-01 1.916277386935e-04 8.733555540689e-02 1.916277386935e-04 2.278439772423e-01
1.936663316583e-04 1.851184234011e-01 1.936663316583e-04 2.260000000000e-01 1.936663316583e-04 2.755834730254e-01 1.936663316583e-04 8.688619323109e-02 1.936663316583e-04 2.264564545071e-01
1.957049246231e-04 1.910925617931e-01 1.957049246231e-04 2.260000000000e-01 1.957049246231e-04 2.711561224401e-01 1.957049246231e-04 8.642264517595e-02 1.957049246231e-04 2.249866159653e-01
1.977435175879e-04 1.972298819280e-01 1.977435175879e-04 2.260000000000e-01 1.977435175879e-04 2.667293666298e-01 1.977435175879e-04 8.594330510165e-02 1.977435175879e-04 2.234509770128e-01
1.997821105528e-04 2.035047176236e-01 1.997821105528e-04 2.260000000000e-01 1.997821105528e-04 2.623163654864e-01 1.997821105528e-04 8.544674446268e-02 1.997821105528e-04 2.218678907014e-01
2.018207035176e-04 2.098899432718e-01 2.018207035176e-04 2.260000000000e-01 2.018207035176e-04 2.579222770857e-01 2.018207035176e-04 8.493177348626e-02 2.018207035176e-04 2.202571307447e-01
2.038592964824e-04 2.163569326274e-01 2.038592964824e-04 2.260000000000e-01 2.038592964824e-04 2.535451351941e-01 2.038592964824e-04 8.439750420863e-02 2.038592964824e-04 2.186394075554e-01
2.058978894472e-04 2.228754333764e-01 2.058978894472e-04 2.260000000000e-01 2.058978894472e-04 2.491775257094e-01 2.058978894472e-04 8.384341286069e-02 2.058978894472e-04 2.170358355769e-01
2.079364824121e-04 2.294134333348e-01 2.079364824121e-04 2.260000000000e-01 2.079364824121e-04 2.448088633358e-01 2.079364824121e-04 8.326939843894e-02 2.079364824121e-04 2.154673736711e-01
2.099750753769e-04 2.359371110784e-01 2.099750753769e-04 2.260000000000e-01 2.099750753769e-04 2.404280189989e-01 2.099750753769e-04 8.267583374919e-02 2.099750753769e-04 2.139542626018e-01
2.120136683417e-04 2.424109625713e-01 2.120136683417e-04 2.260000000000e-01 2.120136683417e-04 2.360260216197e-01 2.120136683417e-04 8.206360487275e-02 2.120136683417e-04 2.125154844759e-01
2.140522613065e-04 2.487981742381e-01 2.140522613065e-04 2.260000000000e-01 2.140522613065e-04 2.315985501924e-01 2.140522613065e-04 8.143413498162e-02 2.140522613065e-04 2.111682682203e-01
2.160908542714e-04 2.550612746269e-01 2.160908542714e-04 2.260000000000e-01 2.160908542714e-04 2.271479432359e-01 2.160908542714e-04 8.078938881180e-02 2.160908542714e-04 2.099276628131e-01
2.181294472362e-04 2.611630483208e-01 2.181294472362e-04 2.260000000000e-01 2.181294472362e-04 2.226844872595e-01 2.181294472362e-04 8.013185494271e-02 2.181294472362e-04 2.088061961814e-01
2.201680402010e-04 2.670676468908e-01 2.201680402010e-04 2.260000000000e-01 2.201680402010e-04 2.182268105620e-01 2.201680402010e-04 7.946450432110e-02 2.201680402010e-04 2.078136327164e-01
2.222066331658e-04 2.727417927998e-01 2.222066331658e-04 2.260000000000e-01 2.222066331658e-04 2.138013063453e-01 2.222066331658e-04 7.879072513067e-02 2.222066331658e-04 2.069568366319e-01
2.242452261307e-04 2.781559514430e-01 2.242452261307e-04 2.260000000000e-01 2.242452261307e-04 2.094406330825e-01 2.242452261307e-04 7.811423599027e-02 2.242452261307e-04 2.062397423601e-01
2.262838190955e-04 2.832853478220e-01 2.262838190955e-04 2.260000000000e-01 2.262838190955e-04 2.051814716162e-01 2.262838190955e-04 7.743898135174e-02 2.262838190955e-04 2.056634273273e-01
2.283224120603e-04 2.881107263961e-01 2.283224120603e-04 2.260000000000e-01 2.283224120603e-04 2.010618300359e-01 2.283224120603e-04 7.676901461922e-02 2.283224120603e-04 2.052262772214e-01
2.303610050251e-04 2.926187895787e-01 2.303610050251e-04 2.260000000000e-01 2.303610050251e-04 1.971182512464e-01 2.303610050251e-04 7.610837569526e-02 2.303610050251e-04 2.049242296333e-01
2.323995979899e-04 2.968022937184e-01 2.323995979899e-04 2.260000000000e-01 2.323995979899e-04 1.933832768949e-01 2.323995979899e-04 7.546097020035e-02 2.323995979899e-04 2.047510789666e-01
2.344381909548e-04 3.006598225760e-01 2.344381909548e-04 2.260000000000e-01 2.344381909548e-04 1.898834553665e-01 2.344381909548e-04 7.483045743038e-02 2.344381909548e-04 2.046988239027e-01
2.364767839196e-04 3.041952905617e-01 2.364767839196e-04 2.260000000000e-01 2.364767839196e-04 1.866380693398e-01 2.364767839196e-04 7.422015323739e-02 2.364767839196e-04 2.047580384491e-01
2.385153768844e-04 3.074172477076e-01 2.385153768844e-04 2.260000000000e-01 2.385153768844e-04 1.836586295568e-01 2.385153768844e-04 7.363295257419e-02 2.385153768844e-04 2.049182485694e-01
2.405539698492e-04 3.103380650613e-01 2.405539698492e-04 2.260000000000e-01 2.405539698492e-04 1.809490661078e-01 2.405539698492e-04 7.307127464023e-02 2.405539698492e-04 2.051682983548e-01
2.425925628141e-04 3.129730749549e-01 2.425925628141e-04 2.260000000000e-01 2.425925628141e-04 1.785064679729e-01 2.425925628141e-04 7.253703164621e-02 2.425925628141e-04 2.054966923774e-01
2.446311557789e-04 3.153397288143e-01 2.446311557789e-04 2.260000000000e-01 2.446311557789e-04 1.763221838897e-01 2.446311557789e-04 7.203162041305e-02 2.446311557789e-04 2.058919039579e-01
2.466697487437e-04 3.174568195062e-01 2.466697487437e-04 2.260000000000e-01 2.466697487437e-04 1.743830988175e-01 2.466697487437e-04 7.155593452207e-02 2.466697487437e-04 2.063426422937e-01
2.487083417085e-04 3.193437988364e-01 2.487083417085e-04 2.260000000000e-01 2.487083417085e-04 1.726729288228e-01 2.487083417085e-04 7.111039365660e-02 2.487083417085e-04 2.068380744927e-01
2.507469346734e-04 3.210202059643e-01 2.507469346734e-04 2.260000000000e-01 2.507469346734e-04 1.711734195046e-01 2.507469346734e-04 7.069498616232e-02 2.507469346734e-04 2.073680013320e-01
2.527855276382e-04 3.225052104645e-01 2.527855276382e-04 2.260000000000e-01 2.527855276382e-04 1.698653774172e-01 2.527855276382e-04 7.030932067914e-02 2.527855276382e-04 2.079229879006e-01
2.548241206030e-04 3.238172649800e-01 2.548241206030e-04 2.260000000000e-01 2.548241206030e-04 1.687295025640e-01 2.548241206030e-04 6.995268289045e-02 2.548241206030e-04 2.084944521093e-01
2.568627135678e-04 3.249738567419e-01 2.568627135678e-04 2.260000000000e-01 2.568627135678e-04 1.677470191957e-01 2.568627135678e-04 6.962409389377e-02 2.568627135678e-04 2.090747153517e-01
2.589013065327e-04 3.259913441880e-01 2.589013065327e-04 2.260000000000e-01 2.589013065327e-04 1.669001212645e-01 2.589013065327e-04 6.932236731762e-02 2.589013065327e-04 2.096570204103e-01
2.609398994975e-04 3.268848638927e-01 2.609398994975e-04 2.260000000000e-01 2.609398994975e-04 1.661722592696e-01 2.609398994975e-04 6.904616299425e-02 2.609398994975e-04 2.102355220724e-01
2.629784924623e-04 3.276682933999e-01 2.629784924623e-04 2.260000000000e-01 2.629784924623e-04 1.655482990183e-01 2.629784924623e-04 6.879403567229e-02 2.629784924623e-04 2.108052559378e-01
2.650170854271e-04 3.283542568092e-01 2.650170854271e-04 2.260000000000e-01 2.650170854271e-04 1.650145822011e-01 2.650170854271e-04 6.856447786141e-02 2.650170854271e-04 2.113620906381e-01
2.670556783920e-04 3.289541616802e-01 2.670556783920e-04 2.260000000000e-01 2.670556783920e-04 1.645589155225e-01 2.670556783920e-04 6.835595641333e-02 2.670556783920e-04 2.119026682369e-01
2.690942713568e-04 3.294782576923e-01 2.690942713568e-04 2.260000000000e-01 2.690942713568e-04 1.641705108133e-01 2.690942713568e-04 6.816694284520e-02 2.690942713568e-04 2.124243370040e-01
2.711328643216e-04 3.299357093309e-01 2.711328643216e-04 2.260000000000e-01 2.711328643216e-04 1.638398940043e-01 2.711328643216e-04 6.799593770561e-02 2.711328643216e-04 2.129250801257e-01
2.731714572864e-04 3.303346765419e-01 2.731714572864e-04 2.260000000000e-01 2.731714572864e-04 1.635587966081e-01 2.731714572864e-04 6.784148947953e-02 2.731714572864e-04 2.134034432716e-01
2.752100502513e-04 3.306823987540e-01 2.752100502513e-04 2.260000000000e-01 2.752100502513e-04 1.633200397029e-01 2.752100502513e-04 6.770220864243e-02 2.752100502513e-04 2.138584633231e-01
2.772486432161e-04 3.309852788895e-01 2.772486432161e-04 2.260000000000e-01 2.772486432161e-04 1.631174174226e-01 2.772486432161e-04 6.757677752305e-02 2.772486432161e-04 2.142896000057e-01
2.792872361809e-04 3.312489649721e-01 2.792872361809e-04 2.260000000000e-01 2.792872361809e-04 1.629455846156e-01 2.792872361809e-04 6.746395663503e-02 2.792872361809e-04 2.146966716701e-01
2.813258291457e-04 3.314784277301e-01 2.813258291457e-04 2.260000000000e-01 2.813258291457e-04 1.627999515673e-01 2.813258291457e-04 6.736258810517e-02 2.813258291457e-04 2.150797960431e-01
2.833644221106e-04 3.316780331960e-01 2.833644221106e-04 2.260000000000e-01 2.833644221106e-04 1.626765873826e-01 2.833644221106e-04 6.727159677254e-02 2.833644221106e-04 2.154393364187e-01
2.854030150754e-04 3.318516097596e-01 2.854030150754e-04 2.260000000000e-01 2.854030150754e-04 1.625721327152e-01 2.854030150754e-04 6.718998946783e-02 2.854030150754e-04 2.157758534789e-01
2.874416080402e-04 3.320025094662e-01 2.874416080402e-04 2.260000000000e-01 2.874416080402e-04 1.624837219061e-01 2.874416080402e-04 6.711685291326e-02 2.874416080402e-04 2.160900627179e-01
2.894802010050e-04 3.321336635887e-01 2.894802010050e-04 2.260000000000e-01 2.894802010050e-04 1.624089141917e-01 2.894802010050e-04 6.705135061520e-02 2.894802010050e-04 2.163827972805e-01
2.915187939698e-04 3.322476326661e-01 2.915187939698e-04 2.260000000000e-01 2.915187939698e-04 1.623456333996e-01 2.915187939698e-04 6.699271905765e-02 2.915187939698e-04 2.166549759155e-01
2.935573869347e-04 3.323466513032e-01 2.935573869347e-04 2.260000000000e-01 2.935573869347e-04 1.622921154183e-01 2.935573869347e-04 6.694026344662e-02 2.935573869347e-04 2.169075756676e-01
2.955959798995e-04 3.324326680918e-01 2.955959798995e-04 2.260000000000e-01 2.955959798995e-04 1.622468626749e-01 2.955959798995e-04 6.689335320445e-02 2.955959798995e-04 2.171416088907e-01
2.976345728643e-04 3.325073810434e-01 2.976345728643e-04 2.260000000000e-01 2.976345728643e-04 1.622086048530e-01 2.976345728643e-04 6.685141736914e-02 2.976345728643e-04 2.173581041478e-01
2.996731658291e-04 3.325722689335e-01 2.996731658291e-04 2.260000000000e-01 2.996731658291e-04 1.621762651135e-01 2.996731658291e-04 6.681394001685e-02 2.996731658291e-04 2.175580905612e-01
3.017117587940e-04 3.326286189501e-01 3.017117587940e-04 2.260000000000e-01 3.017117587940e-04 1.621489311329e-01 3.017117587940e-04 6.678045579478e-02 3.017117587940e-04 2.177425851944e-01
3.037503517588e-04 3.326775510250e-01 3.037503517588e-04 2.260000000000e-01 3.037503517588e-04 1.621258303301e-01 3.037503517588e-04 6.675054562710e-02 3.037503517588e-04 2.179125830666e-01
3.057889447236e-04 3.327200392009e-01 3.057889447236e-04 2.260000000000e-01 3.057889447236e-04 1.621063087203e-01 3.057889447236e-04 6.672383263613e-02 3.057889447236e-04 2.180690494316e-01
3.078275376884e-04 3.327569303636e-01 3.078275376884e-04 2.260000000000e-01 3.078275376884e-04 1.620898128937e-01 3.078275376884e-04 6.669997830554e-02 3.078275376884e-04 2.182129139863e-01
3.098661306533e-04 3.327889606396e-01 3.098661306533e-04 2.260000000000e-01 3.098661306533e-04 1.620758746803e-01 3.098661306533e-04 6.667867889978e-02 3.098661306533e-04 2.183450667057e-01
3.119047236181e-04 3.328167697318e-01 3.119047236181e-04 2.260000000000e-01 3.119047236181e-04 1.620640981146e-01 3.119047236181e-04 6.665966214496e-02 3.119047236181e-04 2.184663550353e-01
3.139433165829e-04 3.328409134395e-01 3.139433165829e-04 2.260000000000e-01 3.139433165829e-04 1.620541483667e-01 3.139433165829e-04 6.664268416907e-02 3.139433165829e-04 2.185775822053e-01
3.159819095477e-04 3.328618745811e-01 3.159819095477e-04 2.260000000000e-01 3.159819095477e-04 1.620457423514e-01 3.159819095477e-04 6.662752669474e-02 3.159819095477e-04 2.186795064603e-01
3.180205025126e-04 3.328800725178e-01 3.180205025126e-04 2.260000000000e-01 3.180205025126e-04 1.620386407653e-01 3.180205025126e-04 6.661399447406e-02 3.180205025126e-04 2.187728410263e-01
3.200590954774e-04 3.328958714498e-01 3.200590954774e-04 2.260000000000e-01 3.200590954774e-04 1.620326413404e-01 3.200590954774e-04 6.660191295269e-02 3.200590954774e-04 2.188582546623e-01
3.220976884422e-04 3.329095876405e-01 3.220976884422e-04 2.260000000000e-01 3.220976884422e-04 1.620275731296e-01 3.220976884422e-04 6.659112614904e-02 3.220976884422e-04 2.189363726673e-01
3.241362814070e-04 3.329214957026e-01 3.241362814070e-04 2.260000000000e-01 3.241362814070e-04 1.620232916689e-01 3.241362814070e-04 6.658149473382e-02 3.241362814070e-04 2.190077782338e-01
3.261748743719e-04 3.329318340678e-01 3.261748743719e-04 2.260000000000e-01 3.261748743719e-04 1.620196748840e-01 3.261748743719e-04 6.657289429478e-02 3.261748743719e-04 2.190730140562e-01
3.282134673367e-04 3.329408097413e-01 3.282134673367e-04 2.260000000000e-01 3.282134673367e-04 1.620166196261e-01 3.282134673367e-04 6.656521377178e-02 3.282134673367e-04 2.191325841180e-01
3.302520603015e-04 3.329486024366e-01 3.302520603015e-04 2.260000000000e-01 3.302520603015e-04 1.620140387426e-01 3.302520603015e-04 6.655835404807e-02 3.302520603015e-04 2.191869555965e-01
3.322906532663e-04 3.329553681678e-01 3.322906532663e-04 2.260000000000e-01 3.322906532663e-04 1.620118585995e-01 3.322906532663e-04 6.655222668374e-02 3.322906532663e-04 2.192365608345e-01
3.343292462312e-04 3.329612423711e-01 3.343292462312e-04 2.260000000000e-01 3.343292462312e-04 1.620100169868e-01 3.343292462312e-04 6.654675277868e-02 3.343292462312e-04 2.192817993379e-01
3.363678391960e-04 3.329663426172e-01 3.363678391960e-04 2.260000000000e-01 3.363678391960e-04 1.620084613479e-01 3.363678391960e-04 6.654186195288e-02 3.363678391960e-04 2.193230397666e-01
3.384064321608e-04 3.329707709659e-01 3.384064321608e-04 2.260000000000e-01 3.384064321608e-04 1.620071472826e-01 3.384064321608e-04 6.653749143273e-02 3.384064321608e-04 2.193606218949e-01
3.404450251256e-04 3.329746160123e-01 3.404450251256e-04 2.260000000000e-01 3.404450251256e-04 1.620060372823e-01 3.404450251256e-04 6.653358523326e-02 3.404450251256e-04 2.193948585215e-01
3.424836180905e-04 3.329779546624e-01 3.424836180905e-04 2.260000000000e-01 3.424836180905e-04 1.620050996607e-01 3.424836180905e-04 6.653009342644e-02 3.424836180905e-04 2.194260373132e-01
3.445222110553e-04 3.329808536759e-01 3.445222110553e-04 2.260000000000e-01 3.445222110553e-04 1.620043076505e-01 3.445222110553e-04 6.652697148721e-02 3.445222110553e-04 2.194544225755e-01
3.465608040201e-04 3.329833710046e-01 3.465608040201e-04 2.260000000000e-01 3.465608040201e-04 1.620036386404e-01 3.465608040201e-04 6.652417970914e-02 3.465608040201e-04 2.194802569389e-01
3.485993969849e-04 3.329855569550e-01 3.485993969849e-04 2.260000000000e-01 3.485993969849e-04 1.620030735295e-01 3.485993969849e-04 6.652168268262e-02 3.485993969849e-04 2.195037629599e-01
3.506379899497e-04 3.329874551976e-01 3.506379899497e-04 2.260000000000e-01 3.506379899497e-04 1.620025961830e-01 3.506379899497e-04 6.651944882904e-02 3.506379899497e-04 2.195251446325e-01
3.526765829146e-04 3.329891036423e-01 3.526765829146e-04 2.260000000000e-01 3.526765829146e-04 1.620021929711e-01 3.526765829146e-04 6.651744998511e-02 3.526765829146e-04 2.195445888109e-01
3.547151758794e-04 3.329905351989e-01 3.547151758794e-04 2.260000000000e-01 3.547151758794e-04 1.620018523809e-01 3.547151758794e-04 6.651566103214e-02 3.547151758794e-04 2.195622665427e-01
3.567537688442e-04 3.329917784374e-01 3.567537688442e-04 2.260000000000e-01 3.567537688442e-04 1.620015646871e-01 3.567537688442e-04 6.651405956532e-02 3.567537688442e-04 2.195783343168e-01
3.587923618090e-04 3.329928581602e-01 3.587923618090e-04 2.260000000000e-01 3.587923618090e-04 1.620013216746e-01 3.587923618090e-04 6.651262559890e-02 3.587923618090e-04 2.195929352258e-01
3.608309547739e-04 3.329937958996e-01 3.608309547739e-04 2.260000000000e-01 3.608309547739e-04 1.620011164042e-01 3.608309547739e-04 6.651134130336e-02 3.608309547739e-04 2.196062000483e-01
3.628695477387e-04 3.329946103494e-01 3.628695477387e-04 2.260000000000e-01 3.628695477387e-04 1.620009430143e-01 3.628695477387e-04 6.651019077114e-02 3.628695477387e-04 2.196182482538e-01
3.649081407035e-04 3.329953177394e-01 3.649081407035e-04 2.260000000000e-01 3.649081407035e-04 1.620007965537e-01 3.649081407035e-04 6.650915980785e-02 3.649081407035e-04 2.196291889338e-01
3.669467336683e-04 3.329959321604e-01 3.669467336683e-04 2.260000000000e-01 3.669467336683e-04 1.620006728399e-01 3.669467336683e-04 6.650823574622e-02 3.669467336683e-04 2.196391216635e-01
3.689853266332e-04 3.329964658464e-01 3.689853266332e-04 2.260000000000e-01 3.689853266332e-04 1.620005683403e-01 3.689853266332e-04 6.650740728034e-02 3.689853266332e-04 2.196481372976e-01
3.710239195980e-04 3.329969294197e-01 3.710239195980e-04 2.260000000000e-01 3.710239195980e-04 1.620004800706e-01 3.710239195980e-04 6.650666431792e-02 3.710239195980e-04 2.196563187053e-01
3.730625125628e-04 3.329973321032e-01 3.730625125628e-04 2.260000000000e-01 3.730625125628e-04 1.620004055101e-01 3.730625125628e-04 6.650599784868e-02 3.730625125628e-04 2.196637414467e-01
3.751011055276e-04 3.329976819053e-01 3.751011055276e-04 2.260000000000e-01 3.751011055276e-04 1.620003425298e-01 3.751011055276e-04 6.650539982714e-02 3.751011055276e-04 2.196704743962e-01
3.771396984925e-04 3.329979857795e-01 3.771396984925e-04 2.260000000000e-01 3.771396984925e-04 1.620002893310e-01 3.771396984925e-04 6.650486306805e-02 3.771396984925e-04 2.196765803155e-01
3.791782914573e-04 3.329982497641e-01 3.791782914573e-04 2.260000000000e-01 3.791782914573e-04 1.620002443946e-01 3.791782914573e-04 6.650438115341e-02 3.791782914573e-04 2.196821163798e-01
3.812168844221e-04 3.329984791025e-01 3.812168844221e-04 2.260000000000e-01 3.812168844221e-04 1.620002064374e-01 3.812168844221e-04 6.650394834946e-02 3.812168844221e-04 2.196871346615e-01
3.832554773869e-04 3.329986783477e-01 3.832554773869e-04 2.260000000000e-01 3.832554773869e-04 1.620001743753e-01 3.832554773869e-04 6.650355953282e-02 3.832554773869e-04 2.196916825733e-01
3.852940703518e-04 3.329988514540e-01 3.852940703518e-04 2.260000000000e-01 3.852940703518e-04 1.620001472929e-01 3.852940703518e-04 6.650321012461e-02 3.852940703518e-04 2.196958032748e-01
3.873326633166e-04 3.329990018552e-01 3.873326633166e-04 2.260000000000e-01 3.873326633166e-04 1.620001244167e-01 3.873326633166e-04 6.650289603179e-02 3.873326633166e-04 2.196995360447e-01
3.893712562814e-04 3.329991325333e-01 3.893712562814e-04 2.260000000000e-01 3.893712562814e-04 1.620001050934e-01 3.893712562814e-04 6.650261359487e-02 3.893712562814e-04 2.197029166216e-01
3.914098492462e-04 3.329992460785e-01 3.914098492462e-04 2.260000000000e-01 3.914098492462e-04 1.620000887712e-01 3.914098492462e-04 6.650235954125e-02 3.914098492462e-04 2.197059775162e-01
3.934484422111e-04 3.329993447400e-01 3.934484422111e-04 2.260000000000e-01 3.934484422111e-04 1.620000749841e-01 3.934484422111e-04 6.650213094374e-02 3.934484422111e-04 2.197087482966e-01
3.954870351759e-04 3.329994304716e-01 3.954870351759e-04 2.260000000000e-01 3.954870351759e-04 1.620000633382e-01 3.954870351759e-04 6.650192518347e-02 3.954870351759e-04 2.197112558487e-01
3.975256281407e-04 3.329995049701e-01 3.975256281407e-04 2.260000000000e-01 3.975256281407e-04 1.620000535011e-01 3.975256281407e-04 6.650173991693e-02 3.975256281407e-04 2.197135246151e-01
3.995642211055e-04 3.329995697095e-01 3.995642211055e-04 2.260000000000e-01 3.995642211055e-04 1.620000451918e-01 3.995642211055e-04 6.650157304646e-02 3.995642211055e-04 2.197155768124e-01
4.016028140704e-04 3.329996259700e-01 4.016028140704e-04 2.260000000000e-01 4.016028140704e-04 1.620000381731e-01 4.016028140704e-04 6.650142269405e-02 4.016028140704e-04 2.197174326302e-01
4.036414070352e-04 3.329996748636e-01 4.036414070352e-04 2.260000000000e-01 4.036414070352e-04 1.620000322444e-01 4.036414070352e-04 6.650128717790e-02 4.036414070352e-04 2.197191104125e-01
4.056800000000e-04 3.329997173563e-01 4.056800000000e-04 2.260000000000e-01 4.056800000000e-04 1.620000272365e-01 4.056800000000e-04 6.650116499158e-02 4.056800000000e-04 2.197206268233e-01
