0.000000000000e+00 2.394999972519e-01 0.000000000000e+00 2.330001720146e-01 0.000000000000e+00 2.299984748201e-01 0.000000000000e+00 7.080000000000e-02 0.000000000000e+00 2.309000060873e-01
2.061221105528e-06 2.394999967962e-01 2.061221105528e-06 2.330001903462e-01 2.061221105528e-06 2.299983020546e-01 2.061221105528e-06 7.080000000000e-02 2.061221105528e-06 2.309000071467e-01
4.122442211055e-06 2.394999962650e-01 4.122442211055e-06 2.330002106446e-01 4.122442211055e-06 2.299981096194e-01 4.122442211055e-06 7.080000000000e-02 4.122442211055e-06 2.309000083906e-01
6.183663316583e-06 2.394999956457e-01 6.183663316583e-06 2.330002331236e-01 6.183663316583e-06 2.299978952641e-01 6.183663316583e-06 7.080000000000e-02 6.183663316583e-06 2.309000098513e-01
8.244884422111e-06 2.394999949237e-01 8.244884422111e-06 2.330002580211e-01 8.244884422111e-06 2.299976564797e-01 8.244884422111e-06 7.080000000000e-02 8.244884422111e-06 2.309000115665e-01
1.030610552764e-05 2.394999940820e-01 1.030610552764e-05 2.330002856013e-01 1.030610552764e-05 2.299973904685e-01 1.030610552764e-05 7.080000000000e-02 1.030610552764e-05 2.309000135806e-01
1.236732663317e-05 2.394999931008e-01 1.236732663317e-05 2.330003161584e-01 1.236732663317e-05 2.299970941112e-01 1.236732663317e-05 7.080000000000e-02 1.236732663317e-05 2.309000159459e-01
1.442854773869e-05 2.394999919568e-01 1.442854773869e-05 2.330003500198e-01 1.442854773869e-05 2.299967639293e-01 1.442854773869e-05 7.080000000000e-02 1.442854773869e-05 2.309000187236e-01
1.648976884422e-05 2.394999906231e-01 1.648976884422e-05 2.330003875503e-01 1.648976884422e-05 2.299963960439e-01 1.648976884422e-05 7.080000000000e-02 1.648976884422e-05 2.309000219857e-01
1.855098994975e-05 2.394999890684e-01 1.855098994975e-05 2.330004291565e-01 1.855098994975e-05 2.299959861294e-01 1.855098994975e-05 7.080000000000e-02 1.855098994975e-05 2.309000258168e-01
2.061221105528e-05 2.394999872558e-01 2.061221105528e-05 2.330004752919e-01 2.061221105528e-05 2.299955293615e-01 2.061221105528e-05 7.080000000000e-02 2.061221105528e-05 2.309000303163e-01
2.267343216080e-05 2.394999851427e-01 2.267343216080e-05 2.330005264629e-01 2.267343216080e-05 2.299950203601e-01 2.267343216080e-05 7.080000000000e-02 2.267343216080e-05 2.309000356010e-01
2.473465326633e-05 2.394999826792e-01 2.473465326633e-05 2.330005832352e-01 2.473465326633e-05 2.299944531247e-01 2.473465326633e-05 7.080000000000e-02 2.473465326633e-05 2.309000418081e-01
2.679587437186e-05 2.394999798072e-01 2.679587437186e-05 2.330006462413e-01 2.679587437186e-05 2.299938209622e-01 2.679587437186e-05 7.080000000000e-02 2.679587437186e-05 2.309000490989e-01
2.885709547739e-05 2.394999764591e-01 2.885709547739e-05 2.330007161895e-01 2.885709547739e-05 2.299931164076e-01 2.885709547739e-05 7.080000000000e-02 2.885709547739e-05 2.309000576628e-01
3.091831658291e-05 2.394999725558e-01 3.091831658291e-05 2.330007938732e-01 3.091831658291e-05 2.299923311340e-01 3.091831658291e-05 7.080000000000e-02 3.091831658291e-05 2.309000677225e-01
3.297953768844e-05 2.394999680052e-01 3.297953768844e-05 2.330008801825e-01 3.297953768844e-05 2.299914558528e-01 3.297953768844e-05 7.080000000000e-02 3.297953768844e-05 2.309000795397e-01
3.504075879397e-05 2.394999627002e-01 3.504075879397e-05 2.330009761169e-01 3.504075879397e-05 2.299904802029e-01 3.504075879397e-05 7.080000000000e-02 3.504075879397e-05 2.309000934220e-01
3.710197989950e-05 2.394999565155e-01 3.710197989950e-05 2.330010828007e-01 3.710197989950e-05 2.299893926256e-01 3.710197989950e-05 7.080000000000e-02 3.710197989950e-05 2.309001097309e-01
3.916320100503e-05 2.394999493054e-01 3.916320100503e-05 2.330012014995e-01 3.916320100503e-05 2.299881802267e-01 3.916320100503e-05 7.080000000000e-02 3.916320100503e-05 2.309001288913e-01
4.122442211055e-05 2.394999408998e-01 4.122442211055e-05 2.330013336405e-01 4.122442211055e-05 2.299868286213e-01 4.122442211055e-05 7.080000000000e-02 4.122442211055e-05 2.309001514026e-01
4.328564321608e-05 2.394999311004e-01 4.328564321608e-05 2.330014808355e-01 4.328564321608e-05 2.299853217615e-01 4.328564321608e-05 7.080000000000e-02 4.328564321608e-05 2.309001778521e-01
4.534686432161e-05 2.394999196762e-01 4.534686432161e-05 2.330016449073e-01 4.534686432161e-05 2.299836417431e-01 4.534686432161e-05 7.080000000000e-02 4.534686432161e-05 2.309002089299e-01
4.740808542714e-05 2.394999063578e-01 4.740808542714e-05 2.330018279215e-01 4.740808542714e-05 2.299817685916e-01 4.740808542714e-05 7.080000000000e-02 4.740808542714e-05 2.309002454475e-01
4.946930653266e-05 2.394998908311e-01 4.946930653266e-05 2.330020322219e-01 4.946930653266e-05 2.299796800216e-01 4.946930653266e-05 7.080000000000e-02 4.946930653266e-05 2.309002883591e-01
5.153052763819e-05 2.394998727299e-01 5.153052763819e-05 2.330022604735e-01 5.153052763819e-05 2.299773511698e-01 5.153052763819e-05 7.080000000000e-02 5.153052763819e-05 2.309003387865e-01
5.359174874372e-05 2.394998516275e-01 5.359174874372e-05 2.330025157122e-01 5.359174874372e-05 2.299747542966e-01 5.359174874372e-05 7.080000000000e-02 5.359174874372e-05 2.309003980487e-01
5.565296984925e-05 2.394998270261e-01 5.565296984925e-05 2.330028014027e-01 5.565296984925e-05 2.299718584532e-01 5.565296984925e-05 7.080000000000e-02 5.565296984925e-05 2.309004676971e-01
5.771419095477e-05 2.394997983456e-01 5.771419095477e-05 2.330031215076e-01 5.771419095477e-05 2.299686291108e-01 5.771419095477e-05 7.080000000000e-02 5.771419095477e-05 2.309005495558e-01
5.977541206030e-05 2.394997649098e-01 5.977541206030e-05 2.330034805679e-01 5.977541206030e-05 2.299650277472e-01 5.977541206030e-05 7.080000000000e-02 5.977541206030e-05 2.309006457702e-01
6.183663316583e-05 2.394997259302e-01 6.183663316583e-05 2.330038837984e-01 6.183663316583e-05 2.299610113853e-01 6.183663316583e-05 7.080000000000e-02 6.183663316583e-05 2.309007588637e-01
6.389785427136e-05 2.394996804876e-01 6.389785427136e-05 2.330043372013e-01 6.389785427136e-05 2.299565320797e-01 6.389785427136e-05 7.080000000000e-02 6.389785427136e-05 2.309008918044e-01
6.595907537688e-05 2.394996275105e-01 6.595907537688e-05 2.330048476990e-01 6.595907537688e-05 2.299515363444e-01 6.595907537688e-05 7.080000000000e-02 6.595907537688e-05 2.309010480835e-01
6.802029648241e-05 2.394995657497e-01 6.802029648241e-05 2.330054232938e-01 6.802029648241e-05 2.299459645152e-01 6.802029648241e-05 7.080000000000e-02 6.802029648241e-05 2.309012318081e-01
7.008151758794e-05 2.394994937490e-01 7.008151758794e-05 2.330060732567e-01 7.008151758794e-05 2.299397500401e-01 7.008151758794e-05 7.080000000000e-02 7.008151758794e-05 2.309014478100e-01
7.214273869347e-05 2.394994098107e-01 7.214273869347e-05 2.330068083518e-01 7.214273869347e-05 2.299328186893e-01 7.214273869347e-05 7.080000000000e-02 7.214273869347e-05 2.309017017738e-01
7.420395979899e-05 2.394993119557e-01 7.420395979899e-05 2.330076411052e-01 7.420395979899e-05 2.299250876766e-01 7.420395979899e-05 7.080000000000e-02 7.420395979899e-05 2.309020003881e-01
7.626518090452e-05 2.394991978770e-01 7.626518090452e-05 2.330085861246e-01 7.626518090452e-05 2.299164646824e-01 7.626518090452e-05 7.080000000000e-02 7.626518090452e-05 2.309023515231e-01
7.832640201005e-05 2.394990648849e-01 7.832640201005e-05 2.330096604828e-01 7.832640201005e-05 2.299068467681e-01 7.832640201005e-05 7.080000000000e-02 7.832640201005e-05 2.309027644399e-01
8.038762311558e-05 2.394989098444e-01 8.038762311558e-05 2.330108841754e-01 8.038762311558e-05 2.298961191700e-01 8.038762311558e-05 7.080000000000e-02 8.038762311558e-05 2.309032500370e-01
8.244884422111e-05 2.394987291004e-01 8.244884422111e-05 2.330122806702e-01 8.244884422111e-05 2.298841539621e-01 8.244884422111e-05 7.080000000000e-02 8.244884422111e-05 2.309038211404e-01
8.451006532663e-05 2.394985183926e-01 8.451006532663e-05 2.330138775654e-01 8.451006532663e-05 2.298708085717e-01 8.451006532663e-05 7.080000000000e-02 8.451006532663e-05 2.309044928455e-01
8.657128643216e-05 2.394982727546e-01 8.657128643216e-05 2.330157073801e-01 8.657128643216e-05 2.298559241368e-01 8.657128643216e-05 7.080000000000e-02 8.657128643216e-05 2.309052829190e-01
8.863250753769e-05 2.394979863972e-01 8.863250753769e-05 2.330178085040e-01 8.863250753769e-05 2.298393236878e-01 8.863250753769e-05 7.080000000000e-02 8.863250753769e-05 2.309062122729e-01
9.069372864322e-05 2.394976525722e-01 9.069372864322e-05 2.330202263380e-01 9.069372864322e-05 2.298208101372e-01 9.069372864322e-05 7.080000000000e-02 9.069372864322e-05 2.309073055219e-01
9.275494974874e-05 2.394972634137e-01 9.275494974874e-05 2.330230146678e-01 9.275494974874e-05 2.298001640628e-01 9.275494974874e-05 7.080000000000e-02 9.275494974874e-05 2.309085916397e-01
9.481617085427e-05 2.394968097536e-01 9.481617085427e-05 2.330262373146e-01 9.481617085427e-05 2.297771412636e-01 9.481617085427e-05 7.080000000000e-02 9.481617085427e-05 2.309101047317e-01
9.687739195980e-05 2.394962809056e-01 9.687739195980e-05 2.330299701242e-01 9.687739195980e-05 2.297514700722e-01 9.687739195980e-05 7.080000000000e-02 9.687739195980e-05 2.309118849434e-01
9.893861306533e-05 2.394956644149e-01 9.893861306533e-05 2.330343033599e-01 9.893861306533e-05 2.297228484054e-01 9.893861306533e-05 7.080000000000e-02 9.893861306533e-05 2.309139795301e-01
1.009998341709e-04 2.394949457657e-01 1.009998341709e-04 2.330393445845e-01 1.009998341709e-04 2.296909405341e-01 1.009998341709e-04 7.080000000000e-02 1.009998341709e-04 2.309164441141e-01
1.030610552764e-04 2.394941080414e-01 1.030610552764e-04 2.330452221297e-01 1.030610552764e-04 2.296553735570e-01 1.030610552764e-04 7.080000000000e-02 1.030610552764e-04 2.309193441627e-01
1.051222763819e-04 2.394931315283e-01 1.051222763819e-04 2.330520892710e-01 1.051222763819e-04 2.296157335620e-01 1.051222763819e-04 7.080000000000e-02 1.051222763819e-04 2.309227567251e-01
1.071834974874e-04 2.394919932549e-01 1.071834974874e-04 2.330601292498e-01 1.071834974874e-04 2.295715614632e-01 1.071834974874e-04 7.080000000000e-02 1.071834974874e-04 2.309267724717e-01
1.092447185930e-04 2.394906664555e-01 1.092447185930e-04 2.330695613104e-01 1.092447185930e-04 2.295223485055e-01 1.092447185930e-04 7.080000000000e-02 1.092447185930e-04 2.309314980872e-01
1.113059396985e-04 2.394891199463e-01 1.113059396985e-04 2.330806479465e-01 1.113059396985e-04 2.294675314345e-01 1.113059396985e-04 7.080000000000e-02 1.113059396985e-04 2.309370590765e-01
1.133671608040e-04 2.394873174001e-01 1.133671608040e-04 2.330937035915e-01 1.133671608040e-04 2.294064873362e-01 1.133671608040e-04 7.080000000000e-02 1.133671608040e-04 2.309436030513e-01
1.154283819095e-04 2.394852165032e-01 1.154283819095e-04 2.331091050153e-01 1.154283819095e-04 2.293385281635e-01 1.154283819095e-04 7.080000000000e-02 1.154283819095e-04 2.309513035738e-01
1.174896030151e-04 2.394827679760e-01 1.174896030151e-04 2.331273037383e-01 1.174896030151e-04 2.292628949774e-01 1.174896030151e-04 7.080000000000e-02 1.174896030151e-04 2.309603646482e-01
1.195508241206e-04 2.394799144357e-01 1.195508241206e-04 2.331488408029e-01 1.195508241206e-04 2.291787519492e-01 1.195508241206e-04 7.080000000000e-02 1.195508241206e-04 2.309710259567e-01
1.216120452261e-04 2.394765890774e-01 1.216120452261e-04 2.331743642860e-01 1.216120452261e-04 2.290851801922e-01 1.216120452261e-04 7.080000000000e-02 1.216120452261e-04 2.309835689527e-01
1.236732663317e-04 2.394727141444e-01 1.236732663317e-04 2.332046499546e-01 1.236732663317e-04 2.289811715143e-01 1.236732663317e-04 7.080000000000e-02 1.236732663317e-04 2.309983239335e-01
1.257344874372e-04 2.394681991575e-01 1.257344874372e-04 2.332406254781e-01 1.257344874372e-04 2.288656222191e-01 1.257344874372e-04 7.080000000000e-02 1.257344874372e-04 2.310156782245e-01
1.277957085427e-04 2.394629388658e-01 1.277957085427e-04 2.332833985796e-01 1.277957085427e-04 2.287373271182e-01 1.277957085427e-04 7.080000000000e-02 1.277957085427e-04 2.310360856174e-01
1.298569296482e-04 2.394568108799e-01 1.298569296482e-04 2.333342894318e-01 1.298569296482e-04 2.285949739629e-01 1.298569296482e-04 7.080000000000e-02 1.298569296482e-04 2.310600772054e-01
1.319181507538e-04 2.394496729413e-01 1.319181507538e-04 2.333948674350e-01 1.319181507538e-04 2.284371385566e-01 1.319181507538e-04 7.080000000000e-02 1.319181507538e-04 2.310882737596e-01
1.339793718593e-04 2.394413597791e-01 1.339793718593e-04 2.334669922309e-01 1.339793718593e-04 2.282622808662e-01 1.339793718593e-04 7.080000000000e-02 1.339793718593e-04 2.311213997754e-01
1.360405929648e-04 2.394316794983e-01 1.360405929648e-04 2.335528583380e-01 1.360405929648e-04 2.280687425158e-01 1.360405929648e-04 7.080000000000e-02 1.360405929648e-04 2.311602992937e-01
1.381018140704e-04 2.394204094412e-01 1.381018140704e-04 2.336550420843e-01 1.381018140704e-04 2.278547461149e-01 1.381018140704e-04 7.080000000000e-02 1.381018140704e-04 2.312059535503e-01
1.401630351759e-04 2.394072914597e-01 1.401630351759e-04 2.337765484730e-01 1.401630351759e-04 2.276183969445e-01 1.401630351759e-04 7.080000000000e-02 1.401630351759e-04 2.312595004368e-01
1.422242562814e-04 2.393920265335e-01 1.422242562814e-04 2.339208541646e-01 1.422242562814e-04 2.273576875887e-01 1.422242562814e-04 7.080000000000e-02 1.422242562814e-04 2.313222556392e-01
1.442854773869e-04 2.393742686716e-01 1.442854773869e-04 2.340919408151e-01 1.442854773869e-04 2.270705061623e-01 1.442854773869e-04 7.080000000000e-02 1.442854773869e-04 2.313957351635e-01
1.463466984925e-04 2.393536180371e-01 1.463466984925e-04 2.342943105479e-01 1.463466984925e-04 2.267546488217e-01 1.463466984925e-04 7.080000000000e-02 1.463466984925e-04 2.314816787343e-01
1.484079195980e-04 2.393296132463e-01 1.484079195980e-04 2.345329724287e-01 1.484079195980e-04 2.264078372654e-01 1.484079195980e-04 7.080000000000e-02 1.484079195980e-04 2.315820732612e-01
1.504691407035e-04 2.393017228091e-01 1.504691407035e-04 2.348133857280e-01 1.504691407035e-04 2.260277418993e-01 1.504691407035e-04 7.080000000000e-02 1.504691407035e-04 2.316991751901e-01
1.525303618090e-04 2.392693357090e-01 1.525303618090e-04 2.351413430488e-01 1.525303618090e-04 2.256120112681e-01 1.525303618090e-04 7.080000000000e-02 1.525303618090e-04 2.318355300896e-01
1.545915829146e-04 2.392317511581e-01 1.545915829146e-04 2.355227750739e-01 1.545915829146e-04 2.251583082006e-01 1.545915829146e-04 7.080000000000e-02 1.545915829146e-04 2.319939872714e-01
1.566528040201e-04 2.391881676283e-01 1.566528040201e-04 2.359634602160e-01 1.566528040201e-04 2.246643528894e-01 1.566528040201e-04 7.080000000000e-02 1.566528040201e-04 2.321777066167e-01
1.587140251256e-04 2.391376713428e-01 1.587140251256e-04 2.364686287311e-01 1.587140251256e-04 2.241279727998e-01 1.587140251256e-04 7.080000000000e-02 1.587140251256e-04 2.323901541299e-01
1.607752462312e-04 2.390792245271e-01 1.607752462312e-04 2.370424637983e-01 1.607752462312e-04 2.235471588779e-01 1.607752462312e-04 7.080000000000e-02 1.607752462312e-04 2.326350821228e-01
1.628364673367e-04 2.390116538733e-01 1.628364673367e-04 2.376875227980e-01 1.628364673367e-04 2.229201270174e-01 1.628364673367e-04 7.080000000000e-02 1.628364673367e-04 2.329164894558e-01
1.648976884422e-04 2.389336398664e-01 1.648976884422e-04 2.384041296008e-01 1.648976884422e-04 2.222453831508e-01 1.648976884422e-04 7.080000000000e-02 1.648976884422e-04 2.332385570647e-01
1.669589095477e-04 2.388437078695e-01 1.669589095477e-04 2.391898187426e-01 1.669589095477e-04 2.215217897089e-01 1.669589095477e-04 7.080000000000e-02 1.669589095477e-04 2.336055542330e-01
1.690201306533e-04 2.387402221584e-01 1.690201306533e-04 2.400389363950e-01 1.690201306533e-04 2.207486305826e-01 1.690201306533e-04 7.080000000000e-02 1.690201306533e-04 2.340217119017e-01
1.710813517588e-04 2.386213844462e-01 1.710813517588e-04 2.409425095798e-01 1.710813517588e-04 2.199256712033e-01 1.710813517588e-04 7.080000000000e-02 1.710813517588e-04 2.344910608461e-01
1.731425728643e-04 2.384852388151e-01 1.731425728643e-04 2.418884734545e-01 1.731425728643e-04 2.190532100133e-01 1.731425728643e-04 7.080000000000e-02 1.731425728643e-04 2.350172348490e-01
1.752037939698e-04 2.383296853592e-01 1.752037939698e-04 2.428622928196e-01 1.752037939698e-04 2.181321175187e-01 1.752037939698e-04 7.080000000000e-02 1.752037939698e-04 2.356032419614e-01
1.772650150754e-04 2.381525051854e-01 1.772650150754e-04 2.438479363171e-01 1.772650150754e-04 2.171638593679e-01 1.772650150754e-04 7.080000000000e-02 1.772650150754e-04 2.362512104047e-01
1.793262361809e-04 2.379513996407e-01 1.793262361809e-04 2.448290807803e-01 1.793262361809e-04 2.161505005471e-01 1.793262361809e-04 7.080000000000e-02 1.793262361809e-04 2.369621193757e-01
1.813874572864e-04 2.377240466333e-01 1.813874572864e-04 2.457903655811e-01 1.813874572864e-04 2.150946888084e-01 1.813874572864e-04 7.080000000000e-02 1.813874572864e-04 2.377355288296e-01
1.834486783920e-04 2.374681765438e-01 1.834486783920e-04 2.467185037030e-01 1.834486783920e-04 2.139996168202e-01 1.834486783920e-04 7.080000000000e-02 1.834486783920e-04 2.385693262537e-01
1.855098994975e-04 2.371816693404e-01 1.855098994975e-04 2.476030926522e-01 1.855098994975e-04 2.128689641123e-01 1.855098994975e-04 7.080000000000e-02 1.855098994975e-04 2.394595126920e-01
1.875711206030e-04 2.368626729501e-01 1.875711206030e-04 2.484370404853e-01 1.875711206030e-04 2.117068215307e-01 1.875711206030e-04 7.080000000000e-02 1.875711206030e-04 2.404000548867e-01
1.896323417085e-04 2.365097406094e-01 1.896323417085e-04 2.492166048147e-01 1.896323417085e-04 2.105176024109e-01 1.896323417085e-04 7.080000000000e-02 1.896323417085e-04 2.413828346917e-01
1.916935628141e-04 2.361219818174e-01 1.916935628141e-04 2.499411105892e-01 1.916935628141e-04 2.093059458166e-01 1.916935628141e-04 7.080000000000e-02 1.916935628141e-04 2.423977289002e-01
1.937547839196e-04 2.356992178419e-01 1.937547839196e-04 2.506124508130e-01 1.937547839196e-04 2.080766178167e-01 1.937547839196e-04 7.080000000000e-02 1.937547839196e-04 2.434328489678e-01
1.958160050251e-04 2.352421289130e-01 1.958160050251e-04 2.512344813418e-01 1.958160050251e-04 2.068344167712e-01 1.958160050251e-04 7.080000000000e-02 1.958160050251e-04 2.444749571811e-01
1.978772261307e-04 2.347523769857e-01 1.978772261307e-04 2.518124044250e-01 1.978772261307e-04 2.055840879683e-01 1.978772261307e-04 7.080000000000e-02 1.978772261307e-04 2.455100519717e-01
1.999384472362e-04 2.342326861677e-01 1.999384472362e-04 2.523522074585e-01 1.999384472362e-04 2.043302517693e-01 1.999384472362e-04 7.080000000000e-02 1.999384472362e-04 2.465240830293e-01
2.019996683417e-04 2.336868635359e-01 2.019996683417e-04 2.528601938093e-01 2.019996683417e-04 2.030773478475e-01 2.019996683417e-04 7.080000000000e-02 2.019996683417e-04 2.475037245767e-01
2.040608894472e-04 2.331197468026e-01 2.040608894472e-04 2.533426180916e-01 2.040608894472e-04 2.018295963625e-01 2.040608894472e-04 7.080000000000e-02 2.040608894472e-04 2.484371135618e-01
2.061221105528e-04 2.325370722726e-01 2.061221105528e-04 2.538054214637e-01 2.061221105528e-04 2.005909752194e-01 2.061221105528e-04 7.080000000000e-02 2.061221105528e-04 2.493144578018e-01
2.081833316583e-04 2.319452660918e-01 2.081833316583e-04 2.542540531427e-01 2.081833316583e-04 1.993652111387e-01 2.081833316583e-04 7.080000000000e-02 2.081833316583e-04 2.501284399330e-01
2.102445527638e-04 2.313511723976e-01 2.102445527638e-04 2.546933607504e-01 2.102445527638e-04 1.981557812505e-01 2.102445527638e-04 7.080000000000e-02 2.102445527638e-04 2.508743806688e-01
2.123057738693e-04 2.307617415515e-01 2.123057738693e-04 2.551275323311e-01 2.123057738693e-04 1.969659214175e-01 2.123057738693e-04 7.080000000000e-02 2.123057738693e-04 2.515501678085e-01
2.143669949749e-04 2.301837080312e-01 2.143669949749e-04 2.555600751782e-01 2.143669949749e-04 1.957986374864e-01 2.143669949749e-04 7.080000000000e-02 2.143669949749e-04 2.521559934650e-01
2.164282160804e-04 2.296232892555e-01 2.164282160804e-04 2.559938197346e-01 2.164282160804e-04 1.946567161045e-01 2.164282160804e-04 7.080000000000e-02 2.164282160804e-04 2.526939630787e-01
2.184894371859e-04 2.290859331978e-01 2.184894371859e-04 2.564309399766e-01 2.184894371859e-04 1.935427325127e-01 2.184894371859e-04 7.080000000000e-02 2.184894371859e-04 2.531676441884e-01
2.205506582915e-04 2.285761349430e-01 2.205506582915e-04 2.568729844630e-01 2.205506582915e-04 1.924590536937e-01 2.205506582915e-04 7.080000000000e-02 2.205506582915e-04 2.535816140508e-01
2.226118793970e-04 2.280973321642e-01 2.226118793970e-04 2.573209144156e-01 2.226118793970e-04 1.914078362712e-01 2.226118793970e-04 7.080000000000e-02 2.226118793970e-04 2.539410489519e-01
2.246731005025e-04 2.276518790301e-01 2.246731005025e-04 2.577751468031e-01 2.246731005025e-04 1.903910194979e-01 2.246731005025e-04 7.080000000000e-02 2.246731005025e-04 2.542513801629e-01
2.267343216080e-04 2.272410892481e-01 2.267343216080e-04 2.582356014435e-01 2.267343216080e-04 1.894103144316e-01 2.267343216080e-04 7.080000000000e-02 2.267343216080e-04 2.545180259477e-01
2.287955427136e-04 2.268653330484e-01 2.287955427136e-04 2.587017517293e-01 2.287955427136e-04 1.884671909175e-01 2.287955427136e-04 7.080000000000e-02 2.287955427136e-04 2.547461977099e-01
2.308567638191e-04 2.265241702937e-01 2.308567638191e-04 2.591726787983e-01 2.308567638191e-04 1.875628642512e-01 2.308567638191e-04 7.080000000000e-02 2.308567638191e-04 2.549407715112e-01
2.329179849246e-04 2.262165021963e-01 2.329179849246e-04 2.596471289193e-01 2.329179849246e-04 1.866982833946e-01 2.329179849246e-04 7.080000000000e-02 2.329179849246e-04 2.551062130483e-01
2.349792060302e-04 2.259407265238e-01 2.349792060302e-04 2.601235736373e-01 2.349792060302e-04 1.858741224038e-01 2.349792060302e-04 7.080000000000e-02 2.349792060302e-04 2.552465436572e-01
2.370404271357e-04 2.256948847135e-01 2.370404271357e-04 2.606002719003e-01 2.370404271357e-04 1.850907763560e-01 2.370404271357e-04 7.080000000000e-02 2.370404271357e-04 2.553653359681e-01
2.391016482412e-04 2.254767931483e-01 2.391016482412e-04 2.610753330591e-01 2.391016482412e-04 1.843483626033e-01 2.391016482412e-04 7.080000000000e-02 2.391016482412e-04 2.554657296507e-01
2.411628693467e-04 2.252841543617e-01 2.411628693467e-04 2.615467793438e-01 2.411628693467e-04 1.836467276897e-01 2.411628693467e-04 7.080000000000e-02 2.411628693467e-04 2.555504597010e-01
2.432240904523e-04 2.251146467802e-01 2.432240904523e-04 2.620126062353e-01 2.432240904523e-04 1.829854598142e-01 2.432240904523e-04 7.080000000000e-02 2.432240904523e-04 2.556218916183e-01
2.452853115578e-04 2.249659936780e-01 2.452853115578e-04 2.624708390878e-01 2.452853115578e-04 1.823639063300e-01 2.452853115578e-04 7.080000000000e-02 2.452853115578e-04 2.556820594394e-01
2.473465326633e-04 2.248360133263e-01 2.473465326633e-04 2.629195844396e-01 2.473465326633e-04 1.817811954795e-01 2.473465326633e-04 7.080000000000e-02 2.473465326633e-04 2.557327038946e-01
2.494077537688e-04 2.247226530130e-01 2.494077537688e-04 2.633570746531e-01 2.494077537688e-04 1.812362613750e-01 2.494077537688e-04 7.080000000000e-02 2.494077537688e-04 2.557753089401e-01
2.514689748744e-04 2.246240098325e-01 2.514689748744e-04 2.637817048457e-01 2.514689748744e-04 1.807278711514e-01 2.514689748744e-04 7.080000000000e-02 2.514689748744e-04 2.558111356427e-01
2.535301959799e-04 2.245383410589e-01 2.535301959799e-04 2.641920614557e-01 2.535301959799e-04 1.802546532193e-01 2.535301959799e-04 7.080000000000e-02 2.535301959799e-04 2.558412529026e-01
2.555914170854e-04 2.244640666400e-01 2.555914170854e-04 2.645869422092e-01 2.555914170854e-04 1.798151256250e-01 2.555914170854e-04 7.080000000000e-02 2.555914170854e-04 2.558665648426e-01
2.576526381910e-04 2.243997659854e-01 2.576526381910e-04 2.649653676632e-01 2.576526381910e-04 1.794077236480e-01 2.576526381910e-04 7.080000000000e-02 2.576526381910e-04 2.558878349135e-01
2.597138592965e-04 2.243441708354e-01 2.597138592965e-04 2.653265848674e-01 2.597138592965e-04 1.790308259263e-01 2.597138592965e-04 7.080000000000e-02 2.597138592965e-04 2.559057068992e-01
2.617750804020e-04 2.242961556237e-01 2.617750804020e-04 2.656700639831e-01 2.617750804020e-04 1.786827785653e-01 2.617750804020e-04 7.080000000000e-02 2.617750804020e-04 2.559207230774e-01
2.638363015075e-04 2.242547264213e-01 2.638363015075e-04 2.659954889135e-01 2.638363015075e-04 1.783619168557e-01 2.638363015075e-04 7.080000000000e-02 2.638363015075e-04 2.559333398243e-01
2.658975226131e-04 2.242190092651e-01 2.658975226131e-04 2.663027431181e-01 2.658975226131e-04 1.780665843791e-01 2.658975226131e-04 7.080000000000e-02 2.658975226131e-04 2.559439409568e-01
2.679587437186e-04 2.241882384493e-01 2.679587437186e-04 2.665918918236e-01 2.679587437186e-04 1.777951494115e-01 2.679587437186e-04 7.080000000000e-02 2.679587437186e-04 2.559528490947e-01
2.700199648241e-04 2.241617451740e-01 2.700199648241e-04 2.668631618073e-01 2.700199648241e-04 1.775460186485e-01 2.700199648241e-04 7.080000000000e-02 2.700199648241e-04 2.559603353069e-01
2.720811859296e-04 2.241389468096e-01 2.720811859296e-04 2.671169198325e-01 2.720811859296e-04 1.773176483606e-01 2.720811859296e-04 7.080000000000e-02 2.720811859296e-04 2.559666272792e-01
2.741424070352e-04 2.241193369266e-01 2.741424070352e-04 2.673536506818e-01 2.741424070352e-04 1.771085531494e-01 2.741424070352e-04 7.080000000000e-02 2.741424070352e-04 2.559719162153e-01
2.762036281407e-04 2.241024761684e-01 2.762036281407e-04 2.675739355754e-01 2.762036281407e-04 1.769173125183e-01 2.762036281407e-04 7.080000000000e-02 2.762036281407e-04 2.559763626590e-01
2.782648492462e-04 2.240879839891e-01 2.782648492462e-04 2.677784315930e-01 2.782648492462e-04 1.767425754949e-01 2.782648492462e-04 7.080000000000e-02 2.782648492462e-04 2.559801013995e-01
2.803260703518e-04 2.240755312403e-01 2.803260703518e-04 2.679678525593e-01 2.803260703518e-04 1.765830635511e-01 2.803260703518e-04 7.080000000000e-02 2.803260703518e-04 2.559832455985e-01
2.823872914573e-04 2.240648335677e-01 2.823872914573e-04 2.681429516988e-01 2.823872914573e-04 1.764375720662e-01 2.823872914573e-04 7.080000000000e-02 2.823872914573e-04 2.559858902615e-01
2.844485125628e-04 2.240556455665e-01 2.844485125628e-04 2.683045062382e-01 2.844485125628e-04 1.763049705658e-01 2.844485125628e-04 7.080000000000e-02 2.844485125628e-04 2.559881151540e-01
2.865097336683e-04 2.240477556301e-01 2.865097336683e-04 2.684533040235e-01 2.865097336683e-04 1.761842019553e-01 2.865097336683e-04 7.080000000000e-02 2.865097336683e-04 2.559899872510e-01
2.885709547739e-04 2.240409814324e-01 2.885709547739e-04 2.685901321338e-01 2.885709547739e-04 1.760742809461e-01 2.885709547739e-04 7.080000000000e-02 2.885709547739e-04 2.559915627934e-01
2.906321758794e-04 2.240351659766e-01 2.906321758794e-04 2.687157674071e-01 2.906321758794e-04 1.759742918508e-01 2.906321758794e-04 7.080000000000e-02 2.906321758794e-04 2.559928890136e-01
2.926933969849e-04 2.240301741502e-01 2.926933969849e-04 2.688309687475e-01 2.926933969849e-04 1.758833859017e-01 2.926933969849e-04 7.080000000000e-02 2.926933969849e-04 2.559940055840e-01
2.947546180905e-04 2.240258897295e-01 2.947546180905e-04 2.689364710552e-01 2.947546180905e-04 1.758007782268e-01 2.947546180905e-04 7.080000000000e-02 2.947546180905e-04 2.559949458319e-01
2.968158391960e-04 2.240222127793e-01 2.968158391960e-04 2.690329806023e-01 2.968158391960e-04 1.757257445952e-01 2.968158391960e-04 7.080000000000e-02 2.968158391960e-04 2.559957377583e-01
2.988770603015e-04 2.240190573993e-01 2.988770603015e-04 2.691211716754e-01 2.988770603015e-04 1.756576180260e-01 2.988770603015e-04 7.080000000000e-02 2.988770603015e-04 2.559964048937e-01
3.009382814070e-04 2.240163497753e-01 3.009382814070e-04 2.692016843062e-01 3.009382814070e-04 1.755957853382e-01 3.009382814070e-04 7.080000000000e-02 3.009382814070e-04 2.559969670150e-01
3.029995025126e-04 2.240140264947e-01 3.029995025126e-04 2.692751229216e-01 3.029995025126e-04 1.755396837028e-01 3.029995025126e-04 7.080000000000e-02 3.029995025126e-04 2.559974407473e-01
3.050607236181e-04 2.240120330925e-01 3.050607236181e-04 2.693420557584e-01 3.050607236181e-04 1.754887972479e-01 3.050607236181e-04 7.080000000000e-02 3.050607236181e-04 2.559978400689e-01
3.071219447236e-04 2.240103227977e-01 3.071219447236e-04 2.694030148986e-01 3.071219447236e-04 1.754426537526e-01 3.071219447236e-04 7.080000000000e-02 3.071219447236e-04 2.559981767348e-01
3.091831658291e-04 2.240088554525e-01 3.091831658291e-04 2.694584968033e-01 3.091831658291e-04 1.754008214588e-01 3.091831658291e-04 7.080000000000e-02 3.091831658291e-04 2.559984606324e-01
3.112443869347e-04 2.240075965824e-01 3.112443869347e-04 2.695089632315e-01 3.112443869347e-04 1.753629060222e-01 3.112443869347e-04 7.080000000000e-02 3.112443869347e-04 2.559987000800e-01
3.133056080402e-04 2.240065165950e-01 3.133056080402e-04 2.695548424536e-01 3.133056080402e-04 1.753285476146e-01 3.133056080402e-04 7.080000000000e-02 3.133056080402e-04 2.559989020767e-01
3.153668291457e-04 2.240055900913e-01 3.153668291457e-04 2.695965306755e-01 3.153668291457e-04 1.752974181864e-01 3.153668291457e-04 7.080000000000e-02 3.153668291457e-04 2.559990725136e-01
3.174280502513e-04 2.240047952735e-01 3.174280502513e-04 2.696343936104e-01 3.174280502513e-04 1.752692188941e-01 3.174280502513e-04 7.080000000000e-02 3.174280502513e-04 2.559992163492e-01
3.194892713568e-04 2.240041134356e-01 3.194892713568e-04 2.696687681394e-01 3.194892713568e-04 1.752436776925e-01 3.194892713568e-04 7.080000000000e-02 3.194892713568e-04 2.559993377590e-01
3.215504924623e-04 2.240035285258e-01 3.215504924623e-04 2.696999640197e-01 3.215504924623e-04 1.752205470894e-01 3.215504924623e-04 7.080000000000e-02 3.215504924623e-04 2.559994402589e-01
3.236117135678e-04 2.240030267710e-01 3.236117135678e-04 2.697282656014e-01 3.236117135678e-04 1.751996020600e-01 3.236117135678e-04 7.080000000000e-02 3.236117135678e-04 2.559995268106e-01
3.256729346734e-04 2.240025963535e-01 3.256729346734e-04 2.697539335272e-01 3.256729346734e-04 1.751806381133e-01 3.256729346734e-04 7.080000000000e-02 3.256729346734e-04 2.559995999092e-01
3.277341557789e-04 2.240022271341e-01 3.277341557789e-04 2.697772063926e-01 3.277341557789e-04 1.751634695064e-01 3.277341557789e-04 7.080000000000e-02 3.277341557789e-04 2.559996616572e-01
3.297953768844e-04 2.240019104138e-01 3.297953768844e-04 2.697983023498e-01 3.297953768844e-04 1.751479275969e-01 3.297953768844e-04 7.080000000000e-02 3.297953768844e-04 2.559997138268e-01
3.318565979899e-04 2.240016387295e-01 3.318565979899e-04 2.698174206452e-01 3.318565979899e-04 1.751338593274e-01 3.318565979899e-04 7.080000000000e-02 3.318565979899e-04 2.559997579117e-01
3.339178190955e-04 2.240014056785e-01 3.339178190955e-04 2.698347430814e-01 3.339178190955e-04 1.751211258330e-01 3.339178190955e-04 7.080000000000e-02 3.339178190955e-04 2.559997951714e-01
3.359790402010e-04 2.240012057682e-01 3.359790402010e-04 2.698504353999e-01 3.359790402010e-04 1.751096011652e-01 3.359790402010e-04 7.080000000000e-02 3.359790402010e-04 2.559998266683e-01
3.380402613065e-04 2.240010342864e-01 3.380402613065e-04 2.698646485804e-01 3.380402613065e-04 1.750991711216e-01 3.380402613065e-04 7.080000000000e-02 3.380402613065e-04 2.559998532984e-01
3.401014824121e-04 2.240008871910e-01 3.401014824121e-04 2.698775200586e-01 3.401014824121e-04 1.750897321777e-01 3.401014824121e-04 7.080000000000e-02 3.401014824121e-04 2.559998758174e-01
3.421627035176e-04 2.240007610144e-01 3.421627035176e-04 2.698891748604e-01 3.421627035176e-04 1.750811905090e-01 3.421627035176e-04 7.080000000000e-02 3.421627035176e-04 2.559998948634e-01
3.442239246231e-04 2.240006527819e-01 3.442239246231e-04 2.698997266570e-01 3.442239246231e-04 1.750734611001e-01 3.442239246231e-04 7.080000000000e-02 3.442239246231e-04 2.559999109746e-01
3.462851457286e-04 2.240005599418e-01 3.462851457286e-04 2.699092787420e-01 3.462851457286e-04 1.750664669316e-01 3.462851457286e-04 7.080000000000e-02 3.462851457286e-04 2.559999246056e-01
3.483463668342e-04 2.240004803053e-01 3.483463668342e-04 2.699179249348e-01 3.483463668342e-04 1.750601382397e-01 3.483463668342e-04 7.080000000000e-02 3.483463668342e-04 2.559999361400e-01
3.504075879397e-04 2.240004119946e-01 3.504075879397e-04 2.699257504129e-01 3.504075879397e-04 1.750544118419e-01 3.504075879397e-04 7.080000000000e-02 3.504075879397e-04 2.559999459019e-01
3.524688090452e-04 2.240003533990e-01 3.524688090452e-04 2.699328324787e-01 3.524688090452e-04 1.750492305239e-01 3.524688090452e-04 7.080000000000e-02 3.524688090452e-04 2.559999541650e-01
3.545300301508e-04 2.240003031370e-01 3.545300301508e-04 2.699392412628e-01 3.545300301508e-04 1.750445424818e-01 3.545300301508e-04 7.080000000000e-02 3.545300301508e-04 2.559999611605e-01
3.565912512563e-04 2.240002600233e-01 3.565912512563e-04 2.699450403695e-01 3.565912512563e-04 1.750403008159e-01 3.565912512563e-04 7.080000000000e-02 3.565912512563e-04 2.559999670838e-01
3.586524723618e-04 2.240002230415e-01 3.586524723618e-04 2.699502874682e-01 3.586524723618e-04 1.750364630699e-01 3.586524723618e-04 7.080000000000e-02 3.586524723618e-04 2.559999720999e-01
3.607136934673e-04 2.240001913193e-01 3.607136934673e-04 2.699550348331e-01 3.607136934673e-04 1.750329908135e-01 3.607136934673e-04 7.080000000000e-02 3.607136934673e-04 2.559999763485e-01
3.627749145729e-04 2.240001641087e-01 3.627749145729e-04 2.699593298375e-01 3.627749145729e-04 1.750298492632e-01 3.627749145729e-04 7.080000000000e-02 3.627749145729e-04 2.559999799475e-01
3.648361356784e-04 2.240001407682e-01 3.648361356784e-04 2.699632154043e-01 3.648361356784e-04 1.750270069385e-01 3.648361356784e-04 7.080000000000e-02 3.648361356784e-04 2.559999829966e-01
3.668973567839e-04 2.240001207473e-01 3.668973567839e-04 2.699667304163e-01 3.668973567839e-04 1.750244353496e-01 3.668973567839e-04 7.080000000000e-02 3.668973567839e-04 2.559999855803e-01
3.689585778894e-04 2.240001035738e-01 3.689585778894e-04 2.699699100908e-01 3.689585778894e-04 1.750221087147e-01 3.689585778894e-04 7.080000000000e-02 3.689585778894e-04 2.559999877699e-01
3.710197989950e-04 2.240000888429e-01 3.710197989950e-04 2.699727863204e-01 3.710197989950e-04 1.750200037041e-01 3.710197989950e-04 7.080000000000e-02 3.710197989950e-04 2.559999896257e-01
3.730810201005e-04 2.240000762070e-01 3.730810201005e-04 2.699753879823e-01 3.730810201005e-04 1.750180992072e-01 3.730810201005e-04 7.080000000000e-02 3.730810201005e-04 2.559999911989e-01
3.751422412060e-04 2.240000653684e-01 3.751422412060e-04 2.699777412206e-01 3.751422412060e-04 1.750163761224e-01 3.751422412060e-04 7.080000000000e-02 3.751422412060e-04 2.559999925327e-01
3.772034623116e-04 2.240000560712e-01 3.772034623116e-04 2.699798697020e-01 3.772034623116e-04 1.750148171668e-01 3.772034623116e-04 7.080000000000e-02 3.772034623116e-04 2.559999936636e-01
3.792646834171e-04 2.240000480964e-01 3.792646834171e-04 2.699817948485e-01 3.792646834171e-04 1.750134067026e-01 3.792646834171e-04 7.080000000000e-02 3.792646834171e-04 2.559999946226e-01
3.813259045226e-04 2.240000412558e-01 3.813259045226e-04 2.699835360483e-01 3.813259045226e-04 1.750121305816e-01 3.813259045226e-04 7.080000000000e-02 3.813259045226e-04 2.559999954360e-01
3.833871256281e-04 2.240000353881e-01 3.833871256281e-04 2.699851108478e-01 3.833871256281e-04 1.750109760034e-01 3.833871256281e-04 7.080000000000e-02 3.833871256281e-04 2.559999961259e-01
3.854483467337e-04 2.240000303550e-01 3.854483467337e-04 2.699865351249e-01 3.854483467337e-04 1.750099313867e-01 3.854483467337e-04 7.080000000000e-02 3.854483467337e-04 2.559999967112e-01
3.875095678392e-04 2.240000260377e-01 3.875095678392e-04 2.699878232468e-01 3.875095678392e-04 1.750089862539e-01 3.875095678392e-04 7.080000000000e-02 3.875095678392e-04 2.559999972078e-01
3.895707889447e-04 2.240000223344e-01 3.895707889447e-04 2.699889882132e-01 3.895707889447e-04 1.750081311259e-01 3.895707889447e-04 7.080000000000e-02 3.895707889447e-04 2.559999976291e-01
3.916320100503e-04 2.240000191578e-01 3.916320100503e-04 2.699900417855e-01 3.916320100503e-04 1.750073574268e-01 3.916320100503e-04 7.080000000000e-02 3.916320100503e-04 2.559999979867e-01
3.936932311558e-04 2.240000164331e-01 3.936932311558e-04 2.699909946043e-01 3.936932311558e-04 1.750066573981e-01 3.936932311558e-04 7.080000000000e-02 3.936932311558e-04 2.559999982902e-01
3.957544522613e-04 2.240000140958e-01 3.957544522613e-04 2.699918562957e-01 3.957544522613e-04 1.750060240207e-01 3.957544522613e-04 7.080000000000e-02 3.957544522613e-04 2.559999985478e-01
3.978156733668e-04 2.240000120910e-01 3.978156733668e-04 2.699926355680e-01 3.978156733668e-04 1.750054509446e-01 3.978156733668e-04 7.080000000000e-02 3.978156733668e-04 2.559999987665e-01
3.998768944724e-04 2.240000103714e-01 3.998768944724e-04 2.699933402983e-01 3.998768944724e-04 1.750049324249e-01 3.998768944724e-04 7.080000000000e-02 3.998768944724e-04 2.559999989521e-01
4.019381155779e-04 2.240000088963e-01 4.019381155779e-04 2.699939776122e-01 4.019381155779e-04 1.750044632645e-01 4.019381155779e-04 7.080000000000e-02 4.019381155779e-04 2.559999991098e-01
4.039993366834e-04 2.240000076310e-01 4.039993366834e-04 2.699945539549e-01 4.039993366834e-04 1.750040387614e-01 4.039993366834e-04 7.080000000000e-02 4.039993366834e-04 2.559999992436e-01
4.060605577889e-04 2.240000065456e-01 4.060605577889e-04 2.699950751562e-01 4.060605577889e-04 1.750036546619e-01 4.060605577889e-04 7.080000000000e-02 4.060605577889e-04 2.559999993573e-01
4.081217788945e-04 2.240000056147e-01 4.081217788945e-04 2.699955464891e-01 4.081217788945e-04 1.750033071178e-01 4.081217788945e-04 7.080000000000e-02 4.081217788945e-04 2.559999994538e-01
4.101830000000e-04 2.240000048161e-01 4.101830000000e-04 2.699959727227e-01 4.101830000000e-04 1.750029926474e-01 4.101830000000e-04 7.080000000000e-02 4.101830000000e-04 2.559999995358e-01
