0.000000000000e+00 2.300000000000e-01 0.000000000000e+00 2.420000000000e-01 0.000000000000e+00 1.200093464248e-01 0.000000000000e+00 1.150000000000e-01 0.000000000000e+00 2.998819890481e-01
1.209886432161e-06 2.300000000000e-01 1.209886432161e-06 2.420000000000e-01 1.209886432161e-06 1.200101969660e-01 1.209886432161e-06 1.150000000000e-01 1.209886432161e-06 2.998731943578e-01
2.419772864322e-06 2.300000000000e-01 2.419772864322e-06 2.420000000000e-01 2.419772864322e-06 1.200111250099e-01 2.419772864322e-06 1.150000000000e-01 2.419772864322e-06 2.998637452420e-01
3.629659296482e-06 2.300000000000e-01 3.629659296482e-06 2.420000000000e-01 3.629659296482e-06 1.200121376361e-01 3.629659296482e-06 1.150000000000e-01 3.629659296482e-06 2.998535931576e-01
4.839545728643e-06 2.300000000000e-01 4.839545728643e-06 2.420000000000e-01 4.839545728643e-06 1.200132425735e-01 4.839545728643e-06 1.150000000000e-01 4.839545728643e-06 2.998426859841e-01
6.049432160804e-06 2.300000000000e-01 6.049432160804e-06 2.420000000000e-01 6.049432160804e-06 1.200144482610e-01 6.049432160804e-06 1.150000000000e-01 6.049432160804e-06 2.998309677642e-01
7.259318592965e-06 2.300000000000e-01 7.259318592965e-06 2.420000000000e-01 7.259318592965e-06 1.200157639127e-01 7.259318592965e-06 1.150000000000e-01 7.259318592965e-06 2.998183784254e-01
8.469205025126e-06 2.300000000000e-01 8.469205025126e-06 2.420000000000e-01 8.469205025126e-06 1.200171995904e-01 8.469205025126e-06 1.150000000000e-01 8.469205025126e-06 2.998048534820e-01
9.679091457286e-06 2.300000000000e-01 9.679091457286e-06 2.420000000000e-01 9.679091457286e-06 1.200187662815e-01 9.679091457286e-06 1.150000000000e-01 9.679091457286e-06 2.997903237168e-01
1.088897788945e-05 2.300000000000e-01 1.088897788945e-05 2.420000000000e-01 1.088897788945e-05 1.200204759860e-01 1.088897788945e-05 1.150000000000e-01 1.088897788945e-05 2.997747148402e-01
1.209886432161e-05 2.300000000000e-01 1.209886432161e-05 2.420000000000e-01 1.209886432161e-05 1.200223418104e-01 1.209886432161e-05 1.150000000000e-01 1.209886432161e-05 2.997579471264e-01
1.330875075377e-05 2.300000000000e-01 1.330875075377e-05 2.420000000000e-01 1.330875075377e-05 1.200243780709e-01 1.330875075377e-05 1.150000000000e-01 1.330875075377e-05 2.997399350236e-01
1.451863718593e-05 2.300000000000e-01 1.451863718593e-05 2.420000000000e-01 1.451863718593e-05 1.200266004069e-01 1.451863718593e-05 1.150000000000e-01 1.451863718593e-05 2.997205867387e-01
1.572852361809e-05 2.300000000000e-01 1.572852361809e-05 2.420000000000e-01 1.572852361809e-05 1.200290259045e-01 1.572852361809e-05 1.150000000000e-01 1.572852361809e-05 2.996998037933e-01
1.693841005025e-05 2.300000000000e-01 1.693841005025e-05 2.420000000000e-01 1.693841005025e-05 1.200316732330e-01 1.693841005025e-05 1.150000000000e-01 1.693841005025e-05 2.996774805501e-01
1.814829648241e-05 2.300000000000e-01 1.814829648241e-05 2.420000000000e-01 1.814829648241e-05 1.200345627929e-01 1.814829648241e-05 1.150000000000e-01 1.814829648241e-05 2.996535037077e-01
1.935818291457e-05 2.300000000000e-01 1.935818291457e-05 2.420000000000e-01 1.935818291457e-05 1.200377168805e-01 1.935818291457e-05 1.150000000000e-01 1.935818291457e-05 2.996277517622e-01
2.056806934673e-05 2.300000000000e-01 2.056806934673e-05 2.420000000000e-01 2.056806934673e-05 1.200411598658e-01 2.056806934673e-05 1.150000000000e-01 2.056806934673e-05 2.996000944335e-01
2.177795577889e-05 2.300000000000e-01 2.177795577889e-05 2.420000000000e-01 2.177795577889e-05 1.200449183901e-01 2.177795577889e-05 1.150000000000e-01 2.177795577889e-05 2.995703920551e-01
2.298784221106e-05 2.300000000000e-01 2.298784221106e-05 2.420000000000e-01 2.298784221106e-05 1.200490215817e-01 2.298784221106e-05 1.150000000000e-01 2.298784221106e-05 2.995384949245e-01
2.419772864322e-05 2.300000000000e-01 2.419772864322e-05 2.420000000000e-01 2.419772864322e-05 1.200535012928e-01 2.419772864322e-05 1.150000000000e-01 2.419772864322e-05 2.995042426133e-01
2.540761507538e-05 2.300000000000e-01 2.540761507538e-05 2.420000000000e-01 2.540761507538e-05 1.200583923605e-01 2.540761507538e-05 1.150000000000e-01 2.540761507538e-05 2.994674632342e-01
2.661750150754e-05 2.300000000000e-01 2.661750150754e-05 2.420000000000e-01 2.661750150754e-05 1.200637328928e-01 2.661750150754e-05 1.150000000000e-01 2.661750150754e-05 2.994279726640e-01
2.782738793970e-05 2.300000000000e-01 2.782738793970e-05 2.420000000000e-01 2.782738793970e-05 1.200695645841e-01 2.782738793970e-05 1.150000000000e-01 2.782738793970e-05 2.993855737199e-01
2.903727437186e-05 2.300000000000e-01 2.903727437186e-05 2.420000000000e-01 2.903727437186e-05 1.200759330621e-01 2.903727437186e-05 1.150000000000e-01 2.903727437186e-05 2.993400552877e-01
3.024716080402e-05 2.300000000000e-01 3.024716080402e-05 2.420000000000e-01 3.024716080402e-05 1.200828882689e-01 3.024716080402e-05 1.150000000000e-01 3.024716080402e-05 2.992911914003e-01
3.145704723618e-05 2.300000000000e-01 3.145704723618e-05 2.420000000000e-01 3.145704723618e-05 1.200904848822e-01 3.145704723618e-05 1.150000000000e-01 3.145704723618e-05 2.992387402653e-01
3.266693366834e-05 2.300000000000e-01 3.266693366834e-05 2.420000000000e-01 3.266693366834e-05 1.200987827788e-01 3.266693366834e-05 1.150000000000e-01 3.266693366834e-05 2.991824432398e-01
3.387682010050e-05 2.300000000000e-01 3.387682010050e-05 2.420000000000e-01 3.387682010050e-05 1.201078475455e-01 3.387682010050e-05 1.150000000000e-01 3.387682010050e-05 2.991220237514e-01
3.508670653266e-05 2.300000000000e-01 3.508670653266e-05 2.420000000000e-01 3.508670653266e-05 1.201177510441e-01 3.508670653266e-05 1.150000000000e-01 3.508670653266e-05 2.990571861657e-01
3.629659296482e-05 2.300000000000e-01 3.629659296482e-05 2.420000000000e-01 3.629659296482e-05 1.201285720342e-01 3.629659296482e-05 1.150000000000e-01 3.629659296482e-05 2.989876145985e-01
3.750647939698e-05 2.300000000000e-01 3.750647939698e-05 2.420000000000e-01 3.750647939698e-05 1.201403968623e-01 3.750647939698e-05 1.150000000000e-01 3.750647939698e-05 2.989129716741e-01
3.871636582915e-05 2.300000000000e-01 3.871636582915e-05 2.420000000000e-01 3.871636582915e-05 1.201533202237e-01 3.871636582915e-05 1.150000000000e-01 3.871636582915e-05 2.988328972298e-01
3.992625226131e-05 2.300000000000e-01 3.992625226131e-05 2.420000000000e-01 3.992625226131e-05 1.201674460058e-01 3.992625226131e-05 1.150000000000e-01 3.992625226131e-05 2.987470069680e-01
4.113613869347e-05 2.300000000000e-01 4.113613869347e-05 2.420000000000e-01 4.113613869347e-05 1.201828882222e-01 4.113613869347e-05 1.150000000000e-01 4.113613869347e-05 2.986548910583e-01
4.234602512563e-05 2.300000000000e-01 4.234602512563e-05 2.420000000000e-01 4.234602512563e-05 1.201997720487e-01 4.234602512563e-05 1.150000000000e-01 4.234602512563e-05 2.985561126930e-01
4.355591155779e-05 2.300000000000e-01 4.355591155779e-05 2.420000000000e-01 4.355591155779e-05 1.202182349723e-01 4.355591155779e-05 1.150000000000e-01 4.355591155779e-05 2.984502065995e-01
4.476579798995e-05 2.300000000000e-01 4.476579798995e-05 2.420000000000e-01 4.476579798995e-05 1.202384280677e-01 4.476579798995e-05 1.150000000000e-01 4.476579798995e-05 2.983366775159e-01
4.597568442211e-05 2.300000000000e-01 4.597568442211e-05 2.420000000000e-01 4.597568442211e-05 1.202605174158e-01 4.597568442211e-05 1.150000000000e-01 4.597568442211e-05 2.982149986356e-01
4.718557085427e-05 2.300000000000e-01 4.718557085427e-05 2.420000000000e-01 4.718557085427e-05 1.202846856824e-01 4.718557085427e-05 1.150000000000e-01 4.718557085427e-05 2.980846100311e-01
4.839545728643e-05 2.300000000000e-01 4.839545728643e-05 2.420000000000e-01 4.839545728643e-05 1.203111338763e-01 4.839545728643e-05 1.150000000000e-01 4.839545728643e-05 2.979449170654e-01
4.960534371859e-05 2.300000000000e-01 4.960534371859e-05 2.420000000000e-01 4.960534371859e-05 1.203400833085e-01 4.960534371859e-05 1.150000000000e-01 4.960534371859e-05 2.977952888051e-01
5.081523015075e-05 2.300000000000e-01 5.081523015075e-05 2.420000000000e-01 5.081523015075e-05 1.203717777794e-01 5.081523015075e-05 1.150000000000e-01 5.081523015075e-05 2.976350564484e-01
5.202511658291e-05 2.300000000000e-01 5.202511658291e-05 2.420000000000e-01 5.202511658291e-05 1.204064860208e-01 5.202511658291e-05 1.150000000000e-01 5.202511658291e-05 2.974635117860e-01
5.323500301508e-05 2.300000000000e-01 5.323500301508e-05 2.420000000000e-01 5.323500301508e-05 1.204445044275e-01 5.323500301508e-05 1.150000000000e-01 5.323500301508e-05 2.972799057150e-01
5.444488944724e-05 2.300000000000e-01 5.444488944724e-05 2.420000000000e-01 5.444488944724e-05 1.204861601134e-01 5.444488944724e-05 1.150000000000e-01 5.444488944724e-05 2.970834468270e-01
5.565477587940e-05 2.300000000000e-01 5.565477587940e-05 2.420000000000e-01 5.565477587940e-05 1.205318143365e-01 5.565477587940e-05 1.150000000000e-01 5.565477587940e-05 2.968733000983e-01
5.686466231156e-05 2.300000000000e-01 5.686466231156e-05 2.420000000000e-01 5.686466231156e-05 1.205818663401e-01 5.686466231156e-05 1.150000000000e-01 5.686466231156e-05 2.966485857096e-01
5.807454874372e-05 2.300000000000e-01 5.807454874372e-05 2.420000000000e-01 5.807454874372e-05 1.206367576647e-01 5.807454874372e-05 1.150000000000e-01 5.807454874372e-05 2.964083780284e-01
5.928443517588e-05 2.300000000000e-01 5.928443517588e-05 2.420000000000e-01 5.928443517588e-05 1.206969769946e-01 5.928443517588e-05 1.150000000000e-01 5.928443517588e-05 2.961517047889e-01
6.049432160804e-05 2.300000000000e-01 6.049432160804e-05 2.420000000000e-01 6.049432160804e-05 1.207630656099e-01 6.049432160804e-05 1.150000000000e-01 6.049432160804e-05 2.958775465095e-01
6.170420804020e-05 2.300000000000e-01 6.170420804020e-05 2.420000000000e-01 6.170420804020e-05 1.208356235250e-01 6.170420804020e-05 1.150000000000e-01 6.170420804020e-05 2.955848361875e-01
6.291409447236e-05 2.300000000000e-01 6.291409447236e-05 2.420000000000e-01 6.291409447236e-05 1.209153164074e-01 6.291409447236e-05 1.150000000000e-01 6.291409447236e-05 2.952724593170e-01
6.412398090452e-05 2.300000000000e-01 6.412398090452e-05 2.420000000000e-01 6.412398090452e-05 1.210028833818e-01 6.412398090452e-05 1.150000000000e-01 6.412398090452e-05 2.949392542736e-01
6.533386733668e-05 2.300000000000e-01 6.533386733668e-05 2.420000000000e-01 6.533386733668e-05 1.210991458412e-01 6.533386733668e-05 1.150000000000e-01 6.533386733668e-05 2.945840131125e-01
6.654375376884e-05 2.300000000000e-01 6.654375376884e-05 2.420000000000e-01 6.654375376884e-05 1.212050173994e-01 6.654375376884e-05 1.150000000000e-01 6.654375376884e-05 2.942054828252e-01
6.775364020101e-05 2.300000000000e-01 6.775364020101e-05 2.420000000000e-01 6.775364020101e-05 1.213215151428e-01 6.775364020101e-05 1.150000000000e-01 6.775364020101e-05 2.938023670948e-01
6.896352663317e-05 2.300000000000e-01 6.896352663317e-05 2.420000000000e-01 6.896352663317e-05 1.214497723555e-01 6.896352663317e-05 1.150000000000e-01 6.896352663317e-05 2.933733285871e-01
7.017341306533e-05 2.300000000000e-01 7.017341306533e-05 2.420000000000e-01 7.017341306533e-05 1.215910529166e-01 7.017341306533e-05 1.150000000000e-01 7.017341306533e-05 2.929169918031e-01
7.138329949749e-05 2.300000000000e-01 7.138329949749e-05 2.420000000000e-01 7.138329949749e-05 1.217467675912e-01 7.138329949749e-05 1.150000000000e-01 7.138329949749e-05 2.924319465052e-01
7.259318592965e-05 2.300000000000e-01 7.259318592965e-05 2.420000000000e-01 7.259318592965e-05 1.219184924662e-01 7.259318592965e-05 1.150000000000e-01 7.259318592965e-05 2.919167517104e-01
7.380307236181e-05 2.300000000000e-01 7.380307236181e-05 2.420000000000e-01 7.380307236181e-05 1.221079898042e-01 7.380307236181e-05 1.150000000000e-01 7.380307236181e-05 2.913699402180e-01
7.501295879397e-05 2.300000000000e-01 7.501295879397e-05 2.420000000000e-01 7.501295879397e-05 1.223172316222e-01 7.501295879397e-05 1.150000000000e-01 7.501295879397e-05 2.907900236039e-01
7.622284522613e-05 2.300000000000e-01 7.622284522613e-05 2.420000000000e-01 7.622284522613e-05 1.225484263233e-01 7.622284522613e-05 1.150000000000e-01 7.622284522613e-05 2.901754975692e-01
7.743273165829e-05 2.300000000000e-01 7.743273165829e-05 2.420000000000e-01 7.743273165829e-05 1.228040487374e-01 7.743273165829e-05 1.150000000000e-01 7.743273165829e-05 2.895248474728e-01
7.864261809045e-05 2.300000000000e-01 7.864261809045e-05 2.420000000000e-01 7.864261809045e-05 1.230868739414e-01 7.864261809045e-05 1.150000000000e-01 7.864261809045e-05 2.888365538079e-01
7.985250452261e-05 2.300000000000e-01 7.985250452261e-05 2.420000000000e-01 7.985250452261e-05 1.234000152364e-01 7.985250452261e-05 1.150000000000e-01 7.985250452261e-05 2.881090972881e-01
8.106239095477e-05 2.300000000000e-01 8.106239095477e-05 2.420000000000e-01 8.106239095477e-05 1.237469666504e-01 8.106239095477e-05 1.150000000000e-01 8.106239095477e-05 2.873409631023e-01
8.227227738693e-05 2.300000000000e-01 8.227227738693e-05 2.420000000000e-01 8.227227738693e-05 1.241316502978e-01 8.227227738693e-05 1.150000000000e-01 8.227227738693e-05 2.865306437568e-01
8.348216381910e-05 2.300000000000e-01 8.348216381910e-05 2.420000000000e-01 8.348216381910e-05 1.245584688538e-01 8.348216381910e-05 1.150000000000e-01 8.348216381910e-05 2.856766397628e-01
8.469205025126e-05 2.300000000000e-01 8.469205025126e-05 2.420000000000e-01 8.469205025126e-05 1.250323632770e-01 8.469205025126e-05 1.150000000000e-01 8.469205025126e-05 2.847774572225e-01
8.590193668342e-05 2.300000000000e-01 8.590193668342e-05 2.420000000000e-01 8.590193668342e-05 1.255588757128e-01 8.590193668342e-05 1.150000000000e-01 8.590193668342e-05 2.838316011351e-01
8.711182311558e-05 2.300000000000e-01 8.711182311558e-05 2.420000000000e-01 8.711182311558e-05 1.261442172110e-01 8.711182311558e-05 1.150000000000e-01 8.711182311558e-05 2.828375629564e-01
8.832170954774e-05 2.300000000000e-01 8.832170954774e-05 2.420000000000e-01 8.832170954774e-05 1.267953394612e-01 8.832170954774e-05 1.150000000000e-01 8.832170954774e-05 2.817938006166e-01
8.953159597990e-05 2.300000000000e-01 8.953159597990e-05 2.420000000000e-01 8.953159597990e-05 1.275200091419e-01 8.953159597990e-05 1.150000000000e-01 8.953159597990e-05 2.806987088159e-01
9.074148241206e-05 2.300000000000e-01 9.074148241206e-05 2.420000000000e-01 9.074148241206e-05 1.283268826565e-01 9.074148241206e-05 1.150000000000e-01 9.074148241206e-05 2.795505769739e-01
9.195136884422e-05 2.300000000000e-01 9.195136884422e-05 2.420000000000e-01 9.195136884422e-05 1.292255779334e-01 9.195136884422e-05 1.150000000000e-01 9.195136884422e-05 2.783475317170e-01
9.316125527638e-05 2.300000000000e-01 9.316125527638e-05 2.420000000000e-01 9.316125527638e-05 1.302267385469e-01 9.316125527638e-05 1.150000000000e-01 9.316125527638e-05 2.770874602430e-01
9.437114170854e-05 2.300000000000e-01 9.437114170854e-05 2.420000000000e-01 9.437114170854e-05 1.313420836312e-01 9.437114170854e-05 1.150000000000e-01 9.437114170854e-05 2.757679103436e-01
9.558102814070e-05 2.300000000000e-01 9.558102814070e-05 2.420000000000e-01 9.558102814070e-05 1.325844348860e-01 9.558102814070e-05 1.150000000000e-01 9.558102814070e-05 2.743859623168e-01
9.679091457286e-05 2.300000000000e-01 9.679091457286e-05 2.420000000000e-01 9.679091457286e-05 1.339677094351e-01 9.679091457286e-05 1.150000000000e-01 9.679091457286e-05 2.729380675531e-01
9.800080100503e-05 2.300000000000e-01 9.800080100503e-05 2.420000000000e-01 9.800080100503e-05 1.355068645079e-01 9.800080100503e-05 1.150000000000e-01 9.800080100503e-05 2.714198483490e-01
9.921068743719e-05 2.300000000000e-01 9.921068743719e-05 2.420000000000e-01 9.921068743719e-05 1.372177770741e-01 9.921068743719e-05 1.150000000000e-01 9.921068743719e-05 2.698258537016e-01
1.004205738693e-04 2.300000000000e-01 1.004205738693e-04 2.420000000000e-01 1.004205738693e-04 1.391170390854e-01 1.004205738693e-04 1.150000000000e-01 1.004205738693e-04 2.681492667759e-01
1.016304603015e-04 2.300000000000e-01 1.016304603015e-04 2.420000000000e-01 1.016304603015e-04 1.412216474541e-01 1.016304603015e-04 1.150000000000e-01 1.016304603015e-04 2.663815619067e-01
1.028403467337e-04 2.300000000000e-01 1.028403467337e-04 2.420000000000e-01 1.028403467337e-04 1.435485682061e-01 1.028403467337e-04 1.150000000000e-01 1.028403467337e-04 2.645121130804e-01
1.040502331658e-04 2.300000000000e-01 1.040502331658e-04 2.420000000000e-01 1.040502331658e-04 1.461141574727e-01 1.040502331658e-04 1.150000000000e-01 1.040502331658e-04 2.625277628038e-01
1.052601195980e-04 2.300000000000e-01 1.052601195980e-04 2.420000000000e-01 1.052601195980e-04 1.489334293850e-01 1.052601195980e-04 1.150000000000e-01 1.052601195980e-04 2.604123713591e-01
1.064700060302e-04 2.300000000000e-01 1.064700060302e-04 2.420000000000e-01 1.064700060302e-04 1.520191736689e-01 1.064700060302e-04 1.150000000000e-01 1.064700060302e-04 2.581463831365e-01
1.076798924623e-04 2.300000000000e-01 1.076798924623e-04 2.420000000000e-01 1.076798924623e-04 1.553809445036e-01 1.076798924623e-04 1.150000000000e-01 1.076798924623e-04 2.557064705086e-01
1.088897788945e-04 2.300000000000e-01 1.088897788945e-04 2.420000000000e-01 1.088897788945e-04 1.590239666884e-01 1.088897788945e-04 1.150000000000e-01 1.088897788945e-04 2.530653474683e-01
1.100996653266e-04 2.300000000000e-01 1.100996653266e-04 2.420000000000e-01 1.100996653266e-04 1.629480334317e-01 1.100996653266e-04 1.150000000000e-01 1.100996653266e-04 2.501918842548e-01
1.113095517588e-04 2.300000000000e-01 1.113095517588e-04 2.420000000000e-01 1.113095517588e-04 1.671464981008e-01 1.113095517588e-04 1.150000000000e-01 1.113095517588e-04 2.470516962708e-01
1.125194381910e-04 2.300000000000e-01 1.125194381910e-04 2.420000000000e-01 1.125194381910e-04 1.716054839232e-01 1.125194381910e-04 1.150000000000e-01 1.125194381910e-04 2.436084156472e-01
1.137293246231e-04 2.300000000000e-01 1.137293246231e-04 2.420000000000e-01 1.137293246231e-04 1.763034434277e-01 1.137293246231e-04 1.150000000000e-01 1.137293246231e-04 2.398258632274e-01
1.149392110553e-04 2.300000000000e-01 1.149392110553e-04 2.420000000000e-01 1.149392110553e-04 1.812111863116e-01 1.149392110553e-04 1.150000000000e-01 1.149392110553e-04 2.356712942836e-01
1.161490974874e-04 2.300000000000e-01 1.161490974874e-04 2.420000000000e-01 1.161490974874e-04 1.862924563193e-01 1.161490974874e-04 1.150000000000e-01 1.161490974874e-04 2.311197588626e-01
1.173589839196e-04 2.300000000000e-01 1.173589839196e-04 2.420000000000e-01 1.173589839196e-04 1.915050760560e-01 1.173589839196e-04 1.150000000000e-01 1.173589839196e-04 2.261593699708e-01
1.185688703518e-04 2.300000000000e-01 1.185688703518e-04 2.420000000000e-01 1.185688703518e-04 1.968026018751e-01 1.185688703518e-04 1.150000000000e-01 1.185688703518e-04 2.207969136336e-01
1.197787567839e-04 2.300000000000e-01 1.197787567839e-04 2.420000000000e-01 1.197787567839e-04 2.021363536485e-01 1.197787567839e-04 1.150000000000e-01 1.197787567839e-04 2.150628295102e-01
1.209886432161e-04 2.300000000000e-01 1.209886432161e-04 2.420000000000e-01 1.209886432161e-04 2.074576236881e-01 1.209886432161e-04 1.150000000000e-01 1.209886432161e-04 2.090142840449e-01
1.221985296482e-04 2.300000000000e-01 1.221985296482e-04 2.420000000000e-01 1.221985296482e-04 2.127198401683e-01 1.221985296482e-04 1.150000000000e-01 1.221985296482e-04 2.027350487733e-01
1.234084160804e-04 2.300000000000e-01 1.234084160804e-04 2.420000000000e-01 1.234084160804e-04 2.178804704466e-01 1.234084160804e-04 1.150000000000e-01 1.234084160804e-04 1.963313466977e-01
1.246183025126e-04 2.300000000000e-01 1.246183025126e-04 2.420000000000e-01 1.246183025126e-04 2.229024959527e-01 1.246183025126e-04 1.150000000000e-01 1.246183025126e-04 1.899237354245e-01
1.258281889447e-04 2.300000000000e-01 1.258281889447e-04 2.420000000000e-01 1.258281889447e-04 2.277553609723e-01 1.258281889447e-04 1.150000000000e-01 1.258281889447e-04 1.836362039730e-01
1.270380753769e-04 2.300000000000e-01 1.270380753769e-04 2.420000000000e-01 1.270380753769e-04 2.324153758795e-01 1.270380753769e-04 1.150000000000e-01 1.270380753769e-04 1.775845344922e-01
1.282479618090e-04 2.300000000000e-01 1.282479618090e-04 2.420000000000e-01 1.282479618090e-04 2.368656247926e-01 1.282479618090e-04 1.150000000000e-01 1.282479618090e-04 1.718662230066e-01
1.294578482412e-04 2.300000000000e-01 1.294578482412e-04 2.420000000000e-01 1.294578482412e-04 2.410954767325e-01 1.294578482412e-04 1.150000000000e-01 1.294578482412e-04 1.665537480580e-01
1.306677346734e-04 2.300000000000e-01 1.306677346734e-04 2.420000000000e-01 1.306677346734e-04 2.450998235766e-01 1.306677346734e-04 1.150000000000e-01 1.306677346734e-04 1.616919624639e-01
1.318776211055e-04 2.300000000000e-01 1.318776211055e-04 2.420000000000e-01 1.318776211055e-04 2.488781692397e-01 1.318776211055e-04 1.150000000000e-01 1.318776211055e-04 1.572993043013e-01
1.330875075377e-04 2.300000000000e-01 1.330875075377e-04 2.420000000000e-01 1.330875075377e-04 2.524336786001e-01 1.330875075377e-04 1.150000000000e-01 1.330875075377e-04 1.533717672706e-01
1.342973939698e-04 2.300000000000e-01 1.342973939698e-04 2.420000000000e-01 1.342973939698e-04 2.557722692442e-01 1.342973939698e-04 1.150000000000e-01 1.342973939698e-04 1.498882984754e-01
1.355072804020e-04 2.300000000000e-01 1.355072804020e-04 2.420000000000e-01 1.355072804020e-04 2.589018010055e-01 1.355072804020e-04 1.150000000000e-01 1.355072804020e-04 1.468164324679e-01
1.367171668342e-04 2.300000000000e-01 1.367171668342e-04 2.420000000000e-01 1.367171668342e-04 2.618313924932e-01 1.367171668342e-04 1.150000000000e-01 1.367171668342e-04 1.441173343415e-01
1.379270532663e-04 2.300000000000e-01 1.379270532663e-04 2.420000000000e-01 1.379270532663e-04 2.645708731694e-01 1.379270532663e-04 1.150000000000e-01 1.379270532663e-04 1.417498256834e-01
1.391369396985e-04 2.300000000000e-01 1.391369396985e-04 2.420000000000e-01 1.391369396985e-04 2.671303649521e-01 1.391369396985e-04 1.150000000000e-01 1.391369396985e-04 1.396732894779e-01
1.403468261307e-04 2.300000000000e-01 1.403468261307e-04 2.420000000000e-01 1.403468261307e-04 2.695199784481e-01 1.403468261307e-04 1.150000000000e-01 1.403468261307e-04 1.378495539674e-01
1.415567125628e-04 2.300000000000e-01 1.415567125628e-04 2.420000000000e-01 1.415567125628e-04 2.717496047088e-01 1.415567125628e-04 1.150000000000e-01 1.415567125628e-04 1.362439520375e-01
1.427665989950e-04 2.300000000000e-01 1.427665989950e-04 2.420000000000e-01 1.427665989950e-04 2.738287825572e-01 1.427665989950e-04 1.150000000000e-01 1.427665989950e-04 1.348257738467e-01
1.439764854271e-04 2.300000000000e-01 1.439764854271e-04 2.420000000000e-01 1.439764854271e-04 2.757666228715e-01 1.439764854271e-04 1.150000000000e-01 1.439764854271e-04 1.335683090436e-01
1.451863718593e-04 2.300000000000e-01 1.451863718593e-04 2.420000000000e-01 1.451863718593e-04 2.775717737162e-01 1.451863718593e-04 1.150000000000e-01 1.451863718593e-04 1.324486358081e-01
1.463962582915e-04 2.300000000000e-01 1.463962582915e-04 2.420000000000e-01 1.463962582915e-04 2.792524131903e-01 1.463962582915e-04 1.150000000000e-01 1.463962582915e-04 1.314472723812e-01
1.476061447236e-04 2.300000000000e-01 1.476061447236e-04 2.420000000000e-01 1.476061447236e-04 2.808162598117e-01 1.476061447236e-04 1.150000000000e-01 1.476061447236e-04 1.305477703139e-01
1.488160311558e-04 2.300000000000e-01 1.488160311558e-04 2.420000000000e-01 1.488160311558e-04 2.822705929236e-01 1.488160311558e-04 1.150000000000e-01 1.488160311558e-04 1.297363000430e-01
1.500259175879e-04 2.300000000000e-01 1.500259175879e-04 2.420000000000e-01 1.500259175879e-04 2.836222778457e-01 1.500259175879e-04 1.150000000000e-01 1.500259175879e-04 1.290012585393e-01
1.512358040201e-04 2.300000000000e-01 1.512358040201e-04 2.420000000000e-01 1.512358040201e-04 2.848777922790e-01 1.512358040201e-04 1.150000000000e-01 1.512358040201e-04 1.283329144755e-01
1.524456904523e-04 2.300000000000e-01 1.524456904523e-04 2.420000000000e-01 1.524456904523e-04 2.860432518250e-01 1.524456904523e-04 1.150000000000e-01 1.524456904523e-04 1.277230970875e-01
1.536555768844e-04 2.300000000000e-01 1.536555768844e-04 2.420000000000e-01 1.536555768844e-04 2.871244334621e-01 1.536555768844e-04 1.150000000000e-01 1.536555768844e-04 1.271649292523e-01
1.548654633166e-04 2.300000000000e-01 1.548654633166e-04 2.420000000000e-01 1.548654633166e-04 2.881267964960e-01 1.548654633166e-04 1.150000000000e-01 1.548654633166e-04 1.266526021219e-01
1.560753497487e-04 2.300000000000e-01 1.560753497487e-04 2.420000000000e-01 1.560753497487e-04 2.890555009365e-01 1.560753497487e-04 1.150000000000e-01 1.560753497487e-04 1.261811870824e-01
1.572852361809e-04 2.300000000000e-01 1.572852361809e-04 2.420000000000e-01 1.572852361809e-04 2.899154235105e-01 1.572852361809e-04 1.150000000000e-01 1.572852361809e-04 1.257464802396e-01
1.584951226131e-04 2.300000000000e-01 1.584951226131e-04 2.420000000000e-01 1.584951226131e-04 2.907111716538e-01 1.584951226131e-04 1.150000000000e-01 1.584951226131e-04 1.253448746499e-01
1.597050090452e-04 2.300000000000e-01 1.597050090452e-04 2.420000000000e-01 1.597050090452e-04 2.914470958668e-01 1.597050090452e-04 1.150000000000e-01 1.597050090452e-04 1.249732558531e-01
1.609148954774e-04 2.300000000000e-01 1.609148954774e-04 2.420000000000e-01 1.609148954774e-04 2.921273008124e-01 1.609148954774e-04 1.150000000000e-01 1.609148954774e-04 1.246289167505e-01
1.621247819095e-04 2.300000000000e-01 1.621247819095e-04 2.420000000000e-01 1.621247819095e-04 2.927556554913e-01 1.621247819095e-04 1.150000000000e-01 1.621247819095e-04 1.243094883999e-01
1.633346683417e-04 2.300000000000e-01 1.633346683417e-04 2.420000000000e-01 1.633346683417e-04 2.933358027760e-01 1.633346683417e-04 1.150000000000e-01 1.633346683417e-04 1.240128838205e-01
1.645445547739e-04 2.300000000000e-01 1.645445547739e-04 2.420000000000e-01 1.645445547739e-04 2.938711685234e-01 1.645445547739e-04 1.150000000000e-01 1.645445547739e-04 1.237372523755e-01
1.657544412060e-04 2.300000000000e-01 1.657544412060e-04 2.420000000000e-01 1.657544412060e-04 2.943649704268e-01 1.657544412060e-04 1.150000000000e-01 1.657544412060e-04 1.234809427194e-01
1.669643276382e-04 2.300000000000e-01 1.669643276382e-04 2.420000000000e-01 1.669643276382e-04 2.948202267220e-01 1.669643276382e-04 1.150000000000e-01 1.669643276382e-04 1.232424726619e-01
1.681742140704e-04 2.300000000000e-01 1.681742140704e-04 2.420000000000e-01 1.681742140704e-04 2.952397648112e-01 1.681742140704e-04 1.150000000000e-01 1.681742140704e-04 1.230205046022e-01
1.693841005025e-04 2.300000000000e-01 1.693841005025e-04 2.420000000000e-01 1.693841005025e-04 2.956262298420e-01 1.693841005025e-04 1.150000000000e-01 1.693841005025e-04 1.228138254449e-01
1.705939869347e-04 2.300000000000e-01 1.705939869347e-04 2.420000000000e-01 1.705939869347e-04 2.959820932475e-01 1.705939869347e-04 1.150000000000e-01 1.705939869347e-04 1.226213301159e-01
1.718038733668e-04 2.300000000000e-01 1.718038733668e-04 2.420000000000e-01 1.718038733668e-04 2.963096612360e-01 1.718038733668e-04 1.150000000000e-01 1.718038733668e-04 1.224420079731e-01
1.730137597990e-04 2.300000000000e-01 1.730137597990e-04 2.420000000000e-01 1.730137597990e-04 2.966110832093e-01 1.730137597990e-04 1.150000000000e-01 1.730137597990e-04 1.222749315403e-01
1.742236462312e-04 2.300000000000e-01 1.742236462312e-04 2.420000000000e-01 1.742236462312e-04 2.968883600758e-01 1.742236462312e-04 1.150000000000e-01 1.742236462312e-04 1.221192471123e-01
1.754335326633e-04 2.300000000000e-01 1.754335326633e-04 2.420000000000e-01 1.754335326633e-04 2.971433524271e-01 1.754335326633e-04 1.150000000000e-01 1.754335326633e-04 1.219741668648e-01
1.766434190955e-04 2.300000000000e-01 1.766434190955e-04 2.420000000000e-01 1.766434190955e-04 2.973777885417e-01 1.766434190955e-04 1.150000000000e-01 1.766434190955e-04 1.218389621810e-01
1.778533055276e-04 2.300000000000e-01 1.778533055276e-04 2.420000000000e-01 1.778533055276e-04 2.975932721855e-01 1.778533055276e-04 1.150000000000e-01 1.778533055276e-04 1.217129579610e-01
1.790631919598e-04 2.300000000000e-01 1.790631919598e-04 2.420000000000e-01 1.790631919598e-04 2.977912901781e-01 1.790631919598e-04 1.150000000000e-01 1.790631919598e-04 1.215955277308e-01
1.802730783920e-04 2.300000000000e-01 1.802730783920e-04 2.420000000000e-01 1.802730783920e-04 2.979732197007e-01 1.802730783920e-04 1.150000000000e-01 1.802730783920e-04 1.214860894028e-01
1.814829648241e-04 2.300000000000e-01 1.814829648241e-04 2.420000000000e-01 1.814829648241e-04 2.981403353256e-01 1.814829648241e-04 1.150000000000e-01 1.814829648241e-04 1.213841015700e-01
1.826928512563e-04 2.300000000000e-01 1.826928512563e-04 2.420000000000e-01 1.826928512563e-04 2.982938157510e-01 1.826928512563e-04 1.150000000000e-01 1.826928512563e-04 1.212890602420e-01
1.839027376884e-04 2.300000000000e-01 1.839027376884e-04 2.420000000000e-01 1.839027376884e-04 2.984347502297e-01 1.839027376884e-04 1.150000000000e-01 1.839027376884e-04 1.212004959455e-01
1.851126241206e-04 2.300000000000e-01 1.851126241206e-04 2.420000000000e-01 1.851126241206e-04 2.985641446858e-01 1.851126241206e-04 1.150000000000e-01 1.851126241206e-04 1.211179711316e-01
1.863225105528e-04 2.300000000000e-01 1.863225105528e-04 2.420000000000e-01 1.863225105528e-04 2.986829275149e-01 1.863225105528e-04 1.150000000000e-01 1.863225105528e-04 1.210410778402e-01
1.875323969849e-04 2.300000000000e-01 1.875323969849e-04 2.420000000000e-01 1.875323969849e-04 2.987919550698e-01 1.875323969849e-04 1.150000000000e-01 1.875323969849e-04 1.209694355847e-01
1.887422834171e-04 2.300000000000e-01 1.887422834171e-04 2.420000000000e-01 1.887422834171e-04 2.988920168336e-01 1.887422834171e-04 1.150000000000e-01 1.887422834171e-04 1.209026894245e-01
1.899521698492e-04 2.300000000000e-01 1.899521698492e-04 2.420000000000e-01 1.899521698492e-04 2.989838402865e-01 1.899521698492e-04 1.150000000000e-01 1.899521698492e-04 1.208405082004e-01
1.911620562814e-04 2.300000000000e-01 1.911620562814e-04 2.420000000000e-01 1.911620562814e-04 2.990680954742e-01 1.911620562814e-04 1.150000000000e-01 1.911620562814e-04 1.207825829135e-01
1.923719427136e-04 2.300000000000e-01 1.923719427136e-04 2.420000000000e-01 1.923719427136e-04 2.991453992875e-01 1.923719427136e-04 1.150000000000e-01 1.923719427136e-04 1.207286252286e-01
1.935818291457e-04 2.300000000000e-01 1.935818291457e-04 2.420000000000e-01 1.935818291457e-04 2.992163194634e-01 1.935818291457e-04 1.150000000000e-01 1.935818291457e-04 1.206783660906e-01
1.947917155779e-04 2.300000000000e-01 1.947917155779e-04 2.420000000000e-01 1.947917155779e-04 2.992813783188e-01 1.947917155779e-04 1.150000000000e-01 1.947917155779e-04 1.206315544404e-01
1.960016020101e-04 2.300000000000e-01 1.960016020101e-04 2.420000000000e-01 1.960016020101e-04 2.993410562311e-01 1.960016020101e-04 1.150000000000e-01 1.960016020101e-04 1.205879560222e-01
1.972114884422e-04 2.300000000000e-01 1.972114884422e-04 2.420000000000e-01 1.972114884422e-04 2.993957948755e-01 1.972114884422e-04 1.150000000000e-01 1.972114884422e-04 1.205473522720e-01
1.984213748744e-04 2.300000000000e-01 1.984213748744e-04 2.420000000000e-01 1.984213748744e-04 2.994460002344e-01 1.984213748744e-04 1.150000000000e-01 1.984213748744e-04 1.205095392827e-01
1.996312613065e-04 2.300000000000e-01 1.996312613065e-04 2.420000000000e-01 1.996312613065e-04 2.994920453893e-01 1.996312613065e-04 1.150000000000e-01 1.996312613065e-04 1.204743268376e-01
2.008411477387e-04 2.300000000000e-01 2.008411477387e-04 2.420000000000e-01 2.008411477387e-04 2.995342731110e-01 2.008411477387e-04 1.150000000000e-01 2.008411477387e-04 1.204415375078e-01
2.020510341709e-04 2.300000000000e-01 2.020510341709e-04 2.420000000000e-01 2.020510341709e-04 2.995729982562e-01 2.020510341709e-04 1.150000000000e-01 2.020510341709e-04 1.204110058092e-01
2.032609206030e-04 2.300000000000e-01 2.032609206030e-04 2.420000000000e-01 2.032609206030e-04 2.996085099874e-01 2.032609206030e-04 1.150000000000e-01 2.032609206030e-04 1.203825774137e-01
2.044708070352e-04 2.300000000000e-01 2.044708070352e-04 2.420000000000e-01 2.044708070352e-04 2.996410738237e-01 2.044708070352e-04 1.150000000000e-01 2.044708070352e-04 1.203561084120e-01
2.056806934673e-04 2.300000000000e-01 2.056806934673e-04 2.420000000000e-01 2.056806934673e-04 2.996709335357e-01 2.056806934673e-04 1.150000000000e-01 2.056806934673e-04 1.203314646242e-01
2.068905798995e-04 2.300000000000e-01 2.068905798995e-04 2.420000000000e-01 2.068905798995e-04 2.996983128955e-01 2.068905798995e-04 1.150000000000e-01 2.068905798995e-04 1.203085209547e-01
2.081004663317e-04 2.300000000000e-01 2.081004663317e-04 2.420000000000e-01 2.081004663317e-04 2.997234172902e-01 2.081004663317e-04 1.150000000000e-01 2.081004663317e-04 1.202871607885e-01
2.093103527638e-04 2.300000000000e-01 2.093103527638e-04 2.420000000000e-01 2.093103527638e-04 2.997464352105e-01 2.093103527638e-04 1.150000000000e-01 2.093103527638e-04 1.202672754272e-01
2.105202391960e-04 2.300000000000e-01 2.105202391960e-04 2.420000000000e-01 2.105202391960e-04 2.997675396218e-01 2.105202391960e-04 1.150000000000e-01 2.105202391960e-04 1.202487635609e-01
2.117301256281e-04 2.300000000000e-01 2.117301256281e-04 2.420000000000e-01 2.117301256281e-04 2.997868892272e-01 2.117301256281e-04 1.150000000000e-01 2.117301256281e-04 1.202315307745e-01
2.129400120603e-04 2.300000000000e-01 2.129400120603e-04 2.420000000000e-01 2.129400120603e-04 2.998046296314e-01 2.129400120603e-04 1.150000000000e-01 2.129400120603e-04 1.202154890864e-01
2.141498984925e-04 2.300000000000e-01 2.141498984925e-04 2.420000000000e-01 2.141498984925e-04 2.998208944100e-01 2.141498984925e-04 1.150000000000e-01 2.141498984925e-04 1.202005565168e-01
2.153597849246e-04 2.300000000000e-01 2.153597849246e-04 2.420000000000e-01 2.153597849246e-04 2.998358060948e-01 2.153597849246e-04 1.150000000000e-01 2.153597849246e-04 1.201866566842e-01
2.165696713568e-04 2.300000000000e-01 2.165696713568e-04 2.420000000000e-01 2.165696713568e-04 2.998494770794e-01 2.165696713568e-04 1.150000000000e-01 2.165696713568e-04 1.201737184288e-01
2.177795577889e-04 2.300000000000e-01 2.177795577889e-04 2.420000000000e-01 2.177795577889e-04 2.998620104517e-01 2.177795577889e-04 1.150000000000e-01 2.177795577889e-04 1.201616754603e-01
2.189894442211e-04 2.300000000000e-01 2.189894442211e-04 2.420000000000e-01 2.189894442211e-04 2.998735007589e-01 2.189894442211e-04 1.150000000000e-01 2.189894442211e-04 1.201504660284e-01
2.201993306533e-04 2.300000000000e-01 2.201993306533e-04 2.420000000000e-01 2.201993306533e-04 2.998840347115e-01 2.201993306533e-04 1.150000000000e-01 2.201993306533e-04 1.201400326164e-01
2.214092170854e-04 2.300000000000e-01 2.214092170854e-04 2.420000000000e-01 2.214092170854e-04 2.998936918284e-01 2.214092170854e-04 1.150000000000e-01 2.214092170854e-04 1.201303216535e-01
2.226191035176e-04 2.300000000000e-01 2.226191035176e-04 2.420000000000e-01 2.226191035176e-04 2.999025450311e-01 2.226191035176e-04 1.150000000000e-01 2.226191035176e-04 1.201212832473e-01
2.238289899497e-04 2.300000000000e-01 2.238289899497e-04 2.420000000000e-01 2.238289899497e-04 2.999106611882e-01 2.238289899497e-04 1.150000000000e-01 2.238289899497e-04 1.201128709338e-01
2.250388763819e-04 2.300000000000e-01 2.250388763819e-04 2.420000000000e-01 2.250388763819e-04 2.999181016160e-01 2.250388763819e-04 1.150000000000e-01 2.250388763819e-04 1.201050414439e-01
2.262487628141e-04 2.300000000000e-01 2.262487628141e-04 2.420000000000e-01 2.262487628141e-04 2.999249225375e-01 2.262487628141e-04 1.150000000000e-01 2.262487628141e-04 1.200977544855e-01
2.274586492462e-04 2.300000000000e-01 2.274586492462e-04 2.420000000000e-01 2.274586492462e-04 2.999311755047e-01 2.274586492462e-04 1.150000000000e-01 2.274586492462e-04 1.200909725409e-01
2.286685356784e-04 2.300000000000e-01 2.286685356784e-04 2.420000000000e-01 2.286685356784e-04 2.999369077848e-01 2.286685356784e-04 1.150000000000e-01 2.286685356784e-04 1.200846606766e-01
2.298784221106e-04 2.300000000000e-01 2.298784221106e-04 2.420000000000e-01 2.298784221106e-04 2.999421627158e-01 2.298784221106e-04 1.150000000000e-01 2.298784221106e-04 1.200787863670e-01
2.310883085427e-04 2.300000000000e-01 2.310883085427e-04 2.420000000000e-01 2.310883085427e-04 2.999469800322e-01 2.310883085427e-04 1.150000000000e-01 2.310883085427e-04 1.200733193295e-01
2.322981949749e-04 2.300000000000e-01 2.322981949749e-04 2.420000000000e-01 2.322981949749e-04 2.999513961641e-01 2.322981949749e-04 1.150000000000e-01 2.322981949749e-04 1.200682313708e-01
2.335080814070e-04 2.300000000000e-01 2.335080814070e-04 2.420000000000e-01 2.335080814070e-04 2.999554445113e-01 2.335080814070e-04 1.150000000000e-01 2.335080814070e-04 1.200634962433e-01
2.347179678392e-04 2.300000000000e-01 2.347179678392e-04 2.420000000000e-01 2.347179678392e-04 2.999591556949e-01 2.347179678392e-04 1.150000000000e-01 2.347179678392e-04 1.200590895121e-01
2.359278542714e-04 2.300000000000e-01 2.359278542714e-04 2.420000000000e-01 2.359278542714e-04 2.999625577884e-01 2.359278542714e-04 1.150000000000e-01 2.359278542714e-04 1.200549884301e-01
2.371377407035e-04 2.300000000000e-01 2.371377407035e-04 2.420000000000e-01 2.371377407035e-04 2.999656765290e-01 2.371377407035e-04 1.150000000000e-01 2.371377407035e-04 1.200511718222e-01
2.383476271357e-04 2.300000000000e-01 2.383476271357e-04 2.420000000000e-01 2.383476271357e-04 2.999685355119e-01 2.383476271357e-04 1.150000000000e-01 2.383476271357e-04 1.200476199769e-01
2.395575135678e-04 2.300000000000e-01 2.395575135678e-04 2.420000000000e-01 2.395575135678e-04 2.999711563684e-01 2.395575135678e-04 1.150000000000e-01 2.395575135678e-04 1.200443145457e-01
2.407674000000e-04 2.300000000000e-01 2.407674000000e-04 2.420000000000e-01 2.407674000000e-04 2.999735589293e-01 2.407674000000e-04 1.150000000000e-01 2.407674000000e-04 1.200412384493e-01
