0.000000000000e+00 2.300000000000e-01 0.000000000000e+00 2.420000000000e-01 0.000000000000e+00 1.200011924643e-01 0.000000000000e+00 1.150000000000e-01 0.000000000000e+00 2.999983876315e-01
6.042185929648e-07 2.300000000000e-01 6.042185929648e-07 2.420000000000e-01 6.042185929648e-07 1.200013379648e-01 6.042185929648e-07 1.150000000000e-01 6.042185929648e-07 2.999981848111e-01
1.208437185930e-06 2.300000000000e-01 1.208437185930e-06 2.420000000000e-01 1.208437185930e-06 1.200015012207e-01 1.208437185930e-06 1.150000000000e-01 1.208437185930e-06 2.999979564785e-01
1.812655778894e-06 2.300000000000e-01 1.812655778894e-06 2.420000000000e-01 1.812655778894e-06 1.200016843992e-01 1.812655778894e-06 1.150000000000e-01 1.812655778894e-06 2.999976994246e-01
2.416874371859e-06 2.300000000000e-01 2.416874371859e-06 2.420000000000e-01 2.416874371859e-06 1.200018899318e-01 2.416874371859e-06 1.150000000000e-01 2.416874371859e-06 2.999974100368e-01
3.021092964824e-06 2.300000000000e-01 3.021092964824e-06 2.420000000000e-01 3.021092964824e-06 1.200021205472e-01 3.021092964824e-06 1.150000000000e-01 3.021092964824e-06 2.999970842483e-01
3.625311557789e-06 2.300000000000e-01 3.625311557789e-06 2.420000000000e-01 3.625311557789e-06 1.200023793070e-01 3.625311557789e-06 1.150000000000e-01 3.625311557789e-06 2.999967174808e-01
4.229530150754e-06 2.300000000000e-01 4.229530150754e-06 2.420000000000e-01 4.229530150754e-06 1.200026696469e-01 4.229530150754e-06 1.150000000000e-01 4.229530150754e-06 2.999963045799e-01
4.833748743719e-06 2.300000000000e-01 4.833748743719e-06 2.420000000000e-01 4.833748743719e-06 1.200029954218e-01 4.833748743719e-06 1.150000000000e-01 4.833748743719e-06 2.999958397436e-01
5.437967336683e-06 2.300000000000e-01 5.437967336683e-06 2.420000000000e-01 5.437967336683e-06 1.200033609578e-01 5.437967336683e-06 1.150000000000e-01 5.437967336683e-06 2.999953164397e-01
6.042185929648e-06 2.300000000000e-01 6.042185929648e-06 2.420000000000e-01 6.042185929648e-06 1.200037711091e-01 6.042185929648e-06 1.150000000000e-01 6.042185929648e-06 2.999947273151e-01
6.646404522613e-06 2.300000000000e-01 6.646404522613e-06 2.420000000000e-01 6.646404522613e-06 1.200042313227e-01 6.646404522613e-06 1.150000000000e-01 6.646404522613e-06 2.999940640917e-01
7.250623115578e-06 2.300000000000e-01 7.250623115578e-06 2.420000000000e-01 7.250623115578e-06 1.200047477113e-01 7.250623115578e-06 1.150000000000e-01 7.250623115578e-06 2.999933174510e-01
7.854841708543e-06 2.300000000000e-01 7.854841708543e-06 2.420000000000e-01 7.854841708543e-06 1.200053271338e-01 7.854841708543e-06 1.150000000000e-01 7.854841708543e-06 2.999924769027e-01
8.459060301508e-06 2.300000000000e-01 8.459060301508e-06 2.420000000000e-01 8.459060301508e-06 1.200059772876e-01 8.459060301508e-06 1.150000000000e-01 8.459060301508e-06 2.999915306376e-01
9.063278894472e-06 2.300000000000e-01 9.063278894472e-06 2.420000000000e-01 9.063278894472e-06 1.200067068103e-01 9.063278894472e-06 1.150000000000e-01 9.063278894472e-06 2.999904653623e-01
9.667497487437e-06 2.300000000000e-01 9.667497487437e-06 2.420000000000e-01 9.667497487437e-06 1.200075253948e-01 9.667497487437e-06 1.150000000000e-01 9.667497487437e-06 2.999892661123e-01
1.027171608040e-05 2.300000000000e-01 1.027171608040e-05 2.420000000000e-01 1.027171608040e-05 1.200084439188e-01 1.027171608040e-05 1.150000000000e-01 1.027171608040e-05 2.999879160424e-01
1.087593467337e-05 2.300000000000e-01 1.087593467337e-05 2.420000000000e-01 1.087593467337e-05 1.200094745893e-01 1.087593467337e-05 1.150000000000e-01 1.087593467337e-05 2.999863961903e-01
1.148015326633e-05 2.300000000000e-01 1.148015326633e-05 2.420000000000e-01 1.148015326633e-05 1.200106311052e-01 1.148015326633e-05 1.150000000000e-01 1.148015326633e-05 2.999846852112e-01
1.208437185930e-05 2.300000000000e-01 1.208437185930e-05 2.420000000000e-01 1.208437185930e-05 1.200119288403e-01 1.208437185930e-05 1.150000000000e-01 1.208437185930e-05 2.999827590787e-01
1.268859045226e-05 2.300000000000e-01 1.268859045226e-05 2.420000000000e-01 1.268859045226e-05 1.200133850477e-01 1.268859045226e-05 1.150000000000e-01 1.268859045226e-05 2.999805907480e-01
1.329280904523e-05 2.300000000000e-01 1.329280904523e-05 2.420000000000e-01 1.329280904523e-05 1.200150190901e-01 1.329280904523e-05 1.150000000000e-01 1.329280904523e-05 2.999781497779e-01
1.389702763819e-05 2.300000000000e-01 1.389702763819e-05 2.420000000000e-01 1.389702763819e-05 1.200168526980e-01 1.389702763819e-05 1.150000000000e-01 1.389702763819e-05 2.999754019046e-01
1.450124623116e-05 2.300000000000e-01 1.450124623116e-05 2.420000000000e-01 1.450124623116e-05 1.200189102594e-01 1.450124623116e-05 1.150000000000e-01 1.450124623116e-05 2.999723085627e-01
1.510546482412e-05 2.300000000000e-01 1.510546482412e-05 2.420000000000e-01 1.510546482412e-05 1.200212191457e-01 1.510546482412e-05 1.150000000000e-01 1.510546482412e-05 2.999688263466e-01
1.570968341709e-05 2.300000000000e-01 1.570968341709e-05 2.420000000000e-01 1.570968341709e-05 1.200238100764e-01 1.570968341709e-05 1.150000000000e-01 1.570968341709e-05 2.999649064042e-01
1.631390201005e-05 2.300000000000e-01 1.631390201005e-05 2.420000000000e-01 1.631390201005e-05 1.200267175295e-01 1.631390201005e-05 1.150000000000e-01 1.631390201005e-05 2.999604937559e-01
1.691812060302e-05 2.300000000000e-01 1.691812060302e-05 2.420000000000e-01 1.691812060302e-05 1.200299802020e-01 1.691812060302e-05 1.150000000000e-01 1.691812060302e-05 2.999555265281e-01
1.752233919598e-05 2.300000000000e-01 1.752233919598e-05 2.420000000000e-01 1.752233919598e-05 1.200336415265e-01 1.752233919598e-05 1.150000000000e-01 1.752233919598e-05 2.999499350919e-01
1.812655778894e-05 2.300000000000e-01 1.812655778894e-05 2.420000000000e-01 1.812655778894e-05 1.200377502516e-01 1.812655778894e-05 1.150000000000e-01 1.812655778894e-05 2.999436410951e-01
1.873077638191e-05 2.300000000000e-01 1.873077638191e-05 2.420000000000e-01 1.873077638191e-05 1.200423610934e-01 1.873077638191e-05 1.150000000000e-01 1.873077638191e-05 2.999365563746e-01
1.933499497487e-05 2.300000000000e-01 1.933499497487e-05 2.420000000000e-01 1.933499497487e-05 1.200475354663e-01 1.933499497487e-05 1.150000000000e-01 1.933499497487e-05 2.999285817337e-01
1.993921356784e-05 2.300000000000e-01 1.993921356784e-05 2.420000000000e-01 1.993921356784e-05 1.200533423046e-01 1.993921356784e-05 1.150000000000e-01 1.993921356784e-05 2.999196055697e-01
2.054343216080e-05 2.300000000000e-01 2.054343216080e-05 2.420000000000e-01 2.054343216080e-05 1.200598589833e-01 2.054343216080e-05 1.150000000000e-01 2.054343216080e-05 2.999095023323e-01
2.114765075377e-05 2.300000000000e-01 2.114765075377e-05 2.420000000000e-01 2.114765075377e-05 1.200671723534e-01 2.114765075377e-05 1.150000000000e-01 2.114765075377e-05 2.998981307933e-01
2.175186934673e-05 2.300000000000e-01 2.175186934673e-05 2.420000000000e-01 2.175186934673e-05 1.200753799020e-01 2.175186934673e-05 1.150000000000e-01 2.175186934673e-05 2.998853321057e-01
2.235608793970e-05 2.300000000000e-01 2.235608793970e-05 2.420000000000e-01 2.235608793970e-05 1.200845910564e-01 2.235608793970e-05 1.150000000000e-01 2.235608793970e-05 2.998709276252e-01
2.296030653266e-05 2.300000000000e-01 2.296030653266e-05 2.420000000000e-01 2.296030653266e-05 1.200949286465e-01 2.296030653266e-05 1.150000000000e-01 2.296030653266e-05 2.998547164701e-01
2.356452512563e-05 2.300000000000e-01 2.356452512563e-05 2.420000000000e-01 2.356452512563e-05 1.201065305460e-01 2.356452512563e-05 1.150000000000e-01 2.356452512563e-05 2.998364727853e-01
2.416874371859e-05 2.300000000000e-01 2.416874371859e-05 2.420000000000e-01 2.416874371859e-05 1.201195515146e-01 2.416874371859e-05 1.150000000000e-01 2.416874371859e-05 2.998159426798e-01
2.477296231156e-05 2.300000000000e-01 2.477296231156e-05 2.420000000000e-01 2.477296231156e-05 1.201341652640e-01 2.477296231156e-05 1.150000000000e-01 2.477296231156e-05 2.997928407992e-01
2.537718090452e-05 2.300000000000e-01 2.537718090452e-05 2.420000000000e-01 2.537718090452e-05 1.201505667760e-01 2.537718090452e-05 1.150000000000e-01 2.537718090452e-05 2.997668464933e-01
2.598139949749e-05 2.300000000000e-01 2.598139949749e-05 2.420000000000e-01 2.598139949749e-05 1.201689749021e-01 2.598139949749e-05 1.150000000000e-01 2.598139949749e-05 2.997375995348e-01
2.658561809045e-05 2.300000000000e-01 2.658561809045e-05 2.420000000000e-01 2.658561809045e-05 1.201896352780e-01 2.658561809045e-05 1.150000000000e-01 2.658561809045e-05 2.997046953411e-01
2.718983668342e-05 2.300000000000e-01 2.718983668342e-05 2.420000000000e-01 2.718983668342e-05 1.202128235911e-01 2.718983668342e-05 1.150000000000e-01 2.718983668342e-05 2.996676796471e-01
2.779405527638e-05 2.300000000000e-01 2.779405527638e-05 2.420000000000e-01 2.779405527638e-05 1.202388492418e-01 2.779405527638e-05 1.150000000000e-01 2.779405527638e-05 2.996260425752e-01
2.839827386935e-05 2.300000000000e-01 2.839827386935e-05 2.420000000000e-01 2.839827386935e-05 1.202680594442e-01 2.839827386935e-05 1.150000000000e-01 2.839827386935e-05 2.995792120414e-01
2.900249246231e-05 2.300000000000e-01 2.900249246231e-05 2.420000000000e-01 2.900249246231e-05 1.203008438185e-01 2.900249246231e-05 1.150000000000e-01 2.900249246231e-05 2.995265464374e-01
2.960671105528e-05 2.300000000000e-01 2.960671105528e-05 2.420000000000e-01 2.960671105528e-05 1.203376395296e-01 2.960671105528e-05 1.150000000000e-01 2.960671105528e-05 2.994673265243e-01
3.021092964824e-05 2.300000000000e-01 3.021092964824e-05 2.420000000000e-01 3.021092964824e-05 1.203789370349e-01 3.021092964824e-05 1.150000000000e-01 3.021092964824e-05 2.994007464715e-01
3.081514824121e-05 2.300000000000e-01 3.081514824121e-05 2.420000000000e-01 3.081514824121e-05 1.204252865082e-01 3.081514824121e-05 1.150000000000e-01 3.081514824121e-05 2.993259039755e-01
3.141936683417e-05 2.300000000000e-01 3.141936683417e-05 2.420000000000e-01 3.141936683417e-05 1.204773050152e-01 3.141936683417e-05 1.150000000000e-01 3.141936683417e-05 2.992417893969e-01
3.202358542714e-05 2.300000000000e-01 3.202358542714e-05 2.420000000000e-01 3.202358542714e-05 1.205356845193e-01 3.202358542714e-05 1.150000000000e-01 3.202358542714e-05 2.991472738541e-01
3.262780402010e-05 2.300000000000e-01 3.262780402010e-05 2.420000000000e-01 3.262780402010e-05 1.206012008074e-01 3.262780402010e-05 1.150000000000e-01 3.262780402010e-05 2.990410962270e-01
3.323202261307e-05 2.300000000000e-01 3.323202261307e-05 2.420000000000e-01 3.323202261307e-05 1.206747234282e-01 3.323202261307e-05 1.150000000000e-01 3.323202261307e-05 2.989218490302e-01
3.383624120603e-05 2.300000000000e-01 3.383624120603e-05 2.420000000000e-01 3.383624120603e-05 1.207572267439e-01 3.383624120603e-05 1.150000000000e-01 3.383624120603e-05 2.987879631391e-01
3.444045979899e-05 2.300000000000e-01 3.444045979899e-05 2.420000000000e-01 3.444045979899e-05 1.208498022027e-01 3.444045979899e-05 1.150000000000e-01 3.444045979899e-05 2.986376913744e-01
3.504467839196e-05 2.300000000000e-01 3.504467839196e-05 2.420000000000e-01 3.504467839196e-05 1.209536719434e-01 3.504467839196e-05 1.150000000000e-01 3.504467839196e-05 2.984690909883e-01
3.564889698492e-05 2.300000000000e-01 3.564889698492e-05 2.420000000000e-01 3.564889698492e-05 1.210702038479e-01 3.564889698492e-05 1.150000000000e-01 3.564889698492e-05 2.982800051375e-01
3.625311557789e-05 2.300000000000e-01 3.625311557789e-05 2.420000000000e-01 3.625311557789e-05 1.212009281604e-01 3.625311557789e-05 1.150000000000e-01 3.625311557789e-05 2.980680434899e-01
3.685733417085e-05 2.300000000000e-01 3.685733417085e-05 2.420000000000e-01 3.685733417085e-05 1.213475557914e-01 3.685733417085e-05 1.150000000000e-01 3.685733417085e-05 2.978305621841e-01
3.746155276382e-05 2.300000000000e-01 3.746155276382e-05 2.420000000000e-01 3.746155276382e-05 1.215119984220e-01 3.746155276382e-05 1.150000000000e-01 3.746155276382e-05 2.975646434501e-01
3.806577135678e-05 2.300000000000e-01 3.806577135678e-05 2.420000000000e-01 3.806577135678e-05 1.216963905164e-01 3.806577135678e-05 1.150000000000e-01 3.806577135678e-05 2.972670753109e-01
3.866998994975e-05 2.300000000000e-01 3.866998994975e-05 2.420000000000e-01 3.866998994975e-05 1.219031133395e-01 3.866998994975e-05 1.150000000000e-01 3.866998994975e-05 2.969343319164e-01
3.927420854271e-05 2.300000000000e-01 3.927420854271e-05 2.420000000000e-01 3.927420854271e-05 1.221348210591e-01 3.927420854271e-05 1.150000000000e-01 3.927420854271e-05 2.965625552093e-01
3.987842713568e-05 2.300000000000e-01 3.987842713568e-05 2.420000000000e-01 3.987842713568e-05 1.223944689859e-01 3.987842713568e-05 1.150000000000e-01 3.987842713568e-05 2.961475387968e-01
4.048264572864e-05 2.300000000000e-01 4.048264572864e-05 2.420000000000e-01 4.048264572864e-05 1.226853439741e-01 4.048264572864e-05 1.150000000000e-01 4.048264572864e-05 2.956847150859e-01
4.108686432161e-05 2.300000000000e-01 4.108686432161e-05 2.420000000000e-01 4.108686432161e-05 1.230110969628e-01 4.108686432161e-05 1.150000000000e-01 4.108686432161e-05 2.951691469365e-01
4.169108291457e-05 2.300000000000e-01 4.169108291457e-05 2.420000000000e-01 4.169108291457e-05 1.233757775877e-01 4.169108291457e-05 1.150000000000e-01 4.169108291457e-05 2.945955252732e-01
4.229530150754e-05 2.300000000000e-01 4.229530150754e-05 2.420000000000e-01 4.229530150754e-05 1.237838707328e-01 4.229530150754e-05 1.150000000000e-01 4.229530150754e-05 2.939581742617e-01
4.289952010050e-05 2.300000000000e-01 4.289952010050e-05 2.420000000000e-01 4.289952010050e-05 1.242403348233e-01 4.289952010050e-05 1.150000000000e-01 4.289952010050e-05 2.932510657630e-01
4.350373869347e-05 2.300000000000e-01 4.350373869347e-05 2.420000000000e-01 4.350373869347e-05 1.247506415823e-01 4.350373869347e-05 1.150000000000e-01 4.350373869347e-05 2.924678447942e-01
4.410795728643e-05 2.300000000000e-01 4.410795728643e-05 2.420000000000e-01 4.410795728643e-05 1.253208168958e-01 4.410795728643e-05 1.150000000000e-01 4.410795728643e-05 2.916018675939e-01
4.471217587940e-05 2.300000000000e-01 4.471217587940e-05 2.420000000000e-01 4.471217587940e-05 1.259574823482e-01 4.471217587940e-05 1.150000000000e-01 4.471217587940e-05 2.906462535442e-01
4.531639447236e-05 2.300000000000e-01 4.531639447236e-05 2.420000000000e-01 4.531639447236e-05 1.266678969116e-01 4.531639447236e-05 1.150000000000e-01 4.531639447236e-05 2.895939515717e-01
4.592061306533e-05 2.300000000000e-01 4.592061306533e-05 2.420000000000e-01 4.592061306533e-05 1.274599982078e-01 4.592061306533e-05 1.150000000000e-01 4.592061306533e-05 2.884378206375e-01
4.652483165829e-05 2.300000000000e-01 4.652483165829e-05 2.420000000000e-01 4.652483165829e-05 1.283424427059e-01 4.652483165829e-05 1.150000000000e-01 4.652483165829e-05 2.871707224480e-01
4.712905025126e-05 2.300000000000e-01 4.712905025126e-05 2.420000000000e-01 4.712905025126e-05 1.293246441809e-01 4.712905025126e-05 1.150000000000e-01 4.712905025126e-05 2.857856224912e-01
4.773326884422e-05 2.300000000000e-01 4.773326884422e-05 2.420000000000e-01 4.773326884422e-05 1.304168097220e-01 4.773326884422e-05 1.150000000000e-01 4.773326884422e-05 2.842756928658e-01
4.833748743719e-05 2.300000000000e-01 4.833748743719e-05 2.420000000000e-01 4.833748743719e-05 1.316299725291e-01 4.833748743719e-05 1.150000000000e-01 4.833748743719e-05 2.826344071231e-01
4.894170603015e-05 2.300000000000e-01 4.894170603015e-05 2.420000000000e-01 4.894170603015e-05 1.329760206118e-01 4.894170603015e-05 1.150000000000e-01 4.894170603015e-05 2.808556135494e-01
4.954592462312e-05 2.300000000000e-01 4.954592462312e-05 2.420000000000e-01 4.954592462312e-05 1.344677202286e-01 4.954592462312e-05 1.150000000000e-01 4.954592462312e-05 2.789335691842e-01
5.015014321608e-05 2.300000000000e-01 5.015014321608e-05 2.420000000000e-01 5.015014321608e-05 1.361187323222e-01 5.015014321608e-05 1.150000000000e-01 5.015014321608e-05 2.768629127458e-01
5.075436180905e-05 2.300000000000e-01 5.075436180905e-05 2.420000000000e-01 5.075436180905e-05 1.379436191174e-01 5.075436180905e-05 1.150000000000e-01 5.075436180905e-05 2.746385511121e-01
5.135858040201e-05 2.300000000000e-01 5.135858040201e-05 2.420000000000e-01 5.135858040201e-05 1.399578361516e-01 5.135858040201e-05 1.150000000000e-01 5.135858040201e-05 2.722554319221e-01
5.196279899497e-05 2.300000000000e-01 5.196279899497e-05 2.420000000000e-01 5.196279899497e-05 1.421777019452e-01 5.196279899497e-05 1.150000000000e-01 5.196279899497e-05 2.697081754610e-01
5.256701758794e-05 2.300000000000e-01 5.256701758794e-05 2.420000000000e-01 5.256701758794e-05 1.446203328831e-01 5.256701758794e-05 1.150000000000e-01 5.256701758794e-05 2.669905438970e-01
5.317123618090e-05 2.300000000000e-01 5.317123618090e-05 2.420000000000e-01 5.317123618090e-05 1.473035243294e-01 5.317123618090e-05 1.150000000000e-01 5.317123618090e-05 2.640947374051e-01
5.377545477387e-05 2.300000000000e-01 5.377545477387e-05 2.420000000000e-01 5.377545477387e-05 1.502455503941e-01 5.377545477387e-05 1.150000000000e-01 5.377545477387e-05 2.610105276003e-01
5.437967336683e-05 2.300000000000e-01 5.437967336683e-05 2.420000000000e-01 5.437967336683e-05 1.534648444942e-01 5.437967336683e-05 1.150000000000e-01 5.437967336683e-05 2.577242726270e-01
5.498389195980e-05 2.300000000000e-01 5.498389195980e-05 2.420000000000e-01 5.498389195980e-05 1.569795121553e-01 5.498389195980e-05 1.150000000000e-01 5.498389195980e-05 2.542179092209e-01
5.558811055276e-05 2.300000000000e-01 5.558811055276e-05 2.420000000000e-01 5.558811055276e-05 1.608066189840e-01 5.558811055276e-05 1.150000000000e-01 5.558811055276e-05 2.504680885632e-01
5.619232914573e-05 2.300000000000e-01 5.619232914573e-05 2.420000000000e-01 5.619232914573e-05 1.649611947646e-01 5.619232914573e-05 1.150000000000e-01 5.619232914573e-05 2.464457153220e-01
5.679654773869e-05 2.300000000000e-01 5.679654773869e-05 2.420000000000e-01 5.679654773869e-05 1.694549053658e-01 5.679654773869e-05 1.150000000000e-01 5.679654773869e-05 2.421162556878e-01
5.740076633166e-05 2.300000000000e-01 5.740076633166e-05 2.420000000000e-01 5.740076633166e-05 1.742943748770e-01 5.740076633166e-05 1.150000000000e-01 5.740076633166e-05 2.374412777372e-01
5.800498492462e-05 2.300000000000e-01 5.800498492462e-05 2.420000000000e-01 5.800498492462e-05 1.794791975424e-01 5.800498492462e-05 1.150000000000e-01 5.800498492462e-05 2.323817280939e-01
5.860920351759e-05 2.300000000000e-01 5.860920351759e-05 2.420000000000e-01 5.860920351759e-05 1.849997645861e-01 5.860920351759e-05 1.150000000000e-01 5.860920351759e-05 2.269033532591e-01
5.921342211055e-05 2.300000000000e-01 5.921342211055e-05 2.420000000000e-01 5.921342211055e-05 1.908351375931e-01 5.921342211055e-05 1.150000000000e-01 5.921342211055e-05 2.209843415206e-01
5.981764070352e-05 2.300000000000e-01 5.981764070352e-05 2.420000000000e-01 5.981764070352e-05 1.969513068180e-01 5.981764070352e-05 1.150000000000e-01 5.981764070352e-05 2.146246151193e-01
6.042185929648e-05 2.300000000000e-01 6.042185929648e-05 2.420000000000e-01 6.042185929648e-05 2.033002445588e-01 6.042185929648e-05 1.150000000000e-01 6.042185929648e-05 2.078552797441e-01
6.102607788945e-05 2.300000000000e-01 6.102607788945e-05 2.420000000000e-01 6.102607788945e-05 2.098201582286e-01 6.102607788945e-05 1.150000000000e-01 6.102607788945e-05 2.007457987605e-01
6.163029648241e-05 2.300000000000e-01 6.163029648241e-05 2.420000000000e-01 6.163029648241e-05 2.164372313605e-01 6.163029648241e-05 1.150000000000e-01 6.163029648241e-05 1.934060114275e-01
6.223451507538e-05 2.300000000000e-01 6.223451507538e-05 2.420000000000e-01 6.223451507538e-05 2.230689095627e-01 6.223451507538e-05 1.150000000000e-01 6.223451507538e-05 1.859807292938e-01
6.283873366834e-05 2.300000000000e-01 6.283873366834e-05 2.420000000000e-01 6.283873366834e-05 2.296284833112e-01 6.283873366834e-05 1.150000000000e-01 6.283873366834e-05 1.786365362712e-01
6.344295226131e-05 2.300000000000e-01 6.344295226131e-05 2.420000000000e-01 6.344295226131e-05 2.360304228124e-01 6.344295226131e-05 1.150000000000e-01 6.344295226131e-05 1.715430439784e-01
6.404717085427e-05 2.300000000000e-01 6.404717085427e-05 2.420000000000e-01 6.404717085427e-05 2.421957282842e-01 6.404717085427e-05 1.150000000000e-01 6.404717085427e-05 1.648529956310e-01
6.465138944724e-05 2.300000000000e-01 6.465138944724e-05 2.420000000000e-01 6.465138944724e-05 2.480565406896e-01 6.465138944724e-05 1.150000000000e-01 6.465138944724e-05 1.586860896262e-01
6.525560804020e-05 2.300000000000e-01 6.525560804020e-05 2.420000000000e-01 6.525560804020e-05 2.535594214115e-01 6.525560804020e-05 1.150000000000e-01 6.525560804020e-05 1.531199292880e-01
6.585982663317e-05 2.300000000000e-01 6.585982663317e-05 2.420000000000e-01 6.585982663317e-05 2.586669979410e-01 6.585982663317e-05 1.150000000000e-01 6.585982663317e-05 1.481889369054e-01
6.646404522613e-05 2.300000000000e-01 6.646404522613e-05 2.420000000000e-01 6.646404522613e-05 2.633579921271e-01 6.646404522613e-05 1.150000000000e-01 6.646404522613e-05 1.438897151183e-01
6.706826381910e-05 2.300000000000e-01 6.706826381910e-05 2.420000000000e-01 6.706826381910e-05 2.676259078630e-01 6.706826381910e-05 1.150000000000e-01 6.706826381910e-05 1.401901085069e-01
6.767248241206e-05 2.300000000000e-01 6.767248241206e-05 2.420000000000e-01 6.767248241206e-05 2.714768031535e-01 6.767248241206e-05 1.150000000000e-01 6.767248241206e-05 1.370392237589e-01
6.827670100503e-05 2.300000000000e-01 6.827670100503e-05 2.420000000000e-01 6.827670100503e-05 2.749266008058e-01 6.827670100503e-05 1.150000000000e-01 6.827670100503e-05 1.343764445390e-01
6.888091959799e-05 2.300000000000e-01 6.888091959799e-05 2.420000000000e-01 6.888091959799e-05 2.779983309692e-01 6.888091959799e-05 1.150000000000e-01 6.888091959799e-05 1.321384500130e-01
6.948513819095e-05 2.300000000000e-01 6.948513819095e-05 2.420000000000e-01 6.948513819095e-05 2.807195901010e-01 6.948513819095e-05 1.150000000000e-01 6.948513819095e-05 1.302640316076e-01
7.008935678392e-05 2.300000000000e-01 7.008935678392e-05 2.420000000000e-01 7.008935678392e-05 2.831203835044e-01 7.008935678392e-05 1.150000000000e-01 7.008935678392e-05 1.286969719989e-01
7.069357537688e-05 2.300000000000e-01 7.069357537688e-05 2.420000000000e-01 7.069357537688e-05 2.852314180238e-01 7.069357537688e-05 1.150000000000e-01 7.069357537688e-05 1.273874413351e-01
7.129779396985e-05 2.300000000000e-01 7.129779396985e-05 2.420000000000e-01 7.129779396985e-05 2.870828391147e-01 7.129779396985e-05 1.150000000000e-01 7.129779396985e-05 1.262923767895e-01
7.190201256281e-05 2.300000000000e-01 7.190201256281e-05 2.420000000000e-01 7.190201256281e-05 2.887033629189e-01 7.190201256281e-05 1.150000000000e-01 7.190201256281e-05 1.253752351622e-01
7.250623115578e-05 2.300000000000e-01 7.250623115578e-05 2.420000000000e-01 7.250623115578e-05 2.901197338949e-01 7.250623115578e-05 1.150000000000e-01 7.250623115578e-05 1.246054066796e-01
7.311044974874e-05 2.300000000000e-01 7.311044974874e-05 2.420000000000e-01 7.311044974874e-05 2.913564348103e-01 7.311044974874e-05 1.150000000000e-01 7.311044974874e-05 1.239574841161e-01
7.371466834171e-05 2.300000000000e-01 7.371466834171e-05 2.420000000000e-01 7.371466834171e-05 2.924355818377e-01 7.371466834171e-05 1.150000000000e-01 7.371466834171e-05 1.234105073242e-01
7.431888693467e-05 2.300000000000e-01 7.431888693467e-05 2.420000000000e-01 7.431888693467e-05 2.933769480389e-01 7.431888693467e-05 1.150000000000e-01 7.431888693467e-05 1.229472505618e-01
7.492310552764e-05 2.300000000000e-01 7.492310552764e-05 2.420000000000e-01 7.492310552764e-05 2.941980702874e-01 7.492310552764e-05 1.150000000000e-01 7.492310552764e-05 1.225535852703e-01
7.552732412060e-05 2.300000000000e-01 7.552732412060e-05 2.420000000000e-01 7.552732412060e-05 2.949144057494e-01 7.552732412060e-05 1.150000000000e-01 7.552732412060e-05 1.222179295874e-01
7.613154271357e-05 2.300000000000e-01 7.613154271357e-05 2.420000000000e-01 7.613154271357e-05 2.955395134926e-01 7.613154271357e-05 1.150000000000e-01 7.613154271357e-05 1.219307836990e-01
7.673576130653e-05 2.300000000000e-01 7.673576130653e-05 2.420000000000e-01 7.673576130653e-05 2.960852443679e-01 7.673576130653e-05 1.150000000000e-01 7.673576130653e-05 1.216843438905e-01
7.733997989950e-05 2.300000000000e-01 7.733997989950e-05 2.420000000000e-01 7.733997989950e-05 2.965619280881e-01 7.733997989950e-05 1.150000000000e-01 7.733997989950e-05 1.214721855308e-01
7.794419849246e-05 2.300000000000e-01 7.794419849246e-05 2.420000000000e-01 7.794419849246e-05 2.969785506726e-01 7.794419849246e-05 1.150000000000e-01 7.794419849246e-05 1.212890046817e-01
7.854841708543e-05 2.300000000000e-01 7.854841708543e-05 2.420000000000e-01 7.854841708543e-05 2.973429184369e-01 7.854841708543e-05 1.150000000000e-01 7.854841708543e-05 1.211304085754e-01
7.915263567839e-05 2.300000000000e-01 7.915263567839e-05 2.420000000000e-01 7.915263567839e-05 2.976618067604e-01 7.915263567839e-05 1.150000000000e-01 7.915263567839e-05 1.209927462690e-01
7.975685427136e-05 2.300000000000e-01 7.975685427136e-05 2.420000000000e-01 7.975685427136e-05 2.979410932253e-01 7.975685427136e-05 1.150000000000e-01 7.975685427136e-05 1.208729720113e-01
8.036107286432e-05 2.300000000000e-01 8.036107286432e-05 2.420000000000e-01 8.036107286432e-05 2.981858755677e-01 8.036107286432e-05 1.150000000000e-01 8.036107286432e-05 1.207685350651e-01
8.096529145729e-05 2.300000000000e-01 8.096529145729e-05 2.420000000000e-01 8.096529145729e-05 2.984005753811e-01 8.096529145729e-05 1.150000000000e-01 8.096529145729e-05 1.206772908277e-01
8.156951005025e-05 2.300000000000e-01 8.156951005025e-05 2.420000000000e-01 8.156951005025e-05 2.985890287723e-01 8.156951005025e-05 1.150000000000e-01 8.156951005025e-05 1.205974290515e-01
8.217372864322e-05 2.300000000000e-01 8.217372864322e-05 2.420000000000e-01 8.217372864322e-05 2.987545652696e-01 8.217372864322e-05 1.150000000000e-01 8.217372864322e-05 1.205274157668e-01
8.277794723618e-05 2.300000000000e-01 8.277794723618e-05 2.420000000000e-01 8.277794723618e-05 2.989000762853e-01 8.277794723618e-05 1.150000000000e-01 8.277794723618e-05 1.204659461831e-01
8.338216582915e-05 2.300000000000e-01 8.338216582915e-05 2.420000000000e-01 8.338216582915e-05 2.990280743750e-01 8.338216582915e-05 1.150000000000e-01 8.338216582915e-05 1.204119063860e-01
8.398638442211e-05 2.300000000000e-01 8.398638442211e-05 2.420000000000e-01 8.398638442211e-05 2.991407444456e-01 8.398638442211e-05 1.150000000000e-01 8.398638442211e-05 1.203643420873e-01
8.459060301508e-05 2.300000000000e-01 8.459060301508e-05 2.420000000000e-01 8.459060301508e-05 2.992399879558e-01 8.459060301508e-05 1.150000000000e-01 8.459060301508e-05 1.203224330412e-01
8.519482160804e-05 2.300000000000e-01 8.519482160804e-05 2.420000000000e-01 8.519482160804e-05 2.993274610405e-01 8.519482160804e-05 1.150000000000e-01 8.519482160804e-05 1.202854720210e-01
8.579904020101e-05 2.300000000000e-01 8.579904020101e-05 2.420000000000e-01 8.579904020101e-05 2.994046073827e-01 8.579904020101e-05 1.150000000000e-01 8.579904020101e-05 1.202528474742e-01
8.640325879397e-05 2.300000000000e-01 8.640325879397e-05 2.420000000000e-01 8.640325879397e-05 2.994726865565e-01 8.640325879397e-05 1.150000000000e-01 8.640325879397e-05 1.202240291551e-01
8.700747738693e-05 2.300000000000e-01 8.700747738693e-05 2.420000000000e-01 8.700747738693e-05 2.995327984655e-01 8.700747738693e-05 1.150000000000e-01 8.700747738693e-05 1.201985561733e-01
8.761169597990e-05 2.300000000000e-01 8.761169597990e-05 2.420000000000e-01 8.761169597990e-05 2.995859044259e-01 8.761169597990e-05 1.150000000000e-01 8.761169597990e-05 1.201760270101e-01
8.821591457286e-05 2.300000000000e-01 8.821591457286e-05 2.420000000000e-01 8.821591457286e-05 2.996328453597e-01 8.821591457286e-05 1.150000000000e-01 8.821591457286e-05 1.201560911438e-01
8.882013316583e-05 2.300000000000e-01 8.882013316583e-05 2.420000000000e-01 8.882013316583e-05 2.996743575075e-01 8.882013316583e-05 1.150000000000e-01 8.882013316583e-05 1.201384419957e-01
8.942435175879e-05 2.300000000000e-01 8.942435175879e-05 2.420000000000e-01 8.942435175879e-05 2.997110860061e-01 8.942435175879e-05 1.150000000000e-01 8.942435175879e-05 1.201228109631e-01
9.002857035176e-05 2.300000000000e-01 9.002857035176e-05 2.420000000000e-01 9.002857035176e-05 2.997435966319e-01 9.002857035176e-05 1.150000000000e-01 9.002857035176e-05 1.201089623533e-01
9.063278894472e-05 2.300000000000e-01 9.063278894472e-05 2.420000000000e-01 9.063278894472e-05 2.997723859651e-01 9.063278894472e-05 1.150000000000e-01 9.063278894472e-05 1.200966890654e-01
9.123700753769e-05 2.300000000000e-01 9.123700753769e-05 2.420000000000e-01 9.123700753769e-05 2.997978901968e-01 9.123700753769e-05 1.150000000000e-01 9.123700753769e-05 1.200858088964e-01
9.184122613065e-05 2.300000000000e-01 9.184122613065e-05 2.420000000000e-01 9.184122613065e-05 2.998204927651e-01 9.184122613065e-05 1.150000000000e-01 9.184122613065e-05 1.200761613703e-01
9.244544472362e-05 2.300000000000e-01 9.244544472362e-05 2.420000000000e-01 9.244544472362e-05 2.998405309849e-01 9.244544472362e-05 1.150000000000e-01 9.244544472362e-05 1.200676050076e-01
9.304966331658e-05 2.300000000000e-01 9.304966331658e-05 2.420000000000e-01 9.304966331658e-05 2.998583018064e-01 9.304966331658e-05 1.150000000000e-01 9.304966331658e-05 1.200600149668e-01
9.365388190955e-05 2.300000000000e-01 9.365388190955e-05 2.420000000000e-01 9.365388190955e-05 2.998740668253e-01 9.365388190955e-05 1.150000000000e-01 9.365388190955e-05 1.200532810022e-01
9.425810050251e-05 2.300000000000e-01 9.425810050251e-05 2.420000000000e-01 9.425810050251e-05 2.998880566428e-01 9.425810050251e-05 1.150000000000e-01 9.425810050251e-05 1.200473056893e-01
9.486231909548e-05 2.300000000000e-01 9.486231909548e-05 2.420000000000e-01 9.486231909548e-05 2.999004746664e-01 9.486231909548e-05 1.150000000000e-01 9.486231909548e-05 1.200420028813e-01
9.546653768844e-05 2.300000000000e-01 9.546653768844e-05 2.420000000000e-01 9.546653768844e-05 2.999115004245e-01 9.546653768844e-05 1.150000000000e-01 9.546653768844e-05 1.200372963623e-01
9.607075628141e-05 2.300000000000e-01 9.607075628141e-05 2.420000000000e-01 9.607075628141e-05 2.999212924607e-01 9.607075628141e-05 1.150000000000e-01 9.607075628141e-05 1.200331186698e-01
9.667497487437e-05 2.300000000000e-01 9.667497487437e-05 2.420000000000e-01 9.667497487437e-05 2.999299908632e-01 9.667497487437e-05 1.150000000000e-01 9.667497487437e-05 1.200294100644e-01
9.727919346734e-05 2.300000000000e-01 9.727919346734e-05 2.420000000000e-01 9.727919346734e-05 2.999377194779e-01 9.727919346734e-05 1.150000000000e-01 9.727919346734e-05 1.200261176255e-01
9.788341206030e-05 2.300000000000e-01 9.788341206030e-05 2.420000000000e-01 9.788341206030e-05 2.999445878452e-01 9.788341206030e-05 1.150000000000e-01 9.788341206030e-05 1.200231944582e-01
9.848763065327e-05 2.300000000000e-01 9.848763065327e-05 2.420000000000e-01 9.848763065327e-05 2.999506928982e-01 9.848763065327e-05 1.150000000000e-01 9.848763065327e-05 1.200205989944e-01
9.909184924623e-05 2.300000000000e-01 9.909184924623e-05 2.420000000000e-01 9.909184924623e-05 2.999561204517e-01 9.909184924623e-05 1.150000000000e-01 9.909184924623e-05 1.200182943786e-01
9.969606783920e-05 2.300000000000e-01 9.969606783920e-05 2.420000000000e-01 9.969606783920e-05 2.999609465096e-01 9.969606783920e-05 1.150000000000e-01 9.969606783920e-05 1.200162479267e-01
1.003002864322e-04 2.300000000000e-01 1.003002864322e-04 2.420000000000e-01 1.003002864322e-04 2.999652384127e-01 1.003002864322e-04 1.150000000000e-01 1.003002864322e-04 1.200144306474e-01
1.009045050251e-04 2.300000000000e-01 1.009045050251e-04 2.420000000000e-01 1.009045050251e-04 2.999690558494e-01 1.009045050251e-04 1.150000000000e-01 1.009045050251e-04 1.200128168210e-01
1.015087236181e-04 2.300000000000e-01 1.015087236181e-04 2.420000000000e-01 1.015087236181e-04 2.999724517431e-01 1.015087236181e-04 1.150000000000e-01 1.015087236181e-04 1.200113836266e-01
1.021129422111e-04 2.300000000000e-01 1.021129422111e-04 2.420000000000e-01 1.021129422111e-04 2.999754730352e-01 1.021129422111e-04 1.150000000000e-01 1.021129422111e-04 1.200101108128e-01
1.027171608040e-04 2.300000000000e-01 1.027171608040e-04 2.420000000000e-01 1.027171608040e-04 2.999781613741e-01 1.027171608040e-04 1.150000000000e-01 1.027171608040e-04 1.200089804059e-01
1.033213793970e-04 2.300000000000e-01 1.033213793970e-04 2.420000000000e-01 1.033213793970e-04 2.999805537230e-01 1.033213793970e-04 1.150000000000e-01 1.033213793970e-04 1.200079764525e-01
1.039255979899e-04 2.300000000000e-01 1.039255979899e-04 2.420000000000e-01 1.039255979899e-04 2.999826828959e-01 1.039255979899e-04 1.150000000000e-01 1.039255979899e-04 1.200070847908e-01
1.045298165829e-04 2.300000000000e-01 1.045298165829e-04 2.420000000000e-01 1.045298165829e-04 2.999845780312e-01 1.045298165829e-04 1.150000000000e-01 1.045298165829e-04 1.200062928487e-01
1.051340351759e-04 2.300000000000e-01 1.051340351759e-04 2.420000000000e-01 1.051340351759e-04 2.999862650094e-01 1.051340351759e-04 1.150000000000e-01 1.051340351759e-04 1.200055894643e-01
1.057382537688e-04 2.300000000000e-01 1.057382537688e-04 2.420000000000e-01 1.057382537688e-04 2.999877668229e-01 1.057382537688e-04 1.150000000000e-01 1.057382537688e-04 1.200049647272e-01
1.063424723618e-04 2.300000000000e-01 1.063424723618e-04 2.420000000000e-01 1.063424723618e-04 2.999891039028e-01 1.063424723618e-04 1.150000000000e-01 1.063424723618e-04 1.200044098379e-01
1.069466909548e-04 2.300000000000e-01 1.069466909548e-04 2.420000000000e-01 1.069466909548e-04 2.999902944075e-01 1.069466909548e-04 1.150000000000e-01 1.069466909548e-04 1.200039169825e-01
1.075509095477e-04 2.300000000000e-01 1.075509095477e-04 2.420000000000e-01 1.075509095477e-04 2.999913544789e-01 1.075509095477e-04 1.150000000000e-01 1.075509095477e-04 1.200034792224e-01
1.081551281407e-04 2.300000000000e-01 1.081551281407e-04 2.420000000000e-01 1.081551281407e-04 2.999922984686e-01 1.081551281407e-04 1.150000000000e-01 1.081551281407e-04 1.200030903958e-01
1.087593467337e-04 2.300000000000e-01 1.087593467337e-04 2.420000000000e-01 1.087593467337e-04 2.999931391388e-01 1.087593467337e-04 1.150000000000e-01 1.087593467337e-04 1.200027450308e-01
1.093635653266e-04 2.300000000000e-01 1.093635653266e-04 2.420000000000e-01 1.093635653266e-04 2.999938878399e-01 1.093635653266e-04 1.150000000000e-01 1.093635653266e-04 1.200024382677e-01
1.099677839196e-04 2.300000000000e-01 1.099677839196e-04 2.420000000000e-01 1.099677839196e-04 2.999945546682e-01 1.099677839196e-04 1.150000000000e-01 1.099677839196e-04 1.200021657905e-01
1.105720025126e-04 2.300000000000e-01 1.105720025126e-04 2.420000000000e-01 1.105720025126e-04 2.999951486059e-01 1.105720025126e-04 1.150000000000e-01 1.105720025126e-04 1.200019237664e-01
1.111762211055e-04 2.300000000000e-01 1.111762211055e-04 2.420000000000e-01 1.111762211055e-04 2.999956776445e-01 1.111762211055e-04 1.150000000000e-01 1.111762211055e-04 1.200017087908e-01
1.117804396985e-04 2.300000000000e-01 1.117804396985e-04 2.420000000000e-01 1.117804396985e-04 2.999961488955e-01 1.117804396985e-04 1.150000000000e-01 1.117804396985e-04 1.200015178404e-01
1.123846582915e-04 2.300000000000e-01 1.123846582915e-04 2.420000000000e-01 1.123846582915e-04 2.999965686876e-01 1.123846582915e-04 1.150000000000e-01 1.123846582915e-04 1.200013482295e-01
1.129888768844e-04 2.300000000000e-01 1.129888768844e-04 2.420000000000e-01 1.129888768844e-04 2.999969426537e-01 1.129888768844e-04 1.150000000000e-01 1.129888768844e-04 1.200011975731e-01
1.135930954774e-04 2.300000000000e-01 1.135930954774e-04 2.420000000000e-01 1.135930954774e-04 2.999972758076e-01 1.135930954774e-04 1.150000000000e-01 1.135930954774e-04 1.200010637526e-01
1.141973140704e-04 2.300000000000e-01 1.141973140704e-04 2.420000000000e-01 1.141973140704e-04 2.999975726127e-01 1.141973140704e-04 1.150000000000e-01 1.141973140704e-04 1.200009448865e-01
1.148015326633e-04 2.300000000000e-01 1.148015326633e-04 2.420000000000e-01 1.148015326633e-04 2.999978370427e-01 1.148015326633e-04 1.150000000000e-01 1.148015326633e-04 1.200008393033e-01
1.154057512563e-04 2.300000000000e-01 1.154057512563e-04 2.420000000000e-01 1.154057512563e-04 2.999980726354e-01 1.154057512563e-04 1.150000000000e-01 1.154057512563e-04 1.200007455186e-01
1.160099698492e-04 2.300000000000e-01 1.160099698492e-04 2.420000000000e-01 1.160099698492e-04 2.999982825412e-01 1.160099698492e-04 1.150000000000e-01 1.160099698492e-04 1.200006622139e-01
1.166141884422e-04 2.300000000000e-01 1.166141884422e-04 2.420000000000e-01 1.166141884422e-04 2.999984695650e-01 1.166141884422e-04 1.150000000000e-01 1.166141884422e-04 1.200005882181e-01
1.172184070352e-04 2.300000000000e-01 1.172184070352e-04 2.420000000000e-01 1.172184070352e-04 2.999986362049e-01 1.172184070352e-04 1.150000000000e-01 1.172184070352e-04 1.200005224907e-01
1.178226256281e-04 2.300000000000e-01 1.178226256281e-04 2.420000000000e-01 1.178226256281e-04 2.999987846857e-01 1.178226256281e-04 1.150000000000e-01 1.178226256281e-04 1.200004641079e-01
1.184268442211e-04 2.300000000000e-01 1.184268442211e-04 2.420000000000e-01 1.184268442211e-04 2.999989169888e-01 1.184268442211e-04 1.150000000000e-01 1.184268442211e-04 1.200004122489e-01
1.190310628141e-04 2.300000000000e-01 1.190310628141e-04 2.420000000000e-01 1.190310628141e-04 2.999990348788e-01 1.190310628141e-04 1.150000000000e-01 1.190310628141e-04 1.200003661846e-01
1.196352814070e-04 2.300000000000e-01 1.196352814070e-04 2.420000000000e-01 1.196352814070e-04 2.999991399276e-01 1.196352814070e-04 1.150000000000e-01 1.196352814070e-04 1.200003252677e-01
1.202395000000e-04 2.300000000000e-01 1.202395000000e-04 2.420000000000e-01 1.202395000000e-04 2.999992335354e-01 1.202395000000e-04 1.150000000000e-01 1.202395000000e-04 1.200002889227e-01
