0.000000000000e+00 2.200000000000e-01 0.000000000000e+00 1.750000002153e-01 0.000000000000e+00 2.200000000000e-01 0.000000000000e+00 1.659984152079e-01 0.000000000000e+00 2.200000000000e-01
6.030150753769e-07 2.200000000000e-01 6.030150753769e-07 1.750000002677e-01 6.030150753769e-07 2.200000000000e-01 6.030150753769e-07 1.659982066941e-01 6.030150753769e-07 2.200000000000e-01
1.206030150754e-06 2.200000000000e-01 1.206030150754e-06 1.750000003330e-01 1.206030150754e-06 2.200000000000e-01 1.206030150754e-06 1.659979707465e-01 1.206030150754e-06 2.200000000000e-01
1.809045226131e-06 2.200000000000e-01 1.809045226131e-06 1.750000004144e-01 1.809045226131e-06 2.200000000000e-01 1.809045226131e-06 1.659977037560e-01 1.809045226131e-06 2.200000000000e-01
2.412060301508e-06 2.200000000000e-01 2.412060301508e-06 1.750000005158e-01 2.412060301508e-06 2.200000000000e-01 2.412060301508e-06 1.659974016385e-01 2.412060301508e-06 2.200000000000e-01
3.015075376884e-06 2.200000000000e-01 3.015075376884e-06 1.750000006423e-01 3.015075376884e-06 2.200000000000e-01 3.015075376884e-06 1.659970597731e-01 3.015075376884e-06 2.200000000000e-01
3.618090452261e-06 2.200000000000e-01 3.618090452261e-06 1.750000008002e-01 3.618090452261e-06 2.200000000000e-01 3.618090452261e-06 1.659966729306e-01 3.618090452261e-06 2.200000000000e-01
4.221105527638e-06 2.200000000000e-01 4.221105527638e-06 1.750000009972e-01 4.221105527638e-06 2.200000000000e-01 4.221105527638e-06 1.659962351945e-01 4.221105527638e-06 2.200000000000e-01
4.824120603015e-06 2.200000000000e-01 4.824120603015e-06 1.750000012432e-01 4.824120603015e-06 2.200000000000e-01 4.824120603015e-06 1.659957398699e-01 4.824120603015e-06 2.200000000000e-01
5.427135678392e-06 2.200000000000e-01 5.427135678392e-06 1.750000015504e-01 5.427135678392e-06 2.200000000000e-01 5.427135678392e-06 1.659951793815e-01 5.427135678392e-06 2.200000000000e-01
6.030150753769e-06 2.200000000000e-01 6.030150753769e-06 1.750000019342e-01 6.030150753769e-06 2.200000000000e-01 6.030150753769e-06 1.659945451578e-01 6.030150753769e-06 2.200000000000e-01
6.633165829146e-06 2.200000000000e-01 6.633165829146e-06 1.750000024138e-01 6.633165829146e-06 2.200000000000e-01 6.633165829146e-06 1.659938275002e-01 6.633165829146e-06 2.200000000000e-01
7.236180904523e-06 2.200000000000e-01 7.236180904523e-06 1.750000030134e-01 7.236180904523e-06 2.200000000000e-01 7.236180904523e-06 1.659930154351e-01 7.236180904523e-06 2.200000000000e-01
7.839195979899e-06 2.200000000000e-01 7.839195979899e-06 1.750000037631e-01 7.839195979899e-06 2.200000000000e-01 7.839195979899e-06 1.659920965460e-01 7.839195979899e-06 2.200000000000e-01
8.442211055276e-06 2.200000000000e-01 8.442211055276e-06 1.750000047009e-01 8.442211055276e-06 2.200000000000e-01 8.442211055276e-06 1.659910567842e-01 8.442211055276e-06 2.200000000000e-01
9.045226130653e-06 2.200000000000e-01 9.045226130653e-06 1.750000058742e-01 9.045226130653e-06 2.200000000000e-01 9.045226130653e-06 1.659898802546e-01 9.045226130653e-06 2.200000000000e-01
9.648241206030e-06 2.200000000000e-01 9.648241206030e-06 1.750000073428e-01 9.648241206030e-06 2.200000000000e-01 9.648241206030e-06 1.659885489730e-01 9.648241206030e-06 2.200000000000e-01
1.025125628141e-05 2.200000000000e-01 1.025125628141e-05 1.750000091814e-01 1.025125628141e-05 2.200000000000e-01 1.025125628141e-05 1.659870425922e-01 1.025125628141e-05 2.200000000000e-01
1.085427135678e-05 2.200000000000e-01 1.085427135678e-05 1.750000114839e-01 1.085427135678e-05 2.200000000000e-01 1.085427135678e-05 1.659853380918e-01 1.085427135678e-05 2.200000000000e-01
1.145728643216e-05 2.200000000000e-01 1.145728643216e-05 1.750000143681e-01 1.145728643216e-05 2.200000000000e-01 1.145728643216e-05 1.659834094277e-01 1.145728643216e-05 2.200000000000e-01
1.206030150754e-05 2.200000000000e-01 1.206030150754e-05 1.750000179819e-01 1.206030150754e-05 2.200000000000e-01 1.206030150754e-05 1.659812271357e-01 1.206030150754e-05 2.200000000000e-01
1.266331658291e-05 2.200000000000e-01 1.266331658291e-05 1.750000225111e-01 1.266331658291e-05 2.200000000000e-01 1.266331658291e-05 1.659787578833e-01 1.266331658291e-05 2.200000000000e-01
1.326633165829e-05 2.200000000000e-01 1.326633165829e-05 1.750000281890e-01 1.326633165829e-05 2.200000000000e-01 1.326633165829e-05 1.659759639631e-01 1.326633165829e-05 2.200000000000e-01
1.386934673367e-05 2.200000000000e-01 1.386934673367e-05 1.750000353089e-01 1.386934673367e-05 2.200000000000e-01 1.386934673367e-05 1.659728027207e-01 1.386934673367e-05 2.200000000000e-01
1.447236180905e-05 2.200000000000e-01 1.447236180905e-05 1.750000442389e-01 1.447236180905e-05 2.200000000000e-01 1.447236180905e-05 1.659692259069e-01 1.447236180905e-05 2.200000000000e-01
1.507537688442e-05 2.200000000000e-01 1.507537688442e-05 1.750000554420e-01 1.507537688442e-05 2.200000000000e-01 1.507537688442e-05 1.659651789472e-01 1.507537688442e-05 2.200000000000e-01
1.567839195980e-05 2.200000000000e-01 1.567839195980e-05 1.750000695001e-01 1.567839195980e-05 2.200000000000e-01 1.567839195980e-05 1.659606001160e-01 1.567839195980e-05 2.200000000000e-01
1.628140703518e-05 2.200000000000e-01 1.628140703518e-05 1.750000871447e-01 1.628140703518e-05 2.200000000000e-01 1.628140703518e-05 1.659554196036e-01 1.628140703518e-05 2.200000000000e-01
1.688442211055e-05 2.200000000000e-01 1.688442211055e-05 1.750001092957e-01 1.688442211055e-05 2.200000000000e-01 1.688442211055e-05 1.659495584634e-01 1.688442211055e-05 2.200000000000e-01
1.748743718593e-05 2.200000000000e-01 1.748743718593e-05 1.750001371101e-01 1.748743718593e-05 2.200000000000e-01 1.748743718593e-05 1.659429274228e-01 1.748743718593e-05 2.200000000000e-01
1.809045226131e-05 2.200000000000e-01 1.809045226131e-05 1.750001720430e-01 1.809045226131e-05 2.200000000000e-01 1.809045226131e-05 1.659354255424e-01 1.809045226131e-05 2.200000000000e-01
1.869346733668e-05 2.200000000000e-01 1.869346733668e-05 1.750002159253e-01 1.869346733668e-05 2.200000000000e-01 1.869346733668e-05 1.659269387025e-01 1.869346733668e-05 2.200000000000e-01
1.929648241206e-05 2.200000000000e-01 1.929648241206e-05 1.750002710605e-01 1.929648241206e-05 2.200000000000e-01 1.929648241206e-05 1.659173378977e-01 1.929648241206e-05 2.200000000000e-01
1.989949748744e-05 2.200000000000e-01 1.989949748744e-05 1.750003403475e-01 1.989949748744e-05 2.200000000000e-01 1.989949748744e-05 1.659064773140e-01 1.989949748744e-05 2.200000000000e-01
2.050251256281e-05 2.200000000000e-01 2.050251256281e-05 1.750004274352e-01 2.050251256281e-05 2.200000000000e-01 2.050251256281e-05 1.658941921634e-01 2.050251256281e-05 2.200000000000e-01
2.110552763819e-05 2.200000000000e-01 2.110552763819e-05 1.750005369163e-01 2.110552763819e-05 2.200000000000e-01 2.110552763819e-05 1.658802962470e-01 2.110552763819e-05 2.200000000000e-01
2.170854271357e-05 2.200000000000e-01 2.170854271357e-05 1.750006745733e-01 2.170854271357e-05 2.200000000000e-01 2.170854271357e-05 1.658645792129e-01 2.170854271357e-05 2.200000000000e-01
2.231155778894e-05 2.200000000000e-01 2.231155778894e-05 1.750008476871e-01 2.231155778894e-05 2.200000000000e-01 2.231155778894e-05 1.658468034748e-01 2.231155778894e-05 2.200000000000e-01
2.291457286432e-05 2.200000000000e-01 2.291457286432e-05 1.750010654261e-01 2.291457286432e-05 2.200000000000e-01 2.291457286432e-05 1.658267007520e-01 2.291457286432e-05 2.200000000000e-01
2.351758793970e-05 2.200000000000e-01 2.351758793970e-05 1.750013393376e-01 2.351758793970e-05 2.200000000000e-01 2.351758793970e-05 1.658039681879e-01 2.351758793970e-05 2.200000000000e-01
2.412060301508e-05 2.200000000000e-01 2.412060301508e-05 1.750016839662e-01 2.412060301508e-05 2.200000000000e-01 2.412060301508e-05 1.657782640015e-01 2.412060301508e-05 2.200000000000e-01
2.472361809045e-05 2.200000000000e-01 2.472361809045e-05 1.750021176340e-01 2.472361809045e-05 2.200000000000e-01 2.472361809045e-05 1.657492026221e-01 2.472361809045e-05 2.200000000000e-01
2.532663316583e-05 2.200000000000e-01 2.532663316583e-05 1.750026634237e-01 2.532663316583e-05 2.200000000000e-01 2.532663316583e-05 1.657163492538e-01 2.532663316583e-05 2.200000000000e-01
2.592964824121e-05 2.200000000000e-01 2.592964824121e-05 1.750033504188e-01 2.592964824121e-05 2.200000000000e-01 2.592964824121e-05 1.656792138155e-01 2.592964824121e-05 2.200000000000e-01
2.653266331658e-05 2.200000000000e-01 2.653266331658e-05 1.750042152664e-01 2.653266331658e-05 2.200000000000e-01 2.653266331658e-05 1.656372441959e-01 2.653266331658e-05 2.200000000000e-01
2.713567839196e-05 2.200000000000e-01 2.713567839196e-05 1.750053041481e-01 2.713567839196e-05 2.200000000000e-01 2.713567839196e-05 1.655898187667e-01 2.713567839196e-05 2.200000000000e-01
2.773869346734e-05 2.200000000000e-01 2.773869346734e-05 1.750066752647e-01 2.773869346734e-05 2.200000000000e-01 2.773869346734e-05 1.655362380936e-01 2.773869346734e-05 2.200000000000e-01
2.834170854271e-05 2.200000000000e-01 2.834170854271e-05 1.750084019688e-01 2.834170854271e-05 2.200000000000e-01 2.834170854271e-05 1.654757157879e-01 2.834170854271e-05 2.200000000000e-01
2.894472361809e-05 2.200000000000e-01 2.894472361809e-05 1.750105767138e-01 2.894472361809e-05 2.200000000000e-01 2.894472361809e-05 1.654073684485e-01 2.894472361809e-05 2.200000000000e-01
2.954773869347e-05 2.200000000000e-01 2.954773869347e-05 1.750133160316e-01 2.954773869347e-05 2.200000000000e-01 2.954773869347e-05 1.653302046499e-01 2.954773869347e-05 2.200000000000e-01
3.015075376884e-05 2.200000000000e-01 3.015075376884e-05 1.750167668058e-01 3.015075376884e-05 2.200000000000e-01 3.015075376884e-05 1.652431129478e-01 3.015075376884e-05 2.200000000000e-01
3.075376884422e-05 2.200000000000e-01 3.075376884422e-05 1.750211141771e-01 3.075376884422e-05 2.200000000000e-01 3.075376884422e-05 1.651448488925e-01 3.075376884422e-05 2.200000000000e-01
3.135678391960e-05 2.200000000000e-01 3.135678391960e-05 1.750265914993e-01 3.135678391960e-05 2.200000000000e-01 3.135678391960e-05 1.650340210676e-01 3.135678391960e-05 2.200000000000e-01
3.195979899497e-05 2.200000000000e-01 3.195979899497e-05 1.750334928775e-01 3.195979899497e-05 2.200000000000e-01 3.195979899497e-05 1.649090762104e-01 3.195979899497e-05 2.200000000000e-01
3.256281407035e-05 2.200000000000e-01 3.256281407035e-05 1.750421889456e-01 3.256281407035e-05 2.200000000000e-01 3.256281407035e-05 1.647682835198e-01 3.256281407035e-05 2.200000000000e-01
3.316582914573e-05 2.200000000000e-01 3.316582914573e-05 1.750531467102e-01 3.316582914573e-05 2.200000000000e-01 3.316582914573e-05 1.646097183190e-01 3.316582914573e-05 2.200000000000e-01
3.376884422111e-05 2.200000000000e-01 3.376884422111e-05 1.750669544843e-01 3.376884422111e-05 2.200000000000e-01 3.376884422111e-05 1.644312453260e-01 3.376884422111e-05 2.200000000000e-01
3.437185929648e-05 2.200000000000e-01 3.437185929648e-05 1.750843531833e-01 3.437185929648e-05 2.200000000000e-01 3.437185929648e-05 1.642305018845e-01 3.437185929648e-05 2.200000000000e-01
3.497487437186e-05 2.200000000000e-01 3.497487437186e-05 1.751062755486e-01 3.497487437186e-05 2.200000000000e-01 3.497487437186e-05 1.640048816307e-01 3.497487437186e-05 2.200000000000e-01
3.557788944724e-05 2.200000000000e-01 3.557788944724e-05 1.751338952173e-01 3.557788944724e-05 2.200000000000e-01 3.557788944724e-05 1.637515192261e-01 3.557788944724e-05 2.200000000000e-01
3.618090452261e-05 2.200000000000e-01 3.618090452261e-05 1.751686879627e-01 3.618090452261e-05 2.200000000000e-01 3.618090452261e-05 1.634672769555e-01 3.618090452261e-05 2.200000000000e-01
3.678391959799e-05 2.200000000000e-01 3.678391959799e-05 1.752125078903e-01 3.678391959799e-05 2.200000000000e-01 3.678391959799e-05 1.631487341987e-01 3.678391959799e-05 2.200000000000e-01
3.738693467337e-05 2.200000000000e-01 3.738693467337e-05 1.752676818715e-01 3.738693467337e-05 2.200000000000e-01 3.738693467337e-05 1.627921810003e-01 3.738693467337e-05 2.200000000000e-01
3.798994974874e-05 2.200000000000e-01 3.798994974874e-05 1.753371259810e-01 3.798994974874e-05 2.200000000000e-01 3.798994974874e-05 1.623936172087e-01 3.798994974874e-05 2.200000000000e-01
3.859296482412e-05 2.200000000000e-01 3.859296482412e-05 1.754244881199e-01 3.859296482412e-05 2.200000000000e-01 3.859296482412e-05 1.619487588921e-01 3.859296482412e-05 2.200000000000e-01
3.919597989950e-05 2.200000000000e-01 3.919597989950e-05 1.755343212020e-01 3.919597989950e-05 2.200000000000e-01 3.919597989950e-05 1.614530539674e-01 3.919597989950e-05 2.200000000000e-01
3.979899497487e-05 2.200000000000e-01 3.979899497487e-05 1.756722910510e-01 3.979899497487e-05 2.200000000000e-01 3.979899497487e-05 1.609017091588e-01 3.979899497487e-05 2.200000000000e-01
4.040201005025e-05 2.200000000000e-01 4.040201005025e-05 1.758454221472e-01 4.040201005025e-05 2.200000000000e-01 4.040201005025e-05 1.602897305018e-01 4.040201005025e-05 2.200000000000e-01
4.100502512563e-05 2.200000000000e-01 4.100502512563e-05 1.760623820404e-01 4.100502512563e-05 2.200000000000e-01 4.100502512563e-05 1.596119795740e-01 4.100502512563e-05 2.200000000000e-01
4.160804020101e-05 2.200000000000e-01 4.160804020101e-05 1.763338008360e-01 4.160804020101e-05 2.200000000000e-01 4.160804020101e-05 1.588632474201e-01 4.160804020101e-05 2.200000000000e-01
4.221105527638e-05 2.200000000000e-01 4.221105527638e-05 1.766726145868e-01 4.221105527638e-05 2.200000000000e-01 4.221105527638e-05 1.580383476612e-01 4.221105527638e-05 2.200000000000e-01
4.281407035176e-05 2.200000000000e-01 4.281407035176e-05 1.770944093274e-01 4.281407035176e-05 2.200000000000e-01 4.281407035176e-05 1.571322295003e-01 4.281407035176e-05 2.200000000000e-01
4.341708542714e-05 2.200000000000e-01 4.341708542714e-05 1.776177243353e-01 4.341708542714e-05 2.200000000000e-01 4.341708542714e-05 1.561401101796e-01 4.341708542714e-05 2.200000000000e-01
4.402010050251e-05 2.200000000000e-01 4.402010050251e-05 1.782642477519e-01 4.402010050251e-05 2.200000000000e-01 4.402010050251e-05 1.550576249094e-01 4.402010050251e-05 2.200000000000e-01
4.462311557789e-05 2.200000000000e-01 4.462311557789e-05 1.790588048318e-01 4.462311557789e-05 2.200000000000e-01 4.462311557789e-05 1.538809903691e-01 4.462311557789e-05 2.200000000000e-01
4.522613065327e-05 2.200000000000e-01 4.522613065327e-05 1.800290015573e-01 4.522613065327e-05 2.200000000000e-01 4.522613065327e-05 1.526071756789e-01 4.522613065327e-05 2.200000000000e-01
4.582914572864e-05 2.200000000000e-01 4.582914572864e-05 1.812043521649e-01 4.582914572864e-05 2.200000000000e-01 4.582914572864e-05 1.512340724115e-01 4.582914572864e-05 2.200000000000e-01
4.643216080402e-05 2.200000000000e-01 4.643216080402e-05 1.826147045798e-01 4.643216080402e-05 2.200000000000e-01 4.643216080402e-05 1.497606530142e-01 4.643216080402e-05 2.200000000000e-01
4.703517587940e-05 2.200000000000e-01 4.703517587940e-05 1.842878091183e-01 4.703517587940e-05 2.200000000000e-01 4.703517587940e-05 1.481871052825e-01 4.703517587940e-05 2.200000000000e-01
4.763819095477e-05 2.200000000000e-01 4.763819095477e-05 1.862459865682e-01 4.763819095477e-05 2.200000000000e-01 4.763819095477e-05 1.465149296624e-01 4.763819095477e-05 2.200000000000e-01
4.824120603015e-05 2.200000000000e-01 4.824120603015e-05 1.885020701234e-01 4.824120603015e-05 2.200000000000e-01 4.824120603015e-05 1.447469865490e-01 4.824120603015e-05 2.200000000000e-01
4.884422110553e-05 2.200000000000e-01 4.884422110553e-05 1.910551191042e-01 4.884422110553e-05 2.200000000000e-01 4.884422110553e-05 1.428874827087e-01 4.884422110553e-05 2.200000000000e-01
4.944723618090e-05 2.200000000000e-01 4.944723618090e-05 1.938867646956e-01 4.944723618090e-05 2.200000000000e-01 4.944723618090e-05 1.409418896276e-01 4.944723618090e-05 2.200000000000e-01
5.005025125628e-05 2.200000000000e-01 5.005025125628e-05 1.969593007260e-01 5.005025125628e-05 2.200000000000e-01 5.005025125628e-05 1.389167918597e-01 5.005025125628e-05 2.200000000000e-01
5.065326633166e-05 2.200000000000e-01 5.065326633166e-05 2.002165784552e-01 5.065326633166e-05 2.200000000000e-01 5.065326633166e-05 1.368196699227e-01 5.065326633166e-05 2.200000000000e-01
5.125628140704e-05 2.200000000000e-01 5.125628140704e-05 2.035882629482e-01 5.125628140704e-05 2.200000000000e-01 5.125628140704e-05 1.346586292490e-01 5.125628140704e-05 2.200000000000e-01
5.185929648241e-05 2.200000000000e-01 5.185929648241e-05 2.069971153322e-01 5.185929648241e-05 2.200000000000e-01 5.185929648241e-05 1.324420932574e-01 5.185929648241e-05 2.200000000000e-01
5.246231155779e-05 2.200000000000e-01 5.246231155779e-05 2.103679911497e-01 5.246231155779e-05 2.200000000000e-01 5.246231155779e-05 1.301784837845e-01 5.246231155779e-05 2.200000000000e-01
5.306532663317e-05 2.200000000000e-01 5.306532663317e-05 2.136366342484e-01 5.306532663317e-05 2.200000000000e-01 5.306532663317e-05 1.278759150573e-01 5.306532663317e-05 2.200000000000e-01
5.366834170854e-05 2.200000000000e-01 5.366834170854e-05 2.167564085486e-01 5.366834170854e-05 2.200000000000e-01 5.366834170854e-05 1.255419275398e-01 5.366834170854e-05 2.200000000000e-01
5.427135678392e-05 2.200000000000e-01 5.427135678392e-05 2.197018103145e-01 5.427135678392e-05 2.200000000000e-01 5.427135678392e-05 1.231832851753e-01 5.427135678392e-05 2.200000000000e-01
5.487437185930e-05 2.200000000000e-01 5.487437185930e-05 2.224685841946e-01 5.487437185930e-05 2.200000000000e-01 5.487437185930e-05 1.208058540615e-01 5.487437185930e-05 2.200000000000e-01
5.547738693467e-05 2.200000000000e-01 5.547738693467e-05 2.250710909130e-01 5.547738693467e-05 2.200000000000e-01 5.547738693467e-05 1.184145730695e-01 5.547738693467e-05 2.200000000000e-01
5.608040201005e-05 2.200000000000e-01 5.608040201005e-05 2.275379789700e-01 5.608040201005e-05 2.200000000000e-01 5.608040201005e-05 1.160135182494e-01 5.608040201005e-05 2.200000000000e-01
5.668341708543e-05 2.200000000000e-01 5.668341708543e-05 2.299071906048e-01 5.668341708543e-05 2.200000000000e-01 5.668341708543e-05 1.136060540120e-01 5.668341708543e-05 2.200000000000e-01
5.728643216080e-05 2.200000000000e-01 5.728643216080e-05 2.322210500746e-01 5.728643216080e-05 2.200000000000e-01 5.728643216080e-05 1.111950559592e-01 5.728643216080e-05 2.200000000000e-01
5.788944723618e-05 2.200000000000e-01 5.788944723618e-05 2.345218393942e-01 5.788944723618e-05 2.200000000000e-01 5.788944723618e-05 1.087831835823e-01 5.788944723618e-05 2.200000000000e-01
5.849246231156e-05 2.200000000000e-01 5.849246231156e-05 2.368480013472e-01 5.849246231156e-05 2.200000000000e-01 5.849246231156e-05 1.063731764316e-01 5.849246231156e-05 2.200000000000e-01
5.909547738693e-05 2.200000000000e-01 5.909547738693e-05 2.392309759533e-01 5.909547738693e-05 2.200000000000e-01 5.909547738693e-05 1.039681451090e-01 5.909547738693e-05 2.200000000000e-01
5.969849246231e-05 2.200000000000e-01 5.969849246231e-05 2.416926645725e-01 5.969849246231e-05 2.200000000000e-01 5.969849246231e-05 1.015718287390e-01 5.969849246231e-05 2.200000000000e-01
6.030150753769e-05 2.200000000000e-01 6.030150753769e-05 2.442435801530e-01 6.030150753769e-05 2.200000000000e-01 6.030150753769e-05 9.918879342818e-02 6.030150753769e-05 2.200000000000e-01
6.090452261307e-05 2.200000000000e-01 6.090452261307e-05 2.468818240908e-01 6.090452261307e-05 2.200000000000e-01 6.090452261307e-05 9.682455146536e-02 6.090452261307e-05 2.200000000000e-01
6.150753768844e-05 2.200000000000e-01 6.150753768844e-05 2.495930723442e-01 6.150753768844e-05 2.200000000000e-01 6.150753768844e-05 9.448558826178e-02 6.150753768844e-05 2.200000000000e-01
6.211055276382e-05 2.200000000000e-01 6.211055276382e-05 2.523517133498e-01 6.211055276382e-05 2.200000000000e-01 6.211055276382e-05 9.217929267366e-02 6.211055276382e-05 2.200000000000e-01
6.271356783920e-05 2.200000000000e-01 6.271356783920e-05 2.551231451099e-01 6.271356783920e-05 2.200000000000e-01 6.271356783920e-05 8.991379555486e-02 6.271356783920e-05 2.200000000000e-01
6.331658291457e-05 2.200000000000e-01 6.331658291457e-05 2.578670357869e-01 6.331658291457e-05 2.200000000000e-01 6.331658291457e-05 8.769773015247e-02 6.331658291457e-05 2.200000000000e-01
6.391959798995e-05 2.200000000000e-01 6.391959798995e-05 2.605411446863e-01 6.391959798995e-05 2.200000000000e-01 6.391959798995e-05 8.553993524974e-02 6.391959798995e-05 2.200000000000e-01
6.452261306533e-05 2.200000000000e-01 6.452261306533e-05 2.631051652949e-01 6.452261306533e-05 2.200000000000e-01 6.452261306533e-05 8.344912687799e-02 6.452261306533e-05 2.200000000000e-01
6.512562814070e-05 2.200000000000e-01 6.512562814070e-05 2.655240444151e-01 6.512562814070e-05 2.200000000000e-01 6.512562814070e-05 8.143356636788e-02 6.512562814070e-05 2.200000000000e-01
6.572864321608e-05 2.200000000000e-01 6.572864321608e-05 2.677703582545e-01 6.572864321608e-05 2.200000000000e-01 6.572864321608e-05 7.950075133326e-02 6.572864321608e-05 2.200000000000e-01
6.633165829146e-05 2.200000000000e-01 6.633165829146e-05 2.698255429282e-01 6.633165829146e-05 2.200000000000e-01 6.633165829146e-05 7.765715219099e-02 6.633165829146e-05 2.200000000000e-01
6.693467336683e-05 2.200000000000e-01 6.693467336683e-05 2.716800101801e-01 6.693467336683e-05 2.200000000000e-01 6.693467336683e-05 7.590801073962e-02 6.693467336683e-05 2.200000000000e-01
6.753768844221e-05 2.200000000000e-01 6.753768844221e-05 2.733323618802e-01 6.753768844221e-05 2.200000000000e-01 6.753768844221e-05 7.425721012551e-02 6.753768844221e-05 2.200000000000e-01
6.814070351759e-05 2.200000000000e-01 6.814070351759e-05 2.747880125036e-01 6.814070351759e-05 2.200000000000e-01 6.814070351759e-05 7.270721825396e-02 6.814070351759e-05 2.200000000000e-01
6.874371859296e-05 2.200000000000e-01 6.874371859296e-05 2.760575371740e-01 6.874371859296e-05 2.200000000000e-01 6.874371859296e-05 7.125910026214e-02 6.874371859296e-05 2.200000000000e-01
6.934673366834e-05 2.200000000000e-01 6.934673366834e-05 2.771550090306e-01 6.934673366834e-05 2.200000000000e-01 6.934673366834e-05 6.991259070317e-02 6.934673366834e-05 2.200000000000e-01
6.994974874372e-05 2.200000000000e-01 6.994974874372e-05 2.780965069167e-01 6.994974874372e-05 2.200000000000e-01 6.994974874372e-05 6.866621291331e-02 6.994974874372e-05 2.200000000000e-01
7.055276381910e-05 2.200000000000e-01 7.055276381910e-05 2.788988907182e-01 7.055276381910e-05 2.200000000000e-01 7.055276381910e-05 6.751743165153e-02 7.055276381910e-05 2.200000000000e-01
7.115577889447e-05 2.200000000000e-01 7.115577889447e-05 2.795788739804e-01 7.115577889447e-05 2.200000000000e-01 7.115577889447e-05 6.646282527787e-02 7.115577889447e-05 2.200000000000e-01
7.175879396985e-05 2.200000000000e-01 7.175879396985e-05 2.801523777079e-01 7.175879396985e-05 2.200000000000e-01 7.175879396985e-05 6.549826509023e-02 7.175879396985e-05 2.200000000000e-01
7.236180904523e-05 2.200000000000e-01 7.236180904523e-05 2.806341241687e-01 7.236180904523e-05 2.200000000000e-01 7.236180904523e-05 6.461909153764e-02 7.236180904523e-05 2.200000000000e-01
7.296482412060e-05 2.200000000000e-01 7.296482412060e-05 2.810374201856e-01 7.296482412060e-05 2.200000000000e-01 7.296482412060e-05 6.382027946623e-02 7.296482412060e-05 2.200000000000e-01
7.356783919598e-05 2.200000000000e-01 7.356783919598e-05 2.813740802622e-01 7.356783919598e-05 2.200000000000e-01 7.356783919598e-05 6.309658700258e-02 7.356783919598e-05 2.200000000000e-01
7.417085427136e-05 2.200000000000e-01 7.417085427136e-05 2.816544462171e-01 7.417085427136e-05 2.200000000000e-01 7.417085427136e-05 6.244268490438e-02 7.417085427136e-05 2.200000000000e-01
7.477386934673e-05 2.200000000000e-01 7.477386934673e-05 2.818874684476e-01 7.477386934673e-05 2.200000000000e-01 7.477386934673e-05 6.185326507461e-02 7.477386934673e-05 2.200000000000e-01
7.537688442211e-05 2.200000000000e-01 7.537688442211e-05 2.820808224424e-01 7.537688442211e-05 2.200000000000e-01 7.537688442211e-05 6.132312838481e-02 7.537688442211e-05 2.200000000000e-01
7.597989949749e-05 2.200000000000e-01 7.597989949749e-05 2.822410416494e-01 7.597989949749e-05 2.200000000000e-01 7.597989949749e-05 6.084725299192e-02 7.597989949749e-05 2.200000000000e-01
7.658291457286e-05 2.200000000000e-01 7.658291457286e-05 2.823736538887e-01 7.658291457286e-05 2.200000000000e-01 7.658291457286e-05 6.042084500294e-02 7.658291457286e-05 2.200000000000e-01
7.718592964824e-05 2.200000000000e-01 7.718592964824e-05 2.824833131427e-01 7.718592964824e-05 2.200000000000e-01 7.718592964824e-05 6.003937370616e-02 7.718592964824e-05 2.200000000000e-01
7.778894472362e-05 2.200000000000e-01 7.778894472362e-05 2.825739219430e-01 7.778894472362e-05 2.200000000000e-01 7.778894472362e-05 5.969859371621e-02 7.778894472362e-05 2.200000000000e-01
7.839195979899e-05 2.200000000000e-01 7.839195979899e-05 2.826487419361e-01 7.839195979899e-05 2.200000000000e-01 7.839195979899e-05 5.939455633847e-02 7.839195979899e-05 2.200000000000e-01
7.899497487437e-05 2.200000000000e-01 7.899497487437e-05 2.827104917818e-01 7.899497487437e-05 2.200000000000e-01 7.899497487437e-05 5.912361230346e-02 7.899497487437e-05 2.200000000000e-01
7.959798994975e-05 2.200000000000e-01 7.959798994975e-05 2.827614325373e-01 7.959798994975e-05 2.200000000000e-01 7.959798994975e-05 5.888240780072e-02 7.959798994975e-05 2.200000000000e-01
8.020100502513e-05 2.200000000000e-01 8.020100502513e-05 2.828034412683e-01 8.020100502513e-05 2.200000000000e-01 8.020100502513e-05 5.866787548927e-02 8.020100502513e-05 2.200000000000e-01
8.080402010050e-05 2.200000000000e-01 8.080402010050e-05 2.828380739415e-01 8.080402010050e-05 2.200000000000e-01 8.080402010050e-05 5.847722190335e-02 8.080402010050e-05 2.200000000000e-01
8.140703517588e-05 2.200000000000e-01 8.140703517588e-05 2.828666187754e-01 8.140703517588e-05 2.200000000000e-01 8.140703517588e-05 5.830791242443e-02 8.140703517588e-05 2.200000000000e-01
8.201005025126e-05 2.200000000000e-01 8.201005025126e-05 2.828901412428e-01 8.201005025126e-05 2.200000000000e-01 8.201005025126e-05 5.815765476447e-02 8.201005025126e-05 2.200000000000e-01
8.261306532663e-05 2.200000000000e-01 8.261306532663e-05 2.829095218594e-01 8.261306532663e-05 2.200000000000e-01 8.261306532663e-05 5.802438170505e-02 8.261306532663e-05 2.200000000000e-01
8.321608040201e-05 2.200000000000e-01 8.321608040201e-05 2.829254877973e-01 8.321608040201e-05 2.200000000000e-01 8.321608040201e-05 5.790623366510e-02 8.321608040201e-05 2.200000000000e-01
8.381909547739e-05 2.200000000000e-01 8.381909547739e-05 2.829386392564e-01 8.381909547739e-05 2.200000000000e-01 8.381909547739e-05 5.780154152592e-02 8.381909547739e-05 2.200000000000e-01
8.442211055276e-05 2.200000000000e-01 8.442211055276e-05 2.829494714090e-01 8.442211055276e-05 2.200000000000e-01 8.442211055276e-05 5.770881002313e-02 8.442211055276e-05 2.200000000000e-01
8.502512562814e-05 2.200000000000e-01 8.502512562814e-05 2.829583926250e-01 8.502512562814e-05 2.200000000000e-01 8.502512562814e-05 5.762670191976e-02 8.502512562814e-05 2.200000000000e-01
8.562814070352e-05 2.200000000000e-01 8.562814070352e-05 2.829657395848e-01 8.562814070352e-05 2.200000000000e-01 8.562814070352e-05 5.755402309858e-02 8.562814070352e-05 2.200000000000e-01
8.623115577889e-05 2.200000000000e-01 8.623115577889e-05 2.829717897942e-01 8.623115577889e-05 2.200000000000e-01 8.623115577889e-05 5.748970865313e-02 8.623115577889e-05 2.200000000000e-01
8.683417085427e-05 2.200000000000e-01 8.683417085427e-05 2.829767719381e-01 8.683417085427e-05 2.200000000000e-01 8.683417085427e-05 5.743281001168e-02 8.683417085427e-05 2.200000000000e-01
8.743718592965e-05 2.200000000000e-01 8.743718592965e-05 2.829808744371e-01 8.743718592965e-05 2.200000000000e-01 8.743718592965e-05 5.738248309506e-02 8.743718592965e-05 2.200000000000e-01
8.804020100503e-05 2.200000000000e-01 8.804020100503e-05 2.829842525156e-01 8.804020100503e-05 2.200000000000e-01 8.804020100503e-05 5.733797748528e-02 8.804020100503e-05 2.200000000000e-01
8.864321608040e-05 2.200000000000e-01 8.864321608040e-05 2.829870340356e-01 8.864321608040e-05 2.200000000000e-01 8.864321608040e-05 5.729862656455e-02 8.864321608040e-05 2.200000000000e-01
8.924623115578e-05 2.200000000000e-01 8.924623115578e-05 2.829893243108e-01 8.924623115578e-05 2.200000000000e-01 8.924623115578e-05 5.726383857363e-02 8.924623115578e-05 2.200000000000e-01
8.984924623116e-05 2.200000000000e-01 8.984924623116e-05 2.829912100760e-01 8.984924623116e-05 2.200000000000e-01 8.984924623116e-05 5.723308853125e-02 8.984924623116e-05 2.200000000000e-01
9.045226130653e-05 2.200000000000e-01 9.045226130653e-05 2.829927627606e-01 9.045226130653e-05 2.200000000000e-01 9.045226130653e-05 5.720591095331e-02 9.045226130653e-05 2.200000000000e-01
9.105527638191e-05 2.200000000000e-01 9.105527638191e-05 2.829940411865e-01 9.105527638191e-05 2.200000000000e-01 9.105527638191e-05 5.718189330912e-02 9.105527638191e-05 2.200000000000e-01
9.165829145729e-05 2.200000000000e-01 9.165829145729e-05 2.829950937912e-01 9.165829145729e-05 2.200000000000e-01 9.165829145729e-05 5.716067015308e-02 9.165829145729e-05 2.200000000000e-01
9.226130653266e-05 2.200000000000e-01 9.226130653266e-05 2.829959604599e-01 9.226130653266e-05 2.200000000000e-01 9.226130653266e-05 5.714191787223e-02 9.226130653266e-05 2.200000000000e-01
9.286432160804e-05 2.200000000000e-01 9.286432160804e-05 2.829966740350e-01 9.286432160804e-05 2.200000000000e-01 9.286432160804e-05 5.712534999261e-02 9.286432160804e-05 2.200000000000e-01
9.346733668342e-05 2.200000000000e-01 9.346733668342e-05 2.829972615584e-01 9.346733668342e-05 2.200000000000e-01 9.346733668342e-05 5.711071299130e-02 9.346733668342e-05 2.200000000000e-01
9.407035175879e-05 2.200000000000e-01 9.407035175879e-05 2.829977452964e-01 9.407035175879e-05 2.200000000000e-01 9.407035175879e-05 5.709778256421e-02 9.407035175879e-05 2.200000000000e-01
9.467336683417e-05 2.200000000000e-01 9.467336683417e-05 2.829981435821e-01 9.467336683417e-05 2.200000000000e-01 9.467336683417e-05 5.708636030382e-02 9.467336683417e-05 2.200000000000e-01
9.527638190955e-05 2.200000000000e-01 9.527638190955e-05 2.829984715108e-01 9.527638190955e-05 2.200000000000e-01 9.527638190955e-05 5.707627074461e-02 9.527638190955e-05 2.200000000000e-01
9.587939698492e-05 2.200000000000e-01 9.587939698492e-05 2.829987415109e-01 9.587939698492e-05 2.200000000000e-01 9.587939698492e-05 5.706735873785e-02 9.587939698492e-05 2.200000000000e-01
9.648241206030e-05 2.200000000000e-01 9.648241206030e-05 2.829989638156e-01 9.648241206030e-05 2.200000000000e-01 9.648241206030e-05 5.705948712065e-02 9.648241206030e-05 2.200000000000e-01
9.708542713568e-05 2.200000000000e-01 9.708542713568e-05 2.829991468506e-01 9.708542713568e-05 2.200000000000e-01 9.708542713568e-05 5.705253464769e-02 9.708542713568e-05 2.200000000000e-01
9.768844221106e-05 2.200000000000e-01 9.768844221106e-05 2.829992975527e-01 9.768844221106e-05 2.200000000000e-01 9.768844221106e-05 5.704639415707e-02 9.768844221106e-05 2.200000000000e-01
9.829145728643e-05 2.200000000000e-01 9.829145728643e-05 2.829994216338e-01 9.829145728643e-05 2.200000000000e-01 9.829145728643e-05 5.704097094468e-02 9.829145728643e-05 2.200000000000e-01
9.889447236181e-05 2.200000000000e-01 9.889447236181e-05 2.829995237964e-01 9.889447236181e-05 2.200000000000e-01 9.889447236181e-05 5.703618132389e-02 9.889447236181e-05 2.200000000000e-01
9.949748743719e-05 2.200000000000e-01 9.949748743719e-05 2.829996079126e-01 9.949748743719e-05 2.200000000000e-01 9.949748743719e-05 5.703195135005e-02 9.949748743719e-05 2.200000000000e-01
1.001005025126e-04 2.200000000000e-01 1.001005025126e-04 2.829996771701e-01 1.001005025126e-04 2.200000000000e-01 1.001005025126e-04 5.702821569125e-02 1.001005025126e-04 2.200000000000e-01
1.007035175879e-04 2.200000000000e-01 1.007035175879e-04 2.829997341937e-01 1.007035175879e-04 2.200000000000e-01 1.007035175879e-04 5.702491662892e-02 1.007035175879e-04 2.200000000000e-01
1.013065326633e-04 2.200000000000e-01 1.013065326633e-04 2.829997811446e-01 1.013065326633e-04 2.200000000000e-01 1.013065326633e-04 5.702200317359e-02 1.013065326633e-04 2.200000000000e-01
1.019095477387e-04 2.200000000000e-01 1.019095477387e-04 2.829998198021e-01 1.019095477387e-04 2.200000000000e-01 1.019095477387e-04 5.701943028266e-02 1.019095477387e-04 2.200000000000e-01
1.025125628141e-04 2.200000000000e-01 1.025125628141e-04 2.829998516312e-01 1.025125628141e-04 2.200000000000e-01 1.025125628141e-04 5.701715816862e-02 1.025125628141e-04 2.200000000000e-01
1.031155778894e-04 2.200000000000e-01 1.031155778894e-04 2.829998778380e-01 1.031155778894e-04 2.200000000000e-01 1.031155778894e-04 5.701515168731e-02 1.031155778894e-04 2.200000000000e-01
1.037185929648e-04 2.200000000000e-01 1.037185929648e-04 2.829998994157e-01 1.037185929648e-04 2.200000000000e-01 1.037185929648e-04 5.701337979716e-02 1.037185929648e-04 2.200000000000e-01
1.043216080402e-04 2.200000000000e-01 1.043216080402e-04 2.829999171820e-01 1.043216080402e-04 2.200000000000e-01 1.043216080402e-04 5.701181508108e-02 1.043216080402e-04 2.200000000000e-01
1.049246231156e-04 2.200000000000e-01 1.049246231156e-04 2.829999318101e-01 1.049246231156e-04 2.200000000000e-01 1.049246231156e-04 5.701043332394e-02 1.049246231156e-04 2.200000000000e-01
1.055276381910e-04 2.200000000000e-01 1.055276381910e-04 2.829999438545e-01 1.055276381910e-04 2.200000000000e-01 1.055276381910e-04 5.700921313911e-02 1.055276381910e-04 2.200000000000e-01
1.061306532663e-04 2.200000000000e-01 1.061306532663e-04 2.829999537713e-01 1.061306532663e-04 2.200000000000e-01 1.061306532663e-04 5.700813563852e-02 1.061306532663e-04 2.200000000000e-01
1.067336683417e-04 2.200000000000e-01 1.067336683417e-04 2.829999619366e-01 1.067336683417e-04 2.200000000000e-01 1.067336683417e-04 5.700718414102e-02 1.067336683417e-04 2.200000000000e-01
1.073366834171e-04 2.200000000000e-01 1.073366834171e-04 2.829999686596e-01 1.073366834171e-04 2.200000000000e-01 1.073366834171e-04 5.700634391480e-02 1.073366834171e-04 2.200000000000e-01
1.079396984925e-04 2.200000000000e-01 1.079396984925e-04 2.829999741951e-01 1.079396984925e-04 2.200000000000e-01 1.079396984925e-04 5.700560194977e-02 1.079396984925e-04 2.200000000000e-01
1.085427135678e-04 2.200000000000e-01 1.085427135678e-04 2.829999787529e-01 1.085427135678e-04 2.200000000000e-01 1.085427135678e-04 5.700494675648e-02 1.085427135678e-04 2.200000000000e-01
1.091457286432e-04 2.200000000000e-01 1.091457286432e-04 2.829999825057e-01 1.091457286432e-04 2.200000000000e-01 1.091457286432e-04 5.700436818850e-02 1.091457286432e-04 2.200000000000e-01
1.097487437186e-04 2.200000000000e-01 1.097487437186e-04 2.829999855956e-01 1.097487437186e-04 2.200000000000e-01 1.097487437186e-04 5.700385728557e-02 1.097487437186e-04 2.200000000000e-01
1.103517587940e-04 2.200000000000e-01 1.103517587940e-04 2.829999881398e-01 1.103517587940e-04 2.200000000000e-01 1.103517587940e-04 5.700340613491e-02 1.103517587940e-04 2.200000000000e-01
1.109547738693e-04 2.200000000000e-01 1.109547738693e-04 2.829999902345e-01 1.109547738693e-04 2.200000000000e-01 1.109547738693e-04 5.700300774891e-02 1.109547738693e-04 2.200000000000e-01
1.115577889447e-04 2.200000000000e-01 1.115577889447e-04 2.829999919593e-01 1.115577889447e-04 2.200000000000e-01 1.115577889447e-04 5.700265595695e-02 1.115577889447e-04 2.200000000000e-01
1.121608040201e-04 2.200000000000e-01 1.121608040201e-04 2.829999933795e-01 1.121608040201e-04 2.200000000000e-01 1.121608040201e-04 5.700234530993e-02 1.121608040201e-04 2.200000000000e-01
1.127638190955e-04 2.200000000000e-01 1.127638190955e-04 2.829999945488e-01 1.127638190955e-04 2.200000000000e-01 1.127638190955e-04 5.700207099592e-02 1.127638190955e-04 2.200000000000e-01
1.133668341709e-04 2.200000000000e-01 1.133668341709e-04 2.829999955116e-01 1.133668341709e-04 2.200000000000e-01 1.133668341709e-04 5.700182876567e-02 1.133668341709e-04 2.200000000000e-01
1.139698492462e-04 2.200000000000e-01 1.139698492462e-04 2.829999963043e-01 1.139698492462e-04 2.200000000000e-01 1.139698492462e-04 5.700161486686e-02 1.139698492462e-04 2.200000000000e-01
1.145728643216e-04 2.200000000000e-01 1.145728643216e-04 2.829999969571e-01 1.145728643216e-04 2.200000000000e-01 1.145728643216e-04 5.700142598595e-02 1.145728643216e-04 2.200000000000e-01
1.151758793970e-04 2.200000000000e-01 1.151758793970e-04 2.829999974945e-01 1.151758793970e-04 2.200000000000e-01 1.151758793970e-04 5.700125919693e-02 1.151758793970e-04 2.200000000000e-01
1.157788944724e-04 2.200000000000e-01 1.157788944724e-04 2.829999979370e-01 1.157788944724e-04 2.200000000000e-01 1.157788944724e-04 5.700111191598e-02 1.157788944724e-04 2.200000000000e-01
1.163819095477e-04 2.200000000000e-01 1.163819095477e-04 2.829999983014e-01 1.163819095477e-04 2.200000000000e-01 1.163819095477e-04 5.700098186143e-02 1.163819095477e-04 2.200000000000e-01
1.169849246231e-04 2.200000000000e-01 1.169849246231e-04 2.829999986014e-01 1.169849246231e-04 2.200000000000e-01 1.169849246231e-04 5.700086701849e-02 1.169849246231e-04 2.200000000000e-01
1.175879396985e-04 2.200000000000e-01 1.175879396985e-04 2.829999988484e-01 1.175879396985e-04 2.200000000000e-01 1.175879396985e-04 5.700076560800e-02 1.175879396985e-04 2.200000000000e-01
1.181909547739e-04 2.200000000000e-01 1.181909547739e-04 2.829999990518e-01 1.181909547739e-04 2.200000000000e-01 1.181909547739e-04 5.700067605887e-02 1.181909547739e-04 2.200000000000e-01
1.187939698492e-04 2.200000000000e-01 1.187939698492e-04 2.829999992193e-01 1.187939698492e-04 2.200000000000e-01 1.187939698492e-04 5.700059698378e-02 1.187939698492e-04 2.200000000000e-01
1.193969849246e-04 2.200000000000e-01 1.193969849246e-04 2.829999993572e-01 1.193969849246e-04 2.200000000000e-01 1.193969849246e-04 5.700052715766e-02 1.193969849246e-04 2.200000000000e-01
1.200000000000e-04 2.200000000000e-01 1.200000000000e-04 2.829999994707e-01 1.200000000000e-04 2.200000000000e-01 1.200000000000e-04 5.700046549871e-02 1.200000000000e-04 2.200000000000e-01
