0.000000000000e+00 2.200000000000e-01 0.000000000000e+00 2.869997517315e-01 0.000000000000e+00 2.200000000000e-01 0.000000000000e+00 5.000042753908e-02 0.000000000000e+00 2.200000000000e-01
1.126166331658e-06 2.200000000000e-01 1.126166331658e-06 2.869997150070e-01 1.126166331658e-06 2.200000000000e-01 1.126166331658e-06 5.000048679261e-02 1.126166331658e-06 2.200000000000e-01
2.252332663317e-06 2.200000000000e-01 2.252332663317e-06 2.869996728230e-01 2.252332663317e-06 2.200000000000e-01 2.252332663317e-06 5.000055441149e-02 2.252332663317e-06 2.200000000000e-01
3.378498994975e-06 2.200000000000e-01 3.378498994975e-06 2.869996243643e-01 3.378498994975e-06 2.200000000000e-01 3.378498994975e-06 5.000063159690e-02 3.378498994975e-06 2.200000000000e-01
4.504665326633e-06 2.200000000000e-01 4.504665326633e-06 2.869995686933e-01 4.504665326633e-06 2.200000000000e-01 4.504665326633e-06 5.000071972509e-02 4.504665326633e-06 2.200000000000e-01
5.630831658291e-06 2.200000000000e-01 5.630831658291e-06 2.869995047318e-01 5.630831658291e-06 2.200000000000e-01 5.630831658291e-06 5.000082037323e-02 5.630831658291e-06 2.200000000000e-01
6.756997989950e-06 2.200000000000e-01 6.756997989950e-06 2.869994312400e-01 6.756997989950e-06 2.200000000000e-01 6.756997989950e-06 5.000093534914e-02 6.756997989950e-06 2.200000000000e-01
7.883164321608e-06 2.200000000000e-01 7.883164321608e-06 2.869993467917e-01 7.883164321608e-06 2.200000000000e-01 7.883164321608e-06 5.000106672538e-02 7.883164321608e-06 2.200000000000e-01
9.009330653266e-06 2.200000000000e-01 9.009330653266e-06 2.869992497466e-01 9.009330653266e-06 2.200000000000e-01 9.009330653266e-06 5.000121687858e-02 9.009330653266e-06 2.200000000000e-01
1.013549698492e-05 2.200000000000e-01 1.013549698492e-05 2.869991382178e-01 1.013549698492e-05 2.200000000000e-01 1.013549698492e-05 5.000138853447e-02 1.013549698492e-05 2.200000000000e-01
1.126166331658e-05 2.200000000000e-01 1.126166331658e-05 2.869990100349e-01 1.126166331658e-05 2.200000000000e-01 1.126166331658e-05 5.000158481984e-02 1.126166331658e-05 2.200000000000e-01
1.238782964824e-05 2.200000000000e-01 1.238782964824e-05 2.869988627009e-01 1.238782964824e-05 2.200000000000e-01 1.238782964824e-05 5.000180932217e-02 1.238782964824e-05 2.200000000000e-01
1.351399597990e-05 2.200000000000e-01 1.351399597990e-05 2.869986933432e-01 1.351399597990e-05 2.200000000000e-01 1.351399597990e-05 5.000206615830e-02 1.351399597990e-05 2.200000000000e-01
1.464016231156e-05 2.200000000000e-01 1.464016231156e-05 2.869984986567e-01 1.464016231156e-05 2.200000000000e-01 1.464016231156e-05 5.000236005334e-02 1.464016231156e-05 2.200000000000e-01
1.576632864322e-05 2.200000000000e-01 1.576632864322e-05 2.869982748388e-01 1.576632864322e-05 2.200000000000e-01 1.576632864322e-05 5.000269643149e-02 1.576632864322e-05 2.200000000000e-01
1.689249497487e-05 2.200000000000e-01 1.689249497487e-05 2.869980175139e-01 1.689249497487e-05 2.200000000000e-01 1.689249497487e-05 5.000308152056e-02 1.689249497487e-05 2.200000000000e-01
1.801866130653e-05 2.200000000000e-01 1.801866130653e-05 2.869977216470e-01 1.801866130653e-05 2.200000000000e-01 1.801866130653e-05 5.000352247222e-02 1.801866130653e-05 2.200000000000e-01
1.914482763819e-05 2.200000000000e-01 1.914482763819e-05 2.869973814441e-01 1.914482763819e-05 2.200000000000e-01 1.914482763819e-05 5.000402750030e-02 1.914482763819e-05 2.200000000000e-01
2.027099396985e-05 2.200000000000e-01 2.027099396985e-05 2.869969902377e-01 2.027099396985e-05 2.200000000000e-01 2.027099396985e-05 5.000460604013e-02 2.027099396985e-05 2.200000000000e-01
2.139716030151e-05 2.200000000000e-01 2.139716030151e-05 2.869965403540e-01 2.139716030151e-05 2.200000000000e-01 2.139716030151e-05 5.000526893177e-02 2.139716030151e-05 2.200000000000e-01
2.252332663317e-05 2.200000000000e-01 2.252332663317e-05 2.869960229614e-01 2.252332663317e-05 2.200000000000e-01 2.252332663317e-05 5.000602863102e-02 2.252332663317e-05 2.200000000000e-01
2.364949296482e-05 2.200000000000e-01 2.364949296482e-05 2.869954278953e-01 2.364949296482e-05 2.200000000000e-01 2.364949296482e-05 5.000689945230e-02 2.364949296482e-05 2.200000000000e-01
2.477565929648e-05 2.200000000000e-01 2.477565929648e-05 2.869947434561e-01 2.477565929648e-05 2.200000000000e-01 2.477565929648e-05 5.000789784828e-02 2.477565929648e-05 2.200000000000e-01
2.590182562814e-05 2.200000000000e-01 2.590182562814e-05 2.869939561769e-01 2.590182562814e-05 2.200000000000e-01 2.590182562814e-05 5.000904273180e-02 2.590182562814e-05 2.200000000000e-01
2.702799195980e-05 2.200000000000e-01 2.702799195980e-05 2.869930505563e-01 2.702799195980e-05 2.200000000000e-01 2.702799195980e-05 5.001035584655e-02 2.702799195980e-05 2.200000000000e-01
2.815415829146e-05 2.200000000000e-01 2.815415829146e-05 2.869920087504e-01 2.815415829146e-05 2.200000000000e-01 2.815415829146e-05 5.001186219381e-02 2.815415829146e-05 2.200000000000e-01
2.928032462312e-05 2.200000000000e-01 2.928032462312e-05 2.869908102179e-01 2.928032462312e-05 2.200000000000e-01 2.928032462312e-05 5.001359052394e-02 2.928032462312e-05 2.200000000000e-01
3.040649095477e-05 2.200000000000e-01 3.040649095477e-05 2.869894313120e-01 3.040649095477e-05 2.200000000000e-01 3.040649095477e-05 5.001557390215e-02 3.040649095477e-05 2.200000000000e-01
3.153265728643e-05 2.200000000000e-01 3.153265728643e-05 2.869878448099e-01 3.153265728643e-05 2.200000000000e-01 3.153265728643e-05 5.001785036011e-02 3.153265728643e-05 2.200000000000e-01
3.265882361809e-05 2.200000000000e-01 3.265882361809e-05 2.869860193718e-01 3.265882361809e-05 2.200000000000e-01 3.265882361809e-05 5.002046364613e-02 3.265882361809e-05 2.200000000000e-01
3.378498994975e-05 2.200000000000e-01 3.378498994975e-05 2.869839189172e-01 3.378498994975e-05 2.200000000000e-01 3.378498994975e-05 5.002346408895e-02 3.378498994975e-05 2.200000000000e-01
3.491115628141e-05 2.200000000000e-01 3.491115628141e-05 2.869815019078e-01 3.491115628141e-05 2.200000000000e-01 3.491115628141e-05 5.002690959227e-02 3.491115628141e-05 2.200000000000e-01
3.603732261307e-05 2.200000000000e-01 3.603732261307e-05 2.869787205211e-01 3.603732261307e-05 2.200000000000e-01 3.603732261307e-05 5.003086677965e-02 3.603732261307e-05 2.200000000000e-01
3.716348894472e-05 2.200000000000e-01 3.716348894472e-05 2.869755196997e-01 3.716348894472e-05 2.200000000000e-01 3.716348894472e-05 5.003541231238e-02 3.716348894472e-05 2.200000000000e-01
3.828965527638e-05 2.200000000000e-01 3.828965527638e-05 2.869718360575e-01 3.828965527638e-05 2.200000000000e-01 3.828965527638e-05 5.004063440634e-02 3.828965527638e-05 2.200000000000e-01
3.941582160804e-05 2.200000000000e-01 3.941582160804e-05 2.869675966204e-01 3.941582160804e-05 2.200000000000e-01 3.941582160804e-05 5.004663457747e-02 3.941582160804e-05 2.200000000000e-01
4.054198793970e-05 2.200000000000e-01 4.054198793970e-05 2.869627173780e-01 4.054198793970e-05 2.200000000000e-01 4.054198793970e-05 5.005352964989e-02 4.054198793970e-05 2.200000000000e-01
4.166815427136e-05 2.200000000000e-01 4.166815427136e-05 2.869571016173e-01 4.166815427136e-05 2.200000000000e-01 4.166815427136e-05 5.006145406564e-02 4.166815427136e-05 2.200000000000e-01
4.279432060302e-05 2.200000000000e-01 4.279432060302e-05 2.869506380074e-01 4.279432060302e-05 2.200000000000e-01 4.279432060302e-05 5.007056254037e-02 4.279432060302e-05 2.200000000000e-01
4.392048693467e-05 2.200000000000e-01 4.392048693467e-05 2.869431983966e-01 4.392048693467e-05 2.200000000000e-01 4.392048693467e-05 5.008103311578e-02 4.392048693467e-05 2.200000000000e-01
4.504665326633e-05 2.200000000000e-01 4.504665326633e-05 2.869346352821e-01 4.504665326633e-05 2.200000000000e-01 4.504665326633e-05 5.009307066625e-02 4.504665326633e-05 2.200000000000e-01
4.617281959799e-05 2.200000000000e-01 4.617281959799e-05 2.869247789026e-01 4.617281959799e-05 2.200000000000e-01 4.617281959799e-05 5.010691092530e-02 4.617281959799e-05 2.200000000000e-01
4.729898592965e-05 2.200000000000e-01 4.729898592965e-05 2.869134339005e-01 4.729898592965e-05 2.200000000000e-01 4.729898592965e-05 5.012282510570e-02 4.729898592965e-05 2.200000000000e-01
4.842515226131e-05 2.200000000000e-01 4.842515226131e-05 2.869003754922e-01 4.842515226131e-05 2.200000000000e-01 4.842515226131e-05 5.014112519689e-02 4.842515226131e-05 2.200000000000e-01
4.955131859296e-05 2.200000000000e-01 4.955131859296e-05 2.868853450762e-01 4.955131859296e-05 2.200000000000e-01 4.955131859296e-05 5.016217003350e-02 4.955131859296e-05 2.200000000000e-01
5.067748492462e-05 2.200000000000e-01 5.067748492462e-05 2.868680452012e-01 5.067748492462e-05 2.200000000000e-01 5.067748492462e-05 5.018637223981e-02 5.067748492462e-05 2.200000000000e-01
5.180365125628e-05 2.200000000000e-01 5.180365125628e-05 2.868481338050e-01 5.180365125628e-05 2.200000000000e-01 5.180365125628e-05 5.021420616677e-02 5.180365125628e-05 2.200000000000e-01
5.292981758794e-05 2.200000000000e-01 5.292981758794e-05 2.868252176274e-01 5.292981758794e-05 2.200000000000e-01 5.292981758794e-05 5.024621695027e-02 5.292981758794e-05 2.200000000000e-01
5.405598391960e-05 2.200000000000e-01 5.405598391960e-05 2.867988446864e-01 5.405598391960e-05 2.200000000000e-01 5.405598391960e-05 5.028303083099e-02 5.405598391960e-05 2.200000000000e-01
5.518215025126e-05 2.200000000000e-01 5.518215025126e-05 2.867684956967e-01 5.518215025126e-05 2.200000000000e-01 5.518215025126e-05 5.032536688815e-02 5.518215025126e-05 2.200000000000e-01
5.630831658291e-05 2.200000000000e-01 5.630831658291e-05 2.867335743010e-01 5.630831658291e-05 2.200000000000e-01 5.630831658291e-05 5.037405034864e-02 5.630831658291e-05 2.200000000000e-01
5.743448291457e-05 2.200000000000e-01 5.743448291457e-05 2.866933959682e-01 5.743448291457e-05 2.200000000000e-01 5.743448291457e-05 5.043002764062e-02 5.743448291457e-05 2.200000000000e-01
5.856064924623e-05 2.200000000000e-01 5.856064924623e-05 2.866471754098e-01 5.856064924623e-05 2.200000000000e-01 5.856064924623e-05 5.049438336331e-02 5.856064924623e-05 2.200000000000e-01
5.968681557789e-05 2.200000000000e-01 5.968681557789e-05 2.865940123532e-01 5.968681557789e-05 2.200000000000e-01 5.968681557789e-05 5.056835934053e-02 5.968681557789e-05 2.200000000000e-01
6.081298190955e-05 2.200000000000e-01 6.081298190955e-05 2.865328755110e-01 6.081298190955e-05 2.200000000000e-01 6.081298190955e-05 5.065337591242e-02 6.081298190955e-05 2.200000000000e-01
6.193914824121e-05 2.200000000000e-01 6.193914824121e-05 2.864625845872e-01 6.193914824121e-05 2.200000000000e-01 6.193914824121e-05 5.075105559198e-02 6.193914824121e-05 2.200000000000e-01
6.306531457286e-05 2.200000000000e-01 6.306531457286e-05 2.863817901726e-01 6.306531457286e-05 2.200000000000e-01 6.306531457286e-05 5.086324916748e-02 6.306531457286e-05 2.200000000000e-01
6.419148090452e-05 2.200000000000e-01 6.419148090452e-05 2.862889514043e-01 6.419148090452e-05 2.200000000000e-01 6.419148090452e-05 5.099206426015e-02 6.419148090452e-05 2.200000000000e-01
6.531764723618e-05 2.200000000000e-01 6.531764723618e-05 2.861823113075e-01 6.531764723618e-05 2.200000000000e-01 6.531764723618e-05 5.113989624179e-02 6.531764723618e-05 2.200000000000e-01
6.644381356784e-05 2.200000000000e-01 6.644381356784e-05 2.860598697958e-01 6.644381356784e-05 2.200000000000e-01 6.644381356784e-05 5.130946126913e-02 6.644381356784e-05 2.200000000000e-01
6.756997989950e-05 2.200000000000e-01 6.756997989950e-05 2.859193544037e-01 6.756997989950e-05 2.200000000000e-01 6.756997989950e-05 5.150383098823e-02 6.756997989950e-05 2.200000000000e-01
6.869614623116e-05 2.200000000000e-01 6.869614623116e-05 2.857581889519e-01 6.869614623116e-05 2.200000000000e-01 6.869614623116e-05 5.172646819111e-02 6.869614623116e-05 2.200000000000e-01
6.982231256281e-05 2.200000000000e-01 6.982231256281e-05 2.855734605269e-01 6.982231256281e-05 2.200000000000e-01 6.982231256281e-05 5.198126235234e-02 6.982231256281e-05 2.200000000000e-01
7.094847889447e-05 2.200000000000e-01 7.094847889447e-05 2.853618853972e-01 7.094847889447e-05 2.200000000000e-01 7.094847889447e-05 5.227256352202e-02 7.094847889447e-05 2.200000000000e-01
7.207464522613e-05 2.200000000000e-01 7.207464522613e-05 2.851197748005e-01 7.207464522613e-05 2.200000000000e-01 7.207464522613e-05 5.260521249051e-02 7.207464522613e-05 2.200000000000e-01
7.320081155779e-05 2.200000000000e-01 7.320081155779e-05 2.848430019380e-01 7.320081155779e-05 2.200000000000e-01 7.320081155779e-05 5.298456446280e-02 7.320081155779e-05 2.200000000000e-01
7.432697788945e-05 2.200000000000e-01 7.432697788945e-05 2.845269720075e-01 7.432697788945e-05 2.200000000000e-01 7.432697788945e-05 5.341650268949e-02 7.432697788945e-05 2.200000000000e-01
7.545314422111e-05 2.200000000000e-01 7.545314422111e-05 2.841665977130e-01 7.545314422111e-05 2.200000000000e-01 7.545314422111e-05 5.390743761679e-02 7.545314422111e-05 2.200000000000e-01
7.657931055276e-05 2.200000000000e-01 7.657931055276e-05 2.837562833909e-01 7.657931055276e-05 2.200000000000e-01 7.657931055276e-05 5.446428618569e-02 7.657931055276e-05 2.200000000000e-01
7.770547688442e-05 2.200000000000e-01 7.770547688442e-05 2.832899216899e-01 7.770547688442e-05 2.200000000000e-01 7.770547688442e-05 5.509442501312e-02 7.770547688442e-05 2.200000000000e-01
7.883164321608e-05 2.200000000000e-01 7.883164321608e-05 2.827609075857e-01 7.883164321608e-05 2.200000000000e-01 7.883164321608e-05 5.580561045594e-02 7.883164321608e-05 2.200000000000e-01
7.995780954774e-05 2.200000000000e-01 7.995780954774e-05 2.821621753381e-01 7.995780954774e-05 2.200000000000e-01 7.995780954774e-05 5.660585818101e-02 7.995780954774e-05 2.200000000000e-01
8.108397587940e-05 2.200000000000e-01 8.108397587940e-05 2.814862646997e-01 8.108397587940e-05 2.200000000000e-01 8.108397587940e-05 5.750327509442e-02 8.108397587940e-05 2.200000000000e-01
8.221014221106e-05 2.200000000000e-01 8.221014221106e-05 2.807254230965e-01 8.221014221106e-05 2.200000000000e-01 8.221014221106e-05 5.850583762743e-02 8.221014221106e-05 2.200000000000e-01
8.333630854271e-05 2.200000000000e-01 8.333630854271e-05 2.798717504120e-01 8.333630854271e-05 2.200000000000e-01 8.333630854271e-05 5.962111277603e-02 8.333630854271e-05 2.200000000000e-01
8.446247487437e-05 2.200000000000e-01 8.446247487437e-05 2.789173921410e-01 8.446247487437e-05 2.200000000000e-01 8.446247487437e-05 6.085592225714e-02 8.446247487437e-05 2.200000000000e-01
8.558864120603e-05 2.200000000000e-01 8.558864120603e-05 2.778547847488e-01 8.558864120603e-05 2.200000000000e-01 8.558864120603e-05 6.221595587892e-02 8.558864120603e-05 2.200000000000e-01
8.671480753769e-05 2.200000000000e-01 8.671480753769e-05 2.766769537726e-01 8.671480753769e-05 2.200000000000e-01 8.671480753769e-05 6.370534768938e-02 8.671480753769e-05 2.200000000000e-01
8.784097386935e-05 2.200000000000e-01 8.784097386935e-05 2.753778603387e-01 8.784097386935e-05 2.200000000000e-01 8.784097386935e-05 6.532623725773e-02 8.784097386935e-05 2.200000000000e-01
8.896714020101e-05 2.200000000000e-01 8.896714020101e-05 2.739527853157e-01 8.896714020101e-05 2.200000000000e-01 8.896714020101e-05 6.707834765119e-02 8.896714020101e-05 2.200000000000e-01
9.009330653266e-05 2.200000000000e-01 9.009330653266e-05 2.723987325584e-01 9.009330653266e-05 2.200000000000e-01 9.009330653266e-05 6.895861984823e-02 9.009330653266e-05 2.200000000000e-01
9.121947286432e-05 2.200000000000e-01 9.121947286432e-05 2.707148243373e-01 9.121947286432e-05 2.200000000000e-01 9.121947286432e-05 7.096094858085e-02 9.121947286432e-05 2.200000000000e-01
9.234563919598e-05 2.200000000000e-01 9.234563919598e-05 2.689026542607e-01 9.234563919598e-05 2.200000000000e-01 9.234563919598e-05 7.307606486676e-02 9.234563919598e-05 2.200000000000e-01
9.347180552764e-05 2.200000000000e-01 9.347180552764e-05 2.669665574207e-01 9.347180552764e-05 2.200000000000e-01 9.347180552764e-05 7.529160405439e-02 9.347180552764e-05 2.200000000000e-01
9.459797185930e-05 2.200000000000e-01 9.459797185930e-05 2.649137559552e-01 9.459797185930e-05 2.200000000000e-01 9.459797185930e-05 7.759238427736e-02 9.459797185930e-05 2.200000000000e-01
9.572413819095e-05 2.200000000000e-01 9.572413819095e-05 2.627543424024e-01 9.572413819095e-05 2.200000000000e-01 9.572413819095e-05 7.996089952008e-02 9.572413819095e-05 2.200000000000e-01
9.685030452261e-05 2.200000000000e-01 9.685030452261e-05 2.605010741092e-01 9.685030452261e-05 2.200000000000e-01 9.685030452261e-05 8.237800650813e-02 9.685030452261e-05 2.200000000000e-01
9.797647085427e-05 2.200000000000e-01 9.797647085427e-05 2.581689693120e-01 9.797647085427e-05 2.200000000000e-01 9.797647085427e-05 8.482375935380e-02 9.797647085427e-05 2.200000000000e-01
9.910263718593e-05 2.200000000000e-01 9.910263718593e-05 2.557747175695e-01 9.910263718593e-05 2.200000000000e-01 9.910263718593e-05 8.727832503028e-02 9.910263718593e-05 2.200000000000e-01
1.002288035176e-04 2.200000000000e-01 1.002288035176e-04 2.533359407583e-01 1.002288035176e-04 2.200000000000e-01 1.002288035176e-04 8.972290058036e-02 1.002288035176e-04 2.200000000000e-01
1.013549698492e-04 2.200000000000e-01 1.013549698492e-04 2.508703616931e-01 1.013549698492e-04 2.200000000000e-01 1.013549698492e-04 9.214055209277e-02 1.013549698492e-04 2.200000000000e-01
1.024811361809e-04 2.200000000000e-01 1.024811361809e-04 2.483949515423e-01 1.024811361809e-04 2.200000000000e-01 1.024811361809e-04 9.451690607518e-02 1.024811361809e-04 2.200000000000e-01
1.036073025126e-04 2.200000000000e-01 1.036073025126e-04 2.459251316223e-01 1.036073025126e-04 2.200000000000e-01 1.036073025126e-04 9.684064360848e-02 1.036073025126e-04 2.200000000000e-01
1.047334688442e-04 2.200000000000e-01 1.047334688442e-04 2.434740989701e-01 1.047334688442e-04 2.200000000000e-01 1.047334688442e-04 9.910377248652e-02 1.047334688442e-04 2.200000000000e-01
1.058596351759e-04 2.200000000000e-01 1.058596351759e-04 2.410523296125e-01 1.058596351759e-04 2.200000000000e-01 1.058596351759e-04 1.013016777127e-01 1.058596351759e-04 2.200000000000e-01
1.069858015075e-04 2.200000000000e-01 1.069858015075e-04 2.386672918852e-01 1.069858015075e-04 2.200000000000e-01 1.069858015075e-04 1.034329721165e-01 1.069858015075e-04 2.200000000000e-01
1.081119678392e-04 2.200000000000e-01 1.081119678392e-04 2.363233786039e-01 1.081119678392e-04 2.200000000000e-01 1.081119678392e-04 1.054991837926e-01 1.081119678392e-04 2.200000000000e-01
1.092381341709e-04 2.200000000000e-01 1.092381341709e-04 2.340220453160e-01 1.092381341709e-04 2.200000000000e-01 1.092381341709e-04 1.075043246417e-01 1.092381341709e-04 2.200000000000e-01
1.103643005025e-04 2.200000000000e-01 1.103643005025e-04 2.317621251588e-01 1.103643005025e-04 2.200000000000e-01 1.103643005025e-04 1.094543851400e-01 1.103643005025e-04 2.200000000000e-01
1.114904668342e-04 2.200000000000e-01 1.114904668342e-04 2.295402803953e-01 1.114904668342e-04 2.200000000000e-01 1.114904668342e-04 1.113567962473e-01 1.114904668342e-04 2.200000000000e-01
1.126166331658e-04 2.200000000000e-01 1.126166331658e-04 2.273515464139e-01 1.126166331658e-04 2.200000000000e-01 1.126166331658e-04 1.132198921268e-01 1.126166331658e-04 2.200000000000e-01
1.137427994975e-04 2.200000000000e-01 1.137427994975e-04 2.251899246968e-01 1.137427994975e-04 2.200000000000e-01 1.137427994975e-04 1.150523990404e-01 1.137427994975e-04 2.200000000000e-01
1.148689658291e-04 2.200000000000e-01 1.148689658291e-04 2.230489853072e-01 1.148689658291e-04 2.200000000000e-01 1.148689658291e-04 1.168629678796e-01 1.148689658291e-04 2.200000000000e-01
1.159951321608e-04 2.200000000000e-01 1.159951321608e-04 2.209224451504e-01 1.159951321608e-04 2.200000000000e-01 1.159951321608e-04 1.186597612263e-01 1.159951321608e-04 2.200000000000e-01
1.171212984925e-04 2.200000000000e-01 1.171212984925e-04 2.188046943176e-01 1.171212984925e-04 2.200000000000e-01 1.171212984925e-04 1.204501009972e-01 1.171212984925e-04 2.200000000000e-01
1.182474648241e-04 2.200000000000e-01 1.182474648241e-04 2.166912484641e-01 1.182474648241e-04 2.200000000000e-01 1.182474648241e-04 1.222401795643e-01 1.182474648241e-04 2.200000000000e-01
1.193736311558e-04 2.200000000000e-01 1.193736311558e-04 2.145791101680e-01 1.193736311558e-04 2.200000000000e-01 1.193736311558e-04 1.240348354667e-01 1.193736311558e-04 2.200000000000e-01
1.204997974874e-04 2.200000000000e-01 1.204997974874e-04 2.124670267383e-01 1.204997974874e-04 2.200000000000e-01 1.204997974874e-04 1.258373939563e-01 1.204997974874e-04 2.200000000000e-01
1.216259638191e-04 2.200000000000e-01 1.216259638191e-04 2.103556363839e-01 1.216259638191e-04 2.200000000000e-01 1.216259638191e-04 1.276495721849e-01 1.216259638191e-04 2.200000000000e-01
1.227521301508e-04 2.200000000000e-01 1.227521301508e-04 2.082474994288e-01 1.227521301508e-04 2.200000000000e-01 1.227521301508e-04 1.294714483981e-01 1.227521301508e-04 2.200000000000e-01
1.238782964824e-04 2.200000000000e-01 1.238782964824e-04 2.061470166106e-01 1.238782964824e-04 2.200000000000e-01 1.238782964824e-04 1.313014937289e-01 1.238782964824e-04 2.200000000000e-01
1.250044628141e-04 2.200000000000e-01 1.250044628141e-04 2.040602424031e-01 1.250044628141e-04 2.200000000000e-01 1.250044628141e-04 1.331366639097e-01 1.250044628141e-04 2.200000000000e-01
1.261306291457e-04 2.200000000000e-01 1.261306291457e-04 2.019946074200e-01 1.261306291457e-04 2.200000000000e-01 1.261306291457e-04 1.349725464188e-01 1.261306291457e-04 2.200000000000e-01
1.272567954774e-04 2.200000000000e-01 1.272567954774e-04 1.999585696845e-01 1.272567954774e-04 2.200000000000e-01 1.272567954774e-04 1.368035563733e-01 1.272567954774e-04 2.200000000000e-01
1.283829618090e-04 2.200000000000e-01 1.283829618090e-04 1.979612191383e-01 1.283829618090e-04 2.200000000000e-01 1.283829618090e-04 1.386231721377e-01 1.283829618090e-04 2.200000000000e-01
1.295091281407e-04 2.200000000000e-01 1.295091281407e-04 1.960118625167e-01 1.295091281407e-04 2.200000000000e-01 1.295091281407e-04 1.404241994458e-01 1.295091281407e-04 2.200000000000e-01
1.306352944724e-04 2.200000000000e-01 1.306352944724e-04 1.941196161253e-01 1.306352944724e-04 2.200000000000e-01 1.306352944724e-04 1.421990511809e-01 1.306352944724e-04 2.200000000000e-01
1.317614608040e-04 2.200000000000e-01 1.317614608040e-04 1.922930319678e-01 1.317614608040e-04 2.200000000000e-01 1.317614608040e-04 1.439400291120e-01 1.317614608040e-04 2.200000000000e-01
1.328876271357e-04 2.200000000000e-01 1.328876271357e-04 1.905397783255e-01 1.328876271357e-04 2.200000000000e-01 1.328876271357e-04 1.456395940224e-01 1.328876271357e-04 2.200000000000e-01
1.340137934673e-04 2.200000000000e-01 1.340137934673e-04 1.888663898582e-01 1.340137934673e-04 2.200000000000e-01 1.340137934673e-04 1.472906118387e-01 1.340137934673e-04 2.200000000000e-01
1.351399597990e-04 2.200000000000e-01 1.351399597990e-04 1.872780954090e-01 1.351399597990e-04 2.200000000000e-01 1.351399597990e-04 1.488865654720e-01 1.351399597990e-04 2.200000000000e-01
1.362661261307e-04 2.200000000000e-01 1.362661261307e-04 1.857787248129e-01 1.362661261307e-04 2.200000000000e-01 1.362661261307e-04 1.504217248836e-01 1.362661261307e-04 2.200000000000e-01
1.373922924623e-04 2.200000000000e-01 1.373922924623e-04 1.843706899323e-01 1.373922924623e-04 2.200000000000e-01 1.373922924623e-04 1.518912710779e-01 1.373922924623e-04 2.200000000000e-01
1.385184587940e-04 2.200000000000e-01 1.385184587940e-04 1.830550304210e-01 1.385184587940e-04 2.200000000000e-01 1.385184587940e-04 1.532913729592e-01 1.385184587940e-04 2.200000000000e-01
1.396446251256e-04 2.200000000000e-01 1.396446251256e-04 1.818315116552e-01 1.396446251256e-04 2.200000000000e-01 1.396446251256e-04 1.546192189534e-01 1.396446251256e-04 2.200000000000e-01
1.407707914573e-04 2.200000000000e-01 1.407707914573e-04 1.806987608670e-01 1.407707914573e-04 2.200000000000e-01 1.407707914573e-04 1.558730077367e-01 1.407707914573e-04 2.200000000000e-01
1.418969577889e-04 2.200000000000e-01 1.418969577889e-04 1.796544275939e-01 1.418969577889e-04 2.200000000000e-01 1.418969577889e-04 1.570519041877e-01 1.418969577889e-04 2.200000000000e-01
1.430231241206e-04 2.200000000000e-01 1.430231241206e-04 1.786953557595e-01 1.430231241206e-04 2.200000000000e-01 1.430231241206e-04 1.581559677200e-01 1.430231241206e-04 2.200000000000e-01
1.441492904523e-04 2.200000000000e-01 1.441492904523e-04 1.778177566536e-01 1.441492904523e-04 2.200000000000e-01 1.441492904523e-04 1.591860605131e-01 1.441492904523e-04 2.200000000000e-01
1.452754567839e-04 2.200000000000e-01 1.452754567839e-04 1.770173744010e-01 1.452754567839e-04 2.200000000000e-01 1.452754567839e-04 1.601437429216e-01 1.452754567839e-04 2.200000000000e-01
1.464016231156e-04 2.200000000000e-01 1.464016231156e-04 1.762896378860e-01 1.464016231156e-04 2.200000000000e-01 1.464016231156e-04 1.610311626662e-01 1.464016231156e-04 2.200000000000e-01
1.475277894472e-04 2.200000000000e-01 1.475277894472e-04 1.756297953067e-01 1.475277894472e-04 2.200000000000e-01 1.475277894472e-04 1.618509434366e-01 1.475277894472e-04 2.200000000000e-01
1.486539557789e-04 2.200000000000e-01 1.486539557789e-04 1.750330294242e-01 1.486539557789e-04 2.200000000000e-01 1.486539557789e-04 1.626060774132e-01 1.486539557789e-04 2.200000000000e-01
1.497801221106e-04 2.200000000000e-01 1.497801221106e-04 1.744945530826e-01 1.497801221106e-04 2.200000000000e-01 1.497801221106e-04 1.632998250684e-01 1.497801221106e-04 2.200000000000e-01
1.509062884422e-04 2.200000000000e-01 1.509062884422e-04 1.740096856976e-01 1.509062884422e-04 2.200000000000e-01 1.509062884422e-04 1.639356245286e-01 1.509062884422e-04 2.200000000000e-01
1.520324547739e-04 2.200000000000e-01 1.520324547739e-04 1.735739121727e-01 1.520324547739e-04 2.200000000000e-01 1.520324547739e-04 1.645170118208e-01 1.520324547739e-04 2.200000000000e-01
1.531586211055e-04 2.200000000000e-01 1.531586211055e-04 1.731829261586e-01 1.531586211055e-04 2.200000000000e-01 1.531586211055e-04 1.650475525408e-01 1.531586211055e-04 2.200000000000e-01
1.542847874372e-04 2.200000000000e-01 1.542847874372e-04 1.728326597866e-01 1.542847874372e-04 2.200000000000e-01 1.542847874372e-04 1.655307848534e-01 1.542847874372e-04 2.200000000000e-01
1.554109537688e-04 2.200000000000e-01 1.554109537688e-04 1.725193020385e-01 1.554109537688e-04 2.200000000000e-01 1.554109537688e-04 1.659701732827e-01 1.554109537688e-04 2.200000000000e-01
1.565371201005e-04 2.200000000000e-01 1.565371201005e-04 1.722393078238e-01 1.565371201005e-04 2.200000000000e-01 1.565371201005e-04 1.663690724388e-01 1.565371201005e-04 2.200000000000e-01
1.576632864322e-04 2.200000000000e-01 1.576632864322e-04 1.719893996599e-01 1.576632864322e-04 2.200000000000e-01 1.576632864322e-04 1.667306996426e-01 1.576632864322e-04 2.200000000000e-01
1.587894527638e-04 2.200000000000e-01 1.587894527638e-04 1.717665636380e-01 1.587894527638e-04 2.200000000000e-01 1.587894527638e-04 1.670581153254e-01 1.587894527638e-04 2.200000000000e-01
1.599156190955e-04 2.200000000000e-01 1.599156190955e-04 1.715680411204e-01 1.599156190955e-04 2.200000000000e-01 1.599156190955e-04 1.673542100693e-01 1.599156190955e-04 2.200000000000e-01
1.610417854271e-04 2.200000000000e-01 1.610417854271e-04 1.713913173882e-01 1.610417854271e-04 2.200000000000e-01 1.610417854271e-04 1.676216971971e-01 1.610417854271e-04 2.200000000000e-01
1.621679517588e-04 2.200000000000e-01 1.621679517588e-04 1.712341082387e-01 1.621679517588e-04 2.200000000000e-01 1.621679517588e-04 1.678631098992e-01 1.621679517588e-04 2.200000000000e-01
1.632941180905e-04 2.200000000000e-01 1.632941180905e-04 1.710943453369e-01 1.632941180905e-04 2.200000000000e-01 1.632941180905e-04 1.680808019869e-01 1.632941180905e-04 2.200000000000e-01
1.644202844221e-04 2.200000000000e-01 1.644202844221e-04 1.709701609549e-01 1.644202844221e-04 2.200000000000e-01 1.644202844221e-04 1.682769514678e-01 1.644202844221e-04 2.200000000000e-01
1.655464507538e-04 2.200000000000e-01 1.655464507538e-04 1.708598725840e-01 1.655464507538e-04 2.200000000000e-01 1.655464507538e-04 1.684535662520e-01 1.655464507538e-04 2.200000000000e-01
1.666726170854e-04 2.200000000000e-01 1.666726170854e-04 1.707619677858e-01 1.666726170854e-04 2.200000000000e-01 1.666726170854e-04 1.686124914044e-01 1.666726170854e-04 2.200000000000e-01
1.677987834171e-04 2.200000000000e-01 1.677987834171e-04 1.706750895437e-01 1.677987834171e-04 2.200000000000e-01 1.677987834171e-04 1.687554174562e-01 1.677987834171e-04 2.200000000000e-01
1.689249497487e-04 2.200000000000e-01 1.689249497487e-04 1.705980222977e-01 1.689249497487e-04 2.200000000000e-01 1.689249497487e-04 1.688838893804e-01 1.689249497487e-04 2.200000000000e-01
1.700511160804e-04 2.200000000000e-01 1.700511160804e-04 1.705296787812e-01 1.700511160804e-04 2.200000000000e-01 1.700511160804e-04 1.689993159115e-01 1.700511160804e-04 2.200000000000e-01
1.711772824121e-04 2.200000000000e-01 1.711772824121e-04 1.704690877263e-01 1.711772824121e-04 2.200000000000e-01 1.711772824121e-04 1.691029789605e-01 1.711772824121e-04 2.200000000000e-01
1.723034487437e-04 2.200000000000e-01 1.723034487437e-04 1.704153824696e-01 1.723034487437e-04 2.200000000000e-01 1.723034487437e-04 1.691960429327e-01 1.723034487437e-04 2.200000000000e-01
1.734296150754e-04 2.200000000000e-01 1.734296150754e-04 1.703677904576e-01 1.734296150754e-04 2.200000000000e-01 1.734296150754e-04 1.692795638030e-01 1.734296150754e-04 2.200000000000e-01
1.745557814070e-04 2.200000000000e-01 1.745557814070e-04 1.703256236341e-01 1.745557814070e-04 2.200000000000e-01 1.745557814070e-04 1.693544978457e-01 1.745557814070e-04 2.200000000000e-01
1.756819477387e-04 2.200000000000e-01 1.756819477387e-04 1.702882696748e-01 1.756819477387e-04 2.200000000000e-01 1.756819477387e-04 1.694217099453e-01 1.756819477387e-04 2.200000000000e-01
1.768081140704e-04 2.200000000000e-01 1.768081140704e-04 1.702551840258e-01 1.768081140704e-04 2.200000000000e-01 1.768081140704e-04 1.694819814425e-01 1.768081140704e-04 2.200000000000e-01
1.779342804020e-04 2.200000000000e-01 1.779342804020e-04 1.702258826965e-01 1.779342804020e-04 2.200000000000e-01 1.779342804020e-04 1.695360174892e-01 1.779342804020e-04 2.200000000000e-01
1.790604467337e-04 2.200000000000e-01 1.790604467337e-04 1.701999357540e-01 1.790604467337e-04 2.200000000000e-01 1.790604467337e-04 1.695844539032e-01 1.790604467337e-04 2.200000000000e-01
1.801866130653e-04 2.200000000000e-01 1.801866130653e-04 1.701769614659e-01 1.801866130653e-04 2.200000000000e-01 1.801866130653e-04 1.696278635230e-01 1.801866130653e-04 2.200000000000e-01
1.813127793970e-04 2.200000000000e-01 1.813127793970e-04 1.701566210378e-01 1.813127793970e-04 2.200000000000e-01 1.813127793970e-04 1.696667620745e-01 1.813127793970e-04 2.200000000000e-01
1.824389457286e-04 2.200000000000e-01 1.824389457286e-04 1.701386138942e-01 1.824389457286e-04 2.200000000000e-01 1.824389457286e-04 1.697016135667e-01 1.824389457286e-04 2.200000000000e-01
1.835651120603e-04 2.200000000000e-01 1.835651120603e-04 1.701226734539e-01 1.835651120603e-04 2.200000000000e-01 1.835651120603e-04 1.697328352387e-01 1.835651120603e-04 2.200000000000e-01
1.846912783920e-04 2.200000000000e-01 1.846912783920e-04 1.701085633529e-01 1.846912783920e-04 2.200000000000e-01 1.846912783920e-04 1.697608020817e-01 1.846912783920e-04 2.200000000000e-01
1.858174447236e-04 2.200000000000e-01 1.858174447236e-04 1.700960740725e-01 1.858174447236e-04 2.200000000000e-01 1.858174447236e-04 1.697858509623e-01 1.858174447236e-04 2.200000000000e-01
1.869436110553e-04 2.200000000000e-01 1.869436110553e-04 1.700850199317e-01 1.869436110553e-04 2.200000000000e-01 1.869436110553e-04 1.698082843751e-01 1.869436110553e-04 2.200000000000e-01
1.880697773869e-04 2.200000000000e-01 1.880697773869e-04 1.700752364074e-01 1.880697773869e-04 2.200000000000e-01 1.880697773869e-04 1.698283738509e-01 1.880697773869e-04 2.200000000000e-01
1.891959437186e-04 2.200000000000e-01 1.891959437186e-04 1.700665777489e-01 1.891959437186e-04 2.200000000000e-01 1.891959437186e-04 1.698463630468e-01 1.891959437186e-04 2.200000000000e-01
1.903221100503e-04 2.200000000000e-01 1.903221100503e-04 1.700589148556e-01 1.903221100503e-04 2.200000000000e-01 1.903221100503e-04 1.698624705435e-01 1.903221100503e-04 2.200000000000e-01
1.914482763819e-04 2.200000000000e-01 1.914482763819e-04 1.700521333905e-01 1.914482763819e-04 2.200000000000e-01 1.914482763819e-04 1.698768923759e-01 1.914482763819e-04 2.200000000000e-01
1.925744427136e-04 2.200000000000e-01 1.925744427136e-04 1.700461321037e-01 1.925744427136e-04 2.200000000000e-01 1.925744427136e-04 1.698898043172e-01 1.925744427136e-04 2.200000000000e-01
1.937006090452e-04 2.200000000000e-01 1.937006090452e-04 1.700408213437e-01 1.937006090452e-04 2.200000000000e-01 1.937006090452e-04 1.699013639409e-01 1.937006090452e-04 2.200000000000e-01
1.948267753769e-04 2.200000000000e-01 1.948267753769e-04 1.700361217363e-01 1.948267753769e-04 2.200000000000e-01 1.948267753769e-04 1.699117124790e-01 1.948267753769e-04 2.200000000000e-01
1.959529417085e-04 2.200000000000e-01 1.959529417085e-04 1.700319630121e-01 1.959529417085e-04 2.200000000000e-01 1.959529417085e-04 1.699209764958e-01 1.959529417085e-04 2.200000000000e-01
1.970791080402e-04 2.200000000000e-01 1.970791080402e-04 1.700282829662e-01 1.970791080402e-04 2.200000000000e-01 1.970791080402e-04 1.699292693946e-01 1.970791080402e-04 2.200000000000e-01
1.982052743719e-04 2.200000000000e-01 1.982052743719e-04 1.700250265364e-01 1.982052743719e-04 2.200000000000e-01 1.982052743719e-04 1.699366927728e-01 1.982052743719e-04 2.200000000000e-01
1.993314407035e-04 2.200000000000e-01 1.993314407035e-04 1.700221449856e-01 1.993314407035e-04 2.200000000000e-01 1.993314407035e-04 1.699433376408e-01 1.993314407035e-04 2.200000000000e-01
2.004576070352e-04 2.200000000000e-01 2.004576070352e-04 1.700195951771e-01 2.004576070352e-04 2.200000000000e-01 2.004576070352e-04 1.699492855161e-01 2.004576070352e-04 2.200000000000e-01
2.015837733668e-04 2.200000000000e-01 2.015837733668e-04 1.700173389330e-01 2.015837733668e-04 2.200000000000e-01 2.015837733668e-04 1.699546094070e-01 2.015837733668e-04 2.200000000000e-01
2.027099396985e-04 2.200000000000e-01 2.027099396985e-04 1.700153424650e-01 2.027099396985e-04 2.200000000000e-01 2.027099396985e-04 1.699593746954e-01 2.027099396985e-04 2.200000000000e-01
2.038361060302e-04 2.200000000000e-01 2.038361060302e-04 1.700135758709e-01 2.038361060302e-04 2.200000000000e-01 2.038361060302e-04 1.699636399291e-01 2.038361060302e-04 2.200000000000e-01
2.049622723618e-04 2.200000000000e-01 2.049622723618e-04 1.700120126881e-01 2.049622723618e-04 2.200000000000e-01 2.049622723618e-04 1.699674575327e-01 2.049622723618e-04 2.200000000000e-01
2.060884386935e-04 2.200000000000e-01 2.060884386935e-04 1.700106294989e-01 2.060884386935e-04 2.200000000000e-01 2.060884386935e-04 1.699708744453e-01 2.060884386935e-04 2.200000000000e-01
2.072146050251e-04 2.200000000000e-01 2.072146050251e-04 1.700094055801e-01 2.072146050251e-04 2.200000000000e-01 2.072146050251e-04 1.699739326921e-01 2.072146050251e-04 2.200000000000e-01
2.083407713568e-04 2.200000000000e-01 2.083407713568e-04 1.700083225938e-01 2.083407713568e-04 2.200000000000e-01 2.083407713568e-04 1.699766698974e-01 2.083407713568e-04 2.200000000000e-01
2.094669376884e-04 2.200000000000e-01 2.094669376884e-04 1.700073643126e-01 2.094669376884e-04 2.200000000000e-01 2.094669376884e-04 1.699791197438e-01 2.094669376884e-04 2.200000000000e-01
2.105931040201e-04 2.200000000000e-01 2.105931040201e-04 1.700065163771e-01 2.105931040201e-04 2.200000000000e-01 2.105931040201e-04 1.699813123843e-01 2.105931040201e-04 2.200000000000e-01
2.117192703518e-04 2.200000000000e-01 2.117192703518e-04 1.700057660812e-01 2.117192703518e-04 2.200000000000e-01 2.117192703518e-04 1.699832748109e-01 2.117192703518e-04 2.200000000000e-01
2.128454366834e-04 2.200000000000e-01 2.128454366834e-04 1.700051021814e-01 2.128454366834e-04 2.200000000000e-01 2.128454366834e-04 1.699850311859e-01 2.128454366834e-04 2.200000000000e-01
2.139716030151e-04 2.200000000000e-01 2.139716030151e-04 1.700045147291e-01 2.139716030151e-04 2.200000000000e-01 2.139716030151e-04 1.699866031374e-01 2.139716030151e-04 2.200000000000e-01
2.150977693467e-04 2.200000000000e-01 2.150977693467e-04 1.700039949208e-01 2.150977693467e-04 2.200000000000e-01 2.150977693467e-04 1.699880100249e-01 2.150977693467e-04 2.200000000000e-01
2.162239356784e-04 2.200000000000e-01 2.162239356784e-04 1.700035349672e-01 2.162239356784e-04 2.200000000000e-01 2.162239356784e-04 1.699892691771e-01 2.162239356784e-04 2.200000000000e-01
2.173501020101e-04 2.200000000000e-01 2.173501020101e-04 1.700031279755e-01 2.173501020101e-04 2.200000000000e-01 2.173501020101e-04 1.699903961043e-01 2.173501020101e-04 2.200000000000e-01
2.184762683417e-04 2.200000000000e-01 2.184762683417e-04 1.700027678469e-01 2.184762683417e-04 2.200000000000e-01 2.184762683417e-04 1.699914046892e-01 2.184762683417e-04 2.200000000000e-01
2.196024346734e-04 2.200000000000e-01 2.196024346734e-04 1.700024491849e-01 2.196024346734e-04 2.200000000000e-01 2.196024346734e-04 1.699923073575e-01 2.196024346734e-04 2.200000000000e-01
2.207286010050e-04 2.200000000000e-01 2.207286010050e-04 1.700021672144e-01 2.207286010050e-04 2.200000000000e-01 2.207286010050e-04 1.699931152308e-01 2.207286010050e-04 2.200000000000e-01
2.218547673367e-04 2.200000000000e-01 2.218547673367e-04 1.700019177102e-01 2.218547673367e-04 2.200000000000e-01 2.218547673367e-04 1.699938382632e-01 2.218547673367e-04 2.200000000000e-01
2.229809336683e-04 2.200000000000e-01 2.229809336683e-04 1.700016969338e-01 2.229809336683e-04 2.200000000000e-01 2.229809336683e-04 1.699944853637e-01 2.229809336683e-04 2.200000000000e-01
2.241071000000e-04 2.200000000000e-01 2.241071000000e-04 1.700015015772e-01 2.241071000000e-04 2.200000000000e-01 2.241071000000e-04 1.699950645061e-01 2.241071000000e-04 2.200000000000e-01
