0.000000000000e+00 2.300000000000e-01 0.000000000000e+00 2.420000000000e-01 0.000000000000e+00 2.999964614952e-01 0.000000000000e+00 1.150000000000e-01 0.000000000000e+00 1.200075243945e-01
7.778984924623e-07 2.300000000000e-01 7.778984924623e-07 2.420000000000e-01 7.778984924623e-07 2.999960975775e-01 7.778984924623e-07 1.150000000000e-01 7.778984924623e-07 1.200081763253e-01
1.555796984925e-06 2.300000000000e-01 1.555796984925e-06 2.420000000000e-01 1.555796984925e-06 2.999956962130e-01 1.555796984925e-06 1.150000000000e-01 1.555796984925e-06 1.200088847352e-01
2.333695477387e-06 2.300000000000e-01 2.333695477387e-06 2.420000000000e-01 2.333695477387e-06 2.999952535450e-01 2.333695477387e-06 1.150000000000e-01 2.333695477387e-06 1.200096545163e-01
3.111593969849e-06 2.300000000000e-01 3.111593969849e-06 2.420000000000e-01 3.111593969849e-06 2.999947653189e-01 3.111593969849e-06 1.150000000000e-01 3.111593969849e-06 1.200104909842e-01
3.889492462312e-06 2.300000000000e-01 3.889492462312e-06 2.420000000000e-01 3.889492462312e-06 2.999942268412e-01 3.889492462312e-06 1.150000000000e-01 3.889492462312e-06 1.200113999146e-01
4.667390954774e-06 2.300000000000e-01 4.667390954774e-06 2.420000000000e-01 4.667390954774e-06 2.999936329342e-01 4.667390954774e-06 1.150000000000e-01 4.667390954774e-06 1.200123875831e-01
5.445289447236e-06 2.300000000000e-01 5.445289447236e-06 2.420000000000e-01 5.445289447236e-06 2.999929778853e-01 5.445289447236e-06 1.150000000000e-01 5.445289447236e-06 1.200134608087e-01
6.223187939698e-06 2.300000000000e-01 6.223187939698e-06 2.420000000000e-01 6.223187939698e-06 2.999922553924e-01 6.223187939698e-06 1.150000000000e-01 6.223187939698e-06 1.200146270004e-01
7.001086432161e-06 2.300000000000e-01 7.001086432161e-06 2.420000000000e-01 7.001086432161e-06 2.999914585022e-01 7.001086432161e-06 1.150000000000e-01 7.001086432161e-06 1.200158942087e-01
7.778984924623e-06 2.300000000000e-01 7.778984924623e-06 2.420000000000e-01 7.778984924623e-06 2.999905795430e-01 7.778984924623e-06 1.150000000000e-01 7.778984924623e-06 1.200172711804e-01
8.556883417085e-06 2.300000000000e-01 8.556883417085e-06 2.420000000000e-01 8.556883417085e-06 2.999896100503e-01 8.556883417085e-06 1.150000000000e-01 8.556883417085e-06 1.200187674193e-01
9.334781909548e-06 2.300000000000e-01 9.334781909548e-06 2.420000000000e-01 9.334781909548e-06 2.999885406840e-01 9.334781909548e-06 1.150000000000e-01 9.334781909548e-06 1.200203932512e-01
1.011268040201e-05 2.300000000000e-01 1.011268040201e-05 2.420000000000e-01 1.011268040201e-05 2.999873611383e-01 1.011268040201e-05 1.150000000000e-01 1.011268040201e-05 1.200221598954e-01
1.089057889447e-05 2.300000000000e-01 1.089057889447e-05 2.420000000000e-01 1.089057889447e-05 2.999860600404e-01 1.089057889447e-05 1.150000000000e-01 1.089057889447e-05 1.200240795411e-01
1.166847738693e-05 2.300000000000e-01 1.166847738693e-05 2.420000000000e-01 1.166847738693e-05 2.999846248405e-01 1.166847738693e-05 1.150000000000e-01 1.166847738693e-05 1.200261654319e-01
1.244637587940e-05 2.300000000000e-01 1.244637587940e-05 2.420000000000e-01 1.244637587940e-05 2.999830416887e-01 1.244637587940e-05 1.150000000000e-01 1.244637587940e-05 1.200284319563e-01
1.322427437186e-05 2.300000000000e-01 1.322427437186e-05 2.420000000000e-01 1.322427437186e-05 2.999812952998e-01 1.322427437186e-05 1.150000000000e-01 1.322427437186e-05 1.200308947465e-01
1.400217286432e-05 2.300000000000e-01 1.400217286432e-05 2.420000000000e-01 1.400217286432e-05 2.999793688038e-01 1.400217286432e-05 1.150000000000e-01 1.400217286432e-05 1.200335707858e-01
1.478007135678e-05 2.300000000000e-01 1.478007135678e-05 2.420000000000e-01 1.478007135678e-05 2.999772435804e-01 1.478007135678e-05 1.150000000000e-01 1.478007135678e-05 1.200364785249e-01
1.555796984925e-05 2.300000000000e-01 1.555796984925e-05 2.420000000000e-01 1.555796984925e-05 2.999748990766e-01 1.555796984925e-05 1.150000000000e-01 1.555796984925e-05 1.200396380083e-01
1.633586834171e-05 2.300000000000e-01 1.633586834171e-05 2.420000000000e-01 1.633586834171e-05 2.999723126044e-01 1.633586834171e-05 1.150000000000e-01 1.633586834171e-05 1.200430710115e-01
1.711376683417e-05 2.300000000000e-01 1.711376683417e-05 2.420000000000e-01 1.711376683417e-05 2.999694591176e-01 1.711376683417e-05 1.150000000000e-01 1.711376683417e-05 1.200468011903e-01
1.789166532663e-05 2.300000000000e-01 1.789166532663e-05 2.420000000000e-01 1.789166532663e-05 2.999663109650e-01 1.789166532663e-05 1.150000000000e-01 1.789166532663e-05 1.200508542419e-01
1.866956381910e-05 2.300000000000e-01 1.866956381910e-05 2.420000000000e-01 1.866956381910e-05 2.999628376171e-01 1.866956381910e-05 1.150000000000e-01 1.866956381910e-05 1.200552580810e-01
1.944746231156e-05 2.300000000000e-01 1.944746231156e-05 2.420000000000e-01 1.944746231156e-05 2.999590053641e-01 1.944746231156e-05 1.150000000000e-01 1.944746231156e-05 1.200600430296e-01
2.022536080402e-05 2.300000000000e-01 2.022536080402e-05 2.420000000000e-01 2.022536080402e-05 2.999547769817e-01 2.022536080402e-05 1.150000000000e-01 2.022536080402e-05 1.200652420242e-01
2.100325929648e-05 2.300000000000e-01 2.100325929648e-05 2.420000000000e-01 2.100325929648e-05 2.999501113615e-01 2.100325929648e-05 1.150000000000e-01 2.100325929648e-05 1.200708908398e-01
2.178115778894e-05 2.300000000000e-01 2.178115778894e-05 2.420000000000e-01 2.178115778894e-05 2.999449631015e-01 2.178115778894e-05 1.150000000000e-01 2.178115778894e-05 1.200770283331e-01
2.255905628141e-05 2.300000000000e-01 2.255905628141e-05 2.420000000000e-01 2.255905628141e-05 2.999392820530e-01 2.255905628141e-05 1.150000000000e-01 2.255905628141e-05 1.200836967063e-01
2.333695477387e-05 2.300000000000e-01 2.333695477387e-05 2.420000000000e-01 2.333695477387e-05 2.999330128196e-01 2.333695477387e-05 1.150000000000e-01 2.333695477387e-05 1.200909417933e-01
2.411485326633e-05 2.300000000000e-01 2.411485326633e-05 2.420000000000e-01 2.411485326633e-05 2.999260942013e-01 2.411485326633e-05 1.150000000000e-01 2.411485326633e-05 1.200988133698e-01
2.489275175879e-05 2.300000000000e-01 2.489275175879e-05 2.420000000000e-01 2.489275175879e-05 2.999184585794e-01 2.489275175879e-05 1.150000000000e-01 2.489275175879e-05 1.201073654902e-01
2.567065025126e-05 2.300000000000e-01 2.567065025126e-05 2.420000000000e-01 2.567065025126e-05 2.999100312353e-01 2.567065025126e-05 1.150000000000e-01 2.567065025126e-05 1.201166568518e-01
2.644854874372e-05 2.300000000000e-01 2.644854874372e-05 2.420000000000e-01 2.644854874372e-05 2.999007295949e-01 2.644854874372e-05 1.150000000000e-01 2.644854874372e-05 1.201267511903e-01
2.722644723618e-05 2.300000000000e-01 2.722644723618e-05 2.420000000000e-01 2.722644723618e-05 2.998904623919e-01 2.722644723618e-05 1.150000000000e-01 2.722644723618e-05 1.201377177081e-01
2.800434572864e-05 2.300000000000e-01 2.800434572864e-05 2.420000000000e-01 2.800434572864e-05 2.998791287393e-01 2.800434572864e-05 1.150000000000e-01 2.800434572864e-05 1.201496315385e-01
2.878224422111e-05 2.300000000000e-01 2.878224422111e-05 2.420000000000e-01 2.878224422111e-05 2.998666171008e-01 2.878224422111e-05 1.150000000000e-01 2.878224422111e-05 1.201625742485e-01
2.956014271357e-05 2.300000000000e-01 2.956014271357e-05 2.420000000000e-01 2.956014271357e-05 2.998528041490e-01 2.956014271357e-05 1.150000000000e-01 2.956014271357e-05 1.201766343833e-01
3.033804120603e-05 2.300000000000e-01 3.033804120603e-05 2.420000000000e-01 3.033804120603e-05 2.998375534987e-01 3.033804120603e-05 1.150000000000e-01 3.033804120603e-05 1.201919080558e-01
3.111593969849e-05 2.300000000000e-01 3.111593969849e-05 2.420000000000e-01 3.111593969849e-05 2.998207143014e-01 3.111593969849e-05 1.150000000000e-01 3.111593969849e-05 1.202084995855e-01
3.189383819095e-05 2.300000000000e-01 3.189383819095e-05 2.420000000000e-01 3.189383819095e-05 2.998021196846e-01 3.189383819095e-05 1.150000000000e-01 3.189383819095e-05 1.202265221893e-01
3.267173668342e-05 2.300000000000e-01 3.267173668342e-05 2.420000000000e-01 3.267173668342e-05 2.997815850192e-01 3.267173668342e-05 1.150000000000e-01 3.267173668342e-05 1.202460987294e-01
3.344963517588e-05 2.300000000000e-01 3.344963517588e-05 2.420000000000e-01 3.344963517588e-05 2.997589059943e-01 3.344963517588e-05 1.150000000000e-01 3.344963517588e-05 1.202673625234e-01
3.422753366834e-05 2.300000000000e-01 3.422753366834e-05 2.420000000000e-01 3.422753366834e-05 2.997338564785e-01 3.422753366834e-05 1.150000000000e-01 3.422753366834e-05 1.202904582197e-01
3.500543216080e-05 2.300000000000e-01 3.500543216080e-05 2.420000000000e-01 3.500543216080e-05 2.997061861432e-01 3.500543216080e-05 1.150000000000e-01 3.500543216080e-05 1.203155427456e-01
3.578333065327e-05 2.300000000000e-01 3.578333065327e-05 2.420000000000e-01 3.578333065327e-05 2.996756178194e-01 3.578333065327e-05 1.150000000000e-01 3.578333065327e-05 1.203427863332e-01
3.656122914573e-05 2.300000000000e-01 3.656122914573e-05 2.420000000000e-01 3.656122914573e-05 2.996418445595e-01 3.656122914573e-05 1.150000000000e-01 3.656122914573e-05 1.203723736292e-01
3.733912763819e-05 2.300000000000e-01 3.733912763819e-05 2.420000000000e-01 3.733912763819e-05 2.996045263678e-01 3.733912763819e-05 1.150000000000e-01 3.733912763819e-05 1.204045048964e-01
3.811702613065e-05 2.300000000000e-01 3.811702613065e-05 2.420000000000e-01 3.811702613065e-05 2.995632865628e-01 3.811702613065e-05 1.150000000000e-01 3.811702613065e-05 1.204393973153e-01
3.889492462312e-05 2.300000000000e-01 3.889492462312e-05 2.420000000000e-01 3.889492462312e-05 2.995177077289e-01 3.889492462312e-05 1.150000000000e-01 3.889492462312e-05 1.204772863932e-01
3.967282311558e-05 2.300000000000e-01 3.967282311558e-05 2.420000000000e-01 3.967282311558e-05 2.994673272084e-01 3.967282311558e-05 1.150000000000e-01 3.967282311558e-05 1.205184274931e-01
4.045072160804e-05 2.300000000000e-01 4.045072160804e-05 2.420000000000e-01 4.045072160804e-05 2.994116320822e-01 4.045072160804e-05 1.150000000000e-01 4.045072160804e-05 1.205630974932e-01
4.122862010050e-05 2.300000000000e-01 4.122862010050e-05 2.420000000000e-01 4.122862010050e-05 2.993500535780e-01 4.122862010050e-05 1.150000000000e-01 4.122862010050e-05 1.206115965897e-01
4.200651859296e-05 2.300000000000e-01 4.200651859296e-05 2.420000000000e-01 4.200651859296e-05 2.992819608407e-01 4.200651859296e-05 1.150000000000e-01 4.200651859296e-05 1.206642502614e-01
4.278441708543e-05 2.300000000000e-01 4.278441708543e-05 2.420000000000e-01 4.278441708543e-05 2.992066539896e-01 4.278441708543e-05 1.150000000000e-01 4.278441708543e-05 1.207214114127e-01
4.356231557789e-05 2.300000000000e-01 4.356231557789e-05 2.420000000000e-01 4.356231557789e-05 2.991233563806e-01 4.356231557789e-05 1.150000000000e-01 4.356231557789e-05 1.207834627209e-01
4.434021407035e-05 2.300000000000e-01 4.434021407035e-05 2.420000000000e-01 4.434021407035e-05 2.990312059787e-01 4.434021407035e-05 1.150000000000e-01 4.434021407035e-05 1.208508192137e-01
4.511811256281e-05 2.300000000000e-01 4.511811256281e-05 2.420000000000e-01 4.511811256281e-05 2.989292457398e-01 4.511811256281e-05 1.150000000000e-01 4.511811256281e-05 1.209239311144e-01
4.589601105528e-05 2.300000000000e-01 4.589601105528e-05 2.420000000000e-01 4.589601105528e-05 2.988164128849e-01 4.589601105528e-05 1.150000000000e-01 4.589601105528e-05 1.210032869979e-01
4.667390954774e-05 2.300000000000e-01 4.667390954774e-05 2.420000000000e-01 4.667390954774e-05 2.986915269394e-01 4.667390954774e-05 1.150000000000e-01 4.667390954774e-05 1.210894173132e-01
4.745180804020e-05 2.300000000000e-01 4.745180804020e-05 2.420000000000e-01 4.745180804020e-05 2.985532763948e-01 4.745180804020e-05 1.150000000000e-01 4.745180804020e-05 1.211828983446e-01
4.822970653266e-05 2.300000000000e-01 4.822970653266e-05 2.420000000000e-01 4.822970653266e-05 2.984002038361e-01 4.822970653266e-05 1.150000000000e-01 4.822970653266e-05 1.212843567021e-01
4.900760502513e-05 2.300000000000e-01 4.900760502513e-05 2.420000000000e-01 4.900760502513e-05 2.982306893592e-01 4.900760502513e-05 1.150000000000e-01 4.900760502513e-05 1.213944744586e-01
4.978550351759e-05 2.300000000000e-01 4.978550351759e-05 2.420000000000e-01 4.978550351759e-05 2.980429320871e-01 4.978550351759e-05 1.150000000000e-01 4.978550351759e-05 1.215139950868e-01
5.056340201005e-05 2.300000000000e-01 5.056340201005e-05 2.420000000000e-01 5.056340201005e-05 2.978349295742e-01 5.056340201005e-05 1.150000000000e-01 5.056340201005e-05 1.216437303936e-01
5.134130050251e-05 2.300000000000e-01 5.134130050251e-05 2.420000000000e-01 5.134130050251e-05 2.976044548689e-01 5.134130050251e-05 1.150000000000e-01 5.134130050251e-05 1.217845687097e-01
5.211919899497e-05 2.300000000000e-01 5.211919899497e-05 2.420000000000e-01 5.211919899497e-05 2.973490309854e-01 5.211919899497e-05 1.150000000000e-01 5.211919899497e-05 1.219374846703e-01
5.289709748744e-05 2.300000000000e-01 5.289709748744e-05 2.420000000000e-01 5.289709748744e-05 2.970659025200e-01 5.289709748744e-05 1.150000000000e-01 5.289709748744e-05 1.221035510271e-01
5.367499597990e-05 2.300000000000e-01 5.367499597990e-05 2.420000000000e-01 5.367499597990e-05 2.967520041285e-01 5.367499597990e-05 1.150000000000e-01 5.367499597990e-05 1.222839530644e-01
5.445289447236e-05 2.300000000000e-01 5.445289447236e-05 2.420000000000e-01 5.445289447236e-05 2.964039255765e-01 5.445289447236e-05 1.150000000000e-01 5.445289447236e-05 1.224800063700e-01
5.523079296482e-05 2.300000000000e-01 5.523079296482e-05 2.420000000000e-01 5.523079296482e-05 2.960178730679e-01 5.523079296482e-05 1.150000000000e-01 5.523079296482e-05 1.226931789385e-01
5.600869145729e-05 2.300000000000e-01 5.600869145729e-05 2.420000000000e-01 5.600869145729e-05 2.955896265742e-01 5.600869145729e-05 1.150000000000e-01 5.600869145729e-05 1.229251188866e-01
5.678658994975e-05 2.300000000000e-01 5.678658994975e-05 2.420000000000e-01 5.678658994975e-05 2.951144929141e-01 5.678658994975e-05 1.150000000000e-01 5.678658994975e-05 1.231776894415e-01
5.756448844221e-05 2.300000000000e-01 5.756448844221e-05 2.420000000000e-01 5.756448844221e-05 2.945872543989e-01 5.756448844221e-05 1.150000000000e-01 5.756448844221e-05 1.234530133662e-01
5.834238693467e-05 2.300000000000e-01 5.834238693467e-05 2.420000000000e-01 5.834238693467e-05 2.940021129626e-01 5.834238693467e-05 1.150000000000e-01 5.834238693467e-05 1.237535296243e-01
5.912028542714e-05 2.300000000000e-01 5.912028542714e-05 2.420000000000e-01 5.912028542714e-05 2.933526298608e-01 5.912028542714e-05 1.150000000000e-01 5.912028542714e-05 1.240820659005e-01
5.989818391960e-05 2.300000000000e-01 5.989818391960e-05 2.420000000000e-01 5.989818391960e-05 2.926316612752e-01 5.989818391960e-05 1.150000000000e-01 5.989818391960e-05 1.244419316228e-01
6.067608241206e-05 2.300000000000e-01 6.067608241206e-05 2.420000000000e-01 6.067608241206e-05 2.918312905302e-01 6.067608241206e-05 1.150000000000e-01 6.067608241206e-05 1.248370374126e-01
6.145398090452e-05 2.300000000000e-01 6.145398090452e-05 2.420000000000e-01 6.145398090452e-05 2.909427581516e-01 6.145398090452e-05 1.150000000000e-01 6.145398090452e-05 1.252720484496e-01
6.223187939698e-05 2.300000000000e-01 6.223187939698e-05 2.420000000000e-01 6.223187939698e-05 2.899563917414e-01 6.223187939698e-05 1.150000000000e-01 6.223187939698e-05 1.257525810969e-01
6.300977788945e-05 2.300000000000e-01 6.300977788945e-05 2.420000000000e-01 6.300977788945e-05 2.888615386467e-01 6.300977788945e-05 1.150000000000e-01 6.300977788945e-05 1.262854542441e-01
6.378767638191e-05 2.300000000000e-01 6.378767638191e-05 2.420000000000e-01 6.378767638191e-05 2.876465057570e-01 6.378767638191e-05 1.150000000000e-01 6.378767638191e-05 1.268790090648e-01
6.456557487437e-05 2.300000000000e-01 6.456557487437e-05 2.420000000000e-01 6.456557487437e-05 2.862985125330e-01 6.456557487437e-05 1.150000000000e-01 6.456557487437e-05 1.275435129501e-01
6.534347336683e-05 2.300000000000e-01 6.534347336683e-05 2.420000000000e-01 6.534347336683e-05 2.848036656172e-01 6.534347336683e-05 1.150000000000e-01 6.534347336683e-05 1.282916646603e-01
6.612137185930e-05 2.300000000000e-01 6.612137185930e-05 2.420000000000e-01 6.612137185930e-05 2.831469661475e-01 6.612137185930e-05 1.150000000000e-01 6.612137185930e-05 1.291392171428e-01
6.689927035176e-05 2.300000000000e-01 6.689927035176e-05 2.420000000000e-01 6.689927035176e-05 2.813123641440e-01 6.689927035176e-05 1.150000000000e-01 6.689927035176e-05 1.301057300885e-01
6.767716884422e-05 2.300000000000e-01 6.767716884422e-05 2.420000000000e-01 6.767716884422e-05 2.792828779443e-01 6.767716884422e-05 1.150000000000e-01 6.767716884422e-05 1.312154530623e-01
6.845506733668e-05 2.300000000000e-01 6.845506733668e-05 2.420000000000e-01 6.845506733668e-05 2.770408002867e-01 6.845506733668e-05 1.150000000000e-01 6.845506733668e-05 1.324983172048e-01
6.923296582915e-05 2.300000000000e-01 6.923296582915e-05 2.420000000000e-01 6.923296582915e-05 2.745680157072e-01 6.923296582915e-05 1.150000000000e-01 6.923296582915e-05 1.339909723126e-01
7.001086432161e-05 2.300000000000e-01 7.001086432161e-05 2.420000000000e-01 7.001086432161e-05 2.718464554964e-01 7.001086432161e-05 1.150000000000e-01 7.001086432161e-05 1.357377380138e-01
7.078876281407e-05 2.300000000000e-01 7.078876281407e-05 2.420000000000e-01 7.078876281407e-05 2.688587152267e-01 7.078876281407e-05 1.150000000000e-01 7.078876281407e-05 1.377912340923e-01
7.156666130653e-05 2.300000000000e-01 7.156666130653e-05 2.420000000000e-01 7.156666130653e-05 2.655888541156e-01 7.156666130653e-05 1.150000000000e-01 7.156666130653e-05 1.402123118427e-01
7.234455979899e-05 2.300000000000e-01 7.234455979899e-05 2.420000000000e-01 7.234455979899e-05 2.620233833587e-01 7.234455979899e-05 1.150000000000e-01 7.234455979899e-05 1.430687367340e-01
7.312245829146e-05 2.300000000000e-01 7.312245829146e-05 2.420000000000e-01 7.312245829146e-05 2.581524303782e-01 7.312245829146e-05 1.150000000000e-01 7.312245829146e-05 1.464319160927e-01
7.390035678392e-05 2.300000000000e-01 7.390035678392e-05 2.420000000000e-01 7.390035678392e-05 2.539710369862e-01 7.390035678392e-05 1.150000000000e-01 7.390035678392e-05 1.503709214448e-01
7.467825527638e-05 2.300000000000e-01 7.467825527638e-05 2.420000000000e-01 7.467825527638e-05 2.494805128967e-01 7.467825527638e-05 1.150000000000e-01 7.467825527638e-05 1.549432863029e-01
7.545615376884e-05 2.300000000000e-01 7.545615376884e-05 2.420000000000e-01 7.545615376884e-05 2.446897258903e-01 7.545615376884e-05 1.150000000000e-01 7.545615376884e-05 1.601827616055e-01
7.623405226131e-05 2.300000000000e-01 7.623405226131e-05 2.420000000000e-01 7.623405226131e-05 2.396161737342e-01 7.623405226131e-05 1.150000000000e-01 7.623405226131e-05 1.660854873475e-01
7.701195075377e-05 2.300000000000e-01 7.701195075377e-05 2.420000000000e-01 7.701195075377e-05 2.342866612341e-01 7.701195075377e-05 1.150000000000e-01 7.701195075377e-05 1.725976833139e-01
7.778984924623e-05 2.300000000000e-01 7.778984924623e-05 2.420000000000e-01 7.778984924623e-05 2.287374101323e-01 7.778984924623e-05 1.150000000000e-01 7.778984924623e-05 1.796092576942e-01
7.856774773869e-05 2.300000000000e-01 7.856774773869e-05 2.420000000000e-01 7.856774773869e-05 2.230134689502e-01 7.856774773869e-05 1.150000000000e-01 7.856774773869e-05 1.869575719234e-01
7.934564623116e-05 2.300000000000e-01 7.934564623116e-05 2.420000000000e-01 7.934564623116e-05 2.171673661918e-01 7.934564623116e-05 1.150000000000e-01 7.934564623116e-05 1.944431704125e-01
8.012354472362e-05 2.300000000000e-01 8.012354472362e-05 2.420000000000e-01 8.012354472362e-05 2.112570548642e-01 8.012354472362e-05 1.150000000000e-01 8.012354472362e-05 2.018550436669e-01
8.090144321608e-05 2.300000000000e-01 8.090144321608e-05 2.420000000000e-01 8.090144321608e-05 2.053433094046e-01 8.090144321608e-05 1.150000000000e-01 8.090144321608e-05 2.089989665371e-01
8.167934170854e-05 2.300000000000e-01 8.167934170854e-05 2.420000000000e-01 8.167934170854e-05 1.994868315618e-01 8.167934170854e-05 1.150000000000e-01 8.167934170854e-05 2.157210617400e-01
8.245724020101e-05 2.300000000000e-01 8.245724020101e-05 2.420000000000e-01 8.245724020101e-05 1.937453746995e-01 8.245724020101e-05 1.150000000000e-01 8.245724020101e-05 2.219208904845e-01
8.323513869347e-05 2.300000000000e-01 8.323513869347e-05 2.420000000000e-01 8.323513869347e-05 1.881711918074e-01 8.323513869347e-05 1.150000000000e-01 8.323513869347e-05 2.275526763474e-01
8.401303718593e-05 2.300000000000e-01 8.401303718593e-05 2.420000000000e-01 8.401303718593e-05 1.828090524680e-01 8.401303718593e-05 1.150000000000e-01 8.401303718593e-05 2.326172256801e-01
8.479093567839e-05 2.300000000000e-01 8.479093567839e-05 2.420000000000e-01 8.479093567839e-05 1.776949747197e-01 8.479093567839e-05 1.150000000000e-01 8.479093567839e-05 2.371490019365e-01
8.556883417085e-05 2.300000000000e-01 8.556883417085e-05 2.420000000000e-01 8.556883417085e-05 1.728557047972e-01 8.556883417085e-05 1.150000000000e-01 8.556883417085e-05 2.412025421243e-01
8.634673266332e-05 2.300000000000e-01 8.634673266332e-05 2.420000000000e-01 8.634673266332e-05 1.683088767860e-01 8.634673266332e-05 1.150000000000e-01 8.634673266332e-05 2.448409381627e-01
8.712463115578e-05 2.300000000000e-01 8.712463115578e-05 2.420000000000e-01 8.712463115578e-05 1.640637133836e-01 8.712463115578e-05 1.150000000000e-01 8.712463115578e-05 2.481275019087e-01
8.790252964824e-05 2.300000000000e-01 8.790252964824e-05 2.420000000000e-01 8.790252964824e-05 1.601220951759e-01 8.790252964824e-05 1.150000000000e-01 8.790252964824e-05 2.511205839202e-01
8.868042814070e-05 2.300000000000e-01 8.868042814070e-05 2.420000000000e-01 8.868042814070e-05 1.564798258839e-01 8.868042814070e-05 1.150000000000e-01 8.868042814070e-05 2.538709368442e-01
8.945832663317e-05 2.300000000000e-01 8.945832663317e-05 2.420000000000e-01 8.945832663317e-05 1.531279452967e-01 8.945832663317e-05 1.150000000000e-01 8.945832663317e-05 2.564208628616e-01
9.023622512563e-05 2.300000000000e-01 9.023622512563e-05 2.420000000000e-01 9.023622512563e-05 1.500539785111e-01 9.023622512563e-05 1.150000000000e-01 9.023622512563e-05 2.588044663286e-01
9.101412361809e-05 2.300000000000e-01 9.101412361809e-05 2.420000000000e-01 9.101412361809e-05 1.472430495402e-01 9.101412361809e-05 1.150000000000e-01 9.101412361809e-05 2.610484991632e-01
9.179202211055e-05 2.300000000000e-01 9.179202211055e-05 2.420000000000e-01 9.179202211055e-05 1.446788224297e-01 9.179202211055e-05 1.150000000000e-01 9.179202211055e-05 2.631734542117e-01
9.256992060302e-05 2.300000000000e-01 9.256992060302e-05 2.420000000000e-01 9.256992060302e-05 1.423442602169e-01 9.256992060302e-05 1.150000000000e-01 9.256992060302e-05 2.651946965559e-01
9.334781909548e-05 2.300000000000e-01 9.334781909548e-05 2.420000000000e-01 9.334781909548e-05 1.402222106132e-01 9.334781909548e-05 1.150000000000e-01 9.334781909548e-05 2.671235180705e-01
9.412571758794e-05 2.300000000000e-01 9.412571758794e-05 2.420000000000e-01 9.412571758794e-05 1.382958381001e-01 9.412571758794e-05 1.150000000000e-01 9.412571758794e-05 2.689680621778e-01
9.490361608040e-05 2.300000000000e-01 9.490361608040e-05 2.420000000000e-01 9.490361608040e-05 1.365489269441e-01 9.490361608040e-05 1.150000000000e-01 9.490361608040e-05 2.707341025603e-01
9.568151457286e-05 2.300000000000e-01 9.568151457286e-05 2.420000000000e-01 9.568151457286e-05 1.349660802970e-01 9.568151457286e-05 1.150000000000e-01 9.568151457286e-05 2.724256797813e-01
9.645941306533e-05 2.300000000000e-01 9.645941306533e-05 2.420000000000e-01 9.645941306533e-05 1.335328387003e-01 9.645941306533e-05 1.150000000000e-01 9.645941306533e-05 2.740456095629e-01
9.723731155779e-05 2.300000000000e-01 9.723731155779e-05 2.420000000000e-01 9.723731155779e-05 1.322357381904e-01 9.723731155779e-05 1.150000000000e-01 9.723731155779e-05 2.755958802000e-01
9.801521005025e-05 2.300000000000e-01 9.801521005025e-05 2.420000000000e-01 9.801521005025e-05 1.310623246599e-01 9.801521005025e-05 1.150000000000e-01 9.801521005025e-05 2.770779569853e-01
9.879310854271e-05 2.300000000000e-01 9.879310854271e-05 2.420000000000e-01 9.879310854271e-05 1.300011376939e-01 9.879310854271e-05 1.150000000000e-01 9.879310854271e-05 2.784930102722e-01
9.957100703518e-05 2.300000000000e-01 9.957100703518e-05 2.420000000000e-01 9.957100703518e-05 1.290416740473e-01 9.957100703518e-05 1.150000000000e-01 9.957100703518e-05 2.798420818619e-01
1.003489055276e-04 2.300000000000e-01 1.003489055276e-04 2.420000000000e-01 1.003489055276e-04 1.281743383617e-01 1.003489055276e-04 1.150000000000e-01 1.003489055276e-04 2.811262022876e-01
1.011268040201e-04 2.300000000000e-01 1.011268040201e-04 2.420000000000e-01 1.011268040201e-04 1.273903866618e-01 1.011268040201e-04 1.150000000000e-01 1.011268040201e-04 2.823464695468e-01
1.019047025126e-04 2.300000000000e-01 1.019047025126e-04 2.420000000000e-01 1.019047025126e-04 1.266818665648e-01 1.019047025126e-04 1.150000000000e-01 1.019047025126e-04 2.835040980154e-01
1.026826010050e-04 2.300000000000e-01 1.026826010050e-04 2.420000000000e-01 1.026826010050e-04 1.260415569198e-01 1.026826010050e-04 1.150000000000e-01 1.026826010050e-04 2.846004446883e-01
1.034604994975e-04 2.300000000000e-01 1.034604994975e-04 2.420000000000e-01 1.034604994975e-04 1.254629086920e-01 1.034604994975e-04 1.150000000000e-01 1.034604994975e-04 2.856370185498e-01
1.042383979899e-04 2.300000000000e-01 1.042383979899e-04 2.420000000000e-01 1.042383979899e-04 1.249399882521e-01 1.042383979899e-04 1.150000000000e-01 1.042383979899e-04 2.866154777323e-01
1.050162964824e-04 2.300000000000e-01 1.050162964824e-04 2.420000000000e-01 1.050162964824e-04 1.244674237666e-01 1.050162964824e-04 1.150000000000e-01 1.050162964824e-04 2.875376181769e-01
1.057941949749e-04 2.300000000000e-01 1.057941949749e-04 2.420000000000e-01 1.057941949749e-04 1.240403550552e-01 1.057941949749e-04 1.150000000000e-01 1.057941949749e-04 2.884053567176e-01
1.065720934673e-04 2.300000000000e-01 1.065720934673e-04 2.420000000000e-01 1.065720934673e-04 1.236543870610e-01 1.065720934673e-04 1.150000000000e-01 1.065720934673e-04 2.892207108565e-01
1.073499919598e-04 2.300000000000e-01 1.073499919598e-04 2.420000000000e-01 1.073499919598e-04 1.233055469308e-01 1.073499919598e-04 1.150000000000e-01 1.073499919598e-04 2.899857769618e-01
1.081278904523e-04 2.300000000000e-01 1.081278904523e-04 2.420000000000e-01 1.081278904523e-04 1.229902446029e-01 1.081278904523e-04 1.150000000000e-01 1.081278904523e-04 2.907027081810e-01
1.089057889447e-04 2.300000000000e-01 1.089057889447e-04 2.420000000000e-01 1.089057889447e-04 1.227052367447e-01 1.089057889447e-04 1.150000000000e-01 1.089057889447e-04 2.913736930059e-01
1.096836874372e-04 2.300000000000e-01 1.096836874372e-04 2.420000000000e-01 1.096836874372e-04 1.224475938443e-01 1.096836874372e-04 1.150000000000e-01 1.096836874372e-04 2.920009351415e-01
1.104615859296e-04 2.300000000000e-01 1.104615859296e-04 2.420000000000e-01 1.104615859296e-04 1.222146702468e-01 1.104615859296e-04 1.150000000000e-01 1.104615859296e-04 2.925866351038e-01
1.112394844221e-04 2.300000000000e-01 1.112394844221e-04 2.420000000000e-01 1.112394844221e-04 1.220040769190e-01 1.112394844221e-04 1.150000000000e-01 1.112394844221e-04 2.931329737966e-01
1.120173829146e-04 2.300000000000e-01 1.120173829146e-04 2.420000000000e-01 1.120173829146e-04 1.218136567278e-01 1.120173829146e-04 1.150000000000e-01 1.120173829146e-04 2.936420981798e-01
1.127952814070e-04 2.300000000000e-01 1.127952814070e-04 2.420000000000e-01 1.127952814070e-04 1.216414620289e-01 1.127952814070e-04 1.150000000000e-01 1.127952814070e-04 2.941161090444e-01
1.135731798995e-04 2.300000000000e-01 1.135731798995e-04 2.420000000000e-01 1.135731798995e-04 1.214857343661e-01 1.135731798995e-04 1.150000000000e-01 1.135731798995e-04 2.945570508304e-01
1.143510783920e-04 2.300000000000e-01 1.143510783920e-04 2.420000000000e-01 1.143510783920e-04 1.213448861001e-01 1.143510783920e-04 1.150000000000e-01 1.143510783920e-04 2.949669033787e-01
1.151289768844e-04 2.300000000000e-01 1.151289768844e-04 2.420000000000e-01 1.151289768844e-04 1.212174837924e-01 1.151289768844e-04 1.150000000000e-01 1.151289768844e-04 2.953475754686e-01
1.159068753769e-04 2.300000000000e-01 1.159068753769e-04 2.420000000000e-01 1.159068753769e-04 1.211022331862e-01 1.159068753769e-04 1.150000000000e-01 1.159068753769e-04 2.957008999782e-01
1.166847738693e-04 2.300000000000e-01 1.166847738693e-04 2.420000000000e-01 1.166847738693e-04 1.209979656371e-01 1.166847738693e-04 1.150000000000e-01 1.166847738693e-04 2.960286304925e-01
1.174626723618e-04 2.300000000000e-01 1.174626723618e-04 2.420000000000e-01 1.174626723618e-04 1.209036258581e-01 1.174626723618e-04 1.150000000000e-01 1.174626723618e-04 2.963324391843e-01
1.182405708543e-04 2.300000000000e-01 1.182405708543e-04 2.420000000000e-01 1.182405708543e-04 1.208182608563e-01 1.182405708543e-04 1.150000000000e-01 1.182405708543e-04 2.966139157986e-01
1.190184693467e-04 2.300000000000e-01 1.190184693467e-04 2.420000000000e-01 1.190184693467e-04 1.207410099469e-01 1.190184693467e-04 1.150000000000e-01 1.190184693467e-04 2.968745675765e-01
1.197963678392e-04 2.300000000000e-01 1.197963678392e-04 2.420000000000e-01 1.197963678392e-04 1.206710957428e-01 1.197963678392e-04 1.150000000000e-01 1.197963678392e-04 2.971158199724e-01
1.205742663317e-04 2.300000000000e-01 1.205742663317e-04 2.420000000000e-01 1.205742663317e-04 1.206078160251e-01 1.205742663317e-04 1.150000000000e-01 1.205742663317e-04 2.973390180229e-01
1.213521648241e-04 2.300000000000e-01 1.213521648241e-04 2.420000000000e-01 1.213521648241e-04 1.205505364103e-01 1.213521648241e-04 1.150000000000e-01 1.213521648241e-04 2.975454282468e-01
1.221300633166e-04 2.300000000000e-01 1.221300633166e-04 2.420000000000e-01 1.221300633166e-04 1.204986837360e-01 1.221300633166e-04 1.150000000000e-01 1.221300633166e-04 2.977362409649e-01
1.229079618090e-04 2.300000000000e-01 1.229079618090e-04 2.420000000000e-01 1.229079618090e-04 1.204517400954e-01 1.229079618090e-04 1.150000000000e-01 1.229079618090e-04 2.979125729426e-01
1.236858603015e-04 2.300000000000e-01 1.236858603015e-04 2.420000000000e-01 1.236858603015e-04 1.204092374576e-01 1.236858603015e-04 1.150000000000e-01 1.236858603015e-04 2.980754702720e-01
1.244637587940e-04 2.300000000000e-01 1.244637587940e-04 2.420000000000e-01 1.244637587940e-04 1.203707528154e-01 1.244637587940e-04 1.150000000000e-01 1.244637587940e-04 2.982259114205e-01
1.252416572864e-04 2.300000000000e-01 1.252416572864e-04 2.420000000000e-01 1.252416572864e-04 1.203359038098e-01 1.252416572864e-04 1.150000000000e-01 1.252416572864e-04 2.983648103843e-01
1.260195557789e-04 2.300000000000e-01 1.260195557789e-04 2.420000000000e-01 1.260195557789e-04 1.203043447835e-01 1.260195557789e-04 1.150000000000e-01 1.260195557789e-04 2.984930198961e-01
1.267974542714e-04 2.300000000000e-01 1.267974542714e-04 2.420000000000e-01 1.267974542714e-04 1.202757632214e-01 1.267974542714e-04 1.150000000000e-01 1.267974542714e-04 2.986113346419e-01
1.275753527638e-04 2.300000000000e-01 1.275753527638e-04 2.420000000000e-01 1.275753527638e-04 1.202498765401e-01 1.275753527638e-04 1.150000000000e-01 1.275753527638e-04 2.987204944542e-01
1.283532512563e-04 2.300000000000e-01 1.283532512563e-04 2.420000000000e-01 1.283532512563e-04 1.202264291917e-01 1.283532512563e-04 1.150000000000e-01 1.283532512563e-04 2.988211874508e-01
1.291311497487e-04 2.300000000000e-01 1.291311497487e-04 2.420000000000e-01 1.291311497487e-04 1.202051900509e-01 1.291311497487e-04 1.150000000000e-01 1.291311497487e-04 2.989140530981e-01
1.299090482412e-04 2.300000000000e-01 1.299090482412e-04 2.420000000000e-01 1.299090482412e-04 1.201859500577e-01 1.299090482412e-04 1.150000000000e-01 1.299090482412e-04 2.989996851809e-01
1.306869467337e-04 2.300000000000e-01 1.306869467337e-04 2.420000000000e-01 1.306869467337e-04 1.201685200898e-01 1.306869467337e-04 1.150000000000e-01 1.306869467337e-04 2.990786346653e-01
1.314648452261e-04 2.300000000000e-01 1.314648452261e-04 2.420000000000e-01 1.314648452261e-04 1.201527290434e-01 1.314648452261e-04 1.150000000000e-01 1.314648452261e-04 2.991514124457e-01
1.322427437186e-04 2.300000000000e-01 1.322427437186e-04 2.420000000000e-01 1.322427437186e-04 1.201384220998e-01 1.322427437186e-04 1.150000000000e-01 1.322427437186e-04 2.992184919692e-01
1.330206422111e-04 2.300000000000e-01 1.330206422111e-04 2.420000000000e-01 1.330206422111e-04 1.201254591614e-01 1.330206422111e-04 1.150000000000e-01 1.330206422111e-04 2.992803117337e-01
1.337985407035e-04 2.300000000000e-01 1.337985407035e-04 2.420000000000e-01 1.337985407035e-04 1.201137134394e-01 1.337985407035e-04 1.150000000000e-01 1.337985407035e-04 2.993372776579e-01
1.345764391960e-04 2.300000000000e-01 1.345764391960e-04 2.420000000000e-01 1.345764391960e-04 1.201030701785e-01 1.345764391960e-04 1.150000000000e-01 1.345764391960e-04 2.993897653241e-01
1.353543376884e-04 2.300000000000e-01 1.353543376884e-04 2.420000000000e-01 1.353543376884e-04 1.200934255054e-01 1.353543376884e-04 1.150000000000e-01 1.353543376884e-04 2.994381220932e-01
1.361322361809e-04 2.300000000000e-01 1.361322361809e-04 2.420000000000e-01 1.361322361809e-04 1.200846853881e-01 1.361322361809e-04 1.150000000000e-01 1.361322361809e-04 2.994826690969e-01
1.369101346734e-04 2.300000000000e-01 1.369101346734e-04 2.420000000000e-01 1.369101346734e-04 1.200767646965e-01 1.369101346734e-04 1.150000000000e-01 1.369101346734e-04 2.995237031090e-01
1.376880331658e-04 2.300000000000e-01 1.376880331658e-04 2.420000000000e-01 1.376880331658e-04 1.200695863533e-01 1.376880331658e-04 1.150000000000e-01 1.376880331658e-04 2.995614982999e-01
1.384659316583e-04 2.300000000000e-01 1.384659316583e-04 2.420000000000e-01 1.384659316583e-04 1.200630805665e-01 1.384659316583e-04 1.150000000000e-01 1.384659316583e-04 2.995963078795e-01
1.392438301508e-04 2.300000000000e-01 1.392438301508e-04 2.420000000000e-01 1.392438301508e-04 1.200571841360e-01 1.392438301508e-04 1.150000000000e-01 1.392438301508e-04 2.996283656327e-01
1.400217286432e-04 2.300000000000e-01 1.400217286432e-04 2.420000000000e-01 1.400217286432e-04 1.200518398272e-01 1.400217286432e-04 1.150000000000e-01 1.400217286432e-04 2.996578873528e-01
1.407996271357e-04 2.300000000000e-01 1.407996271357e-04 2.420000000000e-01 1.407996271357e-04 1.200469958036e-01 1.407996271357e-04 1.150000000000e-01 1.407996271357e-04 2.996850721779e-01
1.415775256281e-04 2.300000000000e-01 1.415775256281e-04 2.420000000000e-01 1.415775256281e-04 1.200426051153e-01 1.415775256281e-04 1.150000000000e-01 1.415775256281e-04 2.997101038356e-01
1.423554241206e-04 2.300000000000e-01 1.423554241206e-04 2.420000000000e-01 1.423554241206e-04 1.200386252349e-01 1.423554241206e-04 1.150000000000e-01 1.423554241206e-04 2.997331518008e-01
1.431333226131e-04 2.300000000000e-01 1.431333226131e-04 2.420000000000e-01 1.431333226131e-04 1.200350176393e-01 1.431333226131e-04 1.150000000000e-01 1.431333226131e-04 2.997543723719e-01
1.439112211055e-04 2.300000000000e-01 1.439112211055e-04 2.420000000000e-01 1.439112211055e-04 1.200317474300e-01 1.439112211055e-04 1.150000000000e-01 1.439112211055e-04 2.997739096704e-01
1.446891195980e-04 2.300000000000e-01 1.446891195980e-04 2.420000000000e-01 1.446891195980e-04 1.200287829907e-01 1.446891195980e-04 1.150000000000e-01 1.446891195980e-04 2.997918965686e-01
1.454670180905e-04 2.300000000000e-01 1.454670180905e-04 2.420000000000e-01 1.454670180905e-04 1.200260956770e-01 1.454670180905e-04 1.150000000000e-01 1.454670180905e-04 2.998084555494e-01
1.462449165829e-04 2.300000000000e-01 1.462449165829e-04 2.420000000000e-01 1.462449165829e-04 1.200236595356e-01 1.462449165829e-04 1.150000000000e-01 1.462449165829e-04 2.998236995036e-01
1.470228150754e-04 2.300000000000e-01 1.470228150754e-04 2.420000000000e-01 1.470228150754e-04 1.200214510508e-01 1.470228150754e-04 1.150000000000e-01 1.470228150754e-04 2.998377324683e-01
1.478007135678e-04 2.300000000000e-01 1.478007135678e-04 2.420000000000e-01 1.478007135678e-04 1.200194489140e-01 1.478007135678e-04 1.150000000000e-01 1.478007135678e-04 2.998506503101e-01
1.485786120603e-04 2.300000000000e-01 1.485786120603e-04 2.420000000000e-01 1.485786120603e-04 1.200176338161e-01 1.485786120603e-04 1.150000000000e-01 1.485786120603e-04 2.998625413579e-01
1.493565105528e-04 2.300000000000e-01 1.493565105528e-04 2.420000000000e-01 1.493565105528e-04 1.200159882592e-01 1.493565105528e-04 1.150000000000e-01 1.493565105528e-04 2.998734869873e-01
1.501344090452e-04 2.300000000000e-01 1.501344090452e-04 2.420000000000e-01 1.501344090452e-04 1.200144963859e-01 1.501344090452e-04 1.150000000000e-01 1.501344090452e-04 2.998835621616e-01
1.509123075377e-04 2.300000000000e-01 1.509123075377e-04 2.420000000000e-01 1.509123075377e-04 1.200131438251e-01 1.509123075377e-04 1.150000000000e-01 1.509123075377e-04 2.998928359313e-01
1.516902060302e-04 2.300000000000e-01 1.516902060302e-04 2.420000000000e-01 1.516902060302e-04 1.200119175521e-01 1.516902060302e-04 1.150000000000e-01 1.516902060302e-04 2.999013718958e-01
1.524681045226e-04 2.300000000000e-01 1.524681045226e-04 2.420000000000e-01 1.524681045226e-04 1.200108057624e-01 1.524681045226e-04 1.150000000000e-01 1.524681045226e-04 2.999092286296e-01
1.532460030151e-04 2.300000000000e-01 1.532460030151e-04 2.420000000000e-01 1.532460030151e-04 1.200097977566e-01 1.532460030151e-04 1.150000000000e-01 1.532460030151e-04 2.999164600761e-01
1.540239015075e-04 2.300000000000e-01 1.540239015075e-04 2.420000000000e-01 1.540239015075e-04 1.200088838371e-01 1.540239015075e-04 1.150000000000e-01 1.540239015075e-04 2.999231159105e-01
1.548018000000e-04 2.300000000000e-01 1.548018000000e-04 2.420000000000e-01 1.548018000000e-04 1.200080552137e-01 1.548018000000e-04 1.150000000000e-01 1.548018000000e-04 2.999292418752e-01
