0.000000000000e+00 3.299994598935e-01 0.000000000000e+00 2.300000000000e-01 0.000000000000e+00 1.100008521422e-01 0.000000000000e+00 1.100000000000e-01 0.000000000000e+00 2.200000000000e-01
6.127804020101e-07 3.299993817371e-01 6.127804020101e-07 2.300000000000e-01 6.127804020101e-07 1.100009731394e-01 6.127804020101e-07 1.100000000000e-01 6.127804020101e-07 2.200000000000e-01
1.225560804020e-06 3.299992922711e-01 1.225560804020e-06 2.300000000000e-01 1.225560804020e-06 1.100011113171e-01 1.225560804020e-06 1.100000000000e-01 1.225560804020e-06 2.200000000000e-01
1.838341206030e-06 3.299991898588e-01 1.838341206030e-06 2.300000000000e-01 1.838341206030e-06 1.100012691149e-01 1.838341206030e-06 1.100000000000e-01 1.838341206030e-06 2.200000000000e-01
2.451121608040e-06 3.299990726270e-01 2.451121608040e-06 2.300000000000e-01 2.451121608040e-06 1.100014493185e-01 2.451121608040e-06 1.100000000000e-01 2.451121608040e-06 2.200000000000e-01
3.063902010050e-06 3.299989384310e-01 3.063902010050e-06 2.300000000000e-01 3.063902010050e-06 1.100016551094e-01 3.063902010050e-06 1.100000000000e-01 3.063902010050e-06 2.200000000000e-01
3.676682412060e-06 3.299987848162e-01 3.676682412060e-06 2.300000000000e-01 3.676682412060e-06 1.100018901207e-01 3.676682412060e-06 1.100000000000e-01 3.676682412060e-06 2.200000000000e-01
4.289462814070e-06 3.299986089726e-01 4.289462814070e-06 2.300000000000e-01 4.289462814070e-06 1.100021585012e-01 4.289462814070e-06 1.100000000000e-01 4.289462814070e-06 2.200000000000e-01
4.902243216080e-06 3.299984076836e-01 4.902243216080e-06 2.300000000000e-01 4.902243216080e-06 1.100024649890e-01 4.902243216080e-06 1.100000000000e-01 4.902243216080e-06 2.200000000000e-01
5.515023618090e-06 3.299981772671e-01 5.515023618090e-06 2.300000000000e-01 5.515023618090e-06 1.100028149949e-01 5.515023618090e-06 1.100000000000e-01 5.515023618090e-06 2.200000000000e-01
6.127804020101e-06 3.299979135083e-01 6.127804020101e-06 2.300000000000e-01 6.127804020101e-06 1.100032146976e-01 6.127804020101e-06 1.100000000000e-01 6.127804020101e-06 2.200000000000e-01
6.740584422111e-06 3.299976115826e-01 6.740584422111e-06 2.300000000000e-01 6.740584422111e-06 1.100036711533e-01 6.740584422111e-06 1.100000000000e-01 6.740584422111e-06 2.200000000000e-01
7.353364824121e-06 3.299972659672e-01 7.353364824121e-06 2.300000000000e-01 7.353364824121e-06 1.100041924199e-01 7.353364824121e-06 1.100000000000e-01 7.353364824121e-06 2.200000000000e-01
7.966145226131e-06 3.299968703401e-01 7.966145226131e-06 2.300000000000e-01 7.966145226131e-06 1.100047876993e-01 7.966145226131e-06 1.100000000000e-01 7.966145226131e-06 2.200000000000e-01
8.578925628141e-06 3.299964174648e-01 8.578925628141e-06 2.300000000000e-01 8.578925628141e-06 1.100054674995e-01 8.578925628141e-06 1.100000000000e-01 8.578925628141e-06 2.200000000000e-01
9.191706030151e-06 3.299958990576e-01 9.191706030151e-06 2.300000000000e-01 9.191706030151e-06 1.100062438206e-01 9.191706030151e-06 1.100000000000e-01 9.191706030151e-06 2.200000000000e-01
9.804486432161e-06 3.299953056363e-01 9.804486432161e-06 2.300000000000e-01 9.804486432161e-06 1.100071303656e-01 9.804486432161e-06 1.100000000000e-01 9.804486432161e-06 2.200000000000e-01
1.041726683417e-05 3.299946263470e-01 1.041726683417e-05 2.300000000000e-01 1.041726683417e-05 1.100081427830e-01 1.041726683417e-05 1.100000000000e-01 1.041726683417e-05 2.200000000000e-01
1.103004723618e-05 3.299938487652e-01 1.103004723618e-05 2.300000000000e-01 1.103004723618e-05 1.100092989422e-01 1.103004723618e-05 1.100000000000e-01 1.103004723618e-05 2.200000000000e-01
1.164282763819e-05 3.299929586693e-01 1.164282763819e-05 2.300000000000e-01 1.164282763819e-05 1.100106192488e-01 1.164282763819e-05 1.100000000000e-01 1.164282763819e-05 2.200000000000e-01
1.225560804020e-05 3.299919397801e-01 1.225560804020e-05 2.300000000000e-01 1.225560804020e-05 1.100121270043e-01 1.225560804020e-05 1.100000000000e-01 1.225560804020e-05 2.200000000000e-01
1.286838844221e-05 3.299907734637e-01 1.286838844221e-05 2.300000000000e-01 1.286838844221e-05 1.100138488168e-01 1.286838844221e-05 1.100000000000e-01 1.286838844221e-05 2.200000000000e-01
1.348116884422e-05 3.299894383908e-01 1.348116884422e-05 2.300000000000e-01 1.348116884422e-05 1.100158150697e-01 1.348116884422e-05 1.100000000000e-01 1.348116884422e-05 2.200000000000e-01
1.409394924623e-05 3.299879101473e-01 1.409394924623e-05 2.300000000000e-01 1.409394924623e-05 1.100180604574e-01 1.409394924623e-05 1.100000000000e-01 1.409394924623e-05 2.200000000000e-01
1.470672964824e-05 3.299861607879e-01 1.470672964824e-05 2.300000000000e-01 1.470672964824e-05 1.100206245954e-01 1.470672964824e-05 1.100000000000e-01 1.470672964824e-05 2.200000000000e-01
1.531951005025e-05 3.299841583264e-01 1.531951005025e-05 2.300000000000e-01 1.531951005025e-05 1.100235527186e-01 1.531951005025e-05 1.100000000000e-01 1.531951005025e-05 2.200000000000e-01
1.593229045226e-05 3.299818661516e-01 1.593229045226e-05 2.300000000000e-01 1.593229045226e-05 1.100268964764e-01 1.593229045226e-05 1.100000000000e-01 1.593229045226e-05 2.200000000000e-01
1.654507085427e-05 3.299792423589e-01 1.654507085427e-05 2.300000000000e-01 1.654507085427e-05 1.100307148412e-01 1.654507085427e-05 1.100000000000e-01 1.654507085427e-05 2.200000000000e-01
1.715785125628e-05 3.299762389867e-01 1.715785125628e-05 2.300000000000e-01 1.715785125628e-05 1.100350751447e-01 1.715785125628e-05 1.100000000000e-01 1.715785125628e-05 2.200000000000e-01
1.777063165829e-05 3.299728011412e-01 1.777063165829e-05 2.300000000000e-01 1.777063165829e-05 1.100400542607e-01 1.777063165829e-05 1.100000000000e-01 1.777063165829e-05 2.200000000000e-01
1.838341206030e-05 3.299688659963e-01 1.838341206030e-05 2.300000000000e-01 1.838341206030e-05 1.100457399533e-01 1.838341206030e-05 1.100000000000e-01 1.838341206030e-05 2.200000000000e-01
1.899619246231e-05 3.299643616498e-01 1.899619246231e-05 2.300000000000e-01 1.899619246231e-05 1.100522324162e-01 1.899619246231e-05 1.100000000000e-01 1.899619246231e-05 2.200000000000e-01
1.960897286432e-05 3.299592058144e-01 1.960897286432e-05 2.300000000000e-01 1.960897286432e-05 1.100596460269e-01 1.960897286432e-05 1.100000000000e-01 1.960897286432e-05 2.200000000000e-01
2.022175326633e-05 3.299533043220e-01 2.022175326633e-05 2.300000000000e-01 2.022175326633e-05 1.100681113474e-01 2.022175326633e-05 1.100000000000e-01 2.022175326633e-05 2.200000000000e-01
2.083453366834e-05 3.299465494121e-01 2.083453366834e-05 2.300000000000e-01 2.083453366834e-05 1.100777774048e-01 2.083453366834e-05 1.100000000000e-01 2.083453366834e-05 2.200000000000e-01
2.144731407035e-05 3.299388177773e-01 2.144731407035e-05 2.300000000000e-01 2.144731407035e-05 1.100888142899e-01 2.144731407035e-05 1.100000000000e-01 2.144731407035e-05 2.200000000000e-01
2.206009447236e-05 3.299299683277e-01 2.206009447236e-05 2.300000000000e-01 2.206009447236e-05 1.101014161178e-01 2.206009447236e-05 1.100000000000e-01 2.206009447236e-05 2.200000000000e-01
2.267287487437e-05 3.299198396376e-01 2.267287487437e-05 2.300000000000e-01 2.267287487437e-05 1.101158043999e-01 2.267287487437e-05 1.100000000000e-01 2.267287487437e-05 2.200000000000e-01
2.328565527638e-05 3.299082470290e-01 2.328565527638e-05 2.300000000000e-01 2.328565527638e-05 1.101322318817e-01 2.328565527638e-05 1.100000000000e-01 2.328565527638e-05 2.200000000000e-01
2.389843567839e-05 3.298949792409e-01 2.389843567839e-05 2.300000000000e-01 2.389843567839e-05 1.101509869101e-01 2.389843567839e-05 1.100000000000e-01 2.389843567839e-05 2.200000000000e-01
2.451121608040e-05 3.298797946279e-01 2.451121608040e-05 2.300000000000e-01 2.451121608040e-05 1.101723984001e-01 2.451121608040e-05 1.100000000000e-01 2.451121608040e-05 2.200000000000e-01
2.512399648241e-05 3.298624168229e-01 2.512399648241e-05 2.300000000000e-01 2.512399648241e-05 1.101968414784e-01 2.512399648241e-05 1.100000000000e-01 2.512399648241e-05 2.200000000000e-01
2.573677688442e-05 3.298425297913e-01 2.573677688442e-05 2.300000000000e-01 2.573677688442e-05 1.102247438945e-01 2.573677688442e-05 1.100000000000e-01 2.573677688442e-05 2.200000000000e-01
2.634955728643e-05 3.298197721936e-01 2.634955728643e-05 2.300000000000e-01 2.634955728643e-05 1.102565932936e-01 2.634955728643e-05 1.100000000000e-01 2.634955728643e-05 2.200000000000e-01
2.696233768844e-05 3.297937309661e-01 2.696233768844e-05 2.300000000000e-01 2.696233768844e-05 1.102929454638e-01 2.696233768844e-05 1.100000000000e-01 2.696233768844e-05 2.200000000000e-01
2.757511809045e-05 3.297639340134e-01 2.757511809045e-05 2.300000000000e-01 2.757511809045e-05 1.103344336740e-01 2.757511809045e-05 1.100000000000e-01 2.757511809045e-05 2.200000000000e-01
2.818789849246e-05 3.297298419019e-01 2.818789849246e-05 2.300000000000e-01 2.818789849246e-05 1.103817792355e-01 2.818789849246e-05 1.100000000000e-01 2.818789849246e-05 2.200000000000e-01
2.880067889447e-05 3.296908384223e-01 2.880067889447e-05 2.300000000000e-01 2.880067889447e-05 1.104358034310e-01 2.880067889447e-05 1.100000000000e-01 2.880067889447e-05 2.200000000000e-01
2.941345929648e-05 3.296462198847e-01 2.941345929648e-05 2.300000000000e-01 2.941345929648e-05 1.104974409622e-01 2.941345929648e-05 1.100000000000e-01 2.941345929648e-05 2.200000000000e-01
3.002623969849e-05 3.295951829887e-01 3.002623969849e-05 2.300000000000e-01 3.002623969849e-05 1.105677550833e-01 3.002623969849e-05 1.100000000000e-01 3.002623969849e-05 2.200000000000e-01
3.063902010050e-05 3.295368111037e-01 3.063902010050e-05 2.300000000000e-01 3.063902010050e-05 1.106479545912e-01 3.063902010050e-05 1.100000000000e-01 3.063902010050e-05 2.200000000000e-01
3.125180050251e-05 3.294700587786e-01 3.125180050251e-05 2.300000000000e-01 3.125180050251e-05 1.107394128501e-01 3.125180050251e-05 1.100000000000e-01 3.125180050251e-05 2.200000000000e-01
3.186458090452e-05 3.293937342894e-01 3.186458090452e-05 2.300000000000e-01 3.186458090452e-05 1.108436890285e-01 3.186458090452e-05 1.100000000000e-01 3.186458090452e-05 2.200000000000e-01
3.247736130653e-05 3.293064800267e-01 3.247736130653e-05 2.300000000000e-01 3.247736130653e-05 1.109625517208e-01 3.247736130653e-05 1.100000000000e-01 3.247736130653e-05 2.200000000000e-01
3.309014170854e-05 3.292067505207e-01 3.309014170854e-05 2.300000000000e-01 3.309014170854e-05 1.110980051088e-01 3.309014170854e-05 1.100000000000e-01 3.309014170854e-05 2.200000000000e-01
3.370292211055e-05 3.290927879018e-01 3.370292211055e-05 2.300000000000e-01 3.370292211055e-05 1.112523177911e-01 3.370292211055e-05 1.100000000000e-01 3.370292211055e-05 2.200000000000e-01
3.431570251256e-05 3.289625946111e-01 3.431570251256e-05 2.300000000000e-01 3.431570251256e-05 1.114280543620e-01 3.431570251256e-05 1.100000000000e-01 3.431570251256e-05 2.200000000000e-01
3.492848291457e-05 3.288139031961e-01 3.492848291457e-05 2.300000000000e-01 3.492848291457e-05 1.116281097524e-01 3.492848291457e-05 1.100000000000e-01 3.492848291457e-05 2.200000000000e-01
3.554126331658e-05 3.286441430724e-01 3.554126331658e-05 2.300000000000e-01 3.554126331658e-05 1.118557462513e-01 3.554126331658e-05 1.100000000000e-01 3.554126331658e-05 2.200000000000e-01
3.615404371859e-05 3.284504041957e-01 3.615404371859e-05 2.300000000000e-01 3.615404371859e-05 1.121146329875e-01 3.615404371859e-05 1.100000000000e-01 3.615404371859e-05 2.200000000000e-01
3.676682412060e-05 3.282293976847e-01 3.676682412060e-05 2.300000000000e-01 3.676682412060e-05 1.124088874756e-01 3.676682412060e-05 1.100000000000e-01 3.676682412060e-05 2.200000000000e-01
3.737960452261e-05 3.279774135717e-01 3.737960452261e-05 2.300000000000e-01 3.737960452261e-05 1.127431185923e-01 3.737960452261e-05 1.100000000000e-01 3.737960452261e-05 2.200000000000e-01
3.799238492462e-05 3.276902760385e-01 3.799238492462e-05 2.300000000000e-01 3.799238492462e-05 1.131224700462e-01 3.799238492462e-05 1.100000000000e-01 3.799238492462e-05 2.200000000000e-01
3.860516532663e-05 3.273632967386e-01 3.860516532663e-05 2.300000000000e-01 3.860516532663e-05 1.135526630224e-01 3.860516532663e-05 1.100000000000e-01 3.860516532663e-05 2.200000000000e-01
3.921794572864e-05 3.269912271245e-01 3.921794572864e-05 2.300000000000e-01 3.921794572864e-05 1.140400362165e-01 3.921794572864e-05 1.100000000000e-01 3.921794572864e-05 2.200000000000e-01
3.983072613065e-05 3.265682110943e-01 3.983072613065e-05 2.300000000000e-01 3.983072613065e-05 1.145915809030e-01 3.983072613065e-05 1.100000000000e-01 3.983072613065e-05 2.200000000000e-01
4.044350653266e-05 3.260877397714e-01 4.044350653266e-05 2.300000000000e-01 4.044350653266e-05 1.152149680275e-01 4.044350653266e-05 1.100000000000e-01 4.044350653266e-05 2.200000000000e-01
4.105628693467e-05 3.255426108276e-01 4.105628693467e-05 2.300000000000e-01 4.105628693467e-05 1.159185635601e-01 4.105628693467e-05 1.100000000000e-01 4.105628693467e-05 2.200000000000e-01
4.166906733668e-05 3.249248954673e-01 4.166906733668e-05 2.300000000000e-01 4.166906733668e-05 1.167114275374e-01 4.166906733668e-05 1.100000000000e-01 4.166906733668e-05 2.200000000000e-01
4.228184773869e-05 3.242259169880e-01 4.228184773869e-05 2.300000000000e-01 4.228184773869e-05 1.176032913895e-01 4.228184773869e-05 1.100000000000e-01 4.228184773869e-05 2.200000000000e-01
4.289462814070e-05 3.234362457010e-01 4.289462814070e-05 2.300000000000e-01 4.289462814070e-05 1.186045073788e-01 4.289462814070e-05 1.100000000000e-01 4.289462814070e-05 2.200000000000e-01
4.350740854271e-05 3.225457158796e-01 4.350740854271e-05 2.300000000000e-01 4.350740854271e-05 1.197259633715e-01 4.350740854271e-05 1.100000000000e-01 4.350740854271e-05 2.200000000000e-01
4.412018894472e-05 3.215434712110e-01 4.412018894472e-05 2.300000000000e-01 4.412018894472e-05 1.209789558920e-01 4.412018894472e-05 1.100000000000e-01 4.412018894472e-05 2.200000000000e-01
4.473296934673e-05 3.204180458350e-01 4.473296934673e-05 2.300000000000e-01 4.473296934673e-05 1.223750146665e-01 4.473296934673e-05 1.100000000000e-01 4.473296934673e-05 2.200000000000e-01
4.534574974874e-05 3.191574882680e-01 4.534574974874e-05 2.300000000000e-01 4.534574974874e-05 1.239256729043e-01 4.534574974874e-05 1.100000000000e-01 4.534574974874e-05 2.200000000000e-01
4.595853015075e-05 3.177495350987e-01 4.595853015075e-05 2.300000000000e-01 4.595853015075e-05 1.256421796651e-01 4.595853015075e-05 1.100000000000e-01 4.595853015075e-05 2.200000000000e-01
4.657131055276e-05 3.161818400025e-01 4.657131055276e-05 2.300000000000e-01 4.657131055276e-05 1.275351540992e-01 4.657131055276e-05 1.100000000000e-01 4.657131055276e-05 2.200000000000e-01
4.718409095477e-05 3.144422610315e-01 4.718409095477e-05 2.300000000000e-01 4.718409095477e-05 1.296141863342e-01 4.718409095477e-05 1.100000000000e-01 4.718409095477e-05 2.200000000000e-01
4.779687135678e-05 3.125192049826e-01 4.779687135678e-05 2.300000000000e-01 4.779687135678e-05 1.318873964107e-01 4.779687135678e-05 1.100000000000e-01 4.779687135678e-05 2.200000000000e-01
4.840965175879e-05 3.104020216735e-01 4.840965175879e-05 2.300000000000e-01 4.840965175879e-05 1.343609707839e-01 4.840965175879e-05 1.100000000000e-01 4.840965175879e-05 2.200000000000e-01
4.902243216080e-05 3.080814331092e-01 4.902243216080e-05 2.300000000000e-01 4.902243216080e-05 1.370387050513e-01 4.902243216080e-05 1.100000000000e-01 4.902243216080e-05 2.200000000000e-01
4.963521256281e-05 3.055499730087e-01 4.963521256281e-05 2.300000000000e-01 4.963521256281e-05 1.399215908627e-01 4.963521256281e-05 1.100000000000e-01 4.963521256281e-05 2.200000000000e-01
5.024799296482e-05 3.028024016301e-01 5.024799296482e-05 2.300000000000e-01 5.024799296482e-05 1.430074931252e-01 5.024799296482e-05 1.100000000000e-01 5.024799296482e-05 2.200000000000e-01
5.086077336683e-05 2.998360504143e-01 5.086077336683e-05 2.300000000000e-01 5.086077336683e-05 1.462909690105e-01 5.086077336683e-05 1.100000000000e-01 5.086077336683e-05 2.200000000000e-01
5.147355376884e-05 2.966510423549e-01 5.147355376884e-05 2.300000000000e-01 5.147355376884e-05 1.497632811342e-01 5.147355376884e-05 1.100000000000e-01 5.147355376884e-05 2.200000000000e-01
5.208633417085e-05 2.932503292972e-01 5.208633417085e-05 2.300000000000e-01 5.208633417085e-05 1.534126520257e-01 5.208633417085e-05 1.100000000000e-01 5.208633417085e-05 2.200000000000e-01
5.269911457286e-05 2.896394888918e-01 5.269911457286e-05 2.300000000000e-01 5.269911457286e-05 1.572247946622e-01 5.269911457286e-05 1.100000000000e-01 5.269911457286e-05 2.200000000000e-01
5.331189497487e-05 2.858262337883e-01 5.331189497487e-05 2.300000000000e-01 5.331189497487e-05 1.611837343513e-01 5.331189497487e-05 1.100000000000e-01 5.331189497487e-05 2.200000000000e-01
5.392467537688e-05 2.818196053437e-01 5.392467537688e-05 2.300000000000e-01 5.392467537688e-05 1.652729117407e-01 5.392467537688e-05 1.100000000000e-01 5.392467537688e-05 2.200000000000e-01
5.453745577889e-05 2.776288540996e-01 5.453745577889e-05 2.300000000000e-01 5.453745577889e-05 1.694765273688e-01 5.453745577889e-05 1.100000000000e-01 5.453745577889e-05 2.200000000000e-01
5.515023618090e-05 2.732620488234e-01 5.515023618090e-05 2.300000000000e-01 5.515023618090e-05 1.737810577121e-01 5.515023618090e-05 1.100000000000e-01 5.515023618090e-05 2.200000000000e-01
5.576301658291e-05 2.687245032153e-01 5.576301658291e-05 2.300000000000e-01 5.576301658291e-05 1.781768437594e-01 5.576301658291e-05 1.100000000000e-01 5.576301658291e-05 2.200000000000e-01
5.637579698492e-05 2.640171619601e-01 5.637579698492e-05 2.300000000000e-01 5.637579698492e-05 1.826596274626e-01 5.637579698492e-05 1.100000000000e-01 5.637579698492e-05 2.200000000000e-01
5.698857738693e-05 2.591351427696e-01 5.698857738693e-05 2.300000000000e-01 5.698857738693e-05 1.872318892700e-01 5.698857738693e-05 1.100000000000e-01 5.698857738693e-05 2.200000000000e-01
5.760135778894e-05 2.540666849173e-01 5.760135778894e-05 2.300000000000e-01 5.760135778894e-05 1.919038204072e-01 5.760135778894e-05 1.100000000000e-01 5.760135778894e-05 2.200000000000e-01
5.821413819095e-05 2.487928020048e-01 5.821413819095e-05 2.300000000000e-01 5.821413819095e-05 1.966937455563e-01 5.821413819095e-05 1.100000000000e-01 5.821413819095e-05 2.200000000000e-01
5.882691859296e-05 2.432879669366e-01 5.882691859296e-05 2.300000000000e-01 5.882691859296e-05 2.016277960986e-01 5.882691859296e-05 1.100000000000e-01 5.882691859296e-05 2.200000000000e-01
5.943969899497e-05 2.375221512591e-01 5.943969899497e-05 2.300000000000e-01 5.943969899497e-05 2.067386271093e-01 5.943969899497e-05 1.100000000000e-01 5.943969899497e-05 2.200000000000e-01
6.005247939698e-05 2.314644686295e-01 6.005247939698e-05 2.300000000000e-01 6.005247939698e-05 2.120629867849e-01 6.005247939698e-05 1.100000000000e-01 6.005247939698e-05 2.200000000000e-01
6.066525979899e-05 2.250884938561e-01 6.066525979899e-05 2.300000000000e-01 6.066525979899e-05 2.176380080842e-01 6.066525979899e-05 1.100000000000e-01 6.066525979899e-05 2.200000000000e-01
6.127804020101e-05 2.183790102530e-01 6.127804020101e-05 2.300000000000e-01 6.127804020101e-05 2.234962282691e-01 6.127804020101e-05 1.100000000000e-01 6.127804020101e-05 2.200000000000e-01
6.189082060302e-05 2.113394786454e-01 6.189082060302e-05 2.300000000000e-01 6.189082060302e-05 2.296595769982e-01 6.189082060302e-05 1.100000000000e-01 6.189082060302e-05 2.200000000000e-01
6.250360100503e-05 2.039989948186e-01 6.250360100503e-05 2.300000000000e-01 6.250360100503e-05 2.361329066058e-01 6.250360100503e-05 1.100000000000e-01 6.250360100503e-05 2.200000000000e-01
6.311638140704e-05 1.964170835510e-01 6.311638140704e-05 2.300000000000e-01 6.311638140704e-05 2.428980168544e-01 6.311638140704e-05 1.100000000000e-01 6.311638140704e-05 2.200000000000e-01
6.372916180905e-05 1.886846187293e-01 6.372916180905e-05 2.300000000000e-01 6.372916180905e-05 2.499094303973e-01 6.372916180905e-05 1.100000000000e-01 6.372916180905e-05 2.200000000000e-01
6.434194221106e-05 1.809196811295e-01 6.434194221106e-05 2.300000000000e-01 6.434194221106e-05 2.570932320637e-01 6.434194221106e-05 1.100000000000e-01 6.434194221106e-05 2.200000000000e-01
6.495472261307e-05 1.732582892069e-01 6.495472261307e-05 2.300000000000e-01 6.495472261307e-05 2.643499386728e-01 6.495472261307e-05 1.100000000000e-01 6.495472261307e-05 2.200000000000e-01
6.556750301508e-05 1.658413647580e-01 6.556750301508e-05 2.300000000000e-01 6.556750301508e-05 2.715615833568e-01 6.556750301508e-05 1.100000000000e-01 6.556750301508e-05 2.200000000000e-01
6.618028341709e-05 1.588004704767e-01 6.618028341709e-05 2.300000000000e-01 6.618028341709e-05 2.786021540753e-01 6.618028341709e-05 1.100000000000e-01 6.618028341709e-05 2.200000000000e-01
6.679306381910e-05 1.522452479407e-01 6.679306381910e-05 2.300000000000e-01 6.679306381910e-05 2.853495812141e-01 6.679306381910e-05 1.100000000000e-01 6.679306381910e-05 2.200000000000e-01
6.740584422111e-05 1.462549060056e-01 6.740584422111e-05 2.300000000000e-01 6.740584422111e-05 2.916970131936e-01 6.740584422111e-05 1.100000000000e-01 6.740584422111e-05 2.200000000000e-01
6.801862462312e-05 1.408748419053e-01 6.801862462312e-05 2.300000000000e-01 6.801862462312e-05 2.975613540736e-01 6.801862462312e-05 1.100000000000e-01 6.801862462312e-05 2.200000000000e-01
6.863140502513e-05 1.361180867833e-01 6.863140502513e-05 2.300000000000e-01 6.863140502513e-05 3.028878562795e-01 6.863140502513e-05 1.100000000000e-01 6.863140502513e-05 2.200000000000e-01
6.924418542714e-05 1.319702697673e-01 6.924418542714e-05 2.300000000000e-01 6.924418542714e-05 3.076506137817e-01 6.924418542714e-05 1.100000000000e-01 6.924418542714e-05 2.200000000000e-01
6.985696582915e-05 1.283964165228e-01 6.985696582915e-05 2.300000000000e-01 6.985696582915e-05 3.118496929332e-01 6.985696582915e-05 1.100000000000e-01 6.985696582915e-05 2.200000000000e-01
7.046974623116e-05 1.253480599815e-01 7.046974623116e-05 2.300000000000e-01 7.046974623116e-05 3.155061249662e-01 7.046974623116e-05 1.100000000000e-01 7.046974623116e-05 2.200000000000e-01
7.108252663317e-05 1.227696002391e-01 7.108252663317e-05 2.300000000000e-01 7.108252663317e-05 3.186560373020e-01 7.108252663317e-05 1.100000000000e-01 7.108252663317e-05 2.200000000000e-01
7.169530703518e-05 1.206033644989e-01 7.169530703518e-05 2.300000000000e-01 7.169530703518e-05 3.213449496390e-01 7.169530703518e-05 1.100000000000e-01 7.169530703518e-05 2.200000000000e-01
7.230808743719e-05 1.187932331556e-01 7.230808743719e-05 2.300000000000e-01 7.230808743719e-05 3.236228837364e-01 7.230808743719e-05 1.100000000000e-01 7.230808743719e-05 2.200000000000e-01
7.292086783920e-05 1.172869612119e-01 7.292086783920e-05 2.300000000000e-01 7.292086783920e-05 3.255405759172e-01 7.292086783920e-05 1.100000000000e-01 7.292086783920e-05 2.200000000000e-01
7.353364824121e-05 1.160374485578e-01 7.353364824121e-05 2.300000000000e-01 7.353364824121e-05 3.271468139501e-01 7.353364824121e-05 1.100000000000e-01 7.353364824121e-05 2.200000000000e-01
7.414642864322e-05 1.150032394639e-01 7.414642864322e-05 2.300000000000e-01 7.414642864322e-05 3.284867613747e-01 7.414642864322e-05 1.100000000000e-01 7.414642864322e-05 2.200000000000e-01
7.475920904523e-05 1.141485035938e-01 7.475920904523e-05 2.300000000000e-01 7.475920904523e-05 3.296010643258e-01 7.475920904523e-05 1.100000000000e-01 7.475920904523e-05 2.200000000000e-01
7.537198944724e-05 1.134427000907e-01 7.537198944724e-05 2.300000000000e-01 7.537198944724e-05 3.305255286029e-01 7.537198944724e-05 1.100000000000e-01 7.537198944724e-05 2.200000000000e-01
7.598476984925e-05 1.128600725726e-01 7.598476984925e-05 2.300000000000e-01 7.598476984925e-05 3.312911803499e-01 7.598476984925e-05 1.100000000000e-01 7.598476984925e-05 2.200000000000e-01
7.659755025126e-05 1.123790759498e-01 7.659755025126e-05 2.300000000000e-01 7.659755025126e-05 3.319245621592e-01 7.659755025126e-05 1.100000000000e-01 7.659755025126e-05 2.200000000000e-01
7.721033065327e-05 1.119817992182e-01 7.721033065327e-05 2.300000000000e-01 7.721033065327e-05 3.324481555700e-01 7.721033065327e-05 1.100000000000e-01 7.721033065327e-05 2.200000000000e-01
7.782311105528e-05 1.116534216840e-01 7.782311105528e-05 2.300000000000e-01 7.782311105528e-05 3.328808548440e-01 7.782311105528e-05 1.100000000000e-01 7.782311105528e-05 2.200000000000e-01
7.843589145729e-05 1.113817218174e-01 7.843589145729e-05 2.300000000000e-01 7.843589145729e-05 3.332384435778e-01 7.843589145729e-05 1.100000000000e-01 7.843589145729e-05 2.200000000000e-01
7.904867185930e-05 1.111566461454e-01 7.904867185930e-05 2.300000000000e-01 7.904867185930e-05 3.335340452984e-01 7.904867185930e-05 1.100000000000e-01 7.904867185930e-05 2.200000000000e-01
7.966145226131e-05 1.109699384263e-01 7.966145226131e-05 2.300000000000e-01 7.966145226131e-05 3.337785327889e-01 7.966145226131e-05 1.100000000000e-01 7.966145226131e-05 2.200000000000e-01
8.027423266332e-05 1.108148253410e-01 8.027423266332e-05 2.300000000000e-01 8.027423266332e-05 3.339808898557e-01 8.027423266332e-05 1.100000000000e-01 8.027423266332e-05 2.200000000000e-01
8.088701306533e-05 1.106857529727e-01 8.088701306533e-05 2.300000000000e-01 8.088701306533e-05 3.341485248272e-01 8.088701306533e-05 1.100000000000e-01 8.088701306533e-05 2.200000000000e-01
8.149979346734e-05 1.105781676559e-01 8.149979346734e-05 2.300000000000e-01 8.149979346734e-05 3.342875383126e-01 8.149979346734e-05 1.100000000000e-01 8.149979346734e-05 2.200000000000e-01
8.211257386935e-05 1.104883348297e-01 8.211257386935e-05 2.300000000000e-01 8.211257386935e-05 3.344029494180e-01 8.211257386935e-05 1.100000000000e-01 8.211257386935e-05 2.200000000000e-01
8.272535427136e-05 1.104131899793e-01 8.272535427136e-05 2.300000000000e-01 8.272535427136e-05 3.344988852938e-01 8.272535427136e-05 1.100000000000e-01 8.272535427136e-05 2.200000000000e-01
8.333813467337e-05 1.103502163921e-01 8.333813467337e-05 2.300000000000e-01 8.333813467337e-05 3.345787389605e-01 8.333813467337e-05 1.100000000000e-01 8.333813467337e-05 2.200000000000e-01
8.395091507538e-05 1.102973451441e-01 8.395091507538e-05 2.300000000000e-01 8.395091507538e-05 3.346453000899e-01 8.395091507538e-05 1.100000000000e-01 8.395091507538e-05 2.200000000000e-01
8.456369547739e-05 1.102528734114e-01 8.456369547739e-05 2.300000000000e-01 8.456369547739e-05 3.347008629796e-01 8.456369547739e-05 1.100000000000e-01 8.456369547739e-05 2.200000000000e-01
8.517647587940e-05 1.102153978219e-01 8.517647587940e-05 2.300000000000e-01 8.517647587940e-05 3.347473154512e-01 8.517647587940e-05 1.100000000000e-01 8.517647587940e-05 2.200000000000e-01
8.578925628141e-05 1.101837601104e-01 8.578925628141e-05 2.300000000000e-01 8.578925628141e-05 3.347862118916e-01 8.578925628141e-05 1.100000000000e-01 8.578925628141e-05 2.200000000000e-01
8.640203668342e-05 1.101570028168e-01 8.640203668342e-05 2.300000000000e-01 8.640203668342e-05 3.348188331758e-01 8.640203668342e-05 1.100000000000e-01 8.640203668342e-05 2.200000000000e-01
8.701481708543e-05 1.101343331671e-01 8.701481708543e-05 2.300000000000e-01 8.701481708543e-05 3.348462357769e-01 8.701481708543e-05 1.100000000000e-01 8.701481708543e-05 2.200000000000e-01
8.762759748744e-05 1.101150936162e-01 8.762759748744e-05 2.300000000000e-01 8.762759748744e-05 3.348692919866e-01 8.762759748744e-05 1.100000000000e-01 8.762759748744e-05 2.200000000000e-01
8.824037788945e-05 1.100987378084e-01 8.824037788945e-05 2.300000000000e-01 8.824037788945e-05 3.348887228442e-01 8.824037788945e-05 1.100000000000e-01 8.824037788945e-05 2.200000000000e-01
8.885315829146e-05 1.100848109454e-01 8.885315829146e-05 2.300000000000e-01 8.885315829146e-05 3.349051250923e-01 8.885315829146e-05 1.100000000000e-01 8.885315829146e-05 2.200000000000e-01
8.946593869347e-05 1.100729337370e-01 8.946593869347e-05 2.300000000000e-01 8.946593869347e-05 3.349189932459e-01 8.946593869347e-05 1.100000000000e-01 8.946593869347e-05 2.200000000000e-01
9.007871909548e-05 1.100627892674e-01 9.007871909548e-05 2.300000000000e-01 9.007871909548e-05 3.349307376647e-01 9.007871909548e-05 1.100000000000e-01 9.007871909548e-05 2.200000000000e-01
9.069149949749e-05 1.100541122339e-01 9.069149949749e-05 2.300000000000e-01 9.069149949749e-05 3.349406993606e-01 9.069149949749e-05 1.100000000000e-01 9.069149949749e-05 2.200000000000e-01
9.130427989950e-05 1.100466801177e-01 9.130427989950e-05 2.300000000000e-01 9.130427989950e-05 3.349491621358e-01 9.130427989950e-05 1.100000000000e-01 9.130427989950e-05 2.200000000000e-01
9.191706030151e-05 1.100403059296e-01 9.191706030151e-05 2.300000000000e-01 9.191706030151e-05 3.349563625403e-01 9.191706030151e-05 1.100000000000e-01 9.191706030151e-05 2.200000000000e-01
9.252984070352e-05 1.100348322405e-01 9.252984070352e-05 2.300000000000e-01 9.252984070352e-05 3.349624980470e-01 9.252984070352e-05 1.100000000000e-01 9.252984070352e-05 2.200000000000e-01
9.314262110553e-05 1.100301262611e-01 9.314262110553e-05 2.300000000000e-01 9.314262110553e-05 3.349677337697e-01 9.314262110553e-05 1.100000000000e-01 9.314262110553e-05 2.200000000000e-01
9.375540150754e-05 1.100260757803e-01 9.375540150754e-05 2.300000000000e-01 9.375540150754e-05 3.349722079888e-01 9.375540150754e-05 1.100000000000e-01 9.375540150754e-05 2.200000000000e-01
9.436818190955e-05 1.100225858053e-01 9.436818190955e-05 2.300000000000e-01 9.436818190955e-05 3.349760367015e-01 9.436818190955e-05 1.100000000000e-01 9.436818190955e-05 2.200000000000e-01
9.498096231156e-05 1.100195757789e-01 9.498096231156e-05 2.300000000000e-01 9.498096231156e-05 3.349793173729e-01 9.498096231156e-05 1.100000000000e-01 9.498096231156e-05 2.200000000000e-01
9.559374271357e-05 1.100169772686e-01 9.559374271357e-05 2.300000000000e-01 9.559374271357e-05 3.349821320319e-01 9.559374271357e-05 1.100000000000e-01 9.559374271357e-05 2.200000000000e-01
9.620652311558e-05 1.100147320458e-01 9.620652311558e-05 2.300000000000e-01 9.620652311558e-05 3.349845498302e-01 9.620652311558e-05 1.100000000000e-01 9.620652311558e-05 2.200000000000e-01
9.681930351759e-05 1.100127904854e-01 9.681930351759e-05 2.300000000000e-01 9.681930351759e-05 3.349866291592e-01 9.681930351759e-05 1.100000000000e-01 9.681930351759e-05 2.200000000000e-01
9.743208391960e-05 1.100111102292e-01 9.743208391960e-05 2.300000000000e-01 9.743208391960e-05 3.349884194053e-01 9.743208391960e-05 1.100000000000e-01 9.743208391960e-05 2.200000000000e-01
9.804486432161e-05 1.100096550684e-01 9.804486432161e-05 2.300000000000e-01 9.804486432161e-05 3.349899624055e-01 9.804486432161e-05 1.100000000000e-01 9.804486432161e-05 2.200000000000e-01
9.865764472362e-05 1.100083940076e-01 9.865764472362e-05 2.300000000000e-01 9.865764472362e-05 3.349912936582e-01 9.865764472362e-05 1.100000000000e-01 9.865764472362e-05 2.200000000000e-01
9.927042512563e-05 1.100073004781e-01 9.927042512563e-05 2.300000000000e-01 9.927042512563e-05 3.349924433304e-01 9.927042512563e-05 1.100000000000e-01 9.927042512563e-05 2.200000000000e-01
9.988320552764e-05 1.100063516765e-01 9.988320552764e-05 2.300000000000e-01 9.988320552764e-05 3.349934370973e-01 9.988320552764e-05 1.100000000000e-01 9.988320552764e-05 2.200000000000e-01
1.004959859296e-04 1.100055280075e-01 1.004959859296e-04 2.300000000000e-01 1.004959859296e-04 3.349942968443e-01 1.004959859296e-04 1.100000000000e-01 1.004959859296e-04 2.200000000000e-01
1.011087663317e-04 1.100048126132e-01 1.011087663317e-04 2.300000000000e-01 1.011087663317e-04 3.349950412530e-01 1.011087663317e-04 1.100000000000e-01 1.011087663317e-04 2.200000000000e-01
1.017215467337e-04 1.100041909748e-01 1.017215467337e-04 2.300000000000e-01 1.017215467337e-04 3.349956862928e-01 1.017215467337e-04 1.100000000000e-01 1.017215467337e-04 2.200000000000e-01
1.023343271357e-04 1.100036505754e-01 1.023343271357e-04 2.300000000000e-01 1.023343271357e-04 3.349962456335e-01 1.023343271357e-04 1.100000000000e-01 1.023343271357e-04 2.200000000000e-01
1.029471075377e-04 1.100031806136e-01 1.029471075377e-04 2.300000000000e-01 1.029471075377e-04 3.349967309912e-01 1.029471075377e-04 1.100000000000e-01 1.029471075377e-04 2.200000000000e-01
1.035598879397e-04 1.100027717596e-01 1.035598879397e-04 2.300000000000e-01 1.035598879397e-04 3.349971524209e-01 1.035598879397e-04 1.100000000000e-01 1.035598879397e-04 2.200000000000e-01
1.041726683417e-04 1.100024159486e-01 1.041726683417e-04 2.300000000000e-01 1.041726683417e-04 3.349975185621e-01 1.041726683417e-04 1.100000000000e-01 1.041726683417e-04 2.200000000000e-01
1.047854487437e-04 1.100021062032e-01 1.047854487437e-04 2.300000000000e-01 1.047854487437e-04 3.349978368468e-01 1.047854487437e-04 1.100000000000e-01 1.047854487437e-04 2.200000000000e-01
1.053982291457e-04 1.100018364824e-01 1.053982291457e-04 2.300000000000e-01 1.053982291457e-04 3.349981136752e-01 1.053982291457e-04 1.100000000000e-01 1.053982291457e-04 2.200000000000e-01
1.060110095477e-04 1.100016015528e-01 1.060110095477e-04 2.300000000000e-01 1.060110095477e-04 3.349983545650e-01 1.060110095477e-04 1.100000000000e-01 1.060110095477e-04 2.200000000000e-01
1.066237899497e-04 1.100013968769e-01 1.066237899497e-04 2.300000000000e-01 1.066237899497e-04 3.349985642779e-01 1.066237899497e-04 1.100000000000e-01 1.066237899497e-04 2.200000000000e-01
1.072365703518e-04 1.100012185192e-01 1.072365703518e-04 2.300000000000e-01 1.072365703518e-04 3.349987469267e-01 1.072365703518e-04 1.100000000000e-01 1.072365703518e-04 2.200000000000e-01
1.078493507538e-04 1.100010630636e-01 1.078493507538e-04 2.300000000000e-01 1.078493507538e-04 3.349989060673e-01 1.078493507538e-04 1.100000000000e-01 1.078493507538e-04 2.200000000000e-01
1.084621311558e-04 1.100009275439e-01 1.084621311558e-04 2.300000000000e-01 1.084621311558e-04 3.349990447768e-01 1.084621311558e-04 1.100000000000e-01 1.084621311558e-04 2.200000000000e-01
1.090749115578e-04 1.100008093828e-01 1.090749115578e-04 2.300000000000e-01 1.090749115578e-04 3.349991657198e-01 1.090749115578e-04 1.100000000000e-01 1.090749115578e-04 2.200000000000e-01
1.096876919598e-04 1.100007063407e-01 1.096876919598e-04 2.300000000000e-01 1.096876919598e-04 3.349992712057e-01 1.096876919598e-04 1.100000000000e-01 1.096876919598e-04 2.200000000000e-01
1.103004723618e-04 1.100006164698e-01 1.103004723618e-04 2.300000000000e-01 1.103004723618e-04 3.349993632372e-01 1.103004723618e-04 1.100000000000e-01 1.103004723618e-04 2.200000000000e-01
1.109132527638e-04 1.100005380759e-01 1.109132527638e-04 2.300000000000e-01 1.109132527638e-04 3.349994435526e-01 1.109132527638e-04 1.100000000000e-01 1.109132527638e-04 2.200000000000e-01
1.115260331658e-04 1.100004696851e-01 1.115260331658e-04 2.300000000000e-01 1.115260331658e-04 3.349995136614e-01 1.115260331658e-04 1.100000000000e-01 1.115260331658e-04 2.200000000000e-01
1.121388135678e-04 1.100004100140e-01 1.121388135678e-04 2.300000000000e-01 1.121388135678e-04 3.349995748751e-01 1.121388135678e-04 1.100000000000e-01 1.121388135678e-04 2.200000000000e-01
1.127515939698e-04 1.100003579456e-01 1.127515939698e-04 2.300000000000e-01 1.127515939698e-04 3.349996283342e-01 1.127515939698e-04 1.100000000000e-01 1.127515939698e-04 2.200000000000e-01
1.133643743719e-04 1.100003125069e-01 1.133643743719e-04 2.300000000000e-01 1.133643743719e-04 3.349996750304e-01 1.133643743719e-04 1.100000000000e-01 1.133643743719e-04 2.200000000000e-01
1.139771547739e-04 1.100002728502e-01 1.139771547739e-04 2.300000000000e-01 1.139771547739e-04 3.349997158271e-01 1.139771547739e-04 1.100000000000e-01 1.139771547739e-04 2.200000000000e-01
1.145899351759e-04 1.100002382371e-01 1.145899351759e-04 2.300000000000e-01 1.145899351759e-04 3.349997514758e-01 1.145899351759e-04 1.100000000000e-01 1.145899351759e-04 2.200000000000e-01
1.152027155779e-04 1.100002080238e-01 1.152027155779e-04 2.300000000000e-01 1.152027155779e-04 3.349997826311e-01 1.152027155779e-04 1.100000000000e-01 1.152027155779e-04 2.200000000000e-01
1.158154959799e-04 1.100001816493e-01 1.158154959799e-04 2.300000000000e-01 1.158154959799e-04 3.349998098636e-01 1.158154959799e-04 1.100000000000e-01 1.158154959799e-04 2.200000000000e-01
1.164282763819e-04 1.100001586244e-01 1.164282763819e-04 2.300000000000e-01 1.164282763819e-04 3.349998336704e-01 1.164282763819e-04 1.100000000000e-01 1.164282763819e-04 2.200000000000e-01
1.170410567839e-04 1.100001385226e-01 1.170410567839e-04 2.300000000000e-01 1.170410567839e-04 3.349998544851e-01 1.170410567839e-04 1.100000000000e-01 1.170410567839e-04 2.200000000000e-01
1.176538371859e-04 1.100001209719e-01 1.176538371859e-04 2.300000000000e-01 1.176538371859e-04 3.349998726859e-01 1.176538371859e-04 1.100000000000e-01 1.176538371859e-04 2.200000000000e-01
1.182666175879e-04 1.100001056478e-01 1.182666175879e-04 2.300000000000e-01 1.182666175879e-04 3.349998886029e-01 1.182666175879e-04 1.100000000000e-01 1.182666175879e-04 2.200000000000e-01
1.188793979899e-04 1.100000922672e-01 1.188793979899e-04 2.300000000000e-01 1.188793979899e-04 3.349999025240e-01 1.188793979899e-04 1.100000000000e-01 1.188793979899e-04 2.200000000000e-01
1.194921783920e-04 1.100000805831e-01 1.194921783920e-04 2.300000000000e-01 1.194921783920e-04 3.349999147006e-01 1.194921783920e-04 1.100000000000e-01 1.194921783920e-04 2.200000000000e-01
1.201049587940e-04 1.100000703802e-01 1.201049587940e-04 2.300000000000e-01 1.201049587940e-04 3.349999253523e-01 1.201049587940e-04 1.100000000000e-01 1.201049587940e-04 2.200000000000e-01
1.207177391960e-04 1.100000614702e-01 1.207177391960e-04 2.300000000000e-01 1.207177391960e-04 3.349999346707e-01 1.207177391960e-04 1.100000000000e-01 1.207177391960e-04 2.200000000000e-01
1.213305195980e-04 1.100000536892e-01 1.213305195980e-04 2.300000000000e-01 1.213305195980e-04 3.349999428233e-01 1.213305195980e-04 1.100000000000e-01 1.213305195980e-04 2.200000000000e-01
1.219433000000e-04 1.100000468939e-01 1.219433000000e-04 2.300000000000e-01 1.219433000000e-04 3.349999499566e-01 1.219433000000e-04 1.100000000000e-01 1.219433000000e-04 2.200000000000e-01
