0.000000000000e+00 2.304200000000e-01 0.000000000000e+00 2.422750000000e-01 0.000000000000e+00 1.135270520078e-01 0.000000000000e+00 1.165800000000e-01 0.000000000000e+00 1.000000000000e-02
8.104778894472e-07 2.304200000000e-01 8.104778894472e-07 2.422750000000e-01 8.104778894472e-07 1.135464553523e-01 8.104778894472e-07 1.165800000000e-01 8.104778894472e-07 1.000000000000e-02
1.620955778894e-06 2.304200000000e-01 1.620955778894e-06 2.422750000000e-01 1.620955778894e-06 1.135671658268e-01 1.620955778894e-06 1.165800000000e-01 1.620955778894e-06 1.000000000000e-02
2.431433668342e-06 2.304200000000e-01 2.431433668342e-06 2.422750000000e-01 2.431433668342e-06 1.135892708746e-01 2.431433668342e-06 1.165800000000e-01 2.431433668342e-06 1.000000000000e-02
3.241911557789e-06 2.304200000000e-01 3.241911557789e-06 2.422750000000e-01 3.241911557789e-06 1.136128637044e-01 3.241911557789e-06 1.165800000000e-01 3.241911557789e-06 1.000000000000e-02
4.052389447236e-06 2.304200000000e-01 4.052389447236e-06 2.422750000000e-01 4.052389447236e-06 1.136380436593e-01 4.052389447236e-06 1.165800000000e-01 4.052389447236e-06 1.000000000000e-02
4.862867336683e-06 2.304200000000e-01 4.862867336683e-06 2.422750000000e-01 4.862867336683e-06 1.136649166066e-01 4.862867336683e-06 1.165800000000e-01 4.862867336683e-06 1.000000000000e-02
5.673345226131e-06 2.304200000000e-01 5.673345226131e-06 2.422750000000e-01 5.673345226131e-06 1.136935953525e-01 5.673345226131e-06 1.165800000000e-01 5.673345226131e-06 1.000000000000e-02
6.483823115578e-06 2.304200000000e-01 6.483823115578e-06 2.422750000000e-01 6.483823115578e-06 1.137242000794e-01 6.483823115578e-06 1.165800000000e-01 6.483823115578e-06 1.000000000000e-02
7.294301005025e-06 2.304200000000e-01 7.294301005025e-06 2.422750000000e-01 7.294301005025e-06 1.137568588090e-01 7.294301005025e-06 1.165800000000e-01 7.294301005025e-06 1.000000000000e-02
8.104778894472e-06 2.304200000000e-01 8.104778894472e-06 2.422750000000e-01 8.104778894472e-06 1.137917078927e-01 8.104778894472e-06 1.165800000000e-01 8.104778894472e-06 1.000000000000e-02
8.915256783920e-06 2.304200000000e-01 8.915256783920e-06 2.422750000000e-01 8.915256783920e-06 1.138288925286e-01 8.915256783920e-06 1.165800000000e-01 8.915256783920e-06 1.000000000000e-02
9.725734673367e-06 2.304200000000e-01 9.725734673367e-06 2.422750000000e-01 9.725734673367e-06 1.138685673080e-01 9.725734673367e-06 1.165800000000e-01 9.725734673367e-06 1.000000000000e-02
1.053621256281e-05 2.304200000000e-01 1.053621256281e-05 2.422750000000e-01 1.053621256281e-05 1.139108967914e-01 1.053621256281e-05 1.165800000000e-01 1.053621256281e-05 1.000000000000e-02
1.134669045226e-05 2.304200000000e-01 1.134669045226e-05 2.422750000000e-01 1.134669045226e-05 1.139560561162e-01 1.134669045226e-05 1.165800000000e-01 1.134669045226e-05 1.000000000000e-02
1.215716834171e-05 2.304200000000e-01 1.215716834171e-05 2.422750000000e-01 1.215716834171e-05 1.140042316360e-01 1.215716834171e-05 1.165800000000e-01 1.215716834171e-05 1.000000000000e-02
1.296764623116e-05 2.304200000000e-01 1.296764623116e-05 2.422750000000e-01 1.296764623116e-05 1.140556215941e-01 1.296764623116e-05 1.165800000000e-01 1.296764623116e-05 1.000000000000e-02
1.377812412060e-05 2.304200000000e-01 1.377812412060e-05 2.422750000000e-01 1.377812412060e-05 1.141104368298e-01 1.377812412060e-05 1.165800000000e-01 1.377812412060e-05 1.000000000000e-02
1.458860201005e-05 2.304200000000e-01 1.458860201005e-05 2.422750000000e-01 1.458860201005e-05 1.141689015218e-01 1.458860201005e-05 1.165800000000e-01 1.458860201005e-05 1.000000000000e-02
1.539907989950e-05 2.304200000000e-01 1.539907989950e-05 2.422750000000e-01 1.539907989950e-05 1.142312539660e-01 1.539907989950e-05 1.165800000000e-01 1.539907989950e-05 1.000000000000e-02
1.620955778894e-05 2.304200000000e-01 1.620955778894e-05 2.422750000000e-01 1.620955778894e-05 1.142977473911e-01 1.620955778894e-05 1.165800000000e-01 1.620955778894e-05 1.000000000000e-02
1.702003567839e-05 2.304200000000e-01 1.702003567839e-05 2.422750000000e-01 1.702003567839e-05 1.143686508107e-01 1.702003567839e-05 1.165800000000e-01 1.702003567839e-05 1.000000000000e-02
1.783051356784e-05 2.304200000000e-01 1.783051356784e-05 2.422750000000e-01 1.783051356784e-05 1.144442499143e-01 1.783051356784e-05 1.165800000000e-01 1.783051356784e-05 1.000000000000e-02
1.864099145729e-05 2.304200000000e-01 1.864099145729e-05 2.422750000000e-01 1.864099145729e-05 1.145248479951e-01 1.864099145729e-05 1.165800000000e-01 1.864099145729e-05 1.000000000000e-02
1.945146934673e-05 2.304200000000e-01 1.945146934673e-05 2.422750000000e-01 1.945146934673e-05 1.146107669159e-01 1.945146934673e-05 1.165800000000e-01 1.945146934673e-05 1.000000000000e-02
2.026194723618e-05 2.304200000000e-01 2.026194723618e-05 2.422750000000e-01 2.026194723618e-05 1.147023481135e-01 2.026194723618e-05 1.165800000000e-01 2.026194723618e-05 1.000000000000e-02
2.107242512563e-05 2.304200000000e-01 2.107242512563e-05 2.422750000000e-01 2.107242512563e-05 1.147999536390e-01 2.107242512563e-05 1.165800000000e-01 2.107242512563e-05 1.000000000000e-02
2.188290301508e-05 2.304200000000e-01 2.188290301508e-05 2.422750000000e-01 2.188290301508e-05 1.149039672354e-01 2.188290301508e-05 1.165800000000e-01 2.188290301508e-05 1.000000000000e-02
2.269338090452e-05 2.304200000000e-01 2.269338090452e-05 2.422750000000e-01 2.269338090452e-05 1.150147954491e-01 2.269338090452e-05 1.165800000000e-01 2.269338090452e-05 1.000000000000e-02
2.350385879397e-05 2.304200000000e-01 2.350385879397e-05 2.422750000000e-01 2.350385879397e-05 1.151328687757e-01 2.350385879397e-05 1.165800000000e-01 2.350385879397e-05 1.000000000000e-02
2.431433668342e-05 2.304200000000e-01 2.431433668342e-05 2.422750000000e-01 2.431433668342e-05 1.152586428365e-01 2.431433668342e-05 1.165800000000e-01 2.431433668342e-05 1.000000000000e-02
2.512481457286e-05 2.304200000000e-01 2.512481457286e-05 2.422750000000e-01 2.512481457286e-05 1.153925995843e-01 2.512481457286e-05 1.165800000000e-01 2.512481457286e-05 1.000000000000e-02
2.593529246231e-05 2.304200000000e-01 2.593529246231e-05 2.422750000000e-01 2.593529246231e-05 1.155352485348e-01 2.593529246231e-05 1.165800000000e-01 2.593529246231e-05 1.000000000000e-02
2.674577035176e-05 2.304200000000e-01 2.674577035176e-05 2.422750000000e-01 2.674577035176e-05 1.156871280209e-01 2.674577035176e-05 1.165800000000e-01 2.674577035176e-05 1.000000000000e-02
2.755624824121e-05 2.304200000000e-01 2.755624824121e-05 2.422750000000e-01 2.755624824121e-05 1.158488064659e-01 2.755624824121e-05 1.165800000000e-01 2.755624824121e-05 1.000000000000e-02
2.836672613065e-05 2.304200000000e-01 2.836672613065e-05 2.422750000000e-01 2.836672613065e-05 1.160208836713e-01 2.836672613065e-05 1.165800000000e-01 2.836672613065e-05 1.000000000000e-02
2.917720402010e-05 2.304200000000e-01 2.917720402010e-05 2.422750000000e-01 2.917720402010e-05 1.162039921150e-01 2.917720402010e-05 1.165800000000e-01 2.917720402010e-05 1.000000000000e-02
2.998768190955e-05 2.304200000000e-01 2.998768190955e-05 2.422750000000e-01 2.998768190955e-05 1.163987982548e-01 2.998768190955e-05 1.165800000000e-01 2.998768190955e-05 1.000000000000e-02
3.079815979899e-05 2.304200000000e-01 3.079815979899e-05 2.422750000000e-01 3.079815979899e-05 1.166060038333e-01 3.079815979899e-05 1.165800000000e-01 3.079815979899e-05 1.000000000000e-02
3.160863768844e-05 2.304200000000e-01 3.160863768844e-05 2.422750000000e-01 3.160863768844e-05 1.168263471780e-01 3.160863768844e-05 1.165800000000e-01 3.160863768844e-05 1.000000000000e-02
3.241911557789e-05 2.304200000000e-01 3.241911557789e-05 2.422750000000e-01 3.241911557789e-05 1.170606044942e-01 3.241911557789e-05 1.165800000000e-01 3.241911557789e-05 1.000000000000e-02
3.322959346734e-05 2.304200000000e-01 3.322959346734e-05 2.422750000000e-01 3.322959346734e-05 1.173095911454e-01 3.322959346734e-05 1.165800000000e-01 3.322959346734e-05 1.000000000000e-02
3.404007135678e-05 2.304200000000e-01 3.404007135678e-05 2.422750000000e-01 3.404007135678e-05 1.175741629197e-01 3.404007135678e-05 1.165800000000e-01 3.404007135678e-05 1.000000000000e-02
3.485054924623e-05 2.304200000000e-01 3.485054924623e-05 2.422750000000e-01 3.485054924623e-05 1.178552172823e-01 3.485054924623e-05 1.165800000000e-01 3.485054924623e-05 1.000000000000e-02
3.566102713568e-05 2.304200000000e-01 3.566102713568e-05 2.422750000000e-01 3.566102713568e-05 1.181536946138e-01 3.566102713568e-05 1.165800000000e-01 3.566102713568e-05 1.000000000000e-02
3.647150502513e-05 2.304200000000e-01 3.647150502513e-05 2.422750000000e-01 3.647150502513e-05 1.184705794422e-01 3.647150502513e-05 1.165800000000e-01 3.647150502513e-05 1.000000000000e-02
3.728198291457e-05 2.304200000000e-01 3.728198291457e-05 2.422750000000e-01 3.728198291457e-05 1.188069016761e-01 3.728198291457e-05 1.165800000000e-01 3.728198291457e-05 1.000000000000e-02
3.809246080402e-05 2.304200000000e-01 3.809246080402e-05 2.422750000000e-01 3.809246080402e-05 1.191637378565e-01 3.809246080402e-05 1.165800000000e-01 3.809246080402e-05 1.000000000000e-02
3.890293869347e-05 2.304200000000e-01 3.890293869347e-05 2.422750000000e-01 3.890293869347e-05 1.195422124482e-01 3.890293869347e-05 1.165800000000e-01 3.890293869347e-05 1.000000000000e-02
3.971341658291e-05 2.304200000000e-01 3.971341658291e-05 2.422750000000e-01 3.971341658291e-05 1.199434992051e-01 3.971341658291e-05 1.165800000000e-01 3.971341658291e-05 1.000000000000e-02
4.052389447236e-05 2.304200000000e-01 4.052389447236e-05 2.422750000000e-01 4.052389447236e-05 1.203688226521e-01 4.052389447236e-05 1.165800000000e-01 4.052389447236e-05 1.000000000000e-02
4.133437236181e-05 2.304200000000e-01 4.133437236181e-05 2.422750000000e-01 4.133437236181e-05 1.208194597418e-01 4.133437236181e-05 1.165800000000e-01 4.133437236181e-05 1.000000000000e-02
4.214485025126e-05 2.304200000000e-01 4.214485025126e-05 2.422750000000e-01 4.214485025126e-05 1.212967417626e-01 4.214485025126e-05 1.165800000000e-01 4.214485025126e-05 1.000000000000e-02
4.295532814070e-05 2.304200000000e-01 4.295532814070e-05 2.422750000000e-01 4.295532814070e-05 1.218020565938e-01 4.295532814070e-05 1.165800000000e-01 4.295532814070e-05 1.000000000000e-02
4.376580603015e-05 2.304200000000e-01 4.376580603015e-05 2.422750000000e-01 4.376580603015e-05 1.223368514291e-01 4.376580603015e-05 1.165799999999e-01 4.376580603015e-05 1.000000000000e-02
4.457628391960e-05 2.304200000000e-01 4.457628391960e-05 2.422750000000e-01 4.457628391960e-05 1.229026361203e-01 4.457628391960e-05 1.165799999999e-01 4.457628391960e-05 1.000000000000e-02
4.538676180905e-05 2.304200000000e-01 4.538676180905e-05 2.422750000000e-01 4.538676180905e-05 1.235009873254e-01 4.538676180905e-05 1.165799999999e-01 4.538676180905e-05 1.000000000000e-02
4.619723969849e-05 2.304200000000e-01 4.619723969849e-05 2.422750000000e-01 4.619723969849e-05 1.241335536866e-01 4.619723969849e-05 1.165799999999e-01 4.619723969849e-05 1.000000000000e-02
4.700771758794e-05 2.304200000000e-01 4.700771758794e-05 2.422750000000e-01 4.700771758794e-05 1.248020623073e-01 4.700771758794e-05 1.165799999999e-01 4.700771758794e-05 1.000000000000e-02
4.781819547739e-05 2.304200000000e-01 4.781819547739e-05 2.422750000000e-01 4.781819547739e-05 1.255083268486e-01 4.781819547739e-05 1.165799999999e-01 4.781819547739e-05 1.000000000000e-02
4.862867336683e-05 2.304200000000e-01 4.862867336683e-05 2.422750000000e-01 4.862867336683e-05 1.262542576213e-01 4.862867336683e-05 1.165799999999e-01 4.862867336683e-05 1.000000000000e-02
4.943915125628e-05 2.304200000000e-01 4.943915125628e-05 2.422750000000e-01 4.943915125628e-05 1.270418741070e-01 4.943915125628e-05 1.165799999999e-01 4.943915125628e-05 1.000000000000e-02
5.024962914573e-05 2.304200000000e-01 5.024962914573e-05 2.422750000000e-01 5.024962914573e-05 1.278733204070e-01 5.024962914573e-05 1.165799999999e-01 5.024962914573e-05 1.000000000000e-02
5.106010703518e-05 2.304200000000e-01 5.106010703518e-05 2.422750000000e-01 5.106010703518e-05 1.287508841747e-01 5.106010703518e-05 1.165799999999e-01 5.106010703518e-05 1.000000000000e-02
5.187058492462e-05 2.304200000000e-01 5.187058492462e-05 2.422750000000e-01 5.187058492462e-05 1.296770196485e-01 5.187058492462e-05 1.165799999998e-01 5.187058492462e-05 1.000000000000e-02
5.268106281407e-05 2.304200000000e-01 5.268106281407e-05 2.422750000000e-01 5.268106281407e-05 1.306543754426e-01 5.268106281407e-05 1.165799999998e-01 5.268106281407e-05 1.000000000000e-02
5.349154070352e-05 2.304200000000e-01 5.349154070352e-05 2.422750000000e-01 5.349154070352e-05 1.316858277825e-01 5.349154070352e-05 1.165799999998e-01 5.349154070352e-05 1.000000000000e-02
5.430201859296e-05 2.304200000000e-01 5.430201859296e-05 2.422750000000e-01 5.430201859296e-05 1.327745198631e-01 5.430201859296e-05 1.165799999998e-01 5.430201859296e-05 1.000000000000e-02
5.511249648241e-05 2.304200000000e-01 5.511249648241e-05 2.422750000000e-01 5.511249648241e-05 1.339239079485e-01 5.511249648241e-05 1.165799999998e-01 5.511249648241e-05 1.000000000000e-02
5.592297437186e-05 2.304200000000e-01 5.592297437186e-05 2.422750000000e-01 5.592297437186e-05 1.351378147076e-01 5.592297437186e-05 1.165799999997e-01 5.592297437186e-05 1.000000000000e-02
5.673345226131e-05 2.304200000000e-01 5.673345226131e-05 2.422750000000e-01 5.673345226131e-05 1.364204900431e-01 5.673345226131e-05 1.165799999997e-01 5.673345226131e-05 1.000000000000e-02
5.754393015075e-05 2.304200000000e-01 5.754393015075e-05 2.422750000000e-01 5.754393015075e-05 1.377766793012e-01 5.754393015075e-05 1.165799999997e-01 5.754393015075e-05 1.000000000000e-02
5.835440804020e-05 2.304200000000e-01 5.835440804020e-05 2.422750000000e-01 5.835440804020e-05 1.392116981903e-01 5.835440804020e-05 1.165799999996e-01 5.835440804020e-05 1.000000000000e-02
5.916488592965e-05 2.304200000000e-01 5.916488592965e-05 2.422750000000e-01 5.916488592965e-05 1.407315129307e-01 5.916488592965e-05 1.165799999996e-01 5.916488592965e-05 1.000000000000e-02
5.997536381910e-05 2.304200000000e-01 5.997536381910e-05 2.422750000000e-01 5.997536381910e-05 1.423428230424e-01 5.997536381910e-05 1.165799999995e-01 5.997536381910e-05 1.000000000000e-02
6.078584170854e-05 2.304200000000e-01 6.078584170854e-05 2.422750000000e-01 6.078584170854e-05 1.440531426866e-01 6.078584170854e-05 1.165799999995e-01 6.078584170854e-05 1.000000000000e-02
6.159631959799e-05 2.304200000000e-01 6.159631959799e-05 2.422750000000e-01 6.159631959799e-05 1.458708745368e-01 6.159631959799e-05 1.165799999994e-01 6.159631959799e-05 1.000000000000e-02
6.240679748744e-05 2.304200000000e-01 6.240679748744e-05 2.422750000000e-01 6.240679748744e-05 1.478053677288e-01 6.240679748744e-05 1.165799999994e-01 6.240679748744e-05 1.000000000000e-02
6.321727537688e-05 2.304200000000e-01 6.321727537688e-05 2.422750000000e-01 6.321727537688e-05 1.498669485159e-01 6.321727537688e-05 1.165799999993e-01 6.321727537688e-05 1.000000000000e-02
6.402775326633e-05 2.304200000000e-01 6.402775326633e-05 2.422750000000e-01 6.402775326633e-05 1.520669089181e-01 6.402775326633e-05 1.165799999992e-01 6.402775326633e-05 1.000000000000e-02
6.483823115578e-05 2.304200000000e-01 6.483823115578e-05 2.422750000000e-01 6.483823115578e-05 1.544174351020e-01 6.483823115578e-05 1.165799999991e-01 6.483823115578e-05 1.000000000000e-02
6.564870904523e-05 2.304200000000e-01 6.564870904523e-05 2.422750000000e-01 6.564870904523e-05 1.569314538584e-01 6.564870904523e-05 1.165799999990e-01 6.564870904523e-05 1.000000000000e-02
6.645918693467e-05 2.304200000000e-01 6.645918693467e-05 2.422750000000e-01 6.645918693467e-05 1.596223730187e-01 6.645918693467e-05 1.165799999989e-01 6.645918693467e-05 1.000000000000e-02
6.726966482412e-05 2.304200000000e-01 6.726966482412e-05 2.422750000000e-01 6.726966482412e-05 1.625036909207e-01 6.726966482412e-05 1.165799999988e-01 6.726966482412e-05 1.000000000000e-02
6.808014271357e-05 2.304200000000e-01 6.808014271357e-05 2.422750000000e-01 6.808014271357e-05 1.655884524078e-01 6.808014271357e-05 1.165799999986e-01 6.808014271357e-05 1.000000000000e-02
6.889062060302e-05 2.304200000000e-01 6.889062060302e-05 2.422750000000e-01 6.889062060302e-05 1.688885358442e-01 6.889062060302e-05 1.165799999985e-01 6.889062060302e-05 1.000000000000e-02
6.970109849246e-05 2.304200000000e-01 6.970109849246e-05 2.422750000000e-01 6.970109849246e-05 1.724137688003e-01 6.970109849246e-05 1.165799999983e-01 6.970109849246e-05 1.000000000000e-02
7.051157638191e-05 2.304200000000e-01 7.051157638191e-05 2.422750000000e-01 7.051157638191e-05 1.761708905098e-01 7.051157638191e-05 1.165799999981e-01 7.051157638191e-05 1.000000000000e-02
7.132205427136e-05 2.304200000000e-01 7.132205427136e-05 2.422750000000e-01 7.132205427136e-05 1.801624069464e-01 7.132205427136e-05 1.165799999979e-01 7.132205427136e-05 1.000000000000e-02
7.213253216080e-05 2.304200000000e-01 7.213253216080e-05 2.422750000000e-01 7.213253216080e-05 1.843854175328e-01 7.213253216080e-05 1.165799999976e-01 7.213253216080e-05 1.000000000000e-02
7.294301005025e-05 2.304200000000e-01 7.294301005025e-05 2.422750000000e-01 7.294301005025e-05 1.888305266384e-01 7.294301005025e-05 1.165799999974e-01 7.294301005025e-05 1.000000000000e-02
7.375348793970e-05 2.304200000000e-01 7.375348793970e-05 2.422750000000e-01 7.375348793970e-05 1.934809809241e-01 7.375348793970e-05 1.165799999970e-01 7.375348793970e-05 1.000000000000e-02
7.456396582915e-05 2.304200000000e-01 7.456396582915e-05 2.422750000000e-01 7.456396582915e-05 1.983121860513e-01 7.456396582915e-05 1.165799999967e-01 7.456396582915e-05 1.000000000000e-02
7.537444371859e-05 2.304200000000e-01 7.537444371859e-05 2.422750000000e-01 7.537444371859e-05 2.032917441764e-01 7.537444371859e-05 1.165799999963e-01 7.537444371859e-05 1.000000000000e-02
7.618492160804e-05 2.304200000000e-01 7.618492160804e-05 2.422750000000e-01 7.618492160804e-05 2.083801111734e-01 7.618492160804e-05 1.165799999959e-01 7.618492160804e-05 1.000000000000e-02
7.699539949749e-05 2.304200000000e-01 7.699539949749e-05 2.422750000000e-01 7.699539949749e-05 2.135319005619e-01 7.699539949749e-05 1.165799999954e-01 7.699539949749e-05 1.000000000000e-02
7.780587738693e-05 2.304200000000e-01 7.780587738693e-05 2.422750000000e-01 7.780587738693e-05 2.186977694266e-01 7.780587738693e-05 1.165799999949e-01 7.780587738693e-05 1.000000000000e-02
7.861635527638e-05 2.304200000000e-01 7.861635527638e-05 2.422750000000e-01 7.861635527638e-05 2.238267280693e-01 7.861635527638e-05 1.165799999943e-01 7.861635527638e-05 1.000000000000e-02
7.942683316583e-05 2.304200000000e-01 7.942683316583e-05 2.422750000000e-01 7.942683316583e-05 2.288686414651e-01 7.942683316583e-05 1.165799999937e-01 7.942683316583e-05 1.000000000000e-02
8.023731105528e-05 2.304200000000e-01 8.023731105528e-05 2.422750000000e-01 8.023731105528e-05 2.337766556413e-01 8.023731105528e-05 1.165799999929e-01 8.023731105528e-05 1.000000000000e-02
8.104778894472e-05 2.304200000000e-01 8.104778894472e-05 2.422750000000e-01 8.104778894472e-05 2.385092952610e-01 8.104778894472e-05 1.165799999921e-01 8.104778894472e-05 1.000000000000e-02
8.185826683417e-05 2.304200000000e-01 8.185826683417e-05 2.422750000000e-01 8.185826683417e-05 2.430320364200e-01 8.185826683417e-05 1.165799999912e-01 8.185826683417e-05 1.000000000000e-02
8.266874472362e-05 2.304200000000e-01 8.266874472362e-05 2.422750000000e-01 8.266874472362e-05 2.473182458110e-01 8.266874472362e-05 1.165799999902e-01 8.266874472362e-05 1.000000000000e-02
8.347922261307e-05 2.304200000000e-01 8.347922261307e-05 2.422750000000e-01 8.347922261307e-05 2.513494726790e-01 8.347922261307e-05 1.165799999890e-01 8.347922261307e-05 1.000000000000e-02
8.428970050251e-05 2.304200000000e-01 8.428970050251e-05 2.422750000000e-01 8.428970050251e-05 2.551151629847e-01 8.428970050251e-05 1.165799999878e-01 8.428970050251e-05 1.000000000000e-02
8.510017839196e-05 2.304200000000e-01 8.510017839196e-05 2.422750000000e-01 8.510017839196e-05 2.586119220795e-01 8.510017839196e-05 1.165799999864e-01 8.510017839196e-05 1.000000000000e-02
8.591065628141e-05 2.304200000000e-01 8.591065628141e-05 2.422750000000e-01 8.591065628141e-05 2.618424780703e-01 8.591065628141e-05 1.165799999848e-01 8.591065628141e-05 1.000000000000e-02
8.672113417085e-05 2.304200000000e-01 8.672113417085e-05 2.422750000000e-01 8.672113417085e-05 2.648144960150e-01 8.672113417085e-05 1.165799999830e-01 8.672113417085e-05 1.000000000000e-02
8.753161206030e-05 2.304200000000e-01 8.753161206030e-05 2.422750000000e-01 8.753161206030e-05 2.675393711632e-01 8.753161206030e-05 1.165799999811e-01 8.753161206030e-05 1.000000000000e-02
8.834208994975e-05 2.304200000000e-01 8.834208994975e-05 2.422750000000e-01 8.834208994975e-05 2.700310971421e-01 8.834208994975e-05 1.165799999789e-01 8.834208994975e-05 1.000000000000e-02
8.915256783920e-05 2.304200000000e-01 8.915256783920e-05 2.422750000000e-01 8.915256783920e-05 2.723052705994e-01 8.915256783920e-05 1.165799999765e-01 8.915256783920e-05 1.000000000000e-02
8.996304572864e-05 2.304200000000e-01 8.996304572864e-05 2.422750000000e-01 8.996304572864e-05 2.743782631161e-01 8.996304572864e-05 1.165799999737e-01 8.996304572864e-05 1.000000000000e-02
9.077352361809e-05 2.304200000000e-01 9.077352361809e-05 2.422750000000e-01 9.077352361809e-05 2.762665671879e-01 9.077352361809e-05 1.165799999707e-01 9.077352361809e-05 1.000000000000e-02
9.158400150754e-05 2.304200000000e-01 9.158400150754e-05 2.422750000000e-01 9.158400150754e-05 2.779863065256e-01 9.158400150754e-05 1.165799999673e-01 9.158400150754e-05 1.000000000000e-02
9.239447939698e-05 2.304200000000e-01 9.239447939698e-05 2.422750000000e-01 9.239447939698e-05 2.795528911365e-01 9.239447939698e-05 1.165799999636e-01 9.239447939698e-05 1.000000000000e-02
9.320495728643e-05 2.304200000000e-01 9.320495728643e-05 2.422750000000e-01 9.320495728643e-05 2.809807932281e-01 9.320495728643e-05 1.165799999594e-01 9.320495728643e-05 1.000000000000e-02
9.401543517588e-05 2.304200000000e-01 9.401543517588e-05 2.422750000000e-01 9.401543517588e-05 2.822834193380e-01 9.401543517588e-05 1.165799999547e-01 9.401543517588e-05 1.000000000000e-02
9.482591306533e-05 2.304200000000e-01 9.482591306533e-05 2.422750000000e-01 9.482591306533e-05 2.834730558322e-01 9.482591306533e-05 1.165799999494e-01 9.482591306533e-05 1.000000000000e-02
9.563639095477e-05 2.304200000000e-01 9.563639095477e-05 2.422750000000e-01 9.563639095477e-05 2.845608678992e-01 9.563639095477e-05 1.165799999436e-01 9.563639095477e-05 1.000000000000e-02
9.644686884422e-05 2.304200000000e-01 9.644686884422e-05 2.422750000000e-01 9.644686884422e-05 2.855569356201e-01 9.644686884422e-05 1.165799999371e-01 9.644686884422e-05 1.000000000000e-02
9.725734673367e-05 2.304200000000e-01 9.725734673367e-05 2.422750000000e-01 9.725734673367e-05 2.864703140925e-01 9.725734673367e-05 1.165799999298e-01 9.725734673367e-05 1.000000000000e-02
9.806782462312e-05 2.304200000000e-01 9.806782462312e-05 2.422750000000e-01 9.806782462312e-05 2.873091076655e-01 9.806782462312e-05 1.165799999217e-01 9.806782462312e-05 1.000000000000e-02
9.887830251256e-05 2.304200000000e-01 9.887830251256e-05 2.422750000000e-01 9.887830251256e-05 2.880805509525e-01 9.887830251256e-05 1.165799999127e-01 9.887830251256e-05 1.000000000000e-02
9.968878040201e-05 2.304200000000e-01 9.968878040201e-05 2.422750000000e-01 9.968878040201e-05 2.887910914216e-01 9.968878040201e-05 1.165799999026e-01 9.968878040201e-05 1.000000000000e-02
1.004992582915e-04 2.304200000000e-01 1.004992582915e-04 2.422750000000e-01 1.004992582915e-04 2.894464700311e-01 1.004992582915e-04 1.165799998914e-01 1.004992582915e-04 1.000000000000e-02
1.013097361809e-04 2.304200000000e-01 1.013097361809e-04 2.422750000000e-01 1.013097361809e-04 2.900517976492e-01 1.013097361809e-04 1.165799998788e-01 1.013097361809e-04 1.000000000000e-02
1.021202140704e-04 2.304200000000e-01 1.021202140704e-04 2.422750000000e-01 1.021202140704e-04 2.906116259374e-01 1.021202140704e-04 1.165799998649e-01 1.021202140704e-04 1.000000000000e-02
1.029306919598e-04 2.304200000000e-01 1.029306919598e-04 2.422750000000e-01 1.029306919598e-04 2.911300120480e-01 1.029306919598e-04 1.165799998493e-01 1.029306919598e-04 1.000000000000e-02
1.037411698492e-04 2.304200000000e-01 1.037411698492e-04 2.422750000000e-01 1.037411698492e-04 2.916105769547e-01 1.037411698492e-04 1.165799998319e-01 1.037411698492e-04 1.000000000000e-02
1.045516477387e-04 2.304200000000e-01 1.045516477387e-04 2.422750000000e-01 1.045516477387e-04 2.920565575437e-01 1.045516477387e-04 1.165799998125e-01 1.045516477387e-04 1.000000000000e-02
1.053621256281e-04 2.304200000000e-01 1.053621256281e-04 2.422750000000e-01 1.053621256281e-04 2.924708527915e-01 1.053621256281e-04 1.165799997908e-01 1.053621256281e-04 1.000000000000e-02
1.061726035176e-04 2.304200000000e-01 1.061726035176e-04 2.422750000000e-01 1.061726035176e-04 2.928560644650e-01 1.061726035176e-04 1.165799997667e-01 1.061726035176e-04 1.000000000000e-02
1.069830814070e-04 2.304200000000e-01 1.069830814070e-04 2.422750000000e-01 1.069830814070e-04 2.932145328361e-01 1.069830814070e-04 1.165799997397e-01 1.069830814070e-04 1.000000000000e-02
1.077935592965e-04 2.304200000000e-01 1.077935592965e-04 2.422750000000e-01 1.077935592965e-04 2.935483679174e-01 1.077935592965e-04 1.165799997097e-01 1.077935592965e-04 1.000000000000e-02
1.086040371859e-04 2.304200000000e-01 1.086040371859e-04 2.422750000000e-01 1.086040371859e-04 2.938594767151e-01 1.086040371859e-04 1.165799996762e-01 1.086040371859e-04 1.000000000000e-02
1.094145150754e-04 2.304200000000e-01 1.094145150754e-04 2.422750000000e-01 1.094145150754e-04 2.941495869676e-01 1.094145150754e-04 1.165799996388e-01 1.094145150754e-04 1.000000000000e-02
1.102249929648e-04 2.304200000000e-01 1.102249929648e-04 2.422750000000e-01 1.102249929648e-04 2.944202678037e-01 1.102249929648e-04 1.165799995972e-01 1.102249929648e-04 1.000000000000e-02
1.110354708543e-04 2.304200000000e-01 1.110354708543e-04 2.422750000000e-01 1.110354708543e-04 2.946729477125e-01 1.110354708543e-04 1.165799995507e-01 1.110354708543e-04 1.000000000000e-02
1.118459487437e-04 2.304200000000e-01 1.118459487437e-04 2.422750000000e-01 1.118459487437e-04 2.949089301777e-01 1.118459487437e-04 1.165799994988e-01 1.118459487437e-04 1.000000000000e-02
1.126564266332e-04 2.304200000000e-01 1.126564266332e-04 2.422750000000e-01 1.126564266332e-04 2.951294072882e-01 1.126564266332e-04 1.165799994410e-01 1.126564266332e-04 1.000000000000e-02
1.134669045226e-04 2.304200000000e-01 1.134669045226e-04 2.422750000000e-01 1.134669045226e-04 2.953354715987e-01 1.134669045226e-04 1.165799993765e-01 1.134669045226e-04 1.000000000000e-02
1.142773824121e-04 2.304200000000e-01 1.142773824121e-04 2.422750000000e-01 1.142773824121e-04 2.955281264792e-01 1.142773824121e-04 1.165799993045e-01 1.142773824121e-04 1.000000000000e-02
1.150878603015e-04 2.304200000000e-01 1.150878603015e-04 2.422750000000e-01 1.150878603015e-04 2.957082951635e-01 1.150878603015e-04 1.165799992242e-01 1.150878603015e-04 1.000000000000e-02
1.158983381910e-04 2.304200000000e-01 1.158983381910e-04 2.422750000000e-01 1.158983381910e-04 2.958768286737e-01 1.158983381910e-04 1.165799991347e-01 1.158983381910e-04 1.000000000000e-02
1.167088160804e-04 2.304200000000e-01 1.167088160804e-04 2.422750000000e-01 1.167088160804e-04 2.960345127786e-01 1.167088160804e-04 1.165799990348e-01 1.167088160804e-04 1.000000000000e-02
1.175192939698e-04 2.304200000000e-01 1.175192939698e-04 2.422750000000e-01 1.175192939698e-04 2.961820741175e-01 1.175192939698e-04 1.165799989235e-01 1.175192939698e-04 1.000000000000e-02
1.183297718593e-04 2.304200000000e-01 1.183297718593e-04 2.422750000000e-01 1.183297718593e-04 2.963201856052e-01 1.183297718593e-04 1.165799987992e-01 1.183297718593e-04 1.000000000000e-02
1.191402497487e-04 2.304200000000e-01 1.191402497487e-04 2.422750000000e-01 1.191402497487e-04 2.964494712158e-01 1.191402497487e-04 1.165799986606e-01 1.191402497487e-04 1.000000000000e-02
1.199507276382e-04 2.304200000000e-01 1.199507276382e-04 2.422750000000e-01 1.199507276382e-04 2.965705102295e-01 1.199507276382e-04 1.165799985061e-01 1.199507276382e-04 1.000000000000e-02
1.207612055276e-04 2.304200000000e-01 1.207612055276e-04 2.422750000000e-01 1.207612055276e-04 2.966838410141e-01 1.207612055276e-04 1.165799983336e-01 1.207612055276e-04 1.000000000000e-02
1.215716834171e-04 2.304200000000e-01 1.215716834171e-04 2.422750000000e-01 1.215716834171e-04 2.967899644033e-01 1.215716834171e-04 1.165799981413e-01 1.215716834171e-04 1.000000000000e-02
1.223821613065e-04 2.304200000000e-01 1.223821613065e-04 2.422750000000e-01 1.223821613065e-04 2.968893467234e-01 1.223821613065e-04 1.165799979268e-01 1.223821613065e-04 1.000000000000e-02
1.231926391960e-04 2.304200000000e-01 1.231926391960e-04 2.422750000000e-01 1.231926391960e-04 2.969824225146e-01 1.231926391960e-04 1.165799976876e-01 1.231926391960e-04 1.000000000000e-02
1.240031170854e-04 2.304200000000e-01 1.240031170854e-04 2.422750000000e-01 1.240031170854e-04 2.970695969847e-01 1.240031170854e-04 1.165799974207e-01 1.240031170854e-04 1.000000000000e-02
1.248135949749e-04 2.304200000000e-01 1.248135949749e-04 2.422750000000e-01 1.248135949749e-04 2.971512482275e-01 1.248135949749e-04 1.165799971230e-01 1.248135949749e-04 1.000000000000e-02
1.256240728643e-04 2.304200000000e-01 1.256240728643e-04 2.422750000000e-01 1.256240728643e-04 2.972277292363e-01 1.256240728643e-04 1.165799967910e-01 1.256240728643e-04 1.000000000000e-02
1.264345507538e-04 2.304200000000e-01 1.264345507538e-04 2.422750000000e-01 1.264345507538e-04 2.972993697345e-01 1.264345507538e-04 1.165799964207e-01 1.264345507538e-04 1.000000000000e-02
1.272450286432e-04 2.304200000000e-01 1.272450286432e-04 2.422750000000e-01 1.272450286432e-04 2.973664778456e-01 1.272450286432e-04 1.165799960076e-01 1.272450286432e-04 1.000000000000e-02
1.280555065327e-04 2.304200000000e-01 1.280555065327e-04 2.422750000000e-01 1.280555065327e-04 2.974293416206e-01 1.280555065327e-04 1.165799955468e-01 1.280555065327e-04 1.000000000000e-02
1.288659844221e-04 2.304200000000e-01 1.288659844221e-04 2.422750000000e-01 1.288659844221e-04 2.974882304377e-01 1.288659844221e-04 1.165799950329e-01 1.288659844221e-04 1.000000000000e-02
1.296764623116e-04 2.304200000000e-01 1.296764623116e-04 2.422750000000e-01 1.296764623116e-04 2.975433962882e-01 1.296764623116e-04 1.165799944597e-01 1.296764623116e-04 1.000000000000e-02
1.304869402010e-04 2.304200000000e-01 1.304869402010e-04 2.422750000000e-01 1.304869402010e-04 2.975950749604e-01 1.304869402010e-04 1.165799938203e-01 1.304869402010e-04 1.000000000000e-02
1.312974180905e-04 2.304200000000e-01 1.312974180905e-04 2.422750000000e-01 1.312974180905e-04 2.976434871320e-01 1.312974180905e-04 1.165799931071e-01 1.312974180905e-04 1.000000000000e-02
1.321078959799e-04 2.304200000000e-01 1.321078959799e-04 2.422750000000e-01 1.321078959799e-04 2.976888393788e-01 1.321078959799e-04 1.165799923116e-01 1.321078959799e-04 1.000000000000e-02
1.329183738693e-04 2.304200000000e-01 1.329183738693e-04 2.422750000000e-01 1.329183738693e-04 2.977313251091e-01 1.329183738693e-04 1.165799914244e-01 1.329183738693e-04 1.000000000000e-02
1.337288517588e-04 2.304200000000e-01 1.337288517588e-04 2.422750000000e-01 1.337288517588e-04 2.977711254291e-01 1.337288517588e-04 1.165799904347e-01 1.337288517588e-04 1.000000000000e-02
1.345393296482e-04 2.304200000000e-01 1.345393296482e-04 2.422750000000e-01 1.345393296482e-04 2.978084099468e-01 1.345393296482e-04 1.165799893308e-01 1.345393296482e-04 1.000000000000e-02
1.353498075377e-04 2.304200000000e-01 1.353498075377e-04 2.422750000000e-01 1.353498075377e-04 2.978433375186e-01 1.353498075377e-04 1.165799880995e-01 1.353498075377e-04 1.000000000000e-02
1.361602854271e-04 2.304200000000e-01 1.361602854271e-04 2.422750000000e-01 1.361602854271e-04 2.978760569441e-01 1.361602854271e-04 1.165799867262e-01 1.361602854271e-04 1.000000000000e-02
1.369707633166e-04 2.304200000000e-01 1.369707633166e-04 2.422750000000e-01 1.369707633166e-04 2.979067076129e-01 1.369707633166e-04 1.165799851943e-01 1.369707633166e-04 1.000000000000e-02
1.377812412060e-04 2.304200000000e-01 1.377812412060e-04 2.422750000000e-01 1.377812412060e-04 2.979354201082e-01 1.377812412060e-04 1.165799834857e-01 1.377812412060e-04 1.000000000000e-02
1.385917190955e-04 2.304200000000e-01 1.385917190955e-04 2.422750000000e-01 1.385917190955e-04 2.979623167685e-01 1.385917190955e-04 1.165799815799e-01 1.385917190955e-04 1.000000000000e-02
1.394021969849e-04 2.304200000000e-01 1.394021969849e-04 2.422750000000e-01 1.394021969849e-04 2.979875122133e-01 1.394021969849e-04 1.165799794542e-01 1.394021969849e-04 1.000000000000e-02
1.402126748744e-04 2.304200000000e-01 1.402126748744e-04 2.422750000000e-01 1.402126748744e-04 2.980111138332e-01 1.402126748744e-04 1.165799770832e-01 1.402126748744e-04 1.000000000000e-02
1.410231527638e-04 2.304200000000e-01 1.410231527638e-04 2.422750000000e-01 1.410231527638e-04 2.980332222483e-01 1.410231527638e-04 1.165799744386e-01 1.410231527638e-04 1.000000000000e-02
1.418336306533e-04 2.304200000000e-01 1.418336306533e-04 2.422750000000e-01 1.418336306533e-04 2.980539317363e-01 1.418336306533e-04 1.165799714889e-01 1.418336306533e-04 1.000000000000e-02
1.426441085427e-04 2.304200000000e-01 1.426441085427e-04 2.422750000000e-01 1.426441085427e-04 2.980733306339e-01 1.426441085427e-04 1.165799681987e-01 1.426441085427e-04 1.000000000000e-02
1.434545864322e-04 2.304200000000e-01 1.434545864322e-04 2.422750000000e-01 1.434545864322e-04 2.980915017112e-01 1.434545864322e-04 1.165799645290e-01 1.434545864322e-04 1.000000000000e-02
1.442650643216e-04 2.304200000000e-01 1.442650643216e-04 2.422750000000e-01 1.442650643216e-04 2.981085225227e-01 1.442650643216e-04 1.165799604358e-01 1.442650643216e-04 1.000000000000e-02
1.450755422111e-04 2.304200000000e-01 1.450755422111e-04 2.422750000000e-01 1.450755422111e-04 2.981244657363e-01 1.450755422111e-04 1.165799558703e-01 1.450755422111e-04 1.000000000000e-02
1.458860201005e-04 2.304200000000e-01 1.458860201005e-04 2.422750000000e-01 1.458860201005e-04 2.981393994404e-01 1.458860201005e-04 1.165799507780e-01 1.458860201005e-04 1.000000000000e-02
1.466964979899e-04 2.304200000000e-01 1.466964979899e-04 2.422750000000e-01 1.466964979899e-04 2.981533874322e-01 1.466964979899e-04 1.165799450983e-01 1.466964979899e-04 1.000000000000e-02
1.475069758794e-04 2.304200000000e-01 1.475069758794e-04 2.422750000000e-01 1.475069758794e-04 2.981664894879e-01 1.475069758794e-04 1.165799387632e-01 1.475069758794e-04 1.000000000000e-02
1.483174537688e-04 2.304200000000e-01 1.483174537688e-04 2.422750000000e-01 1.483174537688e-04 2.981787616153e-01 1.483174537688e-04 1.165799316973e-01 1.483174537688e-04 1.000000000000e-02
1.491279316583e-04 2.304200000000e-01 1.491279316583e-04 2.422750000000e-01 1.491279316583e-04 2.981902562906e-01 1.491279316583e-04 1.165799238162e-01 1.491279316583e-04 1.000000000000e-02
1.499384095477e-04 2.304200000000e-01 1.499384095477e-04 2.422750000000e-01 1.499384095477e-04 2.982010226808e-01 1.499384095477e-04 1.165799150260e-01 1.499384095477e-04 1.000000000000e-02
1.507488874372e-04 2.304200000000e-01 1.507488874372e-04 2.422750000000e-01 1.507488874372e-04 2.982111068517e-01 1.507488874372e-04 1.165799052219e-01 1.507488874372e-04 1.000000000000e-02
1.515593653266e-04 2.304200000000e-01 1.515593653266e-04 2.422750000000e-01 1.515593653266e-04 2.982205519625e-01 1.515593653266e-04 1.165798942868e-01 1.515593653266e-04 1.000000000000e-02
1.523698432161e-04 2.304200000000e-01 1.523698432161e-04 2.422750000000e-01 1.523698432161e-04 2.982293984491e-01 1.523698432161e-04 1.165798820906e-01 1.523698432161e-04 1.000000000000e-02
1.531803211055e-04 2.304200000000e-01 1.531803211055e-04 2.422750000000e-01 1.531803211055e-04 2.982376841950e-01 1.531803211055e-04 1.165798684877e-01 1.531803211055e-04 1.000000000000e-02
1.539907989950e-04 2.304200000000e-01 1.539907989950e-04 2.422750000000e-01 1.539907989950e-04 2.982454446919e-01 1.539907989950e-04 1.165798533161e-01 1.539907989950e-04 1.000000000000e-02
1.548012768844e-04 2.304200000000e-01 1.548012768844e-04 2.422750000000e-01 1.548012768844e-04 2.982527131905e-01 1.548012768844e-04 1.165798363951e-01 1.548012768844e-04 1.000000000000e-02
1.556117547739e-04 2.304200000000e-01 1.556117547739e-04 2.422750000000e-01 1.556117547739e-04 2.982595208412e-01 1.556117547739e-04 1.165798175231e-01 1.556117547739e-04 1.000000000000e-02
1.564222326633e-04 2.304200000000e-01 1.564222326633e-04 2.422750000000e-01 1.564222326633e-04 2.982658968265e-01 1.564222326633e-04 1.165797964754e-01 1.564222326633e-04 1.000000000000e-02
1.572327105528e-04 2.304200000000e-01 1.572327105528e-04 2.422750000000e-01 1.572327105528e-04 2.982718684846e-01 1.572327105528e-04 1.165797730014e-01 1.572327105528e-04 1.000000000000e-02
1.580431884422e-04 2.304200000000e-01 1.580431884422e-04 2.422750000000e-01 1.580431884422e-04 2.982774614261e-01 1.580431884422e-04 1.165797468219e-01 1.580431884422e-04 1.000000000000e-02
1.588536663317e-04 2.304200000000e-01 1.588536663317e-04 2.422750000000e-01 1.588536663317e-04 2.982826996425e-01 1.588536663317e-04 1.165797176254e-01 1.588536663317e-04 1.000000000000e-02
1.596641442211e-04 2.304200000000e-01 1.596641442211e-04 2.422750000000e-01 1.596641442211e-04 2.982876056081e-01 1.596641442211e-04 1.165796850648e-01 1.596641442211e-04 1.000000000000e-02
1.604746221106e-04 2.304200000000e-01 1.604746221106e-04 2.422750000000e-01 1.604746221106e-04 2.982922003761e-01 1.604746221106e-04 1.165796487533e-01 1.604746221106e-04 1.000000000000e-02
1.612851000000e-04 2.304200000000e-01 1.612851000000e-04 2.422750000000e-01 1.612851000000e-04 2.982965036677e-01 1.612851000000e-04 1.165796082595e-01 1.612851000000e-04 1.000000000000e-02
