0.000000000000e+00 1.000016581385e-01 0.000000000000e+00 1.939625987511e-01 0.000000000000e+00 1.500462845927e-01 0.000000000000e+00 2.539958735246e-01 0.000000000000e+00 2.999999953268e-01
8.432130653266e-07 1.000018121229e-01 8.432130653266e-07 1.939603602205e-01 8.432130653266e-07 1.500488822837e-01 8.432130653266e-07 2.539955736785e-01 8.432130653266e-07 2.999999946080e-01
1.686426130653e-06 1.000019804070e-01 1.686426130653e-06 1.939579903310e-01 1.686426130653e-06 1.500516256181e-01 1.686426130653e-06 2.539952520464e-01 1.686426130653e-06 2.999999937786e-01
2.529639195980e-06 1.000021643185e-01 2.529639195980e-06 1.939554815834e-01 2.529639195980e-06 1.500545227442e-01 2.529639195980e-06 2.539949070457e-01 2.529639195980e-06 2.999999928217e-01
3.372852261307e-06 1.000023653088e-01 3.372852261307e-06 1.939528260681e-01 3.372852261307e-06 1.500575822643e-01 3.372852261307e-06 2.539945369789e-01 3.372852261307e-06 2.999999917176e-01
4.216065326633e-06 1.000025849636e-01 4.216065326633e-06 1.939500154434e-01 4.216065326633e-06 1.500608132597e-01 4.216065326633e-06 2.539941400252e-01 4.216065326633e-06 2.999999904437e-01
5.059278391960e-06 1.000028250162e-01 5.059278391960e-06 1.939470409140e-01 5.059278391960e-06 1.500642253168e-01 5.059278391960e-06 2.539937142316e-01 5.059278391960e-06 2.999999889738e-01
5.902491457286e-06 1.000030873607e-01 5.902491457286e-06 1.939438932081e-01 5.902491457286e-06 1.500678285556e-01 5.902491457286e-06 2.539932575034e-01 5.902491457286e-06 2.999999872778e-01
6.745704522613e-06 1.000033740669e-01 6.745704522613e-06 1.939405625532e-01 6.745704522613e-06 1.500716336583e-01 6.745704522613e-06 2.539927675937e-01 6.745704522613e-06 2.999999853210e-01
7.588917587940e-06 1.000036873971e-01 7.588917587940e-06 1.939370386516e-01 7.588917587940e-06 1.500756519005e-01 7.588917587940e-06 2.539922420925e-01 7.588917587940e-06 2.999999830632e-01
8.432130653266e-06 1.000040298234e-01 8.432130653266e-06 1.939333106543e-01 8.432130653266e-06 1.500798951841e-01 8.432130653266e-06 2.539916784151e-01 8.432130653266e-06 2.999999804581e-01
9.275343718593e-06 1.000044040474e-01 9.275343718593e-06 1.939293671340e-01 9.275343718593e-06 1.500843760712e-01 9.275343718593e-06 2.539910737889e-01 9.275343718593e-06 2.999999774523e-01
1.011855678392e-05 1.000048130218e-01 1.011855678392e-05 1.939251960572e-01 1.011855678392e-05 1.500891078202e-01 1.011855678392e-05 2.539904252402e-01 1.011855678392e-05 2.999999739842e-01
1.096176984925e-05 1.000052599730e-01 1.096176984925e-05 1.939207847548e-01 1.096176984925e-05 1.500941044243e-01 1.096176984925e-05 2.539897295796e-01 1.096176984925e-05 2.999999699827e-01
1.180498291457e-05 1.000057484273e-01 1.180498291457e-05 1.939161198924e-01 1.180498291457e-05 1.500993806513e-01 1.180498291457e-05 2.539889833861e-01 1.180498291457e-05 2.999999653657e-01
1.264819597990e-05 1.000062822380e-01 1.264819597990e-05 1.939111874381e-01 1.264819597990e-05 1.501049520857e-01 1.264819597990e-05 2.539881829907e-01 1.264819597990e-05 2.999999600385e-01
1.349140904523e-05 1.000068656164e-01 1.349140904523e-05 1.939059726310e-01 1.349140904523e-05 1.501108351733e-01 1.349140904523e-05 2.539873244582e-01 1.349140904523e-05 2.999999538919e-01
1.433462211055e-05 1.000075031645e-01 1.433462211055e-05 1.939004599469e-01 1.433462211055e-05 1.501170472681e-01 1.433462211055e-05 2.539864035678e-01 1.433462211055e-05 2.999999468000e-01
1.517783517588e-05 1.000081999116e-01 1.517783517588e-05 1.938946330641e-01 1.517783517588e-05 1.501236066811e-01 1.517783517588e-05 2.539854157928e-01 1.517783517588e-05 2.999999386172e-01
1.602104824121e-05 1.000089613536e-01 1.602104824121e-05 1.938884748274e-01 1.602104824121e-05 1.501305327323e-01 1.602104824121e-05 2.539843562781e-01 1.602104824121e-05 2.999999291757e-01
1.686426130653e-05 1.000097934966e-01 1.686426130653e-05 1.938819672113e-01 1.686426130653e-05 1.501378458053e-01 1.686426130653e-05 2.539832198167e-01 1.686426130653e-05 2.999999182821e-01
1.770747437186e-05 1.000107029042e-01 1.770747437186e-05 1.938750912823e-01 1.770747437186e-05 1.501455674041e-01 1.770747437186e-05 2.539820008242e-01 1.770747437186e-05 2.999999057129e-01
1.855068743719e-05 1.000116967488e-01 1.855068743719e-05 1.938678271602e-01 1.855068743719e-05 1.501537202138e-01 1.855068743719e-05 2.539806933114e-01 1.855068743719e-05 2.999998912104e-01
1.939390050251e-05 1.000127828687e-01 1.939390050251e-05 1.938601539779e-01 1.939390050251e-05 1.501623281633e-01 1.939390050251e-05 2.539792908549e-01 1.939390050251e-05 2.999998744772e-01
2.023711356784e-05 1.000139698290e-01 2.023711356784e-05 1.938520498414e-01 2.023711356784e-05 1.501714164921e-01 2.023711356784e-05 2.539777865664e-01 2.023711356784e-05 2.999998551702e-01
2.108032663317e-05 1.000152669900e-01 2.108032663317e-05 1.938434917881e-01 2.108032663317e-05 1.501810118201e-01 2.108032663317e-05 2.539761730582e-01 2.108032663317e-05 2.999998328936e-01
2.192353969849e-05 1.000166845799e-01 2.192353969849e-05 1.938344557447e-01 2.192353969849e-05 1.501911422206e-01 2.192353969849e-05 2.539744424079e-01 2.192353969849e-05 2.999998071905e-01
2.276675276382e-05 1.000182337759e-01 2.276675276382e-05 1.938249164853e-01 2.276675276382e-05 1.502018372975e-01 2.276675276382e-05 2.539725861195e-01 2.276675276382e-05 2.999997775340e-01
2.360996582915e-05 1.000199267918e-01 2.360996582915e-05 1.938148475879e-01 2.360996582915e-05 1.502131282659e-01 2.360996582915e-05 2.539705950820e-01 2.360996582915e-05 2.999997433159e-01
2.445317889447e-05 1.000217769741e-01 2.445317889447e-05 1.938042213916e-01 2.445317889447e-05 1.502250480365e-01 2.445317889447e-05 2.539684595251e-01 2.445317889447e-05 2.999997038346e-01
2.529639195980e-05 1.000237989069e-01 2.529639195980e-05 1.937930089534e-01 2.529639195980e-05 1.502376313048e-01 2.529639195980e-05 2.539661689719e-01 2.529639195980e-05 2.999996582806e-01
2.613960502513e-05 1.000260085265e-01 2.613960502513e-05 1.937811800057e-01 2.613960502513e-05 1.502509146439e-01 2.613960502513e-05 2.539637121879e-01 2.613960502513e-05 2.999996057198e-01
2.698281809045e-05 1.000284232463e-01 2.698281809045e-05 1.937687029138e-01 2.698281809045e-05 1.502649366017e-01 2.698281809045e-05 2.539610771262e-01 2.698281809045e-05 2.999995450744e-01
2.782603115578e-05 1.000310620939e-01 2.782603115578e-05 1.937555446344e-01 2.782603115578e-05 1.502797378033e-01 2.782603115578e-05 2.539582508699e-01 2.782603115578e-05 2.999994751010e-01
2.866924422111e-05 1.000339458601e-01 2.866924422111e-05 1.937416706757e-01 2.866924422111e-05 1.502953610574e-01 2.866924422111e-05 2.539552195686e-01 2.866924422111e-05 2.999993943646e-01
2.951245728643e-05 1.000370972617e-01 2.951245728643e-05 1.937270450584e-01 2.951245728643e-05 1.503118514682e-01 2.951245728643e-05 2.539519683720e-01 2.951245728643e-05 2.999993012100e-01
3.035567035176e-05 1.000405411200e-01 3.035567035176e-05 1.937116302798e-01 3.035567035176e-05 1.503292565519e-01 3.035567035176e-05 2.539484813583e-01 3.035567035176e-05 2.999991937269e-01
3.119888341709e-05 1.000443045549e-01 3.119888341709e-05 1.936953872791e-01 3.119888341709e-05 1.503476263588e-01 3.119888341709e-05 2.539447414568e-01 3.119888341709e-05 2.999990697114e-01
3.204209648241e-05 1.000484171970e-01 3.204209648241e-05 1.936782754076e-01 3.204209648241e-05 1.503670136004e-01 3.204209648241e-05 2.539407303663e-01 3.204209648241e-05 2.999989266207e-01
3.288530954774e-05 1.000529114196e-01 3.288530954774e-05 1.936602524016e-01 3.288530954774e-05 1.503874737823e-01 3.288530954774e-05 2.539364284668e-01 3.288530954774e-05 2.999987615207e-01
3.372852261307e-05 1.000578225911e-01 3.372852261307e-05 1.936412743602e-01 3.372852261307e-05 1.504090653424e-01 3.372852261307e-05 2.539318147251e-01 3.372852261307e-05 2.999985710261e-01
3.457173567839e-05 1.000631893518e-01 3.457173567839e-05 1.936212957293e-01 3.457173567839e-05 1.504318497953e-01 3.457173567839e-05 2.539268665945e-01 3.457173567839e-05 2.999983512309e-01
3.541494874372e-05 1.000690539145e-01 3.541494874372e-05 1.936002692909e-01 3.541494874372e-05 1.504558918825e-01 3.541494874372e-05 2.539215599064e-01 3.541494874372e-05 2.999980976283e-01
3.625816180905e-05 1.000754623935e-01 3.625816180905e-05 1.935781461612e-01 3.625816180905e-05 1.504812597280e-01 3.625816180905e-05 2.539158687550e-01 3.625816180905e-05 2.999978050184e-01
3.710137487437e-05 1.000824651635e-01 3.710137487437e-05 1.935548757968e-01 3.710137487437e-05 1.505080250007e-01 3.710137487437e-05 2.539097653740e-01 3.710137487437e-05 2.999974674015e-01
3.794458793970e-05 1.000901172507e-01 3.794458793970e-05 1.935304060110e-01 3.794458793970e-05 1.505362630825e-01 3.794458793970e-05 2.539032200044e-01 3.794458793970e-05 2.999970778550e-01
3.878780100503e-05 1.000984787597e-01 3.878780100503e-05 1.935046830022e-01 3.878780100503e-05 1.505660532430e-01 3.878780100503e-05 2.538962007533e-01 3.878780100503e-05 2.999966283917e-01
3.963101407035e-05 1.001076153390e-01 3.963101407035e-05 1.934776513947e-01 3.963101407035e-05 1.505974788198e-01 3.963101407035e-05 2.538886734427e-01 3.963101407035e-05 2.999961097961e-01
4.047422713568e-05 1.001175986885e-01 4.047422713568e-05 1.934492542957e-01 4.047422713568e-05 1.506306274053e-01 4.047422713568e-05 2.538806014487e-01 4.047422713568e-05 2.999955114352e-01
4.131744020101e-05 1.001285071131e-01 4.131744020101e-05 1.934194333686e-01 4.131744020101e-05 1.506655910399e-01 4.131744020101e-05 2.538719455282e-01 4.131744020101e-05 2.999948210412e-01
4.216065326633e-05 1.001404261252e-01 4.216065326633e-05 1.933881289258e-01 4.216065326633e-05 1.507024664108e-01 4.216065326633e-05 2.538626636355e-01 4.216065326633e-05 2.999940244591e-01
4.300386633166e-05 1.001534491018e-01 4.300386633166e-05 1.933552800443e-01 4.300386633166e-05 1.507413550572e-01 4.300386633166e-05 2.538527107245e-01 4.300386633166e-05 2.999931053578e-01
4.384707939698e-05 1.001676780004e-01 4.384707939698e-05 1.933208247044e-01 4.384707939698e-05 1.507823635808e-01 4.384707939698e-05 2.538420385392e-01 4.384707939698e-05 2.999920448947e-01
4.469029246231e-05 1.001832241381e-01 4.469029246231e-05 1.932846999574e-01 4.469029246231e-05 1.508256038624e-01 4.469029246231e-05 2.538305953889e-01 4.469029246231e-05 2.999908213300e-01
4.553350552764e-05 1.002002090396e-01 4.553350552764e-05 1.932468421234e-01 4.553350552764e-05 1.508711932833e-01 4.553350552764e-05 2.538183259086e-01 4.553350552764e-05 2.999894095817e-01
4.637671859296e-05 1.002187653604e-01 4.637671859296e-05 1.932071870244e-01 4.637671859296e-05 1.509192549527e-01 4.637671859296e-05 2.538051708030e-01 4.637671859296e-05 2.999877807115e-01
4.721993165829e-05 1.002390378907e-01 4.721993165829e-05 1.931656702554e-01 4.721993165829e-05 1.509699179384e-01 4.721993165829e-05 2.537910665742e-01 4.721993165829e-05 2.999859013330e-01
4.806314472362e-05 1.002611846470e-01 4.806314472362e-05 1.931222274983e-01 4.806314472362e-05 1.510233175027e-01 4.806314472362e-05 2.537759452301e-01 4.806314472362e-05 2.999837329281e-01
4.890635778894e-05 1.002853780579e-01 4.890635778894e-05 1.930767948842e-01 4.890635778894e-05 1.510795953422e-01 4.890635778894e-05 2.537597339741e-01 4.890635778894e-05 2.999812310593e-01
4.974957085427e-05 1.003118062524e-01 4.974957085427e-05 1.930293094076e-01 4.974957085427e-05 1.511388998296e-01 4.974957085427e-05 2.537423548743e-01 4.974957085427e-05 2.999783444608e-01
5.059278391960e-05 1.003406744580e-01 5.059278391960e-05 1.929797093992e-01 5.059278391960e-05 1.512013862596e-01 5.059278391960e-05 2.537237245108e-01 5.059278391960e-05 2.999750139912e-01
5.143599698492e-05 1.003722065176e-01 5.143599698492e-05 1.929279350631e-01 5.143599698492e-05 1.512672170956e-01 5.143599698492e-05 2.537037535996e-01 5.143599698492e-05 2.999711714249e-01
5.227921005025e-05 1.004066465335e-01 5.227921005025e-05 1.928739290843e-01 5.227921005025e-05 1.513365622176e-01 5.227921005025e-05 2.536823465920e-01 5.227921005025e-05 2.999667380598e-01
5.312242311558e-05 1.004442606480e-01 5.312242311558e-05 1.928176373143e-01 5.312242311558e-05 1.514095991711e-01 5.312242311558e-05 2.536594012481e-01 5.312242311558e-05 2.999616231121e-01
5.396563618090e-05 1.004853389704e-01 5.396563618090e-05 1.927590095412e-01 5.396563618090e-05 1.514865134151e-01 5.396563618090e-05 2.536348081823e-01 5.396563618090e-05 2.999557218661e-01
5.480884924623e-05 1.005301976608e-01 5.480884924623e-05 1.926980003530e-01 5.480884924623e-05 1.515674985682e-01 5.480884924623e-05 2.536084503791e-01 5.480884924623e-05 2.999489135425e-01
5.565206231156e-05 1.005791811800e-01 5.565206231156e-05 1.926345701021e-01 5.565206231156e-05 1.516527566530e-01 5.565206231156e-05 2.535802026777e-01 5.565206231156e-05 2.999410588430e-01
5.649527537688e-05 1.006326647170e-01 5.649527537688e-05 1.925686859789e-01 5.649527537688e-05 1.517424983373e-01 5.649527537688e-05 2.535499312227e-01 5.649527537688e-05 2.999319971217e-01
5.733848844221e-05 1.006910568048e-01 5.733848844221e-05 1.925003232059e-01 5.733848844221e-05 1.518369431711e-01 5.733848844221e-05 2.535174928795e-01 5.733848844221e-05 2.999215431290e-01
5.818170150754e-05 1.007548021343e-01 5.818170150754e-05 1.924294663585e-01 5.818170150754e-05 1.519363198181e-01 5.818170150754e-05 2.534827346109e-01 5.818170150754e-05 2.999094832639e-01
5.902491457286e-05 1.008243845774e-01 5.902491457286e-05 1.923561108255e-01 5.902491457286e-05 1.520408662831e-01 5.902491457286e-05 2.534454928128e-01 5.902491457286e-05 2.998955712619e-01
5.986812763819e-05 1.009003304294e-01 5.986812763819e-05 1.922802644165e-01 5.986812763819e-05 1.521508301319e-01 5.986812763819e-05 2.534055926058e-01 5.986812763819e-05 2.998795232369e-01
6.071134070352e-05 1.009832118790e-01 6.071134070352e-05 1.922019491286e-01 6.071134070352e-05 1.522664687064e-01 6.071134070352e-05 2.533628470791e-01 6.071134070352e-05 2.998610119820e-01
6.155455376884e-05 1.010736507159e-01 6.155455376884e-05 1.921212030796e-01 6.155455376884e-05 1.523880493323e-01 6.155455376884e-05 2.533170564830e-01 6.155455376884e-05 2.998396604246e-01
6.239776683417e-05 1.011723222810e-01 6.239776683417e-05 1.920380826191e-01 6.239776683417e-05 1.525158495227e-01 6.239776683417e-05 2.532680073647e-01 6.239776683417e-05 2.998150341127e-01
6.324097989950e-05 1.012799596655e-01 6.324097989950e-05 1.919526646260e-01 6.324097989950e-05 1.526501571766e-01 6.324097989950e-05 2.532154716435e-01 6.324097989950e-05 2.997866326007e-01
6.408419296482e-05 1.013973581621e-01 6.408419296482e-05 1.918650489990e-01 6.408419296482e-05 1.527912707754e-01 6.408419296482e-05 2.531592056173e-01 6.408419296482e-05 2.997538795784e-01
6.492740603015e-05 1.015253799657e-01 6.492740603015e-05 1.917753613488e-01 6.492740603015e-05 1.529394995810e-01 6.492740603015e-05 2.530989488952e-01 6.492740603015e-05 2.997161115775e-01
6.577061909548e-05 1.016649591234e-01 6.577061909548e-05 1.916837558951e-01 6.577061909548e-05 1.530951638378e-01 6.577061909548e-05 2.530344232458e-01 6.577061909548e-05 2.996725650643e-01
6.661383216080e-05 1.018171067223e-01 6.661383216080e-05 1.915904185724e-01 6.661383216080e-05 1.532585949860e-01 6.661383216080e-05 2.529653313514e-01 6.661383216080e-05 2.996223617145e-01
6.745704522613e-05 1.019829163034e-01 6.745704522613e-05 1.914955703435e-01 6.745704522613e-05 1.534301358934e-01 6.745704522613e-05 2.528913554565e-01 6.745704522613e-05 2.995644916426e-01
6.830025829146e-05 1.021635694813e-01 6.830025829146e-05 1.913994707174e-01 6.830025829146e-05 1.536101411148e-01 6.830025829146e-05 2.528121558934e-01 6.830025829146e-05 2.994977943437e-01
6.914347135678e-05 1.023603417436e-01 6.914347135678e-05 1.913024214637e-01 6.914347135678e-05 1.537989771919e-01 6.914347135678e-05 2.527273694693e-01 6.914347135678e-05 2.994209370914e-01
6.998668442211e-05 1.025746083934e-01 6.998668442211e-05 1.912047705092e-01 6.998668442211e-05 1.539970230097e-01 6.998668442211e-05 2.526366076895e-01 6.998668442211e-05 2.993323905250e-01
7.082989748744e-05 1.028078505924e-01 7.082989748744e-05 1.911069159983e-01 7.082989748744e-05 1.542046702280e-01 7.082989748744e-05 2.525394547925e-01 7.082989748744e-05 2.992304011564e-01
7.167311055276e-05 1.030616614488e-01 7.167311055276e-05 1.910093104884e-01 7.167311055276e-05 1.544223238126e-01 7.167311055276e-05 2.524354655611e-01 7.167311055276e-05 2.991129605396e-01
7.251632361809e-05 1.033377520842e-01 7.251632361809e-05 1.909124652458e-01 7.251632361809e-05 1.546504026963e-01 7.251632361809e-05 2.523241628701e-01 7.251632361809e-05 2.989777708687e-01
7.335953668342e-05 1.036379576032e-01 7.335953668342e-05 1.908169545949e-01 7.335953668342e-05 1.548893406032e-01 7.335953668342e-05 2.522050349211e-01 7.335953668342e-05 2.988222068216e-01
7.420274974874e-05 1.039642428755e-01 7.420274974874e-05 1.907234202631e-01 7.420274974874e-05 1.551395870828e-01 7.420274974874e-05 2.520775321011e-01 7.420274974874e-05 2.986432735440e-01
7.504596281407e-05 1.043187080289e-01 7.504596281407e-05 1.906325756509e-01 7.504596281407e-05 1.554016088018e-01 7.504596281407e-05 2.519410633932e-01 7.504596281407e-05 2.984375607940e-01
7.588917587940e-05 1.047035935434e-01 7.588917587940e-05 1.905452099411e-01 7.588917587940e-05 1.556758911591e-01 7.588917587940e-05 2.517949922454e-01 7.588917587940e-05 2.982011934409e-01
7.673238894472e-05 1.051212848246e-01 7.673238894472e-05 1.904621919446e-01 7.673238894472e-05 1.559629402934e-01 7.673238894472e-05 2.516386317872e-01 7.673238894472e-05 2.979297787592e-01
7.757560201005e-05 1.055743161316e-01 7.757560201005e-05 1.903844735633e-01 7.757560201005e-05 1.562632855728e-01 7.757560201005e-05 2.514712392583e-01 7.757560201005e-05 2.976183512940e-01
7.841881507538e-05 1.060653737363e-01 7.841881507538e-05 1.903130927303e-01 7.841881507538e-05 1.565774826646e-01 7.841881507538e-05 2.512920094839e-01 7.841881507538e-05 2.972613165168e-01
7.926202814070e-05 1.065972981947e-01 7.926202814070e-05 1.902491756676e-01 7.926202814070e-05 1.569061173052e-01 7.926202814070e-05 2.511000671976e-01 7.926202814070e-05 2.968523950596e-01
8.010524120603e-05 1.071730856338e-01 8.010524120603e-05 1.901939382798e-01 8.010524120603e-05 1.572498099044e-01 8.010524120603e-05 2.508944579688e-01 8.010524120603e-05 2.963845700408e-01
8.094845427136e-05 1.077958879850e-01 8.094845427136e-05 1.901486864805e-01 8.094845427136e-05 1.576092211408e-01 8.094845427136e-05 2.506741374481e-01 8.094845427136e-05 2.958500408728e-01
8.179166733668e-05 1.084690121468e-01 8.179166733668e-05 1.901148152281e-01 8.179166733668e-05 1.579850587276e-01 8.179166733668e-05 2.504379585803e-01 8.179166733668e-05 2.952401880010e-01
8.263488040201e-05 1.091959181271e-01 8.263488040201e-05 1.900938060249e-01 8.263488040201e-05 1.583780855478e-01 8.263488040201e-05 2.501846563781e-01 8.263488040201e-05 2.945455542200e-01
8.347809346734e-05 1.099802163131e-01 8.347809346734e-05 1.900872226184e-01 8.347809346734e-05 1.587891293859e-01 8.347809346734e-05 2.499128297679e-01 8.347809346734e-05 2.937558495352e-01
8.432130653266e-05 1.108256641430e-01 8.432130653266e-05 1.900967046270e-01 8.432130653266e-05 1.592190945020e-01 8.432130653266e-05 2.496209199465e-01 8.432130653266e-05 2.928599878656e-01
8.516451959799e-05 1.117361626124e-01 8.516451959799e-05 1.901239588040e-01 8.516451959799e-05 1.596689753180e-01 8.516451959799e-05 2.493071845954e-01 8.516451959799e-05 2.918461650938e-01
8.600773266332e-05 1.127157532493e-01 8.600773266332e-05 1.901707476522e-01 8.600773266332e-05 1.601398724999e-01 8.600773266332e-05 2.489696672185e-01 8.600773266332e-05 2.907019888180e-01
8.685094572864e-05 1.137686164266e-01 8.685094572864e-05 1.902388751056e-01 8.685094572864e-05 1.606330117286e-01 8.685094572864e-05 2.486061607864e-01 8.685094572864e-05 2.894146703358e-01
8.769415879397e-05 1.148990721537e-01 8.769415879397e-05 1.903301690137e-01 8.769415879397e-05 1.611497654489e-01 8.769415879397e-05 2.482141648126e-01 8.769415879397e-05 2.879712884745e-01
8.853737185930e-05 1.161115847926e-01 8.853737185930e-05 1.904464601952e-01 8.853737185930e-05 1.616916778577e-01 8.853737185930e-05 2.477908349668e-01 8.853737185930e-05 2.863591323929e-01
8.938058492462e-05 1.174107734603e-01 8.938058492462e-05 1.905895578733e-01 8.938058492462e-05 1.622604933466e-01 8.938058492462e-05 2.473329243747e-01 8.938058492462e-05 2.845661258791e-01
9.022379798995e-05 1.188014301867e-01 9.022379798995e-05 1.907612213698e-01 9.022379798995e-05 1.628581885156e-01 9.022379798995e-05 2.468367159123e-01 9.022379798995e-05 2.825813285245e-01
9.106701105528e-05 1.202885481622e-01 9.106701105528e-05 1.909631280198e-01 9.106701105528e-05 1.634870077336e-01 9.106701105528e-05 2.462979451256e-01 9.106701105528e-05 2.803954992034e-01
9.191022412060e-05 1.218773625651e-01 9.191022412060e-05 1.911968373759e-01 9.191022412060e-05 1.641495019976e-01 9.191022412060e-05 2.457117139809e-01 9.191022412060e-05 2.780016947059e-01
9.275343718593e-05 1.235734064472e-01 9.275343718593e-05 1.914637518976e-01 9.275343718593e-05 1.648485705279e-01 9.275343718593e-05 2.450723965860e-01 9.275343718593e-05 2.753958619229e-01
9.359665025126e-05 1.253825838540e-01 9.359665025126e-05 1.917650744743e-01 9.359665025126e-05 1.655875040967e-01 9.359665025126e-05 2.443735394489e-01 9.359665025126e-05 2.725773672423e-01
9.443986331658e-05 1.273112616433e-01 9.443986331658e-05 1.921017633016e-01 9.443986331658e-05 1.663700284905e-01 9.443986331658e-05 2.436077609332e-01 9.443986331658e-05 2.695493941702e-01
9.528307638191e-05 1.293663801690e-01 9.528307638191e-05 1.924744848199e-01 9.528307638191e-05 1.672003457323e-01 9.528307638191e-05 2.427666575037e-01 9.528307638191e-05 2.663191327059e-01
9.612628944724e-05 1.315555809092e-01 9.612628944724e-05 1.928835656447e-01 9.612628944724e-05 1.680831696949e-01 9.612628944724e-05 2.418407282999e-01 9.612628944724e-05 2.628976849340e-01
9.696950251256e-05 1.338873460191e-01 9.696950251256e-05 1.933289465745e-01 9.696950251256e-05 1.690237515194e-01 9.696950251256e-05 2.408193346338e-01 9.696950251256e-05 2.592996233643e-01
9.781271557789e-05 1.363711404376e-01 9.781271557789e-05 1.938103890250e-01 9.781271557789e-05 1.700278888200e-01 9.781271557789e-05 2.396907171006e-01 9.781271557789e-05 2.555421630689e-01
9.865592864322e-05 1.390175413881e-01 9.865592864322e-05 1.943594241930e-01 9.865592864322e-05 1.711019110487e-01 9.865592864322e-05 2.384420997294e-01 9.865592864322e-05 2.516439448146e-01
9.949914170854e-05 1.418383327851e-01 9.949914170854e-05 1.980678661671e-01 9.949914170854e-05 1.722526317473e-01 9.949914170854e-05 2.370599170534e-01 9.949914170854e-05 2.476234709955e-01
1.003423547739e-04 1.448465333586e-01 1.003423547739e-04 2.081485892840e-01 1.003423547739e-04 1.734872569184e-01 1.003423547739e-04 2.355302044451e-01 1.003423547739e-04 2.434972842169e-01
1.011855678392e-04 1.480563177669e-01 1.011855678392e-04 2.090629784030e-01 1.011855678392e-04 1.748132377598e-01 1.011855678392e-04 2.338391918684e-01 1.011855678392e-04 2.392780242862e-01
1.020287809045e-04 1.514827807894e-01 1.020287809045e-04 2.097002573808e-01 1.020287809045e-04 1.762380559878e-01 1.020287809045e-04 2.319741327174e-01 1.020287809045e-04 2.349725386468e-01
1.028719939698e-04 1.551414879362e-01 1.028719939698e-04 2.103567844605e-01 1.028719939698e-04 1.777689315557e-01 1.028719939698e-04 2.299243784870e-01 1.028719939698e-04 2.305802518691e-01
1.037152070352e-04 1.590477546693e-01 1.037152070352e-04 2.110306170998e-01 1.037152070352e-04 1.794124464653e-01 1.037152070352e-04 2.276826732229e-01 1.037152070352e-04 2.260920222530e-01
1.045584201005e-04 1.632156051591e-01 1.045584201005e-04 2.117168555776e-01 1.045584201005e-04 1.811740852390e-01 1.045584201005e-04 2.252465883644e-01 1.045584201005e-04 2.214897293915e-01
1.054016331658e-04 1.676563850248e-01 1.054016331658e-04 2.124100731701e-01 1.054016331658e-04 1.830577029226e-01 1.054016331658e-04 2.226199536580e-01 1.054016331658e-04 2.167468446387e-01
1.062448462312e-04 1.723770452404e-01 1.062448462312e-04 2.131043941180e-01 1.062448462312e-04 1.850649450777e-01 1.062448462312e-04 2.198140761611e-01 1.062448462312e-04 2.118302282333e-01
1.070880592965e-04 1.773781781034e-01 1.070880592965e-04 2.137935691587e-01 1.070880592965e-04 1.871946601003e-01 1.070880592965e-04 2.168484979315e-01 1.070880592965e-04 2.067033519485e-01
1.079312723618e-04 1.826519671450e-01 1.079312723618e-04 2.144710663713e-01 1.079312723618e-04 1.894423601289e-01 1.079312723618e-04 2.137510484866e-01 1.079312723618e-04 2.013310316979e-01
1.087744854271e-04 1.881802990182e-01 1.087744854271e-04 2.151301759961e-01 1.087744854271e-04 1.917997993660e-01 1.087744854271e-04 2.105570194086e-01 1.087744854271e-04 1.956855332688e-01
1.096176984925e-04 1.939333550998e-01 1.096176984925e-04 2.157641270451e-01 1.096176984925e-04 1.942547435685e-01 1.096176984925e-04 2.073074264531e-01 1.096176984925e-04 1.897535658511e-01
1.104609115578e-04 1.998690252844e-01 1.104609115578e-04 2.163662128539e-01 1.104609115578e-04 1.967909976842e-01 1.104609115578e-04 2.040465037395e-01 1.104609115578e-04 1.835432328267e-01
1.113041246231e-04 2.059334390024e-01 1.113041246231e-04 2.169299221369e-01 1.113041246231e-04 1.993887376564e-01 1.113041246231e-04 2.008187461015e-01 1.113041246231e-04 1.770895825060e-01
1.121473376884e-04 2.120627753256e-01 1.121473376884e-04 2.174490716367e-01 1.121473376884e-04 2.020251579154e-01 1.121473376884e-04 1.976659237543e-01 1.121473376884e-04 1.704571955727e-01
1.129905507538e-04 2.181863076243e-01 1.129905507538e-04 2.179179361494e-01 1.129905507538e-04 2.046754026742e-01 1.129905507538e-04 1.946244998885e-01 1.129905507538e-04 1.637384864540e-01
1.138337638191e-04 2.242304014948e-01 1.138337638191e-04 2.183313715781e-01 1.138337638191e-04 2.073137050677e-01 1.138337638191e-04 1.917237842960e-01 1.138337638191e-04 1.570471956343e-01
1.146769768844e-04 2.301229815454e-01 1.146769768844e-04 2.186849267544e-01 1.146769768844e-04 2.099146233610e-01 1.146769768844e-04 1.889849893778e-01 1.146769768844e-04 1.505077678907e-01
1.155201899497e-04 2.357978756883e-01 1.155201899497e-04 2.189749400617e-01 1.155201899497e-04 2.124542464930e-01 1.155201899497e-04 1.864211737997e-01 1.155201899497e-04 1.442425282685e-01
1.163634030151e-04 2.411984699926e-01 1.163634030151e-04 2.191986173970e-01 1.163634030151e-04 2.149112465459e-01 1.163634030151e-04 1.840379144923e-01 1.163634030151e-04 1.383592608396e-01
1.172066160804e-04 2.462802549240e-01 1.172066160804e-04 2.193540886986e-01 1.172066160804e-04 2.172676819159e-01 1.172066160804e-04 1.818344682555e-01 1.172066160804e-04 1.329416380342e-01
1.180498291457e-04 2.510120674294e-01 1.180498291457e-04 2.194404410953e-01 1.180498291457e-04 2.195094953619e-01 1.180498291457e-04 1.798051718228e-01 1.180498291457e-04 1.280440184285e-01
1.188930422111e-04 2.553760666611e-01 1.188930422111e-04 2.194577276755e-01 1.188930422111e-04 2.216266960715e-01 1.188930422111e-04 1.779408664641e-01 1.188930422111e-04 1.236908601431e-01
1.197362552764e-04 2.593666656477e-01 1.197362552764e-04 2.194069518485e-01 1.197362552764e-04 2.236132549693e-01 1.197362552764e-04 1.762301954696e-01 1.197362552764e-04 1.198799030834e-01
1.205794683417e-04 2.629887444925e-01 1.205794683417e-04 2.192900282487e-01 1.205794683417e-04 2.254667709900e-01 1.205794683417e-04 1.746606884421e-01 1.205794683417e-04 1.165876849660e-01
1.214226814070e-04 2.662554904946e-01 1.214226814070e-04 2.191097220311e-01 1.214226814070e-04 2.271879802249e-01 1.214226814070e-04 1.732196013571e-01 1.214226814070e-04 1.137759109339e-01
1.222658944724e-04 2.691861668469e-01 1.222658944724e-04 2.188695691979e-01 1.222658944724e-04 2.287801807083e-01 1.222658944724e-04 1.718945200688e-01 1.222658944724e-04 1.113975212127e-01
1.231091075377e-04 2.718040331906e-01 1.231091075377e-04 2.185737812258e-01 1.231091075377e-04 2.302486365666e-01 1.231091075377e-04 1.706737575011e-01 1.231091075377e-04 1.094017635393e-01
1.239523206030e-04 2.741345549632e-01 1.239523206030e-04 2.182271377098e-01 1.239523206030e-04 2.316000106185e-01 1.239523206030e-04 1.695465844149e-01 1.239523206030e-04 1.077379996206e-01
1.247955336683e-04 2.762039624689e-01 1.247955336683e-04 2.178348709855e-01 1.247955336683e-04 2.328418582540e-01 1.247955336683e-04 1.685033345272e-01 1.247955336683e-04 1.063582726773e-01
1.256387467337e-04 2.780381637864e-01 1.256387467337e-04 2.174025467415e-01 1.256387467337e-04 2.339822004104e-01 1.256387467337e-04 1.675354206094e-01 1.256387467337e-04 1.052188262883e-01
1.264819597990e-04 2.796619794501e-01 1.264819597990e-04 2.169359444924e-01 1.264819597990e-04 2.350291813446e-01 1.264819597990e-04 1.666352918028e-01 1.264819597990e-04 1.042808228625e-01
1.273251728643e-04 2.810986483191e-01 1.273251728643e-04 2.164409414841e-01 1.273251728643e-04 2.359908082204e-01 1.273251728643e-04 1.657963555684e-01 1.273251728643e-04 1.035105027661e-01
1.281683859296e-04 2.823695484589e-01 1.281683859296e-04 2.159234031661e-01 1.281683859296e-04 2.368747641267e-01 1.281683859296e-04 1.650128814428e-01 1.281683859296e-04 1.028789860175e-01
1.290115989950e-04 2.834940794738e-01 1.290115989950e-04 2.153890828378e-01 1.290115989950e-04 2.376882834052e-01 1.290115989950e-04 1.642798985464e-01 1.290115989950e-04 1.023618700291e-01
1.298548120603e-04 2.844896597133e-01 1.298548120603e-04 2.148435324887e-01 1.298548120603e-04 2.384380774176e-01 1.298548120603e-04 1.635930946917e-01 1.298548120603e-04 1.019387314831e-01
1.306980251256e-04 2.853718003965e-01 1.306980251256e-04 2.142920262457e-01 1.306980251256e-04 2.391302994037e-01 1.306980251256e-04 1.629487218724e-01 1.306980251256e-04 1.015926032977e-01
1.315412381910e-04 2.861542272894e-01 1.315412381910e-04 2.137394972430e-01 1.315412381910e-04 2.397705383562e-01 1.315412381910e-04 1.623435107262e-01 1.315412381910e-04 1.013094698071e-01
1.323844512563e-04 2.868490282113e-01 1.323844512563e-04 2.131904881803e-01 1.323844512563e-04 2.403638334196e-01 1.323844512563e-04 1.617745950604e-01 1.323844512563e-04 1.010778037407e-01
1.332276643216e-04 2.874668109851e-01 1.332276643216e-04 2.126491153372e-01 1.332276643216e-04 2.409147019659e-01 1.332276643216e-04 1.612394465534e-01 1.332276643216e-04 1.008881556469e-01
1.340708773869e-04 2.880168614333e-01 1.340708773869e-04 2.121190454023e-01 1.340708773869e-04 2.414271760193e-01 1.340708773869e-04 1.607358191374e-01 1.340708773869e-04 1.007327983173e-01
1.349140904523e-04 2.885072947828e-01 1.349140904523e-04 2.116034841387e-01 1.349140904523e-04 2.419048430376e-01 1.349140904523e-04 1.602617022372e-01 1.349140904523e-04 1.006054240559e-01
1.357573035176e-04 2.889451965812e-01 1.357573035176e-04 2.111051756688e-01 1.357573035176e-04 2.423508881556e-01 1.357573035176e-04 1.598152818760e-01 1.357573035176e-04 1.005008901743e-01
1.366005165829e-04 2.893367511489e-01 1.366005165829e-04 2.106264109984e-01 1.366005165829e-04 2.427681358842e-01 1.366005165829e-04 1.593949086240e-01 1.366005165829e-04 1.004150070433e-01
1.374437296482e-04 2.896873568909e-01 1.374437296482e-04 2.101690443193e-01 1.374437296482e-04 2.431590899390e-01 1.374437296482e-04 1.589990713959e-01 1.374437296482e-04 1.003443628448e-01
1.382869427136e-04 2.900017286360e-01 1.382869427136e-04 2.097345156118e-01 1.382869427136e-04 2.435259703888e-01 1.382869427136e-04 1.586263761748e-01 1.382869427136e-04 1.002861794509e-01
1.391301557789e-04 2.902839876810e-01 1.391301557789e-04 2.093238781119e-01 1.391301557789e-04 2.438707476890e-01 1.391301557789e-04 1.582755288389e-01 1.391301557789e-04 1.002381943880e-01
1.399733688442e-04 2.905377405018e-01 1.399733688442e-04 2.089378292911e-01 1.399733688442e-04 2.441951734326e-01 1.399733688442e-04 1.579453213652e-01 1.399733688442e-04 1.001985644629e-01
1.408165819095e-04 2.907661472224e-01 1.408165819095e-04 2.085767441141e-01 1.408165819095e-04 2.445008078331e-01 1.408165819095e-04 1.576346207865e-01 1.408165819095e-04 1.001657872557e-01
1.416597949749e-04 2.909719809594e-01 1.416597949749e-04 2.082407094787e-01 1.416597949749e-04 2.447890440717e-01 1.416597949749e-04 1.573423603736e-01 1.416597949749e-04 1.001386372733e-01
1.425030080402e-04 2.911576791249e-01 1.425030080402e-04 2.079295588932e-01 1.425030080402e-04 2.450611297158e-01 1.425030080402e-04 1.570675325969e-01 1.425030080402e-04 1.001161140876e-01
1.433462211055e-04 2.913253876994e-01 1.433462211055e-04 2.076429065985e-01 1.433462211055e-04 2.453181854509e-01 1.433462211055e-04 1.568091835028e-01 1.433462211055e-04 1.000974002401e-01
1.441894341709e-04 2.914769993976e-01 1.441894341709e-04 2.073801804963e-01 1.441894341709e-04 2.455612213883e-01 1.441894341709e-04 1.565664081994e-01 1.441894341709e-04 1.000818270884e-01
1.450326472362e-04 2.916141865522e-01 1.450326472362e-04 2.071406533844e-01 1.450326472362e-04 2.457911512080e-01 1.450326472362e-04 1.563383472103e-01 1.450326472362e-04 1.000688471027e-01
1.458758603015e-04 2.917384294451e-01 1.458758603015e-04 2.069234721315e-01 1.458758603015e-04 2.460088043861e-01 1.458758603015e-04 1.561241834952e-01 1.458758603015e-04 1.000580113913e-01
1.467190733668e-04 2.918510407264e-01 1.467190733668e-04 2.067276845433e-01 1.467190733668e-04 2.462149367429e-01 1.467190733668e-04 1.559231399825e-01 1.467190733668e-04 1.000489514645e-01
1.475622864322e-04 2.919531864731e-01 1.475622864322e-04 2.065522637685e-01 1.475622864322e-04 2.464102395242e-01 1.475622864322e-04 1.557344774875e-01 1.475622864322e-04 1.000413644320e-01
1.484054994975e-04 2.920459043707e-01 1.484054994975e-04 2.063961301841e-01 1.484054994975e-04 2.465953472105e-01 1.484054994975e-04 1.555574929200e-01 1.484054994975e-04 1.000350009807e-01
1.492487125628e-04 2.921301194262e-01 1.492487125628e-04 2.062581707656e-01 1.492487125628e-04 2.467708442274e-01 1.492487125628e-04 1.553915177045e-01 1.492487125628e-04 1.000296556040e-01
1.500919256281e-04 2.922066575691e-01 1.500919256281e-04 2.061372560072e-01 1.500919256281e-04 2.469372707090e-01 1.500919256281e-04 1.552359163569e-01 1.500919256281e-04 1.000251586557e-01
1.509351386935e-04 2.922762574412e-01 1.509351386935e-04 2.060322544991e-01 1.509351386935e-04 2.470951274501e-01 1.509351386935e-04 1.550900851736e-01 1.509351386935e-04 1.000213698811e-01
1.517783517588e-04 2.923395806346e-01 1.517783517588e-04 2.059420452998e-01 1.517783517588e-04 2.472448801619e-01 1.517783517588e-04 1.549534510012e-01 1.517783517588e-04 1.000181731472e-01
1.526215648241e-04 2.923972205964e-01 1.526215648241e-04 2.058655282653e-01 1.526215648241e-04 2.473869631349e-01 1.526215648241e-04 1.548254700626e-01 1.526215648241e-04 1.000154721439e-01
1.534647778894e-04 2.924497103913e-01 1.534647778894e-04 2.058016325073e-01 1.534647778894e-04 2.475217823945e-01 1.534647778894e-04 1.547056268255e-01 1.534647778894e-04 1.000131868750e-01
1.543079909548e-04 2.924975294784e-01 1.543079909548e-04 2.057493231606e-01 1.543079909548e-04 2.476497184259e-01 1.543079909548e-04 1.545934328998e-01 1.543079909548e-04 1.000112507887e-01
1.551512040201e-04 2.925411096419e-01 1.551512040201e-04 2.057076066396e-01 1.551512040201e-04 2.477711285323e-01 1.551512040201e-04 1.544884259582e-01 1.551512040201e-04 1.000096084305e-01
1.559944170854e-04 2.925808401902e-01 1.559944170854e-04 2.056755345597e-01 1.559944170854e-04 2.478863488816e-01 1.559944170854e-04 1.543901686765e-01 1.559944170854e-04 1.000082135187e-01
1.568376301508e-04 2.926170725239e-01 1.568376301508e-04 2.056522064923e-01 1.568376301508e-04 2.479956962879e-01 1.568376301508e-04 1.542982476892e-01 1.568376301508e-04 1.000070273660e-01
1.576808432161e-04 2.926501241568e-01 1.576808432161e-04 2.056367717117e-01 1.576808432161e-04 2.480994697689e-01 1.576808432161e-04 1.542122725634e-01 1.576808432161e-04 1.000060175822e-01
1.585240562814e-04 2.926802822630e-01 1.585240562814e-04 2.056284300818e-01 1.585240562814e-04 2.481979519127e-01 1.585240562814e-04 1.541318747889e-01 1.585240562814e-04 1.000051570072e-01
1.593672693467e-04 2.927078068116e-01 1.593672693467e-04 2.056264322179e-01 1.593672693467e-04 2.482914100818e-01 1.593672693467e-04 1.540567067865e-01 1.593672693467e-04 1.000044228310e-01
1.602104824121e-04 2.927329333438e-01 1.602104824121e-04 2.056300790457e-01 1.602104824121e-04 2.483800974796e-01 1.602104824121e-04 1.539864409371e-01 1.602104824121e-04 1.000037958681e-01
1.610536954774e-04 2.927558754358e-01 1.610536954774e-04 2.056387208677e-01 1.610536954774e-04 2.484642541004e-01 1.610536954774e-04 1.539207686318e-01 1.610536954774e-04 1.000032599578e-01
1.618969085427e-04 2.927768268888e-01 1.618969085427e-04 2.056517560350e-01 1.618969085427e-04 2.485441075779e-01 1.618969085427e-04 1.538593993461e-01 1.618969085427e-04 1.000028014673e-01
1.627401216080e-04 2.927959636793e-01 1.627401216080e-04 2.056686293087e-01 1.627401216080e-04 2.486198739498e-01 1.627401216080e-04 1.538020597389e-01 1.627401216080e-04 1.000024088802e-01
1.635833346734e-04 2.928134456985e-01 1.635833346734e-04 2.056888299878e-01 1.635833346734e-04 2.486917583482e-01 1.635833346734e-04 1.537484927782e-01 1.635833346734e-04 1.000020724543e-01
1.644265477387e-04 2.928294183070e-01 1.644265477387e-04 2.057118898661e-01 1.644265477387e-04 2.487599556283e-01 1.644265477387e-04 1.536984568948e-01 1.644265477387e-04 1.000017839377e-01
1.652697608040e-04 2.928440137263e-01 1.652697608040e-04 2.057373810745e-01 1.652697608040e-04 2.488246509413e-01 1.652697608040e-04 1.536517251652e-01 1.652697608040e-04 1.000015363313e-01
1.661129738693e-04 2.928573522856e-01 1.661129738693e-04 2.057649138537e-01 1.661129738693e-04 2.488860202624e-01 1.661129738693e-04 1.536080845236e-01 1.661129738693e-04 1.000013236918e-01
1.669561869347e-04 2.928695435413e-01 1.669561869347e-04 2.057941342979e-01 1.669561869347e-04 2.489442308768e-01 1.669561869347e-04 1.535673350045e-01 1.669561869347e-04 1.000011409659e-01
1.677994000000e-04 2.928806872835e-01 1.677994000000e-04 2.058247221006e-01 1.677994000000e-04 2.489994418302e-01 1.677994000000e-04 1.535292890165e-01 1.677994000000e-04 1.000009838524e-01
