0.000000000000e+00 2.282600312764e-01 0.000000000000e+00 2.230600552708e-01 0.000000000000e+00 1.265640443121e-01 0.000000000000e+00 8.743227258099e-02 0.000000000000e+00 3.281599999980e-01
1.473583919598e-06 2.282600363411e-01 1.473583919598e-06 2.230013750867e-01 1.473583919598e-06 1.265669956774e-01 1.473583919598e-06 8.748000624968e-02 1.473583919598e-06 3.281599999976e-01
2.947167839196e-06 2.282600422261e-01 2.947167839196e-06 2.229426134208e-01 2.947167839196e-06 1.265701443266e-01 2.947167839196e-06 8.752903300482e-02 2.947167839196e-06 3.281599999970e-01
4.420751758794e-06 2.282600490643e-01 4.420751758794e-06 2.228837758965e-01 4.420751758794e-06 1.265735033800e-01 4.420751758794e-06 8.757924809680e-02 4.420751758794e-06 3.281599999962e-01
5.894335678392e-06 2.282600570101e-01 5.894335678392e-06 2.228248681664e-01 5.894335678392e-06 1.265770868213e-01 5.894335678392e-06 8.763052246694e-02 5.894335678392e-06 3.281599999953e-01
7.367919597990e-06 2.282600662431e-01 7.367919597990e-06 2.227658959105e-01 7.367919597990e-06 1.265809095529e-01 7.367919597990e-06 8.768270007420e-02 7.367919597990e-06 3.281599999941e-01
8.841503517588e-06 2.282600769717e-01 8.841503517588e-06 2.227068648339e-01 8.841503517588e-06 1.265849874552e-01 8.841503517588e-06 8.773559511446e-02 8.841503517588e-06 3.281599999927e-01
1.031508743719e-05 2.282600894384e-01 1.031508743719e-05 2.226477806649e-01 1.031508743719e-05 1.265893374486e-01 1.031508743719e-05 8.778898916961e-02 1.031508743719e-05 3.281599999909e-01
1.178867135678e-05 2.282601039248e-01 1.178867135678e-05 2.225886491523e-01 1.178867135678e-05 1.265939775598e-01 1.178867135678e-05 8.784262833681e-02 1.178867135678e-05 3.281599999887e-01
1.326225527638e-05 2.282601207582e-01 1.326225527638e-05 2.225294760636e-01 1.326225527638e-05 1.265989269924e-01 1.326225527638e-05 8.789622040407e-02 1.326225527638e-05 3.281599999860e-01
1.473583919598e-05 2.282601403192e-01 1.473583919598e-05 2.224702671825e-01 1.473583919598e-05 1.266042062010e-01 1.473583919598e-05 8.794943215649e-02 1.473583919598e-05 3.281599999826e-01
1.620942311558e-05 2.282601630499e-01 1.620942311558e-05 2.224110283068e-01 1.620942311558e-05 1.266098369697e-01 1.620942311558e-05 8.800188691879e-02 1.620942311558e-05 3.281599999783e-01
1.768300703518e-05 2.282601894641e-01 1.768300703518e-05 2.223517652460e-01 1.768300703518e-05 1.266158424958e-01 1.768300703518e-05 8.805316246351e-02 1.768300703518e-05 3.281599999730e-01
1.915659095477e-05 2.282602201591e-01 1.915659095477e-05 2.222924838193e-01 1.915659095477e-05 1.266222474775e-01 1.915659095477e-05 8.810278944058e-02 1.915659095477e-05 3.281599999665e-01
2.063017487437e-05 2.282602558290e-01 2.063017487437e-05 2.222331898530e-01 2.063017487437e-05 1.266290782073e-01 2.063017487437e-05 8.815025051212e-02 2.063017487437e-05 3.281599999583e-01
2.210375879397e-05 2.282602972806e-01 2.210375879397e-05 2.221738891782e-01 2.210375879397e-05 1.266363626697e-01 2.210375879397e-05 8.819498040545e-02 2.210375879397e-05 3.281599999481e-01
2.357734271357e-05 2.282603454517e-01 2.357734271357e-05 2.221145876289e-01 2.357734271357e-05 1.266441306455e-01 2.357734271357e-05 8.823636712609e-02 2.357734271357e-05 3.281599999355e-01
2.505092663317e-05 2.282604014322e-01 2.505092663317e-05 2.220552910392e-01 2.505092663317e-05 1.266524138203e-01 2.505092663317e-05 8.827375459843e-02 2.505092663317e-05 3.281599999198e-01
2.652451055276e-05 2.282604664891e-01 2.652451055276e-05 2.219960052414e-01 2.652451055276e-05 1.266612459003e-01 2.652451055276e-05 8.830644702294e-02 2.652451055276e-05 3.281599999002e-01
2.799809447236e-05 2.282605420950e-01 2.799809447236e-05 2.219367360635e-01 2.799809447236e-05 1.266706627329e-01 2.799809447236e-05 8.833371525074e-02 2.799809447236e-05 3.281599998759e-01
2.947167839196e-05 2.282606299620e-01 2.947167839196e-05 2.218774893271e-01 2.947167839196e-05 1.266807024340e-01 2.947167839196e-05 8.835480547529e-02 2.947167839196e-05 3.281599998457e-01
3.094526231156e-05 2.282607320800e-01 3.094526231156e-05 2.218182708447e-01 3.094526231156e-05 1.266914055217e-01 3.094526231156e-05 8.836895052170e-02 3.094526231156e-05 3.281599998081e-01
3.241884623116e-05 2.282608507624e-01 3.241884623116e-05 2.217590864179e-01 3.241884623116e-05 1.267028150559e-01 3.241884623116e-05 8.837538397076e-02 3.241884623116e-05 3.281599997613e-01
3.389243015075e-05 2.282609886988e-01 3.389243015075e-05 2.216999418349e-01 3.389243015075e-05 1.267149767855e-01 3.389243015075e-05 8.837335728126e-02 3.389243015075e-05 3.281599997031e-01
3.536601407035e-05 2.282611490158e-01 3.536601407035e-05 2.216408428684e-01 3.536601407035e-05 1.267279393011e-01 3.536601407035e-05 8.836215996518e-02 3.536601407035e-05 3.281599996307e-01
3.683959798995e-05 2.282613353485e-01 3.683959798995e-05 2.215817952729e-01 3.683959798995e-05 1.267417541952e-01 3.683959798995e-05 8.834114272091e-02 3.683959798995e-05 3.281599995407e-01
3.831318190955e-05 2.282615519236e-01 3.831318190955e-05 2.215228047830e-01 3.831318190955e-05 1.267564762287e-01 3.831318190955e-05 8.830974323782e-02 3.831318190955e-05 3.281599994288e-01
3.978676582915e-05 2.282618036552e-01 3.978676582915e-05 2.214638771111e-01 3.978676582915e-05 1.267721635040e-01 3.978676582915e-05 8.826751415196e-02 3.978676582915e-05 3.281599992896e-01
4.126034974874e-05 2.282620962574e-01 4.126034974874e-05 2.214050179450e-01 4.126034974874e-05 1.267888776447e-01 4.126034974874e-05 8.821415236418e-02 4.126034974874e-05 3.281599991164e-01
4.273393366834e-05 2.282624363747e-01 4.273393366834e-05 2.213462329457e-01 4.273393366834e-05 1.268066839813e-01 4.273393366834e-05 8.814952863978e-02 4.273393366834e-05 3.281599989011e-01
4.420751758794e-05 2.282628317338e-01 4.420751758794e-05 2.212875277455e-01 4.420751758794e-05 1.268256517433e-01 4.420751758794e-05 8.807371611259e-02 4.420751758794e-05 3.281599986333e-01
4.568110150754e-05 2.282632913202e-01 4.568110150754e-05 2.212289079457e-01 4.568110150754e-05 1.268458542562e-01 4.568110150754e-05 8.798701604311e-02 4.568110150754e-05 3.281599983002e-01
4.715468542714e-05 2.282638255840e-01 4.715468542714e-05 2.211703791145e-01 4.715468542714e-05 1.268673691439e-01 4.715468542714e-05 8.788997896165e-02 4.715468542714e-05 3.281599978858e-01
4.862826934673e-05 2.282644466791e-01 4.862826934673e-05 2.211119467850e-01 4.862826934673e-05 1.268902785355e-01 4.862826934673e-05 8.778341920109e-02 4.862826934673e-05 3.281599973706e-01
5.010185326633e-05 2.282651687422e-01 5.010185326633e-05 2.210536164532e-01 5.010185326633e-05 1.269146692750e-01 5.010185326633e-05 8.766842082702e-02 5.010185326633e-05 3.281599967297e-01
5.157543718593e-05 2.282660082165e-01 5.157543718593e-05 2.209953935757e-01 5.157543718593e-05 1.269406331340e-01 5.157543718593e-05 8.754633313614e-02 5.157543718593e-05 3.281599959326e-01
5.304902110553e-05 2.282669842297e-01 5.304902110553e-05 2.209372835681e-01 5.304902110553e-05 1.269682670258e-01 5.304902110553e-05 8.741875423961e-02 5.304902110553e-05 3.281599949413e-01
5.452260502513e-05 2.282681190334e-01 5.452260502513e-05 2.208792918025e-01 5.452260502513e-05 1.269976732186e-01 5.452260502513e-05 8.728750177736e-02 5.452260502513e-05 3.281599937083e-01
5.599618894472e-05 2.282694385151e-01 5.599618894472e-05 2.208214236064e-01 5.599618894472e-05 1.270289595477e-01 5.599618894472e-05 8.715457050548e-02 5.599618894472e-05 3.281599921748e-01
5.746977286432e-05 2.282709727940e-01 5.746977286432e-05 2.207636842601e-01 5.746977286432e-05 1.270622396236e-01 5.746977286432e-05 8.702207731698e-02 5.746977286432e-05 3.281599902676e-01
5.894335678392e-05 2.282727569149e-01 5.894335678392e-05 2.207060789949e-01 5.894335678392e-05 1.270976330337e-01 5.894335678392e-05 8.689219513261e-02 5.894335678392e-05 3.281599878955e-01
6.041694070352e-05 2.282748316569e-01 6.041694070352e-05 2.206486129918e-01 6.041694070352e-05 1.271352655360e-01 6.041694070352e-05 8.676707795015e-02 6.041694070352e-05 3.281599849453e-01
6.189052462312e-05 2.282772444739e-01 6.189052462312e-05 2.205912913792e-01 6.189052462312e-05 1.271752692408e-01 6.189052462312e-05 8.664878008088e-02 6.189052462312e-05 3.281599812761e-01
6.336410854271e-05 2.282800505916e-01 6.336410854271e-05 2.205341192313e-01 6.336410854271e-05 1.272177827776e-01 6.336410854271e-05 8.653917314766e-02 6.336410854271e-05 3.281599767125e-01
6.483769246231e-05 2.282833142837e-01 6.483769246231e-05 2.204771015666e-01 6.483769246231e-05 1.272629514437e-01 6.483769246231e-05 8.643986470730e-02 6.483769246231e-05 3.281599710366e-01
6.631127638191e-05 2.282871103588e-01 6.631127638191e-05 2.204202433460e-01 6.631127638191e-05 1.273109273292e-01 6.631127638191e-05 8.635212235538e-02 6.631127638191e-05 3.281599639774e-01
6.778486030151e-05 2.282915258925e-01 6.778486030151e-05 2.203635494710e-01 6.778486030151e-05 1.273618694149e-01 6.778486030151e-05 8.627680687307e-02 6.778486030151e-05 3.281599551976e-01
6.925844422111e-05 2.282966622434e-01 6.925844422111e-05 2.203070247826e-01 6.925844422111e-05 1.274159436377e-01 6.925844422111e-05 8.621431741762e-02 6.925844422111e-05 3.281599442779e-01
7.073202814070e-05 2.283026374019e-01 7.073202814070e-05 2.202506740590e-01 7.073202814070e-05 1.274733229170e-01 7.073202814070e-05 8.616455100150e-02 7.073202814070e-05 3.281599306967e-01
7.220561206030e-05 2.283095887236e-01 7.220561206030e-05 2.201945020148e-01 7.220561206030e-05 1.275341871372e-01 7.220561206030e-05 8.612687763132e-02 7.220561206030e-05 3.281599138055e-01
7.367919597990e-05 2.283176761119e-01 7.367919597990e-05 2.201385132986e-01 7.367919597990e-05 1.275987230785e-01 7.367919597990e-05 8.610013157293e-02 7.367919597990e-05 3.281598927974e-01
7.515277989950e-05 2.283270857213e-01 7.515277989950e-05 2.200827124920e-01 7.515277989950e-05 1.276671242901e-01 7.515277989950e-05 8.608261835306e-02 7.515277989950e-05 3.281598666690e-01
7.662636381910e-05 2.283380342660e-01 7.662636381910e-05 2.200271041076e-01 7.662636381910e-05 1.277395908969e-01 7.662636381910e-05 8.607213636640e-02 7.662636381910e-05 3.281598341724e-01
7.809994773869e-05 2.283507740300e-01 7.809994773869e-05 2.199716925874e-01 7.809994773869e-05 1.278163293335e-01 7.809994773869e-05 8.606601137184e-02 7.809994773869e-05 3.281597937554e-01
7.957353165829e-05 2.283655986908e-01 7.957353165829e-05 2.199164823009e-01 7.957353165829e-05 1.278975519963e-01 7.957353165829e-05 8.606114175411e-02 7.957353165829e-05 3.281597434878e-01
8.104711557789e-05 2.283828500834e-01 8.104711557789e-05 2.198614775431e-01 8.104711557789e-05 1.279834768066e-01 8.104711557789e-05 8.605405219484e-02 8.104711557789e-05 3.281596809686e-01
8.252069949749e-05 2.284029260517e-01 8.252069949749e-05 2.198066825321e-01 8.252069949749e-05 1.280743266776e-01 8.252069949749e-05 8.604095332420e-02 8.252069949749e-05 3.281596032120e-01
8.399428341709e-05 2.284262895527e-01 8.399428341709e-05 2.197521014066e-01 8.399428341709e-05 1.281703288770e-01 8.399428341709e-05 8.601780498243e-02 8.399428341709e-05 3.281595065042e-01
8.546786733668e-05 2.284534792022e-01 8.546786733668e-05 2.196977382223e-01 8.546786733668e-05 1.282717142821e-01 8.546786733668e-05 8.598038087855e-02 8.546786733668e-05 3.281593862266e-01
8.694145125628e-05 2.284851214727e-01 8.694145125628e-05 2.196435969483e-01 8.694145125628e-05 1.283787165221e-01 8.694145125628e-05 8.592433266072e-02 8.694145125628e-05 3.281592366349e-01
8.841503517588e-05 2.285219447815e-01 8.841503517588e-05 2.195896814619e-01 8.841503517588e-05 1.284915710091e-01 8.841503517588e-05 8.584525168167e-02 8.841503517588e-05 3.281590505851e-01
8.988861909548e-05 2.285647957291e-01 8.988861909548e-05 2.195359955422e-01 8.988861909548e-05 1.286105138611e-01 8.988861909548e-05 8.573872703420e-02 8.988861909548e-05 3.281588191921e-01
9.136220301508e-05 2.286146577730e-01 9.136220301508e-05 2.194825428613e-01 9.136220301508e-05 1.287357807297e-01 9.136220301508e-05 8.560039873167e-02 9.136220301508e-05 3.281585314060e-01
9.283578693467e-05 2.286726726455e-01 9.283578693467e-05 2.194293269736e-01 9.283578693467e-05 1.288676055516e-01 9.283578693467e-05 8.542600521004e-02 9.283578693467e-05 3.281581734844e-01
9.430937085427e-05 2.287401648372e-01 9.430937085427e-05 2.193763513007e-01 9.430937085427e-05 1.290062192612e-01 9.430937085427e-05 8.521142462848e-02 9.430937085427e-05 3.281577283368e-01
9.578295477387e-05 2.288186694778e-01 9.578295477387e-05 2.193236191114e-01 9.578295477387e-05 1.291518485147e-01 9.578295477387e-05 8.495270974721e-02 9.578295477387e-05 3.281571747089e-01
9.725653869347e-05 2.289099639407e-01 9.725653869347e-05 2.192711334944e-01 9.725653869347e-05 1.293047145103e-01 9.725653869347e-05 8.464611646550e-02 9.725653869347e-05 3.281564861694e-01
9.873012261307e-05 2.290161034701e-01 9.873012261307e-05 2.192188973227e-01 9.873012261307e-05 1.294650320219e-01 9.873012261307e-05 8.428812641421e-02 9.873012261307e-05 3.281556298485e-01
1.002037065327e-04 2.291394610821e-01 1.002037065327e-04 2.191669132033e-01 1.002037065327e-04 1.296330088224e-01 1.002037065327e-04 8.387546431724e-02 1.002037065327e-04 3.281545648719e-01
1.016772904523e-04 2.292827718971e-01 1.016772904523e-04 2.191151834108e-01 1.016772904523e-04 1.298088457491e-01 1.016772904523e-04 8.340511116492e-02 1.016772904523e-04 3.281532404119e-01
1.031508743719e-04 2.294491819271e-01 1.031508743719e-04 2.190637097963e-01 1.031508743719e-04 1.299927377740e-01 1.031508743719e-04 8.287431457745e-02 1.031508743719e-04 3.281515932658e-01
1.046244582915e-04 2.296423011377e-01 1.046244582915e-04 2.190124936634e-01 1.046244582915e-04 1.301848766029e-01 1.046244582915e-04 8.228059807050e-02 1.046244582915e-04 3.281495448445e-01
1.060980422111e-04 2.298662603298e-01 1.060980422111e-04 2.189615355998e-01 1.060980422111e-04 1.303854555489e-01 1.060980422111e-04 8.162177125864e-02 1.060980422111e-04 3.281469974272e-01
1.075716261307e-04 2.301257710114e-01 1.075716261307e-04 2.189108352486e-01 1.075716261307e-04 1.305946777521e-01 1.075716261307e-04 8.089594332770e-02 1.075716261307e-04 3.281438295025e-01
1.090452100503e-04 2.304261869554e-01 1.090452100503e-04 2.188603909959e-01 1.090452100503e-04 1.308127692747e-01 1.090452100503e-04 8.010154235447e-02 1.090452100503e-04 3.281398899653e-01
1.105187939698e-04 2.307735655429e-01 1.105187939698e-04 2.188101995469e-01 1.105187939698e-04 1.310399992591e-01 1.105187939698e-04 7.923734322170e-02 1.105187939698e-04 3.281349908786e-01
1.119923778894e-04 2.311747262837e-01 1.119923778894e-04 2.187602553472e-01 1.119923778894e-04 1.312767102663e-01 1.119923778894e-04 7.830250693189e-02 1.119923778894e-04 3.281288984191e-01
1.134659618090e-04 2.316373030887e-01 1.134659618090e-04 2.187105497967e-01 1.134659618090e-04 1.315233632305e-01 1.134659618090e-04 7.729663402136e-02 1.134659618090e-04 3.281213214970e-01
1.149395457286e-04 2.321697859830e-01 1.149395457286e-04 2.186610701781e-01 1.149395457286e-04 1.317806033155e-01 1.149395457286e-04 7.621983446356e-02 1.149395457286e-04 3.281118973397e-01
1.164131296482e-04 2.327815470341e-01 1.164131296482e-04 2.186117981987e-01 1.164131296482e-04 1.320493555151e-01 1.164131296482e-04 7.507281586972e-02 1.164131296482e-04 3.281001730010e-01
1.178867135678e-04 2.334828444032e-01 1.178867135678e-04 2.185627080056e-01 1.178867135678e-04 1.323309623165e-01 1.178867135678e-04 7.385699088382e-02 1.178867135678e-04 3.280855811788e-01
1.193602974874e-04 2.342847976793e-01 1.193602974874e-04 2.185137634839e-01 1.193602974874e-04 1.326273803108e-01 1.193602974874e-04 7.257460337109e-02 1.193602974874e-04 3.280674076730e-01
1.208338814070e-04 2.351993270740e-01 1.208338814070e-04 2.184649145806e-01 1.208338814070e-04 1.329414583172e-01 1.208338814070e-04 7.122887127151e-02 1.208338814070e-04 3.280447458212e-01
1.223074653266e-04 2.362390486347e-01 1.223074653266e-04 2.184160923027e-01 1.223074653266e-04 1.332773259525e-01 1.223074653266e-04 6.982414181687e-02 1.223074653266e-04 3.280164293835e-01
1.237810492462e-04 2.374171172121e-01 1.237810492462e-04 2.183672019150e-01 1.237810492462e-04 1.336409271123e-01 1.237810492462e-04 6.836605222672e-02 1.237810492462e-04 3.279809277448e-01
1.252546331658e-04 2.387470081729e-01 1.252546331658e-04 2.183181136933e-01 1.252546331658e-04 1.340407336990e-01 1.252546331658e-04 6.686168610496e-02 1.252546331658e-04 3.279361722019e-01
1.267282170854e-04 2.402422272185e-01 1.267282170854e-04 2.182686503619e-01 1.267282170854e-04 1.344886627594e-01 1.267282170854e-04 6.531971274943e-02 1.267282170854e-04 3.278792519981e-01
1.282018010050e-04 2.419159345028e-01 1.282018010050e-04 2.182185700424e-01 1.282018010050e-04 1.350011785387e-01 1.282018010050e-04 6.375049375876e-02 1.282018010050e-04 3.278058586835e-01
1.296753849246e-04 2.437804640749e-01 1.296753849246e-04 2.181675431359e-01 1.296753849246e-04 1.356004612160e-01 1.296753849246e-04 6.216613908693e-02 1.296753849246e-04 3.277092379575e-01
1.311489688442e-04 2.458467129278e-01 1.311489688442e-04 2.181151210319e-01 1.311489688442e-04 1.363153247078e-01 1.311489688442e-04 6.058049355879e-02 1.311489688442e-04 3.275781732399e-01
1.326225527638e-04 2.481233678002e-01 1.326225527638e-04 2.180606938468e-01 1.326225527638e-04 1.371812273835e-01 1.326225527638e-04 5.900903537541e-02 1.326225527638e-04 3.273930740654e-01
1.340961366834e-04 2.506159374536e-01 1.340961366834e-04 2.180034335187e-01 1.340961366834e-04 1.382382614323e-01 1.340961366834e-04 5.746867082810e-02 1.340961366834e-04 3.271184206451e-01
1.355697206030e-04 2.533255717735e-01 1.355697206030e-04 2.179422175060e-01 1.355697206030e-04 1.395256384137e-01 1.355697206030e-04 5.597741468504e-02 1.355697206030e-04 3.266885001733e-01
1.370433045226e-04 2.562476870661e-01 1.370433045226e-04 2.178755270667e-01 1.370433045226e-04 1.410714821847e-01 1.370433045226e-04 5.455395361768e-02 1.370433045226e-04 3.259819960121e-01
1.385168884422e-04 2.593704873165e-01 1.385168884422e-04 2.178013127419e-01 1.385168884422e-04 1.428785822974e-01 1.385168884422e-04 5.321710029641e-02 1.385168884422e-04 3.247826455879e-01
1.399904723618e-04 2.626735717794e-01 1.399904723618e-04 2.177168184770e-01 1.399904723618e-04 1.449105196914e-01 1.399904723618e-04 5.198515761640e-02 1.399904723618e-04 3.227393093741e-01
1.414640562814e-04 2.661269289628e-01 1.414640562814e-04 2.176183553531e-01 1.414640562814e-04 1.470863825097e-01 1.414640562814e-04 5.087522463231e-02 1.414640562814e-04 3.193935332965e-01
1.429376402010e-04 2.696906917652e-01 1.429376402010e-04 2.175010172689e-01 1.429376402010e-04 1.492915619058e-01 1.429376402010e-04 4.990248651840e-02 1.429376402010e-04 3.144243616138e-01
1.444112241206e-04 2.733160107735e-01 1.444112241206e-04 2.173583360991e-01 1.444112241206e-04 1.514038605889e-01 1.444112241206e-04 4.907953841585e-02 1.444112241206e-04 3.081392172431e-01
1.458848080402e-04 2.769472486932e-01 1.458848080402e-04 2.171818862169e-01 1.458848080402e-04 1.533233639787e-01 1.458848080402e-04 4.841579575525e-02 1.458848080402e-04 3.016504583943e-01
1.473583919598e-04 2.805254143922e-01 1.473583919598e-04 2.169608729348e-01 1.473583919598e-04 1.549915946041e-01 1.473583919598e-04 4.791704048042e-02 1.473583919598e-04 2.961381915586e-01
1.488319758794e-04 2.839924162738e-01 1.488319758794e-04 2.166817831447e-01 1.488319758794e-04 1.563935451460e-01 1.488319758794e-04 4.758514334357e-02 1.488319758794e-04 2.920235344000e-01
1.503055597990e-04 2.872954486401e-01 1.503055597990e-04 2.163282456320e-01 1.503055597990e-04 1.575468783073e-01 1.503055597990e-04 4.741798790726e-02 1.503055597990e-04 2.890417167795e-01
1.517791437186e-04 2.903907482818e-01 1.517791437186e-04 2.158813431209e-01 1.517791437186e-04 1.584870308592e-01 1.517791437186e-04 4.740960384553e-02 1.517791437186e-04 2.867403755170e-01
1.532527276382e-04 2.932461115794e-01 1.532527276382e-04 2.153207181995e-01 1.532527276382e-04 1.592547417887e-01 1.532527276382e-04 4.755049802049e-02 1.532527276382e-04 2.847644685438e-01
1.547263115578e-04 2.958418825962e-01 1.547263115578e-04 2.146268605476e-01 1.547263115578e-04 1.598883091322e-01 1.547263115578e-04 4.782815426366e-02 1.547263115578e-04 2.829039093601e-01
1.561998954774e-04 2.981704818917e-01 1.561998954774e-04 2.137848364350e-01 1.561998954774e-04 1.604200464309e-01 1.561998954774e-04 4.822765915397e-02 1.561998954774e-04 2.810576098160e-01
1.576734793970e-04 3.002348203533e-01 1.576734793970e-04 2.127892755389e-01 1.576734793970e-04 1.608754660636e-01 1.576734793970e-04 4.873240296011e-02 1.576734793970e-04 2.791923374456e-01
1.591470633166e-04 3.020460679909e-01 1.591470633166e-04 2.116496099290e-01 1.591470633166e-04 1.612738575432e-01 1.591470633166e-04 4.932480292342e-02 1.591470633166e-04 2.773138435416e-01
1.606206472362e-04 3.036212308167e-01 1.606206472362e-04 2.103936258878e-01 1.606206472362e-04 1.616293878556e-01 1.606206472362e-04 4.998699981043e-02 1.606206472362e-04 2.754484634519e-01
1.620942311558e-04 3.049808810504e-01 1.620942311558e-04 2.090670382407e-01 1.620942311558e-04 1.619522584631e-01 1.620942311558e-04 5.070148696014e-02 1.620942311558e-04 2.736311421777e-01
1.635678150754e-04 3.061472473434e-01 1.635678150754e-04 2.077278042633e-01 1.635678150754e-04 1.622497180616e-01 1.635678150754e-04 5.145164220132e-02 1.635678150754e-04 2.718973432394e-01
1.650413989950e-04 3.071427471203e-01 1.650413989950e-04 2.064362282363e-01 1.650413989950e-04 1.625268731746e-01 1.650413989950e-04 5.222214521255e-02 1.650413989950e-04 2.702776939163e-01
1.665149829146e-04 3.079889539089e-01 1.665149829146e-04 2.052442083510e-01 1.665149829146e-04 1.627873044251e-01 1.665149829146e-04 5.299927453673e-02 1.665149829146e-04 2.687948907757e-01
1.679885668342e-04 3.087059413732e-01 1.679885668342e-04 2.041874815055e-01 1.679885668342e-04 1.630335202714e-01 1.679885668342e-04 5.377108835090e-02 1.679885668342e-04 2.674625310814e-01
1.694621507538e-04 3.093119251690e-01 1.694621507538e-04 2.032830097081e-01 1.694621507538e-04 1.632672840767e-01 1.694621507538e-04 5.452750053921e-02 1.694621507538e-04 2.662854510836e-01
1.709357346734e-04 3.098231231851e-01 1.709357346734e-04 2.025311035020e-01 1.709357346734e-04 1.634898464448e-01 1.709357346734e-04 5.526026840972e-02 1.709357346734e-04 2.652610613445e-01
1.724093185930e-04 3.102537648474e-01 1.724093185930e-04 2.019202259844e-01 1.724093185930e-04 1.637021084925e-01 1.724093185930e-04 5.596291070123e-02 1.724093185930e-04 2.643811698694e-01
1.738829025126e-04 3.106161943020e-01 1.738829025126e-04 2.014322666124e-01 1.738829025126e-04 1.639047356052e-01 1.738829025126e-04 5.663057476146e-02 1.738829025126e-04 2.636338767947e-01
1.753564864322e-04 3.109210264673e-01 1.753564864322e-04 2.010468662171e-01 1.753564864322e-04 1.640982360894e-01 1.753564864322e-04 5.725987047894e-02 1.753564864322e-04 2.630052641636e-01
1.768300703518e-04 3.111773272194e-01 1.768300703518e-04 2.007443009546e-01 1.768300703518e-04 1.642830151347e-01 1.768300703518e-04 5.784868626534e-02 1.768300703518e-04 2.624807423136e-01
1.783036542714e-04 3.113927987015e-01 1.783036542714e-04 2.005070435698e-01 1.783036542714e-04 1.644594115116e-01 1.783036542714e-04 5.839599960102e-02 1.783036542714e-04 2.620460208048e-01
1.797772381910e-04 3.115739579837e-01 1.797772381910e-04 2.003203653853e-01 1.797772381910e-04 1.646277222575e-01 1.797772381910e-04 5.890169175936e-02 1.797772381910e-04 2.616877379507e-01
1.812508221106e-04 3.117263024157e-01 1.812508221106e-04 2.001723524998e-01 1.812508221106e-04 1.647882190408e-01 1.812508221106e-04 5.936637359072e-02 1.812508221106e-04 2.613938141287e-01
1.827244060302e-04 3.118544584743e-01 1.827244060302e-04 2.000536223372e-01 1.827244060302e-04 1.649411587904e-01 1.827244060302e-04 5.979122684374e-02 1.827244060302e-04 2.611536008792e-01
1.841979899497e-04 3.119623131398e-01 1.841979899497e-04 1.999569255253e-01 1.841979899497e-04 1.650867903932e-01 1.841979899497e-04 6.017786351198e-02 1.841979899497e-04 2.609578909370e-01
1.856715738693e-04 3.120531281934e-01 1.856715738693e-04 1.998767373617e-01 1.856715738693e-04 1.652253587186e-01 1.856715738693e-04 6.052820413726e-02 1.856715738693e-04 2.607988416854e-01
1.871451577889e-04 3.121296385965e-01 1.871451577889e-04 1.998088892151e-01 1.871451577889e-04 1.653571068446e-01 1.871451577889e-04 6.084437484962e-02 1.871451577889e-04 2.606698509639e-01
1.886187417085e-04 3.121941364890e-01 1.886187417085e-04 1.997502583419e-01 1.886187417085e-04 1.654822770911e-01 1.886187417085e-04 6.112862212975e-02 1.886187417085e-04 2.605654121774e-01
1.900923256281e-04 3.122485424717e-01 1.900923256281e-04 1.996985177559e-01 1.900923256281e-04 1.656011112805e-01 1.900923256281e-04 6.138324377827e-02 1.900923256281e-04 2.604809661403e-01
1.915659095477e-04 3.122944658181e-01 1.915659095477e-04 1.996519400656e-01 1.915659095477e-04 1.657138505150e-01 1.915659095477e-04 6.161053430726e-02 1.915659095477e-04 2.604127600853e-01
1.930394934673e-04 3.123332551577e-01 1.930394934673e-04 1.996092465185e-01 1.930394934673e-04 1.658207346687e-01 1.930394934673e-04 6.181274287199e-02 1.930394934673e-04 2.603577193961e-01
1.945130773869e-04 3.123660410257e-01 1.945130773869e-04 1.995694923529e-01 1.945130773869e-04 1.659220017278e-01 1.945130773869e-04 6.199204188636e-02 1.945130773869e-04 2.603133344275e-01
1.959866613065e-04 3.123937715168e-01 1.959866613065e-04 1.995319805325e-01 1.959866613065e-04 1.660178870719e-01 1.959866613065e-04 6.215050457114e-02 1.959866613065e-04 2.602775627858e-01
1.974602452261e-04 3.124172421183e-01 1.974602452261e-04 1.994961972679e-01 1.974602452261e-04 1.661086227521e-01 1.974602452261e-04 6.229008983907e-02 1.974602452261e-04 2.602487462975e-01
1.989338291457e-04 3.124371206485e-01 1.989338291457e-04 1.994617640531e-01 1.989338291457e-04 1.661944368068e-01 1.989338291457e-04 6.241263309935e-02 1.989338291457e-04 2.602255413015e-01
2.004074130653e-04 3.124539680916e-01 2.004074130653e-04 1.994284021109e-01 2.004074130653e-04 1.662755526371e-01 2.004074130653e-04 6.251984175025e-02 2.004074130653e-04 2.602068606643e-01
2.018809969849e-04 3.124682559986e-01 2.018809969849e-04 1.993959061036e-01 2.018809969849e-04 1.663521884541e-01 2.018809969849e-04 6.261329430978e-02 2.018809969849e-04 2.601918258863e-01
2.033545809045e-04 3.124803810177e-01 2.033545809045e-04 1.993641247302e-01 2.033545809045e-04 1.664245568046e-01 2.033545809045e-04 6.269444230353e-02 2.033545809045e-04 2.601797277644e-01
2.048281648241e-04 3.124906770298e-01 2.048281648241e-04 1.993329464254e-01 2.048281648241e-04 1.664928641755e-01 2.048281648241e-04 6.276461418239e-02 2.048281648241e-04 2.601699942208e-01
2.063017487437e-04 3.124994252854e-01 2.063017487437e-04 1.993022888297e-01 2.063017487437e-04 1.665573106756e-01 2.063017487437e-04 6.282502067762e-02 2.063017487437e-04 2.601621640837e-01
2.077753326633e-04 3.125068628758e-01 2.077753326633e-04 1.992720910413e-01 2.077753326633e-04 1.666180897898e-01 2.077753326633e-04 6.287676111819e-02 2.077753326633e-04 2.601558657772e-01
2.092489165829e-04 3.125131898147e-01 2.092489165829e-04 1.992423079186e-01 2.092489165829e-04 1.666753882011e-01 2.092489165829e-04 6.292083033449e-02 2.092489165829e-04 2.601508000376e-01
2.107225005025e-04 3.125185749617e-01 2.107225005025e-04 1.992129058920e-01 2.107225005025e-04 1.667293856737e-01 2.107225005025e-04 6.295812585642e-02 2.107225005025e-04 2.601467259206e-01
2.121960844221e-04 3.125231609803e-01 2.121960844221e-04 1.991838598856e-01 2.121960844221e-04 1.667802549917e-01 2.121960844221e-04 6.298945518243e-02 2.121960844221e-04 2.601434494879e-01
2.136696683417e-04 3.125270684900e-01 2.136696683417e-04 1.991551510564e-01 2.136696683417e-04 1.668281619471e-01 2.136696683417e-04 6.301554295312e-02 2.136696683417e-04 2.601408146699e-01
2.151432522613e-04 3.125303995460e-01 2.151432522613e-04 1.991267651331e-01 2.151432522613e-04 1.668732653703e-01 2.151432522613e-04 6.303703790805e-02 2.151432522613e-04 2.601386958931e-01
2.166168361809e-04 3.125332405580e-01 2.166168361809e-04 1.990986911962e-01 2.166168361809e-04 1.669157171979e-01 2.166168361809e-04 6.305451954128e-02 2.166168361809e-04 2.601369921352e-01
2.180904201005e-04 3.125356647393e-01 2.180904201005e-04 1.990709207821e-01 2.180904201005e-04 1.669556625734e-01 2.180904201005e-04 6.306850439945e-02 2.180904201005e-04 2.601356221338e-01
2.195640040201e-04 3.125377341650e-01 2.195640040201e-04 1.990434472255e-01 2.195640040201e-04 1.669932399736e-01 2.195640040201e-04 6.307945198903e-02 2.195640040201e-04 2.601345205274e-01
2.210375879397e-04 3.125395015010e-01 2.210375879397e-04 1.990162651767e-01 2.210375879397e-04 1.670285813581e-01 2.210375879397e-04 6.308777027594e-02 2.210375879397e-04 2.601336347478e-01
2.225111718593e-04 3.125410114594e-01 2.225111718593e-04 1.989893702471e-01 2.225111718593e-04 1.670618123375e-01 2.225111718593e-04 6.309382077419e-02 2.225111718593e-04 2.601329225183e-01
2.239847557789e-04 3.125423020237e-01 2.239847557789e-04 1.989627587492e-01 2.239847557789e-04 1.670930523555e-01 2.239847557789e-04 6.309792322929e-02 2.239847557789e-04 2.601323498407e-01
2.254583396985e-04 3.125434054806e-01 2.254583396985e-04 1.989364275060e-01 2.254583396985e-04 1.671224148831e-01 2.254583396985e-04 6.310035990934e-02 2.254583396985e-04 2.601318893750e-01
2.269319236181e-04 3.125443492913e-01 2.269319236181e-04 1.989103737110e-01 2.269319236181e-04 1.671500076206e-01 2.269319236181e-04 6.310137952107e-02 2.269319236181e-04 2.601315191364e-01
2.284055075377e-04 3.125451568255e-01 2.284055075377e-04 1.988845948259e-01 2.284055075377e-04 1.671759327062e-01 2.284055075377e-04 6.310120077161e-02 2.284055075377e-04 2.601312214464e-01
2.298790914573e-04 3.125458479821e-01 2.298790914573e-04 1.988590885055e-01 2.298790914573e-04 1.672002869278e-01 2.298790914573e-04 6.310001559809e-02 2.298790914573e-04 2.601309820901e-01
2.313526753769e-04 3.125464397136e-01 2.313526753769e-04 1.988338525430e-01 2.313526753769e-04 1.672231619369e-01 2.313526753769e-04 6.309799208832e-02 2.313526753769e-04 2.601307896373e-01
2.328262592965e-04 3.125469464700e-01 2.328262592965e-04 1.988088848293e-01 2.328262592965e-04 1.672446444625e-01 2.328262592965e-04 6.309527711583e-02 2.328262592965e-04 2.601306348973e-01
2.342998432161e-04 3.125473805740e-01 2.342998432161e-04 1.987841833246e-01 2.342998432161e-04 1.672648165232e-01 2.342998432161e-04 6.309199871210e-02 2.342998432161e-04 2.601305104803e-01
2.357734271357e-04 3.125477525390e-01 2.357734271357e-04 1.987597460364e-01 2.357734271357e-04 1.672837556378e-01 2.357734271357e-04 6.308826819810e-02 2.357734271357e-04 2.601304104442e-01
2.372470110553e-04 3.125480713393e-01 2.372470110553e-04 1.987355710047e-01 2.372470110553e-04 1.673015350315e-01 2.372470110553e-04 6.308418209608e-02 2.372470110553e-04 2.601303300114e-01
2.387205949749e-04 3.125483446381e-01 2.387205949749e-04 1.987116562904e-01 2.387205949749e-04 1.673182238382e-01 2.387205949749e-04 6.307982384169e-02 2.387205949749e-04 2.601302653406e-01
2.401941788945e-04 3.125485789821e-01 2.401941788945e-04 1.986879999675e-01 2.401941788945e-04 1.673338872974e-01 2.401941788945e-04 6.307526531477e-02 2.401941788945e-04 2.601302133429e-01
2.416677628141e-04 3.125487799665e-01 2.416677628141e-04 1.986646001173e-01 2.416677628141e-04 1.673485869463e-01 2.416677628141e-04 6.307056820630e-02 2.416677628141e-04 2.601301715349e-01
2.431413467337e-04 3.125489523747e-01 2.431413467337e-04 1.986414548248e-01 2.431413467337e-04 1.673623808054e-01 2.431413467337e-04 6.306578523725e-02 2.431413467337e-04 2.601301379199e-01
2.446149306533e-04 3.125491002978e-01 2.446149306533e-04 1.986185621754e-01 2.446149306533e-04 1.673753235574e-01 2.446149306533e-04 6.306096124423e-02 2.446149306533e-04 2.601301108922e-01
2.460885145729e-04 3.125492272360e-01 2.460885145729e-04 1.985959202536e-01 2.460885145729e-04 1.673874667213e-01 2.460885145729e-04 6.305613414513e-02 2.460885145729e-04 2.601300891611e-01
2.475620984925e-04 3.125493361848e-01 2.475620984925e-04 1.985735271415e-01 2.475620984925e-04 1.673988588177e-01 2.475620984925e-04 6.305133579720e-02 2.475620984925e-04 2.601300716885e-01
2.490356824121e-04 3.125494297087e-01 2.490356824121e-04 1.985513809180e-01 2.490356824121e-04 1.674095455293e-01 2.490356824121e-04 6.304659275853e-02 2.490356824121e-04 2.601300576399e-01
2.505092663317e-04 3.125495100036e-01 2.505092663317e-04 1.985294796588e-01 2.505092663317e-04 1.674195698536e-01 2.505092663317e-04 6.304192696318e-02 2.505092663317e-04 2.601300463444e-01
2.519828502513e-04 3.125495789509e-01 2.519828502513e-04 1.985078214362e-01 2.519828502513e-04 1.674289722495e-01 2.519828502513e-04 6.303735631900e-02 2.519828502513e-04 2.601300372624e-01
2.534564341709e-04 3.125496381621e-01 2.534564341709e-04 1.984864043190e-01 2.534564341709e-04 1.674377907772e-01 2.534564341709e-04 6.303289523643e-02 2.534564341709e-04 2.601300299602e-01
2.549300180905e-04 3.125496890187e-01 2.549300180905e-04 1.984652263728e-01 2.549300180905e-04 1.674460612312e-01 2.549300180905e-04 6.302855509570e-02 2.549300180905e-04 2.601300240890e-01
2.564036020101e-04 3.125497327047e-01 2.564036020101e-04 1.984442856606e-01 2.564036020101e-04 1.674538172678e-01 2.564036020101e-04 6.302434465918e-02 2.564036020101e-04 2.601300193684e-01
2.578771859296e-04 3.125497702355e-01 2.578771859296e-04 1.984235802428e-01 2.578771859296e-04 1.674610905260e-01 2.578771859296e-04 6.302027043475e-02 2.578771859296e-04 2.601300155728e-01
2.593507698492e-04 3.125498024818e-01 2.593507698492e-04 1.984031081776e-01 2.593507698492e-04 1.674679107422e-01 2.593507698492e-04 6.301633699574e-02 2.593507698492e-04 2.601300125211e-01
2.608243537688e-04 3.125498301904e-01 2.608243537688e-04 1.983828675219e-01 2.608243537688e-04 1.674743058592e-01 2.608243537688e-04 6.301254726224e-02 2.608243537688e-04 2.601300100673e-01
2.622979376884e-04 3.125498540022e-01 2.622979376884e-04 1.983628563314e-01 2.622979376884e-04 1.674803021301e-01 2.622979376884e-04 6.300890274797e-02 2.622979376884e-04 2.601300080945e-01
2.637715216080e-04 3.125498744671e-01 2.637715216080e-04 1.983430726610e-01 2.637715216080e-04 1.674859242163e-01 2.637715216080e-04 6.300540377677e-02 2.637715216080e-04 2.601300065082e-01
2.652451055276e-04 3.125498920570e-01 2.652451055276e-04 1.983235145655e-01 2.652451055276e-04 1.674911952800e-01 2.652451055276e-04 6.300204967204e-02 2.652451055276e-04 2.601300052328e-01
2.667186894472e-04 3.125499071770e-01 2.667186894472e-04 1.983041801002e-01 2.667186894472e-04 1.674961370727e-01 2.667186894472e-04 6.299883892230e-02 2.667186894472e-04 2.601300042074e-01
2.681922733668e-04 3.125499201749e-01 2.681922733668e-04 1.982850673209e-01 2.681922733668e-04 1.675007700182e-01 2.681922733668e-04 6.299576932551e-02 2.681922733668e-04 2.601300033829e-01
2.696658572864e-04 3.125499313493e-01 2.696658572864e-04 1.982661742848e-01 2.696658572864e-04 1.675051132908e-01 2.696658572864e-04 6.299283811471e-02 2.696658572864e-04 2.601300027199e-01
2.711394412060e-04 3.125499409567e-01 2.711394412060e-04 1.982474990508e-01 2.711394412060e-04 1.675091848901e-01 2.711394412060e-04 6.299004206714e-02 2.711394412060e-04 2.601300021869e-01
2.726130251256e-04 3.125499492174e-01 2.726130251256e-04 1.982290396800e-01 2.726130251256e-04 1.675130017110e-01 2.726130251256e-04 6.298737759873e-02 2.726130251256e-04 2.601300017584e-01
2.740866090452e-04 3.125499563205e-01 2.740866090452e-04 1.982107942359e-01 2.740866090452e-04 1.675165796095e-01 2.740866090452e-04 6.298484084572e-02 2.740866090452e-04 2.601300014138e-01
2.755601929648e-04 3.125499624286e-01 2.755601929648e-04 1.981927607852e-01 2.755601929648e-04 1.675199334653e-01 2.755601929648e-04 6.298242773501e-02 2.755601929648e-04 2.601300011367e-01
2.770337768844e-04 3.125499676814e-01 2.770337768844e-04 1.981749373981e-01 2.770337768844e-04 1.675230772410e-01 2.770337768844e-04 6.298013404447e-02 2.770337768844e-04 2.601300009140e-01
2.785073608040e-04 3.125499721989e-01 2.785073608040e-04 1.981573221484e-01 2.785073608040e-04 1.675260240368e-01 2.785073608040e-04 6.297795545456e-02 2.785073608040e-04 2.601300007349e-01
2.799809447236e-04 3.125499760841e-01 2.799809447236e-04 1.981399131145e-01 2.799809447236e-04 1.675287861434e-01 2.799809447236e-04 6.297588759217e-02 2.799809447236e-04 2.601300005908e-01
2.814545286432e-04 3.125499794258e-01 2.814545286432e-04 1.981227083791e-01 2.814545286432e-04 1.675313750907e-01 2.814545286432e-04 6.297392606789e-02 2.814545286432e-04 2.601300004751e-01
2.829281125628e-04 3.125499823000e-01 2.829281125628e-04 1.981057060300e-01 2.829281125628e-04 1.675338016945e-01 2.829281125628e-04 6.297206650719e-02 2.829281125628e-04 2.601300003820e-01
2.844016964824e-04 3.125499847723e-01 2.844016964824e-04 1.980889041606e-01 2.844016964824e-04 1.675360760997e-01 2.844016964824e-04 6.297030457663e-02 2.844016964824e-04 2.601300003071e-01
2.858752804020e-04 3.125499868989e-01 2.858752804020e-04 1.980723008697e-01 2.858752804020e-04 1.675382078217e-01 2.858752804020e-04 6.296863600547e-02 2.858752804020e-04 2.601300002469e-01
2.873488643216e-04 3.125499887283e-01 2.873488643216e-04 1.980558942624e-01 2.873488643216e-04 1.675402057845e-01 2.873488643216e-04 6.296705660343e-02 2.873488643216e-04 2.601300001985e-01
2.888224482412e-04 3.125499903020e-01 2.888224482412e-04 1.980396824499e-01 2.888224482412e-04 1.675420783575e-01 2.888224482412e-04 6.296556227507e-02 2.888224482412e-04 2.601300001596e-01
2.902960321608e-04 3.125499916558e-01 2.902960321608e-04 1.980236635504e-01 2.902960321608e-04 1.675438333891e-01 2.902960321608e-04 6.296414903116e-02 2.902960321608e-04 2.601300001283e-01
2.917696160804e-04 3.125499928205e-01 2.917696160804e-04 1.980078356890e-01 2.917696160804e-04 1.675454782392e-01 2.917696160804e-04 6.296281299761e-02 2.917696160804e-04 2.601300001032e-01
2.932432000000e-04 3.125499938225e-01 2.932432000000e-04 1.979921969980e-01 2.932432000000e-04 1.675470198088e-01 2.932432000000e-04 6.296155042212e-02 2.932432000000e-04 2.601300000830e-01
