0.000000000000e+00 3.125499994754e-01 0.000000000000e+00 1.968000000038e-01 0.000000000000e+00 1.675700009430e-01 0.000000000000e+00 6.294099957284e-02 0.000000000000e+00 2.619350000000e-01
1.485203015075e-06 3.125499993682e-01 1.485203015075e-06 1.968000000048e-01 1.485203015075e-06 1.675700011272e-01 1.485203015075e-06 6.294099948922e-02 1.485203015075e-06 2.619350000000e-01
2.970406030151e-06 3.125499992392e-01 2.970406030151e-06 1.968000000061e-01 2.970406030151e-06 1.675700013474e-01 2.970406030151e-06 6.294099938913e-02 2.970406030151e-06 2.619350000000e-01
4.455609045226e-06 3.125499990837e-01 4.455609045226e-06 1.968000000077e-01 4.455609045226e-06 1.675700016106e-01 4.455609045226e-06 6.294099926933e-02 4.455609045226e-06 2.619350000000e-01
5.940812060302e-06 3.125499988965e-01 5.940812060302e-06 1.968000000097e-01 5.940812060302e-06 1.675700019252e-01 5.940812060302e-06 6.294099912589e-02 5.940812060302e-06 2.619350000000e-01
7.426015075377e-06 3.125499986711e-01 7.426015075377e-06 1.968000000124e-01 7.426015075377e-06 1.675700023012e-01 7.426015075377e-06 6.294099895412e-02 7.426015075377e-06 2.619350000000e-01
8.911218090452e-06 3.125499983996e-01 8.911218090452e-06 1.968000000157e-01 8.911218090452e-06 1.675700027506e-01 8.911218090452e-06 6.294099874838e-02 8.911218090452e-06 2.619350000000e-01
1.039642110553e-05 3.125499980727e-01 1.039642110553e-05 1.968000000198e-01 1.039642110553e-05 1.675700032879e-01 1.039642110553e-05 6.294099850192e-02 1.039642110553e-05 2.619350000000e-01
1.188162412060e-05 3.125499976790e-01 1.188162412060e-05 1.968000000251e-01 1.188162412060e-05 1.675700039301e-01 1.188162412060e-05 6.294099820660e-02 1.188162412060e-05 2.619350000000e-01
1.336682713568e-05 3.125499972048e-01 1.336682713568e-05 1.968000000319e-01 1.336682713568e-05 1.675700046977e-01 1.336682713568e-05 6.294099785268e-02 1.336682713568e-05 2.619350000000e-01
1.485203015075e-05 3.125499966338e-01 1.485203015075e-05 1.968000000404e-01 1.485203015075e-05 1.675700056153e-01 1.485203015075e-05 6.294099742844e-02 1.485203015075e-05 2.619350000000e-01
1.633723316583e-05 3.125499959461e-01 1.633723316583e-05 1.968000000512e-01 1.633723316583e-05 1.675700067121e-01 1.633723316583e-05 6.294099691980e-02 1.633723316583e-05 2.619350000000e-01
1.782243618090e-05 3.125499951179e-01 1.782243618090e-05 1.968000000649e-01 1.782243618090e-05 1.675700080231e-01 1.782243618090e-05 6.294099630982e-02 1.782243618090e-05 2.619350000000e-01
1.930763919598e-05 3.125499941206e-01 1.930763919598e-05 1.968000000822e-01 1.930763919598e-05 1.675700095901e-01 1.930763919598e-05 6.294099557816e-02 1.930763919598e-05 2.619350000000e-01
2.079284221106e-05 3.125499929195e-01 2.079284221106e-05 1.968000001042e-01 2.079284221106e-05 1.675700114633e-01 2.079284221106e-05 6.294099470034e-02 2.079284221106e-05 2.619350000000e-01
2.227804522613e-05 3.125499914730e-01 2.227804522613e-05 1.968000001321e-01 2.227804522613e-05 1.675700137023e-01 2.227804522613e-05 6.294099364692e-02 2.227804522613e-05 2.619350000000e-01
2.376324824121e-05 3.125499897311e-01 2.376324824121e-05 1.968000001674e-01 2.376324824121e-05 1.675700163787e-01 2.376324824121e-05 6.294099238245e-02 2.376324824121e-05 2.619350000000e-01
2.524845125628e-05 3.125499876332e-01 2.524845125628e-05 1.968000002122e-01 2.524845125628e-05 1.675700195777e-01 2.524845125628e-05 6.294099086430e-02 2.524845125628e-05 2.619350000000e-01
2.673365427136e-05 3.125499851068e-01 2.673365427136e-05 1.968000002690e-01 2.673365427136e-05 1.675700234017e-01 2.673365427136e-05 6.294098904111e-02 2.673365427136e-05 2.619350000000e-01
2.821885728643e-05 3.125499820643e-01 2.821885728643e-05 1.968000003409e-01 2.821885728643e-05 1.675700279725e-01 2.821885728643e-05 6.294098685102e-02 2.821885728643e-05 2.619350000000e-01
2.970406030151e-05 3.125499784002e-01 2.970406030151e-05 1.968000004321e-01 2.970406030151e-05 1.675700334361e-01 2.970406030151e-05 6.294098421951e-02 2.970406030151e-05 2.619350000000e-01
3.118926331658e-05 3.125499739876e-01 3.118926331658e-05 1.968000005476e-01 3.118926331658e-05 1.675700399668e-01 3.118926331658e-05 6.294098105679e-02 3.118926331658e-05 2.619350000000e-01
3.267446633166e-05 3.125499686735e-01 3.267446633166e-05 1.968000006941e-01 3.267446633166e-05 1.675700477732e-01 3.267446633166e-05 6.294097725458e-02 3.267446633166e-05 2.619350000000e-01
3.415966934673e-05 3.125499622739e-01 3.415966934673e-05 1.968000008797e-01 3.415966934673e-05 1.675700571042e-01 3.415966934673e-05 6.294097268232e-02 3.415966934673e-05 2.619350000000e-01
3.564487236181e-05 3.125499545668e-01 3.564487236181e-05 1.968000011150e-01 3.564487236181e-05 1.675700682578e-01 3.564487236181e-05 6.294096718251e-02 3.564487236181e-05 2.619350000000e-01
3.713007537688e-05 3.125499452853e-01 3.713007537688e-05 1.968000014131e-01 3.713007537688e-05 1.675700815900e-01 3.713007537688e-05 6.294096056511e-02 3.713007537688e-05 2.619350000000e-01
3.861527839196e-05 3.125499341077e-01 3.861527839196e-05 1.968000017910e-01 3.861527839196e-05 1.675700975261e-01 3.861527839196e-05 6.294095260070e-02 3.861527839196e-05 2.619350000000e-01
4.010048140704e-05 3.125499206467e-01 4.010048140704e-05 1.968000022700e-01 4.010048140704e-05 1.675701165749e-01 4.010048140704e-05 6.294094301227e-02 4.010048140704e-05 2.619350000000e-01
4.158568442211e-05 3.125499044357e-01 4.158568442211e-05 1.968000028771e-01 4.158568442211e-05 1.675701393443e-01 4.158568442211e-05 6.294093146520e-02 4.158568442211e-05 2.619350000000e-01
4.307088743719e-05 3.125498849129e-01 4.307088743719e-05 1.968000036465e-01 4.307088743719e-05 1.675701665610e-01 4.307088743719e-05 6.294091755520e-02 4.307088743719e-05 2.619350000000e-01
4.455609045226e-05 3.125498614019e-01 4.455609045226e-05 1.968000046216e-01 4.455609045226e-05 1.675701990936e-01 4.455609045226e-05 6.294090079356e-02 4.455609045226e-05 2.619350000000e-01
4.604129346734e-05 3.125498330879e-01 4.604129346734e-05 1.968000058576e-01 4.604129346734e-05 1.675702379805e-01 4.604129346734e-05 6.294088058939e-02 4.604129346734e-05 2.619350000000e-01
4.752649648241e-05 3.125497989897e-01 4.752649648241e-05 1.968000074241e-01 4.752649648241e-05 1.675702844626e-01 4.752649648241e-05 6.294085622796e-02 4.752649648241e-05 2.619350000000e-01
4.901169949749e-05 3.125497579257e-01 4.901169949749e-05 1.968000094095e-01 4.901169949749e-05 1.675703400236e-01 4.901169949749e-05 6.294082684448e-02 4.901169949749e-05 2.619350000000e-01
5.049690251256e-05 3.125497084729e-01 5.049690251256e-05 1.968000119259e-01 5.049690251256e-05 1.675704064366e-01 5.049690251256e-05 6.294079139221e-02 5.049690251256e-05 2.619350000000e-01
5.198210552764e-05 3.125496489175e-01 5.198210552764e-05 1.968000151153e-01 5.198210552764e-05 1.675704858212e-01 5.198210552764e-05 6.294074860373e-02 5.198210552764e-05 2.619350000000e-01
5.346730854271e-05 3.125495771959e-01 5.346730854271e-05 1.968000191576e-01 5.346730854271e-05 1.675705807108e-01 5.346730854271e-05 6.294069694391e-02 5.346730854271e-05 2.619350000000e-01
5.495251155779e-05 3.125494908227e-01 5.495251155779e-05 1.968000242810e-01 5.495251155779e-05 1.675706941339e-01 5.495251155779e-05 6.294063455268e-02 5.495251155779e-05 2.619350000000e-01
5.643771457286e-05 3.125493868049e-01 5.643771457286e-05 1.968000307745e-01 5.643771457286e-05 1.675708297101e-01 5.643771457286e-05 6.294055917546e-02 5.643771457286e-05 2.619350000000e-01
5.792291758794e-05 3.125492615382e-01 5.792291758794e-05 1.968000390047e-01 5.792291758794e-05 1.675709917661e-01 5.792291758794e-05 6.294046807852e-02 5.792291758794e-05 2.619350000000e-01
5.940812060302e-05 3.125491106820e-01 5.940812060302e-05 1.968000494360e-01 5.940812060302e-05 1.675711854736e-01 5.940812060302e-05 6.294035794601e-02 5.940812060302e-05 2.619350000000e-01
6.089332361809e-05 3.125489290092e-01 6.089332361809e-05 1.968000626571e-01 6.089332361809e-05 1.675714170141e-01 6.089332361809e-05 6.294022475453e-02 6.089332361809e-05 2.619350000000e-01
6.237852663317e-05 3.125487102250e-01 6.237852663317e-05 1.968000794141e-01 6.237852663317e-05 1.675716937763e-01 6.237852663317e-05 6.294006362051e-02 6.237852663317e-05 2.619350000000e-01
6.386372964824e-05 3.125484467491e-01 6.386372964824e-05 1.968001006527e-01 6.386372964824e-05 1.675720245917e-01 6.386372964824e-05 6.293986861416e-02 6.386372964824e-05 2.619350000000e-01
6.534893266332e-05 3.125481294530e-01 6.534893266332e-05 1.968001275716e-01 6.534893266332e-05 1.675724200164e-01 6.534893266332e-05 6.293963253285e-02 6.534893266332e-05 2.619350000000e-01
6.683413567839e-05 3.125477473443e-01 6.683413567839e-05 1.968001616901e-01 6.683413567839e-05 1.675728926673e-01 6.683413567839e-05 6.293934662488e-02 6.683413567839e-05 2.619350000000e-01
6.831933869347e-05 3.125472871857e-01 6.831933869347e-05 1.968002049338e-01 6.831933869347e-05 1.675734576249e-01 6.831933869347e-05 6.293900025262e-02 6.831933869347e-05 2.619350000000e-01
6.980454170854e-05 3.125467330375e-01 6.980454170854e-05 1.968002597435e-01 6.980454170854e-05 1.675741329136e-01 6.980454170854e-05 6.293858048167e-02 6.980454170854e-05 2.619350000000e-01
7.128974472362e-05 3.125460657058e-01 7.128974472362e-05 1.968003292128e-01 7.128974472362e-05 1.675749400763e-01 7.128974472362e-05 6.293807157964e-02 7.128974472362e-05 2.619350000000e-01
7.277494773869e-05 3.125452620788e-01 7.277494773869e-05 1.968004172628e-01 7.277494773869e-05 1.675759048605e-01 7.277494773869e-05 6.293745440447e-02 7.277494773869e-05 2.619350000000e-01
7.426015075377e-05 3.125442943278e-01 7.426015075377e-05 1.968005288636e-01 7.426015075377e-05 1.675770580389e-01 7.426015075377e-05 6.293670565776e-02 7.426015075377e-05 2.619350000000e-01
7.574535376884e-05 3.125431289461e-01 7.574535376884e-05 1.968006703147e-01 7.574535376884e-05 1.675784363885e-01 7.574535376884e-05 6.293579697300e-02 7.574535376884e-05 2.619350000000e-01
7.723055678392e-05 3.125417255914e-01 7.723055678392e-05 1.968008496011e-01 7.723055678392e-05 1.675800838610e-01 7.723055678392e-05 6.293469380215e-02 7.723055678392e-05 2.619350000000e-01
7.871575979899e-05 3.125400356944e-01 7.871575979899e-05 1.968010768433e-01 7.871575979899e-05 1.675820529809e-01 7.871575979899e-05 6.293335405536e-02 7.871575979899e-05 2.619350000000e-01
8.020096281407e-05 3.125380007845e-01 8.020096281407e-05 1.968013648696e-01 8.020096281407e-05 1.675844065146e-01 8.020096281407e-05 6.293172643907e-02 8.020096281407e-05 2.619350000000e-01
8.168616582915e-05 3.125355504758e-01 8.168616582915e-05 1.968017299395e-01 8.168616582915e-05 1.675872194639e-01 8.168616582915e-05 6.292974842506e-02 8.168616582915e-05 2.619350000000e-01
8.317136884422e-05 3.125326000474e-01 8.317136884422e-05 1.968021926621e-01 8.317136884422e-05 1.675905814453e-01 8.317136884422e-05 6.292734376821e-02 8.317136884422e-05 2.619350000000e-01
8.465657185930e-05 3.125290475334e-01 8.465657185930e-05 1.968027791587e-01 8.465657185930e-05 1.675945995308e-01 8.465657185930e-05 6.292441947248e-02 8.465657185930e-05 2.619350000000e-01
8.614177487437e-05 3.125247702295e-01 8.614177487437e-05 1.968035225371e-01 8.614177487437e-05 1.675994016362e-01 8.614177487437e-05 6.292086208213e-02 8.614177487437e-05 2.619350000000e-01
8.762697788945e-05 3.125196204966e-01 8.762697788945e-05 1.968044647587e-01 8.762697788945e-05 1.676051405642e-01 8.762697788945e-05 6.291653314827e-02 8.762697788945e-05 2.619350000000e-01
8.911218090452e-05 3.125134207267e-01 8.911218090452e-05 1.968056590041e-01 8.911218090452e-05 1.676119988242e-01 8.911218090452e-05 6.291126368783e-02 8.911218090452e-05 2.619350000000e-01
9.059738391960e-05 3.125059573072e-01 9.059738391960e-05 1.968071726693e-01 9.059738391960e-05 1.676201943773e-01 9.059738391960e-05 6.290484741195e-02 9.059738391960e-05 2.619350000000e-01
9.208258693467e-05 3.124969733904e-01 9.208258693467e-05 1.968090911600e-01 9.208258693467e-05 1.676299874790e-01 9.208258693467e-05 6.289703245318e-02 9.208258693467e-05 2.619350000000e-01
9.356778994975e-05 3.124861602416e-01 9.356778994975e-05 1.968115226927e-01 9.356778994975e-05 1.676416888263e-01 9.356778994975e-05 6.288751126241e-02 9.356778994975e-05 2.619350000000e-01
9.505299296482e-05 3.124731469011e-01 9.505299296482e-05 1.968146043707e-01 9.505299296482e-05 1.676556692475e-01 9.505299296482e-05 6.287590827800e-02 9.505299296482e-05 2.619350000000e-01
9.653819597990e-05 3.124574878511e-01 9.653819597990e-05 1.968185098653e-01 9.653819597990e-05 1.676723712196e-01 9.653819597990e-05 6.286176488738e-02 9.653819597990e-05 2.619350000000e-01
9.802339899497e-05 3.124386483305e-01 9.802339899497e-05 1.968234591208e-01 9.802339899497e-05 1.676923225426e-01 9.802339899497e-05 6.284452110569e-02 9.802339899497e-05 2.619350000000e-01
9.950860201005e-05 3.124159868939e-01 9.950860201005e-05 1.968297306029e-01 9.950860201005e-05 1.677161525550e-01 9.950860201005e-05 6.282349328455e-02 9.950860201005e-05 2.619350000000e-01
1.009938050251e-04 3.123887347565e-01 1.009938050251e-04 1.968376767378e-01 1.009938050251e-04 1.677446113352e-01 1.009938050251e-04 6.279784703836e-02 1.009938050251e-04 2.619350000000e-01
1.024790080402e-04 3.123559714231e-01 1.024790080402e-04 1.968477433394e-01 1.024790080402e-04 1.677785924024e-01 1.024790080402e-04 6.276656443518e-02 1.024790080402e-04 2.619350000000e-01
1.039642110553e-04 3.123165960598e-01 1.039642110553e-04 1.968604940025e-01 1.039642110553e-04 1.678191595009e-01 1.039642110553e-04 6.272840435144e-02 1.039642110553e-04 2.619350000000e-01
1.054494140704e-04 3.122692940517e-01 1.054494140704e-04 1.968766406448e-01 1.054494140704e-04 1.678675781323e-01 1.054494140704e-04 6.268185474124e-02 1.054494140704e-04 2.619350000000e-01
1.069346170854e-04 3.122124982064e-01 1.069346170854e-04 1.968970816087e-01 1.069346170854e-04 1.679253525829e-01 1.069346170854e-04 6.262507544056e-02 1.069346170854e-04 2.619350000000e-01
1.084198201005e-04 3.121443441364e-01 1.084198201005e-04 1.969229489719e-01 1.084198201005e-04 1.679942692717e-01 1.084198201005e-04 6.255583004117e-02 1.084198201005e-04 2.619350000000e-01
1.099050231156e-04 3.120626195109e-01 1.099050231156e-04 1.969556669331e-01 1.099050231156e-04 1.680764473308e-01 1.099050231156e-04 6.247140537361e-02 1.099050231156e-04 2.619350000000e-01
1.113902261307e-04 3.119647071592e-01 1.113902261307e-04 1.969970232886e-01 1.113902261307e-04 1.681743974028e-01 1.113902261307e-04 6.236851730259e-02 1.113902261307e-04 2.619350000000e-01
1.128754291457e-04 3.118475224705e-01 1.128754291457e-04 1.970492560154e-01 1.128754291457e-04 1.682910897114e-01 1.128754291457e-04 6.224320196345e-02 1.128754291457e-04 2.619350000000e-01
1.143606321608e-04 3.117074462668e-01 1.143606321608e-04 1.971151566788e-01 1.143606321608e-04 1.684300325312e-01 1.143606321608e-04 6.209069240319e-02 1.143606321608e-04 2.619350000000e-01
1.158458351759e-04 3.115402553888e-01 1.158458351759e-04 1.971981915842e-01 1.158458351759e-04 1.685953622634e-01 1.158458351759e-04 6.190528203645e-02 1.158458351759e-04 2.619350000000e-01
1.173310381910e-04 3.113410547452e-01 1.173310381910e-04 1.973026399662e-01 1.173310381910e-04 1.687919464541e-01 1.173310381910e-04 6.168017865327e-02 1.173310381910e-04 2.619350000000e-01
1.188162412060e-04 3.111042166296e-01 1.188162412060e-04 1.974337456254e-01 1.188162412060e-04 1.690255013417e-01 1.188162412060e-04 6.140735624509e-02 1.188162412060e-04 2.619350000000e-01
1.203014442211e-04 3.108233357796e-01 1.203014442211e-04 1.975978737040e-01 1.203014442211e-04 1.693027260257e-01 1.203014442211e-04 6.107741700018e-02 1.203014442211e-04 2.619350000000e-01
1.217866472362e-04 3.104912119524e-01 1.217866472362e-04 1.978026571347e-01 1.217866472362e-04 1.696314563567e-01 1.217866472362e-04 6.067948275368e-02 1.217866472362e-04 2.619350000000e-01
1.232718502513e-04 3.100998755745e-01 1.232718502513e-04 1.980571071812e-01 1.232718502513e-04 1.700208435551e-01 1.232718502513e-04 6.020114403255e-02 1.232718502513e-04 2.619350000000e-01
1.247570532663e-04 3.096406758932e-01 1.247570532663e-04 1.983716494781e-01 1.247570532663e-04 1.704815659999e-01 1.247570532663e-04 5.962850517047e-02 1.247570532663e-04 2.619350000000e-01
1.262422562814e-04 3.091044541676e-01 1.262422562814e-04 1.987580323704e-01 1.262422562814e-04 1.710260885040e-01 1.262422562814e-04 5.894637439762e-02 1.262422562814e-04 2.619350000000e-01
1.277274592965e-04 3.084818252747e-01 1.277274592965e-04 1.992290419030e-01 1.277274592965e-04 1.716689928678e-01 1.277274592965e-04 5.813865546868e-02 1.277274592965e-04 2.619350000000e-01
1.292126623116e-04 3.077635871100e-01 1.292126623116e-04 1.997979549512e-01 1.292126623116e-04 1.724274177794e-01 1.292126623116e-04 5.718899747128e-02 1.292126623116e-04 2.619350000000e-01
1.306978653266e-04 3.069412641329e-01 1.306978653266e-04 2.004776806097e-01 1.306978653266e-04 1.733216656471e-01 1.306978653266e-04 5.608174523228e-02 1.306978653266e-04 2.619350000000e-01
1.321830683417e-04 3.060077621894e-01 1.321830683417e-04 2.012795948105e-01 1.321830683417e-04 1.743760565084e-01 1.321830683417e-04 5.480319676748e-02 1.321830683417e-04 2.619350000000e-01
1.336682713568e-04 3.049580529001e-01 1.336682713568e-04 2.022121756248e-01 1.336682713568e-04 1.756201257740e-01 1.336682713568e-04 5.334311146894e-02 1.336682713568e-04 2.619350000000e-01
1.351534743719e-04 3.037896888713e-01 1.351534743719e-04 2.032796923867e-01 1.351534743719e-04 1.770902496058e-01 1.351534743719e-04 5.169632585505e-02 1.351534743719e-04 2.619350000000e-01
1.366386773869e-04 3.025027090488e-01 1.366386773869e-04 2.044813543807e-01 1.366386773869e-04 1.788316878636e-01 1.366386773869e-04 4.986423908412e-02 1.366386773869e-04 2.619350000000e-01
1.381238804020e-04 3.010979645091e-01 1.381238804020e-04 2.058114076126e-01 1.381238804020e-04 1.809007646396e-01 1.381238804020e-04 4.785586084523e-02 1.381238804020e-04 2.619350000000e-01
1.396090834171e-04 2.995716897330e-01 1.396090834171e-04 2.072605795793e-01 1.396090834171e-04 1.833663172157e-01 1.396090834171e-04 4.568811258391e-02 1.396090834171e-04 2.619350000000e-01
1.410942864322e-04 2.979013945714e-01 1.410942864322e-04 2.088189347535e-01 1.410942864322e-04 1.863085013225e-01 1.410942864322e-04 4.338517344091e-02 1.410942864322e-04 2.619350000000e-01
1.425794894472e-04 2.960123114572e-01 1.425794894472e-04 2.104796284859e-01 1.425794894472e-04 1.898116417894e-01 1.425794894472e-04 4.097686404859e-02 1.425794894472e-04 2.619350000000e-01
1.440646924623e-04 2.937042548872e-01 1.440646924623e-04 2.122423665345e-01 1.440646924623e-04 1.939468983137e-01 1.440646924623e-04 3.849631190098e-02 1.440646924623e-04 2.619350000000e-01
1.455498954774e-04 2.905209874354e-01 1.455498954774e-04 2.141148237992e-01 1.455498954774e-04 1.987422252880e-01 1.455498954774e-04 3.597734833503e-02 1.455498954774e-04 2.619350000000e-01
1.470350984925e-04 2.856473416303e-01 1.470350984925e-04 2.161101490223e-01 1.470350984925e-04 2.041443018993e-01 1.470350984925e-04 3.345215864590e-02 1.470350984925e-04 2.619350000000e-01
1.485203015075e-04 2.783059133915e-01 1.485203015075e-04 2.182393648989e-01 1.485203015075e-04 2.099894325495e-01 1.485203015075e-04 3.094960697134e-02 1.485203015075e-04 2.619350000000e-01
1.500055045226e-04 2.691598296644e-01 1.500055045226e-04 2.204993807345e-01 1.500055045226e-04 2.160083912946e-01 1.500055045226e-04 2.849442781567e-02 1.500055045226e-04 2.619350000000e-01
1.514907075377e-04 2.607538202151e-01 1.514907075377e-04 2.228604399253e-01 1.514907075377e-04 2.218784734299e-01 1.514907075377e-04 2.610721355730e-02 1.514907075377e-04 2.619350000000e-01
1.529759105528e-04 2.549148221971e-01 1.529759105528e-04 2.252596801205e-01 1.529759105528e-04 2.273043724598e-01 1.529759105528e-04 2.380493202822e-02 1.529759105528e-04 2.619350000000e-01
1.544611135678e-04 2.514133742179e-01 1.544611135678e-04 2.276070268374e-01 1.544611135678e-04 2.320858711893e-01 1.544611135678e-04 2.160163638789e-02 1.544611135678e-04 2.619350000000e-01
1.559463165829e-04 2.493153488104e-01 1.559463165829e-04 2.298038310436e-01 1.559463165829e-04 2.361410987453e-01 1.559463165829e-04 1.950907808422e-02 1.559463165829e-04 2.619350000000e-01
1.574315195980e-04 2.479417370146e-01 1.574315195980e-04 2.317665169626e-01 1.574315195980e-04 2.394869727267e-01 1.574315195980e-04 1.753705682947e-02 1.574315195980e-04 2.619350000000e-01
1.589167226131e-04 2.469426733031e-01 1.589167226131e-04 2.334440560089e-01 1.589167226131e-04 2.422002527936e-01 1.589167226131e-04 1.569348006918e-02 1.589167226131e-04 2.619350000000e-01
1.604019256281e-04 2.461572512384e-01 1.604019256281e-04 2.348226574635e-01 1.604019256281e-04 2.443812634450e-01 1.604019256281e-04 1.398421112938e-02 1.604019256281e-04 2.619350000000e-01
1.618871286432e-04 2.455119803304e-01 1.618871286432e-04 2.359190850991e-01 1.618871286432e-04 2.461299910128e-01 1.618871286432e-04 1.241283701422e-02 1.618871286432e-04 2.619350000000e-01
1.633723316583e-04 2.449707843539e-01 1.633723316583e-04 2.367687541357e-01 1.633723316583e-04 2.475343505099e-01 1.633723316583e-04 1.098048464903e-02 1.633723316583e-04 2.619350000000e-01
1.648575346734e-04 2.445132899204e-01 1.648575346734e-04 2.374143701512e-01 1.648575346734e-04 2.486666103850e-01 1.648575346734e-04 9.685775229225e-03 1.648575346734e-04 2.619350000000e-01
1.663427376884e-04 2.441258886426e-01 1.663427376884e-04 2.378979610754e-01 1.663427376884e-04 2.495840550699e-01 1.663427376884e-04 8.524952812124e-03 1.663427376884e-04 2.619350000000e-01
1.678279407035e-04 2.437981597973e-01 1.678279407035e-04 2.382565855057e-01 1.678279407035e-04 2.503312969167e-01 1.678279407035e-04 7.492174701178e-03 1.678279407035e-04 2.619350000000e-01
1.693131437186e-04 2.435214598064e-01 1.693131437186e-04 2.385207793820e-01 1.693131437186e-04 2.509428773197e-01 1.693131437186e-04 6.579918847515e-03 1.693131437186e-04 2.619350000000e-01
1.707983467337e-04 2.432883610029e-01 1.707983467337e-04 2.387146173868e-01 1.707983467337e-04 2.514455820433e-01 1.707983467337e-04 5.779450249991e-03 1.707983467337e-04 2.619350000000e-01
1.722835497487e-04 2.430924105402e-01 1.722835497487e-04 2.388565299303e-01 1.722835497487e-04 2.518603059156e-01 1.722835497487e-04 5.081290871620e-03 1.722835497487e-04 2.619350000000e-01
1.737687527638e-04 2.429280030609e-01 1.737687527638e-04 2.389603511164e-01 1.737687527638e-04 2.522034816611e-01 1.737687527638e-04 4.475649831537e-03 1.737687527638e-04 2.619350000000e-01
1.752539557789e-04 2.427902903549e-01 1.752539557789e-04 2.390363297395e-01 1.752539557789e-04 2.524881484027e-01 1.752539557789e-04 3.952786526006e-03 1.752539557789e-04 2.619350000000e-01
1.767391587940e-04 2.426751019696e-01 1.767391587940e-04 2.390919938382e-01 1.767391587940e-04 2.527247432152e-01 1.767391587940e-04 3.503294425471e-03 1.767391587940e-04 2.619350000000e-01
1.782243618090e-04 2.425788697013e-01 1.782243618090e-04 2.391328434664e-01 1.782243618090e-04 2.529216875468e-01 1.782243618090e-04 3.118305144767e-03 1.782243618090e-04 2.619350000000e-01
1.797095648241e-04 2.424985553324e-01 1.797095648241e-04 2.391628846308e-01 1.797095648241e-04 2.530858243493e-01 1.797095648241e-04 2.789620236889e-03 1.797095648241e-04 2.619350000000e-01
1.811947678392e-04 2.424315826679e-01 1.811947678392e-04 2.391850308648e-01 1.811947678392e-04 2.532227471730e-01 1.811947678392e-04 2.509782350481e-03 1.811947678392e-04 2.619350000000e-01
1.826799708543e-04 2.423757749599e-01 1.826799708543e-04 2.392014005375e-01 1.826799708543e-04 2.533370509085e-01 1.826799708543e-04 2.272098762048e-03 1.826799708543e-04 2.619350000000e-01
1.841651738693e-04 2.423292983929e-01 1.841651738693e-04 2.392135347471e-01 1.841651738693e-04 2.534325252701e-01 1.841651738693e-04 2.070629793064e-03 1.841651738693e-04 2.619350000000e-01
1.856503768844e-04 2.422906118518e-01 1.856503768844e-04 2.392225559879e-01 1.856503768844e-04 2.535123059711e-01 1.856503768844e-04 1.900153072505e-03 1.856503768844e-04 2.619350000000e-01
1.871355798995e-04 2.422584228464e-01 1.871355798995e-04 2.392292832406e-01 1.871355798995e-04 2.535789942240e-01 1.871355798995e-04 1.756112618855e-03 1.871355798995e-04 2.619350000000e-01
1.886207829146e-04 2.422316492388e-01 1.886207829146e-04 2.392343152746e-01 1.886207829146e-04 2.536347521881e-01 1.886207829146e-04 1.634559692186e-03 1.886207829146e-04 2.619350000000e-01
1.901059859296e-04 2.422093862820e-01 1.901059859296e-04 2.392380908911e-01 1.901059859296e-04 2.536813798972e-01 1.901059859296e-04 1.532090532960e-03 1.901059859296e-04 2.619350000000e-01
1.915911889447e-04 2.421908784232e-01 1.915911889447e-04 2.392409324908e-01 1.915911889447e-04 2.537203777340e-01 1.915911889447e-04 1.445784562336e-03 1.915911889447e-04 2.619350000000e-01
1.930763919598e-04 2.421754953110e-01 1.930763919598e-04 2.392430776048e-01 1.930763919598e-04 2.537529974866e-01 1.930763919598e-04 1.373145392244e-03 1.930763919598e-04 2.619350000000e-01
1.945615949749e-04 2.421627114711e-01 1.945615949749e-04 2.392447017429e-01 1.945615949749e-04 2.537802842902e-01 1.945615949749e-04 1.312046061258e-03 1.945615949749e-04 2.619350000000e-01
1.960467979899e-04 2.421520891479e-01 1.960467979899e-04 2.392459349764e-01 1.960467979899e-04 2.538031112218e-01 1.960467979899e-04 1.260679232179e-03 1.960467979899e-04 2.619350000000e-01
1.975320010050e-04 2.421432638631e-01 1.975320010050e-04 2.392468739975e-01 1.975320010050e-04 2.538222079297e-01 1.975320010050e-04 1.217512611100e-03 1.975320010050e-04 2.619350000000e-01
1.990172040201e-04 2.421359322883e-01 1.990172040201e-04 2.392475909091e-01 1.990172040201e-04 2.538381843875e-01 1.990172040201e-04 1.181249529506e-03 1.990172040201e-04 2.619350000000e-01
2.005024070352e-04 2.421298420820e-01 2.005024070352e-04 2.392481396457e-01 2.005024070352e-04 2.538515506427e-01 2.005024070352e-04 1.150794430597e-03 2.005024070352e-04 2.619350000000e-01
2.019876100503e-04 2.421247833850e-01 2.019876100503e-04 2.392485606779e-01 2.019876100503e-04 2.538627332605e-01 2.019876100503e-04 1.125222885811e-03 2.019876100503e-04 2.619350000000e-01
2.034728130653e-04 2.421205817144e-01 2.034728130653e-04 2.392488844669e-01 2.034728130653e-04 2.538720890339e-01 2.034728130653e-04 1.103755711742e-03 2.034728130653e-04 2.619350000000e-01
2.049580160804e-04 2.421170920314e-01 2.049580160804e-04 2.392491340100e-01 2.049580160804e-04 2.538799164235e-01 2.049580160804e-04 1.085736741898e-03 2.049580160804e-04 2.619350000000e-01
2.064432190955e-04 2.421141937946e-01 2.064432190955e-04 2.392493267211e-01 2.064432190955e-04 2.538864651106e-01 2.064432190955e-04 1.070613817842e-03 2.064432190955e-04 2.619350000000e-01
2.079284221106e-04 2.421117868373e-01 2.079284221106e-04 2.392494758240e-01 2.079284221106e-04 2.538919439792e-01 2.079284221106e-04 1.057922589835e-03 2.079284221106e-04 2.619350000000e-01
2.094136251256e-04 2.421097879339e-01 2.094136251256e-04 2.392495913893e-01 2.094136251256e-04 2.538965277875e-01 2.094136251256e-04 1.047272751219e-03 2.094136251256e-04 2.619350000000e-01
2.108988281407e-04 2.421081279418e-01 2.108988281407e-04 2.392496811058e-01 2.108988281407e-04 2.539003627459e-01 2.108988281407e-04 1.038336368507e-03 2.108988281407e-04 2.619350000000e-01
2.123840311558e-04 2.421067494234e-01 2.123840311558e-04 2.392497508598e-01 2.123840311558e-04 2.539035711819e-01 2.123840311558e-04 1.030838007422e-03 2.123840311558e-04 2.619350000000e-01
2.138692341709e-04 2.421056046678e-01 2.138692341709e-04 2.392498051678e-01 2.138692341709e-04 2.539062554418e-01 2.138692341709e-04 1.024546391972e-03 2.138692341709e-04 2.619350000000e-01
2.153544371859e-04 2.421046540462e-01 2.153544371859e-04 2.392498475037e-01 2.153544371859e-04 2.539085011547e-01 2.153544371859e-04 1.019267367922e-03 2.153544371859e-04 2.619350000000e-01
2.168396402010e-04 2.421038646441e-01 2.168396402010e-04 2.392498805449e-01 2.168396402010e-04 2.539103799629e-01 2.168396402010e-04 1.014837973229e-03 2.168396402010e-04 2.619350000000e-01
2.183248432161e-04 2.421032091253e-01 2.183248432161e-04 2.392499063594e-01 2.183248432161e-04 2.539119518063e-01 2.183248432161e-04 1.011121445824e-03 2.183248432161e-04 2.619350000000e-01
2.198100462312e-04 2.421026647868e-01 2.198100462312e-04 2.392499265472e-01 2.198100462312e-04 2.539132668338e-01 2.198100462312e-04 1.008003023709e-03 2.198100462312e-04 2.619350000000e-01
2.212952492462e-04 2.421022127744e-01 2.212952492462e-04 2.392499423486e-01 2.212952492462e-04 2.539143670023e-01 2.212952492462e-04 1.005386413810e-03 2.212952492462e-04 2.619350000000e-01
2.227804522613e-04 2.421018374302e-01 2.227804522613e-04 2.392499547266e-01 2.227804522613e-04 2.539152874148e-01 2.227804522613e-04 1.003190824569e-03 2.227804522613e-04 2.619350000000e-01
2.242656552764e-04 2.421015257514e-01 2.242656552764e-04 2.392499644298e-01 2.242656552764e-04 2.539160574399e-01 2.242656552764e-04 1.001348473323e-03 2.242656552764e-04 2.619350000000e-01
2.257508582915e-04 2.421012669400e-01 2.257508582915e-04 2.392499720412e-01 2.257508582915e-04 2.539167016482e-01 2.257508582915e-04 9.998024931828e-04 2.257508582915e-04 2.619350000000e-01
2.272360613065e-04 2.421010520292e-01 2.272360613065e-04 2.392499780153e-01 2.272360613065e-04 2.539172405965e-01 2.272360613065e-04 9.985051758678e-04 2.272360613065e-04 2.619350000000e-01
2.287212643216e-04 2.421008735728e-01 2.287212643216e-04 2.392499827068e-01 2.287212643216e-04 2.539176914829e-01 2.287212643216e-04 9.974164968784e-04 2.287212643216e-04 2.619350000000e-01
2.302064673367e-04 2.421007253874e-01 2.302064673367e-04 2.392499863929e-01 2.302064673367e-04 2.539180686959e-01 2.302064673367e-04 9.965028778605e-04 2.302064673367e-04 2.619350000000e-01
2.316916703518e-04 2.421006023385e-01 2.316916703518e-04 2.392499892902e-01 2.316916703518e-04 2.539183842731e-01 2.316916703518e-04 9.957361481466e-04 2.316916703518e-04 2.619350000000e-01
2.331768733668e-04 2.421005001623e-01 2.331768733668e-04 2.392499915684e-01 2.331768733668e-04 2.539186482853e-01 2.331768733668e-04 9.950926735079e-04 2.331768733668e-04 2.619350000000e-01
2.346620763819e-04 2.421004153183e-01 2.346620763819e-04 2.392499933605e-01 2.346620763819e-04 2.539188691581e-01 2.346620763819e-04 9.945526252501e-04 2.346620763819e-04 2.619350000000e-01
2.361472793970e-04 2.421003448665e-01 2.361472793970e-04 2.392499947706e-01 2.361472793970e-04 2.539190539402e-01 2.361472793970e-04 9.940993670769e-04 2.361472793970e-04 2.619350000000e-01
2.376324824121e-04 2.421002863656e-01 2.376324824121e-04 2.392499958805e-01 2.376324824121e-04 2.539192085288e-01 2.376324824121e-04 9.937189407644e-04 2.376324824121e-04 2.619350000000e-01
2.391176854271e-04 2.421002377883e-01 2.391176854271e-04 2.392499967543e-01 2.391176854271e-04 2.539193378574e-01 2.391176854271e-04 9.933996347326e-04 2.391176854271e-04 2.619350000000e-01
2.406028884422e-04 2.421001974514e-01 2.406028884422e-04 2.392499974423e-01 2.406028884422e-04 2.539194460535e-01 2.406028884422e-04 9.931316221555e-04 2.406028884422e-04 2.619350000000e-01
2.420880914573e-04 2.421001639569e-01 2.420880914573e-04 2.392499979843e-01 2.420880914573e-04 2.539195365701e-01 2.420880914573e-04 9.929066574011e-04 2.420880914573e-04 2.619350000000e-01
2.435732944724e-04 2.421001361442e-01 2.435732944724e-04 2.392499984112e-01 2.435732944724e-04 2.539196122961e-01 2.435732944724e-04 9.927178213982e-04 2.435732944724e-04 2.619350000000e-01
2.450584974874e-04 2.421001130494e-01 2.450584974874e-04 2.392499987475e-01 2.450584974874e-04 2.539196756483e-01 2.450584974874e-04 9.925593080406e-04 2.450584974874e-04 2.619350000000e-01
2.465437005025e-04 2.421000938724e-01 2.465437005025e-04 2.392499990126e-01 2.465437005025e-04 2.539197286485e-01 2.465437005025e-04 9.924262450109e-04 2.465437005025e-04 2.619350000000e-01
2.480289035176e-04 2.421000779484e-01 2.480289035176e-04 2.392499992215e-01 2.480289035176e-04 2.539197729884e-01 2.480289035176e-04 9.923145434750e-04 2.480289035176e-04 2.619350000000e-01
2.495141065327e-04 2.421000647256e-01 2.495141065327e-04 2.392499993862e-01 2.495141065327e-04 2.539198100829e-01 2.495141065327e-04 9.922207719909e-04 2.495141065327e-04 2.619350000000e-01
2.509993095477e-04 2.421000537459e-01 2.509993095477e-04 2.392499995160e-01 2.509993095477e-04 2.539198411161e-01 2.509993095477e-04 9.921420507278e-04 2.509993095477e-04 2.619350000000e-01
2.524845125628e-04 2.421000446287e-01 2.524845125628e-04 2.392499996183e-01 2.524845125628e-04 2.539198670784e-01 2.524845125628e-04 9.920759627219e-04 2.524845125628e-04 2.619350000000e-01
2.539697155779e-04 2.421000370582e-01 2.539697155779e-04 2.392499996990e-01 2.539697155779e-04 2.539198887983e-01 2.539697155779e-04 9.920204794219e-04 2.539697155779e-04 2.619350000000e-01
2.554549185930e-04 2.421000307718e-01 2.554549185930e-04 2.392499997626e-01 2.554549185930e-04 2.539199069691e-01 2.554549185930e-04 9.919738982217e-04 2.554549185930e-04 2.619350000000e-01
2.569401216080e-04 2.421000255518e-01 2.569401216080e-04 2.392499998127e-01 2.569401216080e-04 2.539199221707e-01 2.569401216080e-04 9.919347900475e-04 2.569401216080e-04 2.619350000000e-01
2.584253246231e-04 2.421000212174e-01 2.584253246231e-04 2.392499998523e-01 2.584253246231e-04 2.539199348883e-01 2.584253246231e-04 9.919019553815e-04 2.584253246231e-04 2.619350000000e-01
2.599105276382e-04 2.421000176182e-01 2.599105276382e-04 2.392499998835e-01 2.599105276382e-04 2.539199455279e-01 2.599105276382e-04 9.918743873605e-04 2.599105276382e-04 2.619350000000e-01
2.613957306533e-04 2.421000146295e-01 2.613957306533e-04 2.392499999081e-01 2.613957306533e-04 2.539199544288e-01 2.613957306533e-04 9.918512408122e-04 2.613957306533e-04 2.619350000000e-01
2.628809336683e-04 2.421000121478e-01 2.628809336683e-04 2.392499999275e-01 2.628809336683e-04 2.539199618753e-01 2.628809336683e-04 9.918318062714e-04 2.628809336683e-04 2.619350000000e-01
2.643661366834e-04 2.421000100871e-01 2.643661366834e-04 2.392499999428e-01 2.643661366834e-04 2.539199681051e-01 2.643661366834e-04 9.918154881758e-04 2.643661366834e-04 2.619350000000e-01
2.658513396985e-04 2.421000083760e-01 2.658513396985e-04 2.392499999549e-01 2.658513396985e-04 2.539199733168e-01 2.658513396985e-04 9.918017865670e-04 2.658513396985e-04 2.619350000000e-01
2.673365427136e-04 2.421000069551e-01 2.673365427136e-04 2.392499999644e-01 2.673365427136e-04 2.539199776770e-01 2.673365427136e-04 9.917902817341e-04 2.673365427136e-04 2.619350000000e-01
2.688217457286e-04 2.421000057753e-01 2.688217457286e-04 2.392499999719e-01 2.688217457286e-04 2.539199813247e-01 2.688217457286e-04 9.917806213256e-04 2.688217457286e-04 2.619350000000e-01
2.703069487437e-04 2.421000047956e-01 2.703069487437e-04 2.392499999779e-01 2.703069487437e-04 2.539199843763e-01 2.703069487437e-04 9.917725095324e-04 2.703069487437e-04 2.619350000000e-01
2.717921517588e-04 2.421000039821e-01 2.717921517588e-04 2.392499999825e-01 2.717921517588e-04 2.539199869293e-01 2.717921517588e-04 9.917656980094e-04 2.717921517588e-04 2.619350000000e-01
2.732773547739e-04 2.421000033066e-01 2.732773547739e-04 2.392499999862e-01 2.732773547739e-04 2.539199890651e-01 2.732773547739e-04 9.917599782552e-04 2.732773547739e-04 2.619350000000e-01
2.747625577889e-04 2.421000027457e-01 2.747625577889e-04 2.392499999891e-01 2.747625577889e-04 2.539199908519e-01 2.747625577889e-04 9.917551752169e-04 2.747625577889e-04 2.619350000000e-01
2.762477608040e-04 2.421000022799e-01 2.762477608040e-04 2.392499999914e-01 2.762477608040e-04 2.539199923467e-01 2.762477608040e-04 9.917511419207e-04 2.762477608040e-04 2.619350000000e-01
2.777329638191e-04 2.421000018932e-01 2.777329638191e-04 2.392499999932e-01 2.777329638191e-04 2.539199935973e-01 2.777329638191e-04 9.917477549663e-04 2.777329638191e-04 2.619350000000e-01
2.792181668342e-04 2.421000015720e-01 2.792181668342e-04 2.392499999947e-01 2.792181668342e-04 2.539199946435e-01 2.792181668342e-04 9.917449107438e-04 2.792181668342e-04 2.619350000000e-01
2.807033698492e-04 2.421000013054e-01 2.807033698492e-04 2.392499999958e-01 2.807033698492e-04 2.539199955188e-01 2.807033698492e-04 9.917425222583e-04 2.807033698492e-04 2.619350000000e-01
2.821885728643e-04 2.421000010839e-01 2.821885728643e-04 2.392499999967e-01 2.821885728643e-04 2.539199962510e-01 2.821885728643e-04 9.917405164645e-04 2.821885728643e-04 2.619350000000e-01
2.836737758794e-04 2.421000009000e-01 2.836737758794e-04 2.392499999974e-01 2.836737758794e-04 2.539199968636e-01 2.836737758794e-04 9.917388320289e-04 2.836737758794e-04 2.619350000000e-01
2.851589788945e-04 2.421000007474e-01 2.851589788945e-04 2.392499999979e-01 2.851589788945e-04 2.539199973761e-01 2.851589788945e-04 9.917374174511e-04 2.851589788945e-04 2.619350000000e-01
2.866441819095e-04 2.421000006206e-01 2.866441819095e-04 2.392499999984e-01 2.866441819095e-04 2.539199978049e-01 2.866441819095e-04 9.917362294866e-04 2.866441819095e-04 2.619350000000e-01
2.881293849246e-04 2.421000005153e-01 2.881293849246e-04 2.392499999987e-01 2.881293849246e-04 2.539199981636e-01 2.881293849246e-04 9.917352318232e-04 2.881293849246e-04 2.619350000000e-01
2.896145879397e-04 2.421000004279e-01 2.896145879397e-04 2.392499999990e-01 2.896145879397e-04 2.539199984637e-01 2.896145879397e-04 9.917343939689e-04 2.896145879397e-04 2.619350000000e-01
2.910997909548e-04 2.421000003553e-01 2.910997909548e-04 2.392499999992e-01 2.910997909548e-04 2.539199987147e-01 2.910997909548e-04 9.917336903190e-04 2.910997909548e-04 2.619350000000e-01
2.925849939698e-04 2.421000002950e-01 2.925849939698e-04 2.392499999994e-01 2.925849939698e-04 2.539199989247e-01 2.925849939698e-04 9.917330993722e-04 2.925849939698e-04 2.619350000000e-01
2.940701969849e-04 2.421000002450e-01 2.940701969849e-04 2.392499999995e-01 2.940701969849e-04 2.539199991004e-01 2.940701969849e-04 9.917326030730e-04 2.940701969849e-04 2.619350000000e-01
2.955554000000e-04 2.421000002034e-01 2.955554000000e-04 2.392499999996e-01 2.955554000000e-04 2.539199992474e-01 2.955554000000e-04 9.917321862592e-04 2.955554000000e-04 2.619350000000e-01
